#Rate of rotation around the x y z axes (Angular velocity).
#timestamp(ns),x,y,z(rad/s)
#Datetime: 03/04/2015 11:00:21
##########################################
#Activity: 8 - CSI - Car-Step in - 6s
#Subject ID: 43
#First Name: sub43
#Last Name: sub43
#Age: 24
#Height(cm): 179
#Weight(kg): 80
#Gender: Male
##########################################

@DATA
7663916184000, -0.025045475, 0.0061086523, 0.016798794
7663921154000, -0.024740042, 0.008552114, 0.014966198
7663926183000, -0.0290161, 0.014660766, 0.014966198
7663931184000, -0.021380283, 0.0106901415, 0.020158553
7663936179000, -0.018325957, 0.022602014, 0.022907447
7663941199000, -0.028405234, 0.016493361, 0.026267206
7663946187000, -0.031154128, 0.014966198, 0.016187929
7663951189000, -0.010995574, 0.01985312, 0.013133603
7663956198000, -0.017715093, 0.014049901, 0.020158553
7663961186000, -0.03390302, 0.0076358155, 0.020158553
7663966187000, -0.01160644, 0.013133603, 0.023823744
7663971950000, -0.025350908, 0.02687807, 0.02443461
7663976164000, -0.020463986, 0.027183503, 0.016798794
7663981181000, -0.02443461, 0.017715093, 0.011301007
7663986201000, -0.023823744, 0.02565634, 0.02076942
7663991201000, -0.024740042, 0.025045475, 0.021991149
7663996154000, -0.03023783, 0.017715093, 0.013133603
7664001185000, -0.01740966, 0.02565634, 0.01740966
7664006205000, -0.038789943, 0.017104227, 0.011911872
7664011184000, -0.023823744, 0.005497787, 0.0021380284
7664016184000, -0.014660766, 0.01985312, 0.010995574
7664021176000, -0.02321288, 0.022296581, 0.015882496
7664027195000, -0.02076942, 0.009773844, 0.013439035
7664031186000, -0.022907447, 0.0018325958, 0.0143553335
7664036204000, -0.02565634, 0.0021380284, 0.016493361
7664042060000, -0.026267206, 0.004581489, 0.016493361
7664046188000, -0.025350908, 0.0027488936, 0.013439035
7664051222000, -0.0290161, -0.008246681, 0.0125227375
7664056178000, -0.01863139, -3.0543262E-4, 0.01160644
7664061194000, -0.023823744, 6.1086525E-4, 0.015882496
7664066187000, -0.022602014, -0.004276057, 0.016798794
7664071150000, -0.022602014, -0.0030543262, 0.016187929
7664076193000, -0.025350908, 3.0543262E-4, 0.014966198
7664081181000, -0.018325957, 0.005497787, 0.016187929
7664086160000, -0.034513887, -0.0012217305, 0.016493361
7664091175000, -0.03145956, -0.0012217305, 0.016798794
7664096195000, -0.01985312, -0.007330383, 0.013133603
7664101194000, -0.01282817, -0.002443461, 0.011301007
7664106174000, -0.026267206, 0.0033597588, 0.009773844
7664111149000, -0.014660766, 0.0015271631, 0.014966198
7664116189000, -0.01160644, -0.0036651916, 0.012217305
7664121147000, -0.014966198, -0.008246681, -3.0543262E-4
7664126191000, -0.004581489, -0.021685716, 0.0015271631
7664131182000, -0.007330383, -0.028405234, -0.013439035
7664136187000, -0.0061086523, -0.021380283, -0.023518313
7664141186000, -0.00580322, -0.015577064, -0.03634648
7664146257000, -0.00580322, -0.014049901, -0.04795292
7664151183000, 0.0018325958, 0.009162978, -0.05467244
7664156213000, -0.0030543262, 0.028099801, -0.061086524
7664161193000, -0.0036651916, 0.038789943, -0.06291912
7664166182000, -0.004886922, 0.05497787, -0.06719518
7664171151000, -0.024129177, 0.06719518, -0.06566802
7664176195000, -0.029321533, 0.063224554, -0.058948494
7664181155000, -0.05100725, 0.06566802, -0.056199603
7664186214000, -0.07360926, 0.0693332, -0.04734206
7664191269000, -0.09896017, 0.059253927, -0.035124753
7664196278000, -0.122478485, 0.054367006, -0.019547688
7664201211000, -0.13713925, 0.03970624, -0.016187929
7664206230000, -0.16890424, 0.029321533, -0.0018325958
7664211181000, -0.183565, 0.024740042, -0.0018325958
7664216182000, -0.1881465, 0.023518313, 0.007330383
7664221160000, -0.1863139, 0.02687807, 0.00580322
7664227434000, -0.17989981, 0.03573562, 9.162979E-4
7664231184000, -0.1731803, 0.036651913, 0.004886922
7664236182000, -0.17195857, 0.032375857, 0.005192355
7664241201000, -0.16187929, 0.038789943, 6.1086525E-4
7664246182000, -0.15699236, 0.033292156, -0.0030543262
7664251200000, -0.1563815, 0.018936822, -0.0033597588
7664256257000, -0.15424347, 0.010995574, -0.005497787
7664261188000, -0.14446963, -0.002443461, -0.006414085
7664266182000, -0.14263703, -0.02321288, -0.013744468
7664271156000, -0.13072516, -0.044593163, -0.011301007
7664276186000, -0.1386664, -0.0842994, -0.007941248
7664281184000, -0.115453534, -0.09101892, -0.004886922
7664286197000, -0.10567969, -0.099265605, -0.003970624
7664291199000, -0.106595986, -0.103847094, 0.0036651916
7664296190000, -0.08857546, -0.10781772, -0.003970624
7664301180000, -0.083383106, -0.1020145, 0.0015271631
7664306228000, -0.074830994, -0.0983493, -3.0543262E-4
7664311199000, -0.06688975, -0.08277224, 9.162979E-4
7664316183000, -0.059864793, -0.07422013, 0.0033597588
7664321204000, -0.06536258, -0.071776666, 0.0067195175
7664326198000, -0.06383542, -0.07880162, 0.0018325958
7664331290000, -0.0711658, -0.08307768, 0.0030543262
7664336162000, -0.07696902, -0.08246681, 0.003970624
7664341237000, -0.076358154, -0.08277224, -0.004276057
7664346237000, -0.07544186, -0.10293079, -0.0070249503
7664351183000, -0.070554934, -0.100792766, -0.007941248
7664356208000, -0.07666359, -0.11728613, -0.008246681
7664361186000, -0.082161374, -0.13164146, -0.021380283
7664366725000, -0.08582657, -0.13744467, -0.025350908
7664371166000, -0.07422013, -0.13561209, -0.028405234
7664376162000, -0.07452556, -0.13958271, -0.039095376
7664381189000, -0.06383542, -0.13775012, -0.04734206
7664386187000, -0.06994407, -0.14446963, -0.0571159
7664391277000, -0.06352998, -0.14569137, -0.05589417
7664396268000, -0.059253927, -0.14508049, -0.057421334
7664401185000, -0.062308256, -0.1255328, -0.06841691
7664406215000, -0.049480084, -0.12461651, -0.065973446
7664411198000, -0.039095376, -0.11453723, -0.059864793
7664416190000, -0.03848451, -0.109650314, -0.061086524
7664421168000, -0.032375857, -0.11056661, -0.064751714
7664427248000, -0.019242255, -0.10629055, -0.063224554
7664431185000, -0.009162978, -0.11301007, -0.052839845
7664436452000, -0.017104227, -0.12522738, -0.046731193
7664441339000, -0.014966198, -0.1301143, -0.04337143
7664446207000, -0.022296581, -0.13530666, -0.040317107
7664451183000, -0.021685716, -0.1685988, -0.022907447
7664456252000, -0.035430185, -0.19181168, -0.014660766
7664461194000, -0.033292156, -0.20463985, 0.0027488936
7664466191000, -0.032986723, -0.20586158, 0.0067195175
7664471158000, -0.028710667, -0.19975294, 0.008246681
7664476194000, -0.03145956, -0.21471913, 0.015577064
7664481181000, -0.02565634, -0.23060162, 0.0290161
7664486196000, -0.032986723, -0.2489276, 0.048258353
7664491206000, -0.01985312, -0.26236662, 0.051923547
7664496186000, -0.01985312, -0.27977628, 0.061391957
7664501286000, -0.031154128, -0.29718593, 0.07452556
7664506622000, -0.032375857, -0.3042109, 0.095294975
7664511240000, -0.03481932, -0.31887165, 0.10323623
7664516209000, -0.027183503, -0.31581733, 0.11148291
7664521160000, -0.028710667, -0.31673363, 0.1301143
7664526189000, -0.029626964, -0.31398472, 0.1423316
7664531188000, -0.03023783, -0.3023783, 0.14385876
7664536175000, -0.031154128, -0.30115658, 0.15577064
7664541260000, -0.03176499, -0.28680122, 0.15515977
7664546307000, -0.031154128, -0.27183503, 0.15454891
7664551183000, -0.02565634, -0.25289822, 0.15302174
7664556183000, -0.02107485, -0.23640485, 0.13988814
7664561190000, -0.0076358155, -0.22418754, 0.13652839
7664566184000, 0.0012217305, -0.21471913, 0.13103059
7664571166000, 0.0143553335, -0.20586158, 0.11881329
7664576212000, 0.030543262, -0.19517145, 0.10445796
7664581183000, 0.048258353, -0.18967366, 0.09468412
7664586169000, 0.076358154, -0.17715092, 0.08460484
7664591248000, 0.099265605, -0.1600467, 0.08246681
7664596256000, 0.12308934, -0.15302174, 0.077579886
7664601189000, 0.14569137, -0.14966199, 0.06536258
7664606183000, 0.17104226, -0.1337795, 0.055588737
7664611188000, 0.21563543, -0.103847094, 0.0580322
7664616183000, 0.22907446, -0.0729984, 0.054061573
7664621162000, 0.2669481, -0.048563786, 0.05100725
7664626128000, 0.29138273, -0.032375857, 0.04062254
7664631217000, 0.31887165, 0.004581489, 0.041233405
7664636169000, 0.34208453, 0.014660766, 0.040011674
7664641202000, 0.3484986, 0.040317107, 0.030543262
7664646170000, 0.37598756, 0.050396383, 0.030848695
7664651162000, 0.4083634, 0.06963864, 0.031154128
7664656202000, 0.41996986, 0.08124508, 0.030848695
7664661166000, 0.4361578, 0.09285152, 0.03481932
7664666164000, 0.43799037, 0.11453723, 0.042760566
7664671165000, 0.43860126, 0.1704314, 0.0421497
7664676173000, 0.42943826, 0.24129178, 0.038789943
7664681164000, 0.40683624, 0.31764993, 0.03023783
7664686169000, 0.4260785, 0.37140608, 0.010995574
7664691818000, 0.5006041, 0.39950588, -0.015882496
7664696167000, 0.6414085, 0.41783184, -0.04550946
7664701214000, 0.8206975, 0.41630468, -0.06872234
7664706118000, 1.0048733, 0.43554693, -0.080634214
7664711108000, 1.180497, 0.51007247, -0.09743301
7664716111000, 1.3704761, 0.6252206, -0.09162979
7664721107000, 1.5387696, 0.7309003, -0.08552113
7664726117000, 1.6777414, 0.7779369, -0.07391469
7664731099000, 1.8017471, 0.77824235, -0.06047566
7664736089000, 1.894904, 0.75441855, -0.056505036
7664741114000, 1.9327776, 0.7156286, -0.05681047
7664746103000, 1.9614882, 0.73914695, -0.08460484
7664751200000, 1.9233092, 0.8396343, -0.105374254
7664756187000, 1.8402315, 1.029308, -0.1459968
7664761657000, 1.7403551, 1.2568552, -0.16982053
7664766187000, 1.6313156, 1.4587462, -0.19120082
7664771157000, 1.5360206, 1.6114625, -0.22052236
7664776196000, 1.4749341, 1.7403551, -0.23671028
7664781180000, 1.4355333, 1.8567249, -0.2556471
7664786219000, 1.4407257, 1.958434, -0.25534168
7664791274000, 1.46852, 1.9868392, -0.25778514
7664796220000, 1.518611, 1.9556851, -0.25259277
7664801218000, 1.5598444, 1.926669, -0.22876903
7664806193000, 1.5943583, 1.9388863, -0.21777347
7664811190000, 1.616044, 1.9749273, -0.19883664
7664816189000, 1.6264287, 2.0277672, -0.17562376
7664821156000, 1.5971072, 2.053729, -0.14752395
7664827177000, 1.5381587, 2.078469, -0.105374254
7664831281000, 1.4590516, 2.0861049, -0.050701816
7664836196000, 1.3665055, 2.083356, -0.03176499
7664841204000, 1.314582, 2.0341814, 0.011301007
7664846190000, 1.2180653, 1.8762726, 0.035124753
7664851214000, 1.1490375, 1.6276505, 0.06261369
7664856242000, 1.0861185, 1.348485, 0.089491755
7664861184000, 1.0366384, 1.0668762, 0.1001819
7664866184000, 1.0067059, 0.73914695, 0.099265605
7664871159000, 0.99265605, 0.42913285, 0.06841691
7664876193000, 1.0134255, 0.20250183, 0.015271631
7664881186000, 1.069625, 0.055588737, -0.0106901415
7664886186000, 1.0772609, 0.01985312, -0.035124753
7664891209000, 1.0754282, -0.0021380284, -0.055588737
7664896189000, 1.0326678, 0.038789943, -0.080634214
7664901191000, 0.9618073, 0.18600847, -0.106595986
7664906180000, 0.85918194, 0.4373795, -0.12858713
7664911193000, 0.7449502, 0.7302894, -0.14844026
7664916185000, 0.6282749, 1.0048733, -0.16035213
7664921154000, 0.5555819, 1.2479976, -0.16920967
7664926177000, 0.5467244, 1.4553864, -0.160963
7664931182000, 0.5149594, 1.5219707, -0.16249016
7664936225000, 0.52595496, 1.5833627, -0.16584991
7664941188000, 0.5317582, 1.5961909, -0.17348573
7664946187000, 0.54305923, 1.5754215, -0.1881465
7664951188000, 0.54153204, 1.4880677, -0.18967366
7664956204000, 0.52198434, 1.3891076, -0.18967366
7664961187000, 0.50335294, 1.3142766, -0.19639318
7664966183000, 0.5039638, 1.3200798, -0.20066923
7664971213000, 0.49693888, 1.3649784, -0.19456059
7664976220000, 0.4990769, 1.4370605, -0.17562376
7664981225000, 0.49235737, 1.4999796, -0.14996742
7664986168000, 0.48533243, 1.5146403, -0.14385876
7664991330000, 0.45570546, 1.4850134, -0.12889257
7664996224000, 0.43035457, 1.4205672, -0.116675265
7665001184000, 0.40653083, 1.348485, -0.1001819
7665006201000, 0.39706242, 1.2797627, -0.07727446
7665011194000, 0.38423425, 1.2195925, -0.07238753
7665016909000, 0.37232238, 1.1759156, -0.05955936
7665021169000, 0.34666604, 1.1456778, -0.048258353
7665027212000, 0.32620203, 1.1374311, -0.05222898
7665031186000, 0.32253686, 1.1270463, -0.062002823
7665036183000, 0.321926, 1.1181889, -0.057726767
7665041201000, 0.29718593, 1.1230757, -0.052534413
7665046191000, 0.2910773, 1.1438452, -0.04184427
7665051181000, 0.27580565, 1.1636983, -0.043982297
7665056241000, 0.2666427, 1.1722504, -0.035430185
7665061192000, 0.23823744, 1.1578951, -0.027794369
7665066183000, 0.2098322, 1.1472049, -0.009468411
7665071166000, 0.18173242, 1.0995574, -0.007941248
7665076189000, 0.15485434, 1.0396926, -0.004276057
7665081185000, 0.13194689, 0.97127575, 0.009162978
7665087064000, 0.115453534, 0.893085, 0.027183503
7665091279000, 0.10262536, 0.799928, 0.040011674
7665096211000, 0.095294975, 0.75625116, 0.03634648
7665101517000, 0.070249505, 0.72387534, 0.03145956
7665106209000, 0.058948494, 0.6899723, 0.053145275
7665111130000, 0.035430185, 0.6221663, 0.06872234
7665116182000, -3.0543262E-4, 0.5332854, 0.0729984
7665121156000, -0.0070249503, 0.43493605, 0.082161374
7665126194000, -0.022296581, 0.35521814, 0.08032878
7665131208000, -0.046120327, 0.33078352, 0.07849618
7665136241000, -0.060170226, 0.2959642, 0.07391469
7665141196000, -0.082161374, 0.2828306, 0.06169739
7665146186000, -0.101098195, 0.2968805, 0.051923547
7665151184000, -0.13164146, 0.30848694, 0.037873644
7665156778000, -0.1600467, 0.33017266, 0.022907447
7665161195000, -0.19914207, 0.3436117, -0.0027488936
7665166180000, -0.23518312, 0.36132678, -0.02565634
7665171172000, -0.27030787, 0.37140608, -0.046731193
7665176186000, -0.26939157, 0.39645153, -0.07086037
7665181190000, -0.29810223, 0.4120286, -0.09437868
7665186228000, -0.3042109, 0.41905355, -0.11789699
7665191204000, -0.30726522, 0.4279111, -0.12767084
7665196178000, -0.3023783, 0.4166101, -0.12370021
7665201182000, -0.29046643, 0.37934732, -0.14080444
7665206159000, -0.29535335, 0.33536503, -0.13836098
7665211195000, -0.30604348, 0.2932153, -0.13316862
7665216185000, -0.31429017, 0.2669481, -0.13775012
7665221165000, -0.3222314, 0.24953845, -0.12522738
7665226917000, -0.34330627, 0.23823744, -0.1133155
7665231188000, -0.3555236, 0.22999077, -0.10140363
7665236181000, -0.38515055, 0.21624629, -0.07880162
7665241210000, -0.41386122, 0.20555615, -0.051923547
7665246267000, -0.46975538, 0.18112154, -0.021991149
7665251219000, -0.5015204, 0.1337795, 0.006414085
7665256163000, -0.5320636, 0.09896017, 0.036651913
7665261186000, -0.5681047, 0.05955936, 0.057726767
7665266192000, -0.61850107, 0.023823744, 0.061391957
7665271169000, -0.68783426, -9.162979E-4, 0.058948494
7665276197000, -0.77213365, -0.0143553335, 0.048563786
7665281183000, -0.88270026, -0.015882496, 0.02443461
7665286189000, -1.0180069, 0.035430185, -0.016493361
7665291187000, -1.212873, 0.16126843, -0.07452556
7665296192000, -1.4364496, 0.37568212, -0.1441642
7665301181000, -1.6887369, 0.6365216, -0.21746802
7665306214000, -1.9608774, 0.9236283, -0.29749137
7665311186000, -2.257758, 1.142318, -0.36010507
7665316181000, -2.5552492, 1.2757921, -0.37140608
7665321173000, -2.879619, 1.2641857, -0.37415496
7665326194000, -3.238502, 1.1814134, -0.39003745
7665331186000, -3.57234, 0.8588765, -0.41416663
7665336198000, -3.7186422, 0.37873647, -0.4831944
7665342111000, -3.9632938, -0.1731803, -0.49663344
7665346192000, -4.142583, -0.6753115, -0.4841107
7665351197000, -4.305073, -1.0891727, -0.473726
7665356178000, -4.485278, -1.3402383, -0.48197266
7665361169000, -4.6343293, -1.3942999, -0.49296826
7665366187000, -4.740009, -1.3093897, -0.464563
7665371132000, -4.808426, -1.146594, -0.43585235
7665376171000, -4.855157, -0.9129381, -0.42332962
7665381139000, -4.8737884, -0.64812803, -0.4343252
7665386214000, -4.843245, -0.42394048, -0.42638394
7665391172000, -4.7290134, -0.20158553, -0.45631635
7665396188000, -4.5210137, 0.15424347, -0.5296202
7665401142000, -4.2406263, 0.52106804, -0.6188065
7665406194000, -3.908316, 0.93462384, -0.6743952
7665411960000, -3.6010506, 1.289842, -0.68569624
7665416153000, -3.3857207, 1.378112, -0.7669413
7665421157000, -3.3111951, 1.16492, -0.9810496
7665427275000, -3.3713653, 0.79809546, -1.2730432
7665431162000, -3.5509596, 0.65240407, -1.4059063
7665436191000, -3.6630535, 0.59131753, -1.641395
7665441153000, -3.885103, 0.52656585, -1.8747455
7665446144000, -4.053396, 0.03604105, -2.0815234
7665451210000, -4.1593814, -0.7290677, -2.1783454
7665456103000, -4.234518, -1.2641857, -2.111761
7665461114000, -4.2638392, -1.6508633, -1.960572
7665466103000, -4.287358, -2.0002782, -1.8454239
7665471096000, -4.276362, -2.2849414, -1.7782288
7665476151000, -4.3078218, -2.375655, -1.7321084
7665481106000, -4.3805146, -2.3848178, -1.6520851
7665486082000, -4.549419, -2.172237, -1.5259414
7665491130000, -4.7778826, -1.853976, -1.3716979
7665496101000, -5.0601025, -1.5696182, -1.2076806
7665501160000, -5.3456817, -1.4355333, -1.0125091
7665506149000, -5.534439, -1.5476271, -0.8213083
7665511151000, -5.5961366, -1.8509218, -0.70096785
7665516137000, -5.5381045, -2.2024746, -0.6056729
7665521130000, -5.4070735, -2.3655756, -0.57818395
7665526140000, -5.2635202, -2.6193902, -0.5656612
7665531144000, -5.188995, -2.7339275, -0.5656612
7665536135000, -5.070487, -2.7433958, -0.59559363
7665541177000, -5.007568, -2.6795604, -0.6261369
7665546138000, -5.007568, -2.6166413, -0.6429357
7665551232000, -5.032919, -2.5744915, -0.6411031
7665556171000, -5.073236, -2.4917192, -0.6252206
7665561192000, -5.122716, -2.3848178, -0.593761
7665566171000, -5.1471505, -2.3451116, -0.52442783
7665571165000, -5.0912566, -2.356718, -0.4343252
7665576143000, -4.999016, -2.3280075, -0.36682457
7665581184000, -4.8472157, -2.3130412, -0.28527406
7665586181000, -4.681977, -2.411696, -0.17715092
7665591196000, -4.502688, -2.5137105, -0.13897185
7665596229000, -4.3322563, -2.5708263, -0.1432479
7665601218000, -4.160298, -2.5967882, -0.17837265
7665606537000, -3.973373, -2.5961773, -0.16798794
7665611171000, -3.7824776, -2.6826148, -0.1469131
7665616462000, -3.6092973, -2.7302623, -0.13530666
7665621191000, -3.4550538, -2.737898, -0.13225232
7665627205000, -3.3044755, -2.7091873, -0.12095132
7665631185000, -3.1758883, -2.7091873, -0.13041973
7665636186000, -3.1004465, -2.6823094, -0.13805555
7665641180000, -2.950479, -2.6386325, -0.17256944
7665646146000, -2.784629, -2.6077838, -0.21380283
7665651192000, -2.6184738, -2.6245825, -0.22357668
7665656210000, -2.4788911, -2.6212227, -0.24281894
7665661194000, -2.3212879, -2.56991, -0.2742785
7665667070000, -2.1688771, -2.504853, -0.30451632
7665671190000, -2.0305161, -2.4327707, -0.33567044
7665676200000, -1.8958203, -2.3570235, -0.3735441
7665681194000, -1.7559321, -2.2773056, -0.39920044
7665686225000, -1.6255124, -2.1978931, -0.4071417
7665691143000, -1.5149459, -2.1407773, -0.44959682
7665696190000, -1.3970488, -2.0958786, -0.48930305
7665701229000, -1.287093, -2.0143282, -0.5332854
7665706139000, -1.1707232, -1.930945, -0.5726862
7665711174000, -1.0571023, -1.8319849, -0.6068946
7665716105000, -0.9462303, -1.7672331, -0.6291912
7665721082000, -0.8222246, -1.6517797, -0.6407976
7665726106000, -0.7657196, -1.5628988, -0.6545421
7665731101000, -0.6239988, -1.518611, -0.6640105
7665736089000, -0.4886922, -1.4779885, -0.6612616
7665741115000, -0.36713, -1.4724907, -0.6921103
7665746103000, -0.26206118, -1.473407, -0.7104363
7665751152000, -0.17745635, -1.4446963, -0.72509706
7665756217000, -0.0842994, -1.3793337, -0.7528914
7665761207000, 0.01038471, -1.2999213, -0.7528914
7665766182000, 0.10476339, -1.1927143, -0.7449502
7665771901000, 0.2098322, -1.0797043, -0.7370089
7665776189000, 0.31887165, -0.97494096, -0.72418076
7665781183000, 0.41538838, -0.8564331, -0.71776664
7665786196000, 0.47555858, -0.7626653, -0.7171558
7665791186000, 0.50762904, -0.6945538, -0.7189884
7665796191000, 0.50732356, -0.61758476, -0.73273283
7665801183000, 0.5012149, -0.5311473, -0.74128497
7665806244000, 0.4914411, -0.46639562, -0.7486154
7665811189000, 0.49174652, -0.398895, -0.75228053
7665816185000, 0.4981606, -0.36774087, -0.7516697
7665821163000, 0.50854534, -0.3484986, -0.75411314
7665826489000, 0.5204572, -0.28802297, -0.7641924
7665831185000, 0.5708536, -0.27030787, -0.77579886
7665836177000, 0.59864795, -0.2452624, -0.78954333
7665841829000, 0.63591075, -0.21502456, -0.8020661
7665846179000, 0.7076874, -0.21105394, -0.8035932
7665851218000, 0.72356987, -0.21838433, -0.81061816
7665856198000, 0.7593055, -0.21991149, -0.82344633
7665861186000, 0.784351, -0.2312125, -0.8344419
7665866171000, 0.7993172, -0.24984388, -0.8417723
7665871160000, 0.81581056, -0.2180789, -0.8542951
7665876511000, 0.83291477, -0.15821409, -0.86070913
7665881180000, 0.86834496, -0.09254608, -0.8582657
7665886182000, 0.8686504, -0.059253927, -0.8558222
7665891276000, 0.86590147, -0.065973446, -0.8561276
7665896211000, 0.84574294, -0.09682214, -0.8570439
7665901184000, 0.84116143, -0.13713925, -0.84665924
7665906177000, 0.8054258, -0.19486602, -0.84207773
7665911300000, 0.788627, -0.22021692, -0.84329945
7665916184000, 0.77304995, -0.23273966, -0.82833326
7665921158000, 0.7797695, -0.22815818, -0.8258898
7665926195000, 0.79259765, -0.18112154, -0.8173377
7665931178000, 0.8127562, -0.121256754, -0.8164214
7665936175000, 0.83658, -0.052839845, -0.79320854
7665941220000, 0.8536842, -0.01740966, -0.7837401
7665946190000, 0.90010995, 0.0036651916, -0.7644979
7665951219000, 0.93951076, 0.015271631, -0.74220127
7665956201000, 0.956615, 0.016493361, -0.72418076
7665961184000, 0.9639453, 0.005497787, -0.69913524
7665966184000, 0.9776898, 0.00580322, -0.6585127
7665971155000, 0.9618073, 0.025350908, -0.62796944
7665976196000, 0.93126404, 0.042760566, -0.5928447
7665981113000, 0.88208944, 0.060170226, -0.55924714
7665986192000, 0.82986045, 0.080634214, -0.5360342
7665991178000, 0.7703011, 0.09987647, -0.52870387
7665996264000, 0.7247916, 0.10842858, -0.52320606
7666001540000, 0.66798115, 0.124311075, -0.5143485
7666006174000, 0.60994893, 0.13530666, -0.50885075
7666011187000, 0.5873469, 0.17195857, -0.51343226
7666016184000, 0.57635134, 0.20433442, -0.5225952
7666021165000, 0.5729916, 0.27183503, -0.5320636
7666027794000, 0.5665775, 0.35613444, -0.57787853
7666031184000, 0.6239988, 0.35979962, -0.5873469
7666036179000, 0.65668017, 0.36835176, -0.60903263
7666041213000, 0.68936145, 0.37140608, -0.6230826
7666046186000, 0.7171558, 0.35369098, -0.61483586
7666051216000, 0.7110472, 0.3371976, -0.61178154
7666056172000, 0.68783426, 0.30390546, -0.61666846
7666061169000, 0.6728681, 0.2724459, -0.61269784
7666066183000, 0.63407815, 0.23884831, -0.6017023
7666071155000, 0.6078109, 0.19761491, -0.59895337
7666076217000, 0.57726765, 0.16279559, -0.6001751
7666081182000, 0.5626069, 0.12308934, -0.59895337
7666086182000, 0.5421429, 0.087659165, -0.6047566
7666091199000, 0.52290064, 0.055588737, -0.6087272
7666096864000, 0.49571714, 0.06169739, -0.605062
7666101181000, 0.49021935, 0.05589417, -0.6065892
7666106189000, 0.48075095, 0.0711658, -0.605062
7666111184000, 0.4700608, 0.0870483, -0.6133087
7666116185000, 0.46853364, 0.10140363, -0.61208695
7666121171000, 0.4636467, 0.13194689, -0.61178154
7666126201000, 0.441961, 0.12339478, -0.61269784
7666131245000, 0.41905355, 0.09896017, -0.6282749
7666136179000, 0.39645153, 0.04428773, -0.6429357
7666141164000, 0.3924809, 3.0543262E-4, -0.65484756
7666146188000, 0.37232238, -0.0143553335, -0.6407976
7666151115000, 0.32559118, -0.016493361, -0.6450737
7666156179000, 0.2947425, 0.0021380284, -0.6215554
7666161118000, 0.2507602, 0.03940081, -0.62796944
7666166746000, 0.23243423, 0.10293079, -0.6301075
7666171203000, 0.23854288, 0.18387043, -0.65057147
7666176224000, 0.26236662, 0.27855456, -0.67347896
7666181185000, 0.27763826, 0.3915646, -0.700357
7666186178000, 0.3036, 0.4615087, -0.72173727
7666191182000, 0.3475823, 0.52687126, -0.72173727
7666196187000, 0.39767328, 0.57543504, -0.71593404
7666201118000, 0.4352415, 0.6218608, -0.6973027
7666206170000, 0.46822822, 0.636827, -0.65118235
7666211191000, 0.49510628, 0.62796944, -0.625526
7666216184000, 0.5216789, 0.6053675, -0.6081163
7666221169000, 0.52748215, 0.5717699, -0.5839872
7666227212000, 0.54702985, 0.5830709, -0.52381694
7666231180000, 0.5876524, 0.59712076, -0.5002986
7666236466000, 0.59620446, 0.657291, -0.43799037
7666241254000, 0.57726765, 0.7119634, -0.37384954
7666246215000, 0.49754974, 0.73914695, -0.31887165
7666251226000, 0.3539964, 0.73548174, -0.25900686
7666256181000, 0.16401732, 0.6969972, -0.20525073
7666261195000, -0.030848695, 0.65148777, -0.15668693
7666266183000, -0.226631, 0.589485, -0.13652839
7666271172000, -0.33658674, 0.5919284, -0.12095132
7666276177000, -0.37965274, 0.64568454, -0.15118915
7666281187000, -0.38056904, 0.7125743, -0.1966986
7666286183000, -0.38056904, 0.7641924, -0.25473082
7666291202000, -0.42210788, 0.78984874, -0.2837469
7666296278000, -0.52564955, 0.7602218, -0.28771752
7666301182000, -0.6560693, 0.689056, -0.28771752
7666306163000, -0.7675522, 0.61300325, -0.27855456
7666311187000, -0.8390234, 0.57879484, -0.24251351
7666316180000, -0.8756753, 0.5742133, -0.22571471
7666321166000, -0.89888823, 0.66950834, -0.1853976
7666326191000, -0.93737274, 0.79381937, -0.17715092
7666331185000, -0.95539325, 0.9074403, -0.17928895
7666336180000, -0.9288206, 0.9651671, -0.18325958
7666341204000, -0.8512407, 0.8979719, -0.2144137
7666346187000, -0.7452556, 0.73792523, -0.2510656
7666351208000, -0.6401868, 0.5702427, -0.30726522
7666356254000, -0.627664, 0.4428773, -0.3662137
7666361188000, -0.72784597, 0.3820962, -0.4156938
7666366181000, -0.9624182, 0.37568212, -0.5112942
7666371152000, -1.2681563, 0.50335294, -0.65270954
7666376193000, -1.4590516, 0.71929383, -0.8194757
7666381114000, -1.4410311, 0.91904676, -0.95417154
7666386210000, -1.278541, 1.1026118, -0.99173975
7666391160000, -1.0968086, 1.2104294, -1.03786
7666396192000, -0.9401216, 1.065349, -1.1349876
7666401116000, -0.8518516, 0.66950834, -1.2018774
7666406182000, -0.86254174, 0.19333886, -1.1899655
7666411142000, -0.9798279, -0.03145956, -1.142318
7666416181000, -1.087951, -0.34116822, -1.0079277
7666421700000, -1.2922854, -0.45723262, -0.8781188
7666426138000, -1.4156802, -0.4297437, -0.7825184
7666431143000, -1.4263704, -0.34055737, -0.7107417
7666436183000, -1.3359623, -0.20158553, -0.6606508
7666441203000, -1.251052, -0.03481932, -0.6301075
7666446281000, -1.1869112, 0.13744467, -0.6197228
7666451118000, -1.1398746, 0.2773328, -0.6221663
7666456343000, -1.149343, 0.3472769, -0.6246097
7666461194000, -1.1896601, 0.33964106, -0.63316184
7666466182000, -1.2428054, 0.30024028, -0.63438356
7666471170000, -1.2925909, 0.22327125, -0.63529986
7666476168000, -1.3298537, 0.16035213, -0.64934975
7666481187000, -1.3707817, 0.12644911, -0.675617
7666486176000, -1.3912456, 0.15241088, -0.6966918
7666491950000, -1.3921618, 0.16523905, -0.70066243
7666496181000, -1.3976597, 0.16829337, -0.6939429
7666501239000, -1.4059063, 0.1695151, -0.6780604
7666506220000, -1.4083499, 0.19394971, -0.6545421
7666511194000, -1.4175128, 0.20830505, -0.6270532
7666516185000, -1.4257594, 0.23762658, -0.57635134
7666521171000, -1.4676038, 0.25778514, -0.5338962
7666526186000, -1.5296066, 0.3100141, -0.5021312
7666531183000, -1.5717562, 0.38087448, -0.4896085
7666536186000, -1.5741998, 0.45753807, -0.4981606
7666541204000, -1.5415184, 0.49296826, -0.5458081
7666546171000, -1.5128077, 0.5888741, -0.5879578
7666551215000, -1.5079209, 0.6462954, -0.60048056
7666556168000, -1.4908166, 0.68233645, -0.6102544
7666561454000, -1.5137241, 0.7623598, -0.6246097
7666566115000, -1.5354098, 0.8588765, -0.61941737
7666571166000, -1.5839735, 0.91599244, -0.6230826
7666576172000, -1.6255124, 0.9990701, -0.6227771
7666581183000, -1.6600263, 1.0595458, -0.5653558
7666586598000, -1.6862935, 1.0955868, -0.46028697
7666591233000, -1.7275269, 1.0803152, -0.32559118
7666596168000, -1.7858646, 1.0506883, -0.21746802
7666601216000, -1.8478674, 1.0607675, -0.14966199
7666606213000, -1.8713857, 1.0839803, -0.10842858
7666611186000, -1.8805487, 1.102001, -0.113926366
7666616179000, -1.8939877, 1.112691, -0.098043874
7666621168000, -1.9013181, 1.0952814, -0.07971791
7666627266000, -1.928807, 1.054048, -0.06963864
7666631121000, -1.9743165, 1.0571023, -0.05467244
7666636178000, -1.9822577, 1.0458013, -0.029626964
7666641177000, -1.9730947, 1.03786, -0.0067195175
7666646148000, -1.9862283, 1.0351112, 0.011301007
7666651143000, -2.031127, 1.029308, -6.1086525E-4
7666656196000, -2.0323486, 1.0103711, 0.010079277
7666661174000, -2.0124955, 0.9954049, -0.004276057
7666666206000, -1.9837849, 0.9746355, -0.002443461
7666671196000, -1.9770653, 0.97585726, 0.0027488936
7666676195000, -1.9624046, 0.9975429, 0.013439035
7666681195000, -1.9599612, 1.0363328, 0.020158553
7666686207000, -1.9587394, 1.0965031, 0.019547688
7666691148000, -1.9315559, 1.1722504, 0.026572637
7666696169000, -1.9172006, 1.2348641, 0.033292156
7666701187000, -1.9336939, 1.2986995, 0.02076942
7666706115000, -1.9511036, 1.3191634, 0.02565634
7666711192000, -1.9559906, 1.3805555, 0.029932396
7666716104000, -1.9666806, 1.41904, 0.042760566
7666721105000, -1.9816469, 1.4514158, 0.04886922
7666726105000, -1.9950858, 1.4972308, 0.070554934
7666731103000, -2.0201313, 1.46852, 0.07727446
7666736086000, -2.0552561, 1.4037683, 0.09010262
7666741115000, -2.0839667, 1.3045027, 0.06719518
7666746328000, -2.118786, 1.2247849, 0.054367006
7666751261000, -2.1517727, 1.1695015, 0.058643065
7666756199000, -2.1743748, 1.0830641, 0.089186326
7666761190000, -2.1743748, 0.98746365, 0.124311075
7666766186000, -2.1438315, 0.8689558, 0.15149458
7666771173000, -2.112372, 0.75869465, 0.18967366
7666776224000, -2.0857995, 0.6383542, 0.21380283
7666781255000, -2.0885482, 0.47891834, 0.21197024
7666786172000, -2.0583105, 0.28802297, 0.21685717
7666791197000, -1.9889772, 0.15302174, 0.23762658
7666796154000, -1.8912388, 0.09712757, 0.23976462
7666801182000, -1.7715092, 0.04062254, 0.20769419
7666806182000, -1.6578883, 0.028710667, 0.17440203
7666811188000, -1.5882497, -0.00580322, 0.10293079
7666816738000, -1.4850134, 0.03145956, 0.010079277
7666821167000, -1.357648, 0.05131268, -0.024129177
7666826174000, -1.318858, 0.09315695, -0.07574729
7666831185000, -1.2302825, 0.12522738, -0.11911872
7666836163000, -1.1322387, 0.16493362, -0.16218472
7666841226000, -1.022283, 0.23884831, -0.19394971
7666846214000, -0.9627236, 0.30787608, -0.22602014
7666851220000, -0.895223, 0.35796702, -0.26389378
7666856159000, -0.84757555, 0.39614612, -0.30451632
7666861190000, -0.7874053, 0.3998113, -0.35521814
7666866185000, -0.7086037, 0.41996986, -0.39187005
7666871170000, -0.6374379, 0.44104472, -0.43157628
7666876354000, -0.5412266, 0.47250426, -0.4783075
7666881183000, -0.45020768, 0.5183192, -0.51251596
7666887658000, -0.3830125, 0.56107974, -0.56321776
7666891200000, -0.31887165, 0.61391956, -0.5992588
7666896177000, -0.2666427, 0.6579019, -0.6469063
7666901183000, -0.21563543, 0.675617, -0.6649268
7666906202000, -0.17379116, 0.70921457, -0.6786713
7666911225000, -0.1591304, 0.73426, -0.6826419
7666916219000, -0.12003502, 0.7657196, -0.679893
7666921158000, -0.092240654, 0.80970186, -0.6609562
7666926212000, -0.06627888, 0.84696466, -0.65148777
7666931220000, -0.03940081, 0.8900307, -0.643852
7666936173000, -0.010995574, 0.91813046, -0.6227771
7666941154000, 0.018325957, 0.9257663, -0.61086524
7666946193000, 0.036957346, 0.90408057, -0.59406644
7666951187000, 0.036651913, 0.87598073, -0.56413406
7666956326000, 0.040317107, 0.8384125, -0.52687126
7666961175000, 0.043676864, 0.81000733, -0.47769663
7666966207000, 0.06841691, 0.75502944, -0.42332962
7666971126000, 0.07086037, 0.6924158, -0.37293324
7666976169000, 0.070249505, 0.6533204, -0.31948254
7666981122000, 0.07788532, 0.61911196, -0.2837469
7666986164000, 0.07452556, 0.5888741, -0.24709499
7666991128000, 0.095294975, 0.5885687, -0.21135938
7666996192000, 0.116675265, 0.59864795, -0.17989981
7667001126000, 0.13988814, 0.6038403, -0.16676621
7667006193000, 0.14905111, 0.61911196, -0.13041973
7667011173000, 0.16187929, 0.6133087, -0.10751228
7667016186000, 0.1554652, 0.61727935, -0.07544186
7667021175000, 0.14019357, 0.61361414, -0.03756821
7667026480000, 0.112399206, 0.6151413, -0.005192355
7667031229000, 0.077579886, 0.61666846, 0.016798794
7667036165000, 0.04337143, 0.6203337, 0.049480084
7667041204000, 0.020463986, 0.6123924, 0.07971791
7667046192000, 0.008246681, 0.59040123, 0.081855945
7667051208000, 0.009162978, 0.55863625, 0.092240654
7667056206000, 0.021685716, 0.5314528, 0.07788532
7667061191000, 0.049785517, 0.52320606, 0.06688975
7667066213000, 0.07727446, 0.5516113, 0.06352998
7667071861000, 0.108123146, 0.5900958, 0.0571159
7667076190000, 0.14538592, 0.6273586, 0.03848451
7667081386000, 0.18906279, 0.64904433, 0.022296581
7667086172000, 0.21288654, 0.6407976, 0.018325957
7667091265000, 0.21868975, 0.62888575, 0.0143553335
7667096207000, 0.22143865, 0.59742624, 0.008552114
7667101119000, 0.23273966, 0.5864306, 0.011301007
7667106368000, 0.22999077, 0.54519725, 0.01985312
7667111189000, 0.2180789, 0.4896085, 0.024129177
7667116145000, 0.22296582, 0.43218717, 0.037873644
7667121177000, 0.226631, 0.38331795, 0.025961773
7667126174000, 0.22571471, 0.34238997, 0.03023783
7667131146000, 0.22540927, 0.3304781, 0.035124753
7667136180000, 0.22327125, 0.3191771, 0.03634648
7667142020000, 0.22266038, 0.31948254, 0.021991149
7667146201000, 0.21838433, 0.30940324, 0.017104227
7667151160000, 0.2134974, 0.28955013, 0.007941248
7667156283000, 0.19364429, 0.2773328, 9.162979E-4
7667161194000, 0.16340645, 0.25717425, -0.010079277
7667166158000, 0.12889257, 0.23304509, -0.019547688
7667171150000, 0.08277224, 0.19150625, -0.04428773
7667176141000, 0.044593163, 0.13041973, -0.04642576
7667181182000, -0.0018325958, 0.07819075, -0.0580322
7667186166000, -0.043066, 0.040317107, -0.058337633
7667191184000, -0.07788532, 0.01038471, -0.058948494
7667196191000, -0.08002335, 0.007941248, -0.062002823
7667201181000, -0.09315695, 6.1086525E-4, -0.06169739
7667206218000, -0.09682214, 0.018020526, -0.05497787
7667211633000, -0.077579886, 0.08093964, -0.056505036
7667216185000, -0.02107485, 0.111177474, -0.06658431
7667221158000, 0.0067195175, 0.18234327, -0.062002823
7667226129000, 0.0580322, 0.23762658, -0.052534413
7667231182000, 0.10720685, 0.2843578, -0.05589417
7667236171000, 0.15974127, 0.3222314, -0.04886922
7667241187000, 0.2012801, 0.35063666, -0.036957346
7667246194000, 0.22266038, 0.35155296, -0.04062254
7667251170000, 0.22174409, 0.33292156, -0.03634648
7667256219000, 0.20799962, 0.30695978, -0.032375857
7667261193000, 0.19333886, 0.2843578, -0.03848451
7667266182000, 0.1600467, 0.26145032, -0.06566802
7667271138000, 0.12705997, 0.24098633, -0.086437434
7667276231000, 0.1020145, 0.23487769, -0.11301007
7667281145000, 0.051923547, 0.23976462, -0.122478485
7667286171000, 0.028710667, 0.24098633, -0.13133603
7667291211000, 0.01038471, 0.24098633, -0.13225232
7667296189000, 0.0067195175, 0.22602014, -0.14660765
7667301114000, 0.023518313, 0.21471913, -0.15057829
7667306255000, 0.043982297, 0.2171626, -0.15974127
7667311187000, 0.07360926, 0.22235495, -0.17592919
7667316185000, 0.121256754, 0.23457226, -0.18387043
7667321179000, 0.17195857, 0.26175576, -0.18020524
7667326192000, 0.21746802, 0.2770274, -0.19242255
7667331181000, 0.25320363, 0.28344148, -0.18845193
7667336164000, 0.2669481, 0.27366763, -0.18478674
7667341221000, 0.2733622, 0.25778514, -0.17654006
7667346189000, 0.25381452, 0.21960606, -0.16615535
7667351180000, 0.23335053, 0.16707164, -0.15118915
7667356683000, 0.16493362, 0.110872045, -0.13561209
7667361203000, 0.11178834, 0.054061573, -0.13041973
7667366247000, 0.058948494, 0.021685716, -0.118202426
7667371192000, 0.0030543262, -0.005192355, -0.12156218
7667376266000, -0.01985312, -0.0033597588, -0.11484267
7667381237000, -0.046731193, 0.002443461, -0.118507855
7667386274000, -0.06841691, 0.01038471, -0.11911872
7667391233000, -0.07238753, 0.03573562, -0.11881329
7667396864000, -0.08368854, 0.048258353, -0.12003502
7667401183000, -0.0888809, 0.06627888, -0.12339478
7667406208000, -0.08552113, 0.08368854, -0.10873401
7667411184000, -0.07360926, 0.10140363, -0.103847094
7667416180000, -0.05955936, 0.100792766, -0.07819075
7667421160000, -0.03359759, 0.086437434, -0.06841691
7667427286000, -0.013133603, 0.05100725, -0.027183503
7667431137000, 0.03848451, 0.043066, -0.014966198
7667436166000, 0.04428773, 0.0143553335, 0.0015271631
7667441214000, 0.056199603, -0.0015271631, 0.022907447
7667446235000, 0.06169739, -0.032375857, 0.029321533
7667451221000, 0.048258353, -0.055283304, 0.03390302
7667456163000, 0.045814894, -0.074830994, 0.029626964
7667461203000, 0.025961773, -0.09590584, 0.029626964
7667466866000, 0.023518313, -0.09590584, 0.030848695
7667471372000, 0.0015271631, -0.087659165, 0.018936822
7667476195000, 0.002443461, -0.07422013, 0.0012217305
7667481223000, -0.0021380284, -0.056199603, 0.005192355
7667486192000, 0.010995574, -0.022907447, 0.0076358155
7667491171000, 0.027183503, -3.0543262E-4, 0.0036651916
7667496188000, 0.051618114, 0.040011674, -0.004886922
7667501203000, 0.065973446, 0.0711658, -0.004886922
7667506174000, 0.08093964, 0.10262536, 0.002443461
7667511173000, 0.10262536, 0.12644911, 9.162979E-4
7667516187000, 0.11301007, 0.14813483, 0.005192355
7667521166000, 0.105374254, 0.14782938, 0.01038471
7667526192000, 0.105068825, 0.14874569, 0.017104227
7667531182000, 0.08857546, 0.13713925, 0.025350908
7667536783000, 0.070249505, 0.099265605, 0.035430185
7667541191000, 0.044593163, 0.06780604, 0.046731193
7667546188000, 0.01985312, 0.048563786, 0.043982297
7667551227000, -0.014049901, 0.029932396, 0.053450707
7667556230000, -0.021380283, 0.0070249503, 0.06505715
7667561233000, -0.034208454, -0.012217305, 0.06780604
7667566180000, -0.06566802, -0.036651913, 0.062002823
7667571165000, -0.09162979, -0.05222898, 0.06872234
7667576172000, -0.12614368, -0.05009095, 0.0842994
7667581183000, -0.15088372, -0.04337143, 0.103847094
7667586170000, -0.1600467, -0.034208454, 0.10567969
7667591202000, -0.16554448, -0.040011674, 0.11148291
7667596132000, -0.15149458, -0.030848695, 0.11484267
7667601183000, -0.14874569, -0.017715093, 0.13041973
7667606363000, -0.1563815, 0.016493361, 0.13225232
7667611195000, -0.15057829, 0.032375857, 0.14477506
7667616146000, -0.14263703, 0.055283304, 0.15241088
7667621168000, -0.13775012, 0.07147124, 0.16340645
7667626613000, -0.121256754, 0.089491755, 0.1740966
7667631188000, -0.12156218, 0.106901415, 0.18081611
7667636173000, -0.11484267, 0.121256754, 0.18997909
7667641192000, -0.1001819, 0.16432275, 0.20433442
7667646149000, -0.09896017, 0.19822577, 0.21288654
7667651170000, -0.09407325, 0.20647246, 0.20158553
7667656166000, -0.08979719, 0.22540927, 0.19822577
7667661160000, -0.07696902, 0.22510384, 0.17073683
7667666176000, -0.06841691, 0.23182335, 0.14660765
7667671193000, -0.06291912, 0.22907446, 0.12339478
7667676129000, -0.046731193, 0.21105394, 0.102319926
7667681227000, -0.04520403, 0.20463985, 0.08032878
7667686184000, -0.04734206, 0.19883664, 0.06780604
7667696130000, -0.019242255, 0.22143865, 0.03268129
7667701240000, -0.014049901, 0.2275473, 0.029321533
7667706072000, 0.008552114, 0.2434298, 0.029932396
7667711105000, 0.025350908, 0.2611449, 6.1086525E-4
7667716072000, 0.03481932, 0.27183503, -0.01863139
7667721086000, 0.057421334, 0.2602286, -0.040317107
7667726064000, 0.06872234, 0.23365596, -0.056199603
7667731099000, 0.09712757, 0.18997909, -0.07360926
7667736095000, 0.102319926, 0.15577064, -0.06994407
7667741124000, 0.10934488, 0.13225232, -0.064446285
7667746053000, 0.12064589, 0.12308934, -0.050396383
7667751234000, 0.11484267, 0.13103059, -0.03390302
7667756204000, 0.113926366, 0.12461651, -0.02687807
7667761210000, 0.12614368, 0.13469578, -0.014660766
7667766184000, 0.13103059, 0.16035213, -3.0543262E-4
7667771224000, 0.12492194, 0.18845193, 0.008246681
7667776174000, 0.1142318, 0.21746802, 0.028405234
7667781186000, 0.093767814, 0.23182335, 0.035430185
7667786197000, 0.06994407, 0.22296582, 0.053450707
7667791787000, 0.0571159, 0.20616703, 0.05681047
7667796196000, 0.03940081, 0.16707164, 0.06536258
7667801183000, 0.01740966, 0.129198, 0.06994407
7667806198000, 0.002443461, 0.08155051, 0.065973446
7667811151000, -0.015882496, 0.033292156, 0.0720821
7667816187000, -0.047036625, -0.015882496, 0.06719518
7667821172000, -0.084910266, -0.058948494, 0.061391957
7667826181000, -0.1151481, -0.09896017, 0.07147124
7667831182000, -0.15760323, -0.13041973, 0.079107046
7667836195000, -0.20158553, -0.16798794, 0.0852157
7667841182000, -0.23854288, -0.204029, 0.102319926
7667846192000, -0.26450464, -0.22174409, 0.12614368
7667851186000, -0.2733622, -0.23304509, 0.13897185
7667856237000, -0.29565877, -0.26145032, 0.15760323
7667861894000, -0.29443705, -0.27275133, 0.17592919
7667866227000, -0.3005457, -0.28985557, 0.19822577
7667871156000, -0.28985557, -0.2855795, 0.23854288
7667876163000, -0.27152961, -0.27763826, 0.27152961
7667881184000, -0.2751948, -0.25442538, 0.30848694
7667886208000, -0.2666427, -0.24495697, 0.33169982
7667891159000, -0.27672195, -0.24281894, 0.34208453
7667896169000, -0.27458394, -0.22693644, 0.36987892
7667901147000, -0.30085114, -0.22082779, 0.39492437
7667906238000, -0.3387248, -0.23762658, 0.40194935
7667911145000, -0.37995818, -0.2489276, 0.4202753
7667916222000, -0.4370741, -0.267559, 0.41538838
7667921124000, -0.49357912, -0.2919936, 0.4089743
7667926162000, -0.56077427, -0.33078352, 0.40317106
7667931393000, -0.62949663, -0.37751472, 0.39400807
7667936208000, -0.6939429, -0.4456262, 0.37934732
7667941209000, -0.74036866, -0.5332854, 0.35277468
7667946194000, -0.7693848, -0.6597345, 0.3200934
7667951295000, -0.7901542, -0.7965683, 0.267559
7667956210000, -0.786489, -0.8875872, 0.22388211
7667961173000, -0.7669413, -0.95172805, 0.17379116
7667966221000, -0.73364913, -0.95814216, 0.1328632
7667971130000, -0.6918049, -0.88239485, 0.110872045
7667976168000, -0.68508536, -0.73761976, 0.106595986
7667981130000, -0.70280045, -0.52442783, 0.10293079
7667986178000, -0.7693848, -0.38973203, 0.10873401
7667991152000, -0.7996226, -0.12705997, 0.11728613
7667996187000, -0.86620694, 0.08002335, 0.15210545
7668001218000, -0.88147855, 0.17867808, 0.20005837
7668006231000, -0.81214535, 0.14935656, 0.25900686
7668011144000, -0.72265357, 0.03359759, 0.30604348
7668016219000, -0.600786, -0.108123146, 0.344528
7668021150000, -0.5177083, -0.25350907, 0.38423425
7668026121000, -0.4905248, -0.3585779, 0.40622538
7668031186000, -0.52290064, -0.41172317, 0.42302418
7668036174000, -0.5858198, -0.44012842, 0.43127087
7668041255000, -0.63621616, -0.43127087, 0.4428773
7668046241000, -0.6392705, -0.43890667, 0.46517387
7668051218000, -0.5876524, -0.46273044, 0.49388456
7668056275000, -0.5012149, -0.4868596, 0.52381694
7668061232000, -0.40591997, -0.4746423, 0.54275376
7668066205000, -0.34025195, -0.43401974, 0.5522222
7668071215000, -0.29565877, -0.3659083, 0.5500842
7668076209000, -0.2828306, -0.23884831, 0.54092115
7668081253000, -0.30848694, -0.11026118, 0.5299256
7668086204000, -0.30634892, -0.055588737, 0.5296202
7668091232000, -0.30298916, 0.017104227, 0.52412236
7668096284000, -0.28710666, 0.048563786, 0.50732356
7668101184000, -0.24953845, 0.03970624, 0.49968776
7668106203000, -0.21991149, 0.010079277, 0.47983465
7668111233000, -0.16493362, -0.017715093, 0.4456262
7668116728000, -0.11728613, -0.038179077, 0.39095375
7668121162000, -0.070554934, -0.04734206, 0.33567044
7668126143000, -0.021380283, -0.07360926, 0.27000242
7668131189000, 0.038789943, -0.103847094, 0.21044308
7668136145000, 0.10323623, -0.14874569, 0.15974127
7668141239000, 0.16798794, -0.18478674, 0.12186762
7668146184000, 0.24373524, -0.1908954, 0.08857546
7668151277000, 0.3313944, -0.15424347, 0.05467244
7668156170000, 0.38423425, -0.10445796, 0.032070424
7668161219000, 0.45204028, -0.05375614, -0.0033597588
7668166111000, 0.5158757, -0.017715093, -0.036957346
7668171169000, 0.5580254, 0.009468411, -0.06963864
7668176198000, 0.57879484, 0.04795292, -0.10415252
7668181222000, 0.5946773, 0.10476339, -0.13775012
7668186744000, 0.5861252, 0.15454891, -0.17440203
7668191188000, 0.5684101, 0.1826487, -0.18967366
7668196156000, 0.56199604, 0.20799962, -0.22602014
7668201215000, 0.54611355, 0.22235495, -0.24953845
7668206208000, 0.52473325, 0.21777347, -0.28099802
7668211224000, 0.48991394, 0.18875736, -0.2959642
7668216220000, 0.47158796, 0.15790866, -0.3100141
7668221185000, 0.43096542, 0.12583824, -0.32375857
7668226832000, 0.4120286, 0.084910266, -0.33383787
7668231182000, 0.40286562, 0.042455133, -0.34055737
7668236199000, 0.4071417, 0.023518313, -0.3475823
7668241182000, 0.39645153, 0.023518313, -0.34269542
7668246193000, 0.38759398, -0.002443461, -0.35460728
7668251200000, 0.3857614, 0.008552114, -0.35705075
7668256673000, 0.3707952, 0.005192355, -0.34208453
7668261209000, 0.36896262, -0.010995574, -0.34208453
7668266253000, 0.3494149, -0.020158553, -0.33475417
7668271130000, 0.31887165, -0.03359759, -0.33658674
7668276159000, 0.29046643, -0.055283304, -0.32436943
7668281118000, 0.26175576, -0.06352998, -0.31948254
7668286166000, 0.258396, -0.059253927, -0.31581733
7668291150000, 0.2284636, -0.049785517, -0.3100141
7668296190000, 0.21135938, -0.042455133, -0.30970868
7668301111000, 0.19303341, -0.018936822, -0.28802297
7668306172000, 0.17440203, -0.004886922, -0.28313604
7668311161000, 0.16462818, 0.007330383, -0.2770274
7668316225000, 0.12339478, -3.0543262E-4, -0.2666427
7668321478000, 0.095294975, -0.021685716, -0.26267207
7668326331000, 0.06994407, -0.06872234, -0.24465153
7668331303000, 0.030543262, -0.116675265, -0.22235495
7668336172000, -0.007941248, -0.1518, -0.19730948
7668341179000, -0.06047566, -0.1554652, -0.16371189
7668346167000, -0.12308934, -0.14263703, -0.12858713
7668351116000, -0.19517145, -0.11209377, -0.10323623
7668356212000, -0.23304509, -0.06383542, -0.0693332
7668361193000, -0.26267207, -0.03604105, -0.05497787
7668366184000, -0.27947086, -0.020463986, -0.0290161
7668371201000, -0.2782491, -0.038179077, -0.01985312
7668376184000, -0.2660318, -0.058643065, 0.0015271631
7668381181000, -0.26358834, -0.073303826, 0.020158553
7668386172000, -0.2657264, -0.09712757, 0.025961773
7668391232000, -0.25442538, -0.10354166, 0.05009095
7668396143000, -0.2406809, -0.08827003, 0.0571159
7668401185000, -0.24098633, -0.0729984, 0.076358154
7668406300000, -0.23548855, -0.07574729, 0.09621128
7668411189000, -0.20311269, -0.074830994, 0.10567969
7668416112000, -0.17073683, -0.062308256, 0.11575896
7668421165000, -0.1337795, -0.05009095, 0.13255776
7668426174000, -0.13225232, -0.06505715, 0.14263703
7668431184000, -0.119729586, -0.09773844, 0.15760323
7668436396000, -0.087659165, -0.12339478, 0.16646078
7668441937000, -0.07788532, -0.16187929, 0.16890424
7668446522000, -0.053145275, -0.17837265, 0.17867808
7668451217000, -0.03481932, -0.19914207, 0.18387043
7668456148000, -0.01863139, -0.22174409, 0.19517145
7668461218000, 0.0030543262, -0.22876903, 0.20311269
7668466116000, 0.04153884, -0.23304509, 0.20555615
7668471163000, 0.08277224, -0.22052236, 0.20861048
7668476263000, 0.10567969, -0.19394971, 0.21563543
7668481188000, 0.13041973, -0.18692477, 0.21563543
7668486175000, 0.14996742, -0.18509217, 0.21563543
7668491192000, 0.17256944, -0.19181168, 0.20799962
7668496210000, 0.20677789, -0.20830505, 0.20861048
7668501174000, 0.23671028, -0.2284636, 0.22021692
7668506157000, 0.258396, -0.25167647, 0.22174409
7668511755000, 0.29016098, -0.26633725, 0.22357668
7668516183000, 0.29840767, -0.2883284, 0.23579398
7668521128000, 0.32253686, -0.31703907, 0.23945917
7668526192000, 0.35155296, -0.32559118, 0.2434298
7668531117000, 0.3643811, -0.33261612, 0.24587326
7668536172000, 0.37720928, -0.321926, 0.24312437
7668541185000, 0.36682457, -0.2843578, 0.25045475
7668546209000, 0.3371976, -0.22021692, 0.25411993
7668551147000, 0.29046643, -0.11484267, 0.27458394
7668556189000, 0.21533, -0.009468411, 0.2864958
7668561172000, 0.129198, 0.0870483, 0.312763
7668566182000, 0.03634648, 0.13591751, 0.3191771
7668571521000, -0.038789943, 0.10781772, 0.30879238
7668576194000, -0.089186326, 0.062308256, 0.2764165
7668581570000, -0.10720685, -0.11636983, 0.2284636
7668586194000, -0.12461651, -0.17256944, 0.19853121
7668591210000, -0.12797627, -0.25045475, 0.13041973
7668596236000, -0.10170906, -0.22937989, 0.043066
7668601204000, -0.10445796, -0.14874569, -0.02076942
7668606159000, -0.10842858, -0.0030543262, -0.06291912
7668611191000, -0.119729586, 0.15393804, -0.09162979
7668616162000, -0.13500121, 0.3145956, -0.09743301
7668621171000, -0.1282817, 0.42943826, -0.09132435
7668627980000, -0.092240654, 0.48655418, -0.08307768
7668631174000, -0.01038471, 0.47952923, -0.07666359
7668636167000, 0.013439035, 0.43066, -0.07391469
7668641210000, 0.046120327, 0.34697145, -0.06780604
7668646186000, 0.06078109, 0.25870144, -0.06994407
7668651373000, 0.058337633, 0.15974127, -0.077579886
7668656184000, 0.05589417, 0.06719518, -0.08155051
7668661166000, 0.025045475, 0.0021380284, -0.08460484
7668666213000, 0.00580322, -0.042760566, -0.08735373
7668671218000, -0.006414085, -0.055283304, -0.09621128
7668676234000, -0.014966198, -0.052839845, -0.09560041
7668681308000, -0.012217305, -0.016187929, -0.09040806
7668686169000, -0.01160644, 0.021991149, -0.086437434
7668691259000, 0.0012217305, 0.05375614, -0.06811147
7668696222000, 0.023518313, 0.063224554, -0.05497787
7668701130000, 0.049480084, 0.073303826, -0.040011674
7668706172000, 0.07360926, 0.07727446, -0.009773844
7668711115000, 0.10415252, 0.08735373, 0.0033597588
7668716182000, 0.11056661, 0.092240654, 0.02687807
7668721145000, 0.113926366, 0.07391469, 0.043066
7668726196000, 0.1020145, 0.06994407, 0.05589417
7668731145000, 0.08857546, 0.04917465, 0.06261369
7668736162000, 0.095294975, 0.04428773, 0.05681047
7668741238000, 0.08857546, 0.040011674, 0.06566802
7668746245000, 0.08552113, 0.034513887, 0.06383542
7668751114000, 0.07941248, 0.028405234, 0.051923547
7668756192000, 0.07819075, 0.03573562, 0.03970624
7668761174000, 0.0571159, 0.048563786, 0.043066
7668766181000, 0.058643065, 0.0571159, 0.04153884
7668771160000, 0.039095376, 0.07880162, 0.03481932
7668776239000, 0.028710667, 0.08735373, 0.034513887
7668781203000, 0.026572637, 0.11636983, 0.03359759
7668786160000, 0.02321288, 0.14721853, 0.03023783
7668791324000, 9.162979E-4, 0.16279559, 0.022907447
7668796221000, -0.0012217305, 0.15515977, 0.0143553335
7668801181000, -0.003970624, 0.12705997, 0.017715093
7668806169000, -0.007941248, 0.10354166, 0.01985312
7668811188000, -0.027794369, 0.07269296, 0.019242255
7668816182000, -0.028710667, 0.049785517, 0.03023783
7668821156000, -0.054061573, 0.04184427, 0.035124753
7668826157000, -0.065973446, 0.03604105, 0.03848451
7668831184000, -0.07422013, 0.043982297, 0.046120327
7668836166000, -0.08399397, 0.03940081, 0.059253927
7668841202000, -0.08155051, 0.046731193, 0.063224554
7668846187000, -0.08460484, 0.05009095, 0.06627888
7668851216000, -0.09101892, 0.047647487, 0.08857546
7668856166000, -0.076052725, 0.046120327, 0.09743301
7668861188000, -0.08735373, 0.03604105, 0.112399206
7668866186000, -0.09560041, 0.039095376, 0.122783914
7668871159000, -0.10293079, 0.043676864, 0.13805555
7668876159000, -0.11484267, 0.050396383, 0.14049901
7668881181000, -0.12492194, 0.05009095, 0.1554652
7668886159000, -0.1423316, 0.04550946, 0.17195857
7668891248000, -0.15088372, 0.040011674, 0.18234327
7668896237000, -0.16279559, 0.04062254, 0.18906279
7668901217000, -0.17989981, 0.029321533, 0.19853121
7668906158000, -0.18997909, 0.020158553, 0.20861048
7668911189000, -0.18906279, 0.029626964, 0.20555615
7668916144000, -0.19333886, 0.02687807, 0.20708331
7668921155000, -0.19822577, 0.032375857, 0.2134974
7668926132000, -0.18845193, 0.03573562, 0.21135938
7668931183000, -0.19822577, 0.025961773, 0.21502456
7668936167000, -0.19822577, 0.017104227, 0.22235495
7668941237000, -0.20005837, 0.015271631, 0.22785273
7668946546000, -0.20708331, 0.008857546, 0.22357668
7668951216000, -0.21013765, -0.004886922, 0.22571471
7668956450000, -0.19547687, 0.005497787, 0.22052236
7668961174000, -0.19425514, 0.01038471, 0.2180789
7668966457000, -0.1704314, 0.022296581, 0.1966986
7668971159000, -0.14538592, 0.018020526, 0.18417588
7668976172000, -0.13194689, 0.01985312, 0.17806722
7668981145000, -0.12064589, 0.02321288, 0.15332718
7668986177000, -0.100792766, 0.014049901, 0.13469578
7668991242000, -0.08368854, 0.0012217305, 0.110872045
7668996150000, -0.06872234, -0.008552114, 0.083383106
7669001230000, -0.05222898, -0.01863139, 0.06963864
7669006115000, -0.042760566, -0.01985312, 0.05100725
7669011096000, -0.02076942, -0.025961773, 0.034513887
7669016050000, -0.011911872, -0.027794369, 0.028405234
7669021090000, 0.014049901, -0.043676864, 0.026572637
7669026766000, 0.017104227, -0.035124753, 0.03145956
7669031099000, 0.017715093, -0.017715093, 0.022296581
7669036088000, 0.039095376, -0.004276057, 0.028405234
7669041123000, 0.043066, 0.015577064, 0.019547688
7669046100000, 0.047036625, 0.027488936, 0.014966198
7669051192000, 0.043982297, 0.034208454, 0.007941248
7669056206000, 0.039095376, 0.047647487, 0.0033597588
7669061184000, 0.03573562, 0.052839845, -0.010995574
7669066184000, 0.031154128, 0.058337633, -0.018325957
7669071155000, 0.004581489, 0.056199603, -0.028405234
7669076195000, -0.008552114, 0.057726767, -0.04153884
7669081181000, -0.04184427, 0.042455133, -0.058948494
7669086163000, -0.08124508, 0.03604105, -0.07696902
7669091213000, -0.10629055, 0.032986723, -0.09254608
7669096213000, -0.13683382, 0.03756821, -0.12034045
7669101158000, -0.16523905, 0.04428773, -0.12461651
7669106201000, -0.18417588, 0.05009095, -0.13836098
7669111139000, -0.20952678, 0.060170226, -0.14813483
7669116182000, -0.22693644, 0.070554934, -0.1563815
7669121131000, -0.22815818, 0.090713486, -0.15851954
7669126197000, -0.25137106, 0.11026118, -0.15118915
7669131112000, -0.27122417, 0.121256754, -0.15363261
7669136157000, -0.2779437, 0.12583824, -0.15271631
7669141245000, -0.27091873, 0.12614368, -0.15088372
7669146187000, -0.27916542, 0.116675265, -0.15118915
7669151155000, -0.26847526, 0.09590584, -0.14538592
7669156196000, -0.2443461, 0.08582657, -0.14844026
7669161164000, -0.23609942, 0.06994407, -0.13744467
7669166184000, -0.22327125, 0.0729984, -0.12522738
7669171176000, -0.20830505, 0.07238753, -0.112399206
7669176194000, -0.20158553, 0.08155051, -0.10720685
7669181116000, -0.21074851, 0.09773844, -0.08368854
7669186181000, -0.2180789, 0.108123146, -0.07452556
7669191270000, -0.21868975, 0.1255328, -0.062308256
7669196212000, -0.22785273, 0.13316862, -0.04734206
7669201164000, -0.23304509, 0.14019357, -0.025961773
7669206181000, -0.23090707, 0.15271631, -0.011301007
7669211187000, -0.22876903, 0.1518, 0.0125227375
7669216185000, -0.21685717, 0.13164146, 0.026572637
7669221156000, -0.21991149, 0.0870483, 0.047647487
7669226162000, -0.21227567, 0.028405234, 0.07696902
7669231178000, -0.20799962, -0.03940081, 0.10629055
7669236190000, -0.18661933, -0.093767814, 0.12034045
7669241215000, -0.18020524, -0.1151481, 0.1441642
7669246193000, -0.18509217, -0.12370021, 0.17440203
7669251184000, -0.17623462, -0.102319926, 0.18448131
7669256161000, -0.14172074, -0.071776666, 0.21197024
7669261190000, -0.10140363, -0.03756821, 0.22540927
7669266180000, -0.043676864, -0.027183503, 0.24587326
7669271164000, -0.013439035, 0.010079277, 0.25503623
7669276156000, 0.005192355, 0.055283304, 0.2782491
7669281180000, 0.009468411, 0.09896017, 0.30726522
7669286187000, 0.007330383, 0.13683382, 0.32742378
7669291218000, -0.018325957, 0.15302174, 0.36835176
7669296234000, -0.037873644, 0.15241088, 0.40775254
7669301216000, -0.057421334, 0.16920967, 0.4456262
7669306151000, -0.08124508, 0.19303341, 0.49663344
7669311189000, -0.09132435, 0.24373524, 0.54183745
7669316119000, -0.09743301, 0.28802297, 0.5879578
7669321172000, -0.12186762, 0.32498032, 0.61086524
7669326199000, -0.124005646, 0.3371976, 0.6435465
7669331180000, -0.129198, 0.31703907, 0.66339964
7669336218000, -0.1255328, 0.27550024, 0.66523224
7669341287000, -0.12614368, 0.22479841, 0.6569856
7669346727000, -0.12522738, 0.183565, 0.64660084
7669351181000, -0.13897185, 0.17837265, 0.63224554
7669356169000, -0.14874569, 0.15760323, 0.6337727
7669361185000, -0.18203785, 0.09010262, 0.6429357
7669366118000, -0.204029, 0.0571159, 0.6582073
7669371162000, -0.2125811, -0.015577064, 0.6945538
7669376157000, -0.25778514, -0.093462385, 0.7357872
7669381181000, -0.29016098, -0.1459968, 0.7984009
7669386235000, -0.3115413, -0.17195857, 0.8539896
7669391262000, -0.3145956, -0.16187929, 0.89461213
7669396292000, -0.3268129, -0.13103059, 0.9492846
7669401179000, -0.3390302, -0.07727446, 1.003957
7669406180000, -0.3472769, -0.018325957, 1.031446
7669411183000, -0.36346483, 0.06352998, 1.0567969
7669416181000, -0.3717115, 0.13622294, 1.0638218
7669421157000, -0.3747658, 0.19303341, 1.0598512
7669426144000, -0.38026363, 0.23457226, 1.0506883
7669431181000, -0.37965274, 0.2406809, 1.031446
7669436184000, -0.39461896, 0.2275473, 1.0012082
7669441172000, -0.40286562, 0.2049453, 0.95233893
7669446191000, -0.4156938, 0.16065755, 0.89369583
7669451185000, -0.41874814, 0.12186762, 0.82802784
7669456177000, -0.4092797, 0.09193522, 0.752586
7669461174000, -0.3903429, 0.093462385, 0.6918049
7669466181000, -0.376293, 0.07544186, 0.6588182
7669471152000, -0.35613444, 0.061391957, 0.61117065
7669476159000, -0.3155119, 0.027183503, 0.57848936
7669481164000, -0.2733622, 0.003970624, 0.5537493
7669486224000, -0.21471913, -0.013744468, 0.52626044
7669491134000, -0.16646078, -0.015577064, 0.49235737
7669496194000, -0.106901415, 0.0076358155, 0.44990227
7669501115000, -0.056199603, 0.023518313, 0.39950588
7669506164000, 0.0021380284, 0.032070424, 0.34605515
7669511118000, 0.04642576, 0.028099801, 0.2779437
7669516185000, 0.06627888, -0.005192355, 0.2171626
7669521152000, 0.098043874, -0.04886922, 0.16584991
7669526162000, 0.12767084, -0.08674286, 0.10934488
7669531215000, 0.1695151, -0.12156218, 0.055588737
7669536236000, 0.20097467, -0.15027285, -0.0015271631
7669541196000, 0.23793201, -0.19058995, -0.05681047
7669546199000, 0.26419923, -0.22540927, -0.11209377
7669551188000, 0.30573806, -0.22785273, -0.15271631
7669556164000, 0.3436117, -0.2312125, -0.19761491
7669561178000, 0.3753767, -0.22937989, -0.23793201
7669566224000, 0.39858958, -0.21105394, -0.2489276
7669571195000, 0.40591997, -0.17745635, -0.27183503
7669576174000, 0.42394048, -0.105374254, -0.30634892
7669581184000, 0.41386122, -0.03940081, -0.33414328
7669586240000, 0.39950588, 0.025350908, -0.36957347
7669591194000, 0.37965274, 0.0693332, -0.39706242
7669596188000, 0.35521814, 0.058643065, -0.41905355
7669601181000, 0.32803464, 0.0070249503, -0.42852196
7669606169000, 0.29229903, -0.08032878, -0.42852196
7669611202000, 0.25717425, -0.14080444, -0.41080686
