#Rate of rotation around the x y z axes (Angular velocity).
#timestamp(ns),x,y,z(rad/s)
#Datetime: 22/04/2015 16:05:29
##########################################
#Activity: 8 - CSI - Car-Step in - 6s
#Subject ID: 48
#First Name: sub48
#Last Name: sub48
#Age: 22
#Height(cm): 180
#Weight(kg): 80
#Gender: Male
##########################################

@DATA
12766941228000, -0.015271631, 0.03268129, 0.0012217305
12766946650000, -0.02687807, 0.03023783, 3.0543262E-4
12766951363000, -0.01863139, 0.022602014, 0.0076358155
12766956307000, -0.025961773, 0.025350908, 0.0012217305
12766961230000, -0.016493361, 0.032070424, -0.002443461
12766966289000, -0.018325957, 0.030543262, -0.00580322
12766971262000, -0.017715093, 0.03268129, -0.005497787
12766976269000, -0.016187929, 0.03970624, -0.006414085
12766981264000, -0.024740042, 0.03604105, -0.004886922
12766986270000, -0.022296581, 0.0421497, -0.004276057
12766991288000, -0.022907447, 0.04642576, 0.0027488936
12766996232000, -0.01863139, 0.04520403, -0.0012217305
12767001289000, -0.022907447, 0.04917465, 6.1086525E-4
12767006260000, -0.015271631, 0.050396383, 0.0030543262
12767011265000, -0.02565634, 0.047647487, -0.0012217305
12767016317000, -0.028710667, 0.05131268, 0.013439035
12767021262000, -0.026267206, 0.04886922, 0.0125227375
12767026268000, -0.027488936, 0.047036625, 0.014966198
12767031266000, -0.02565634, 0.048258353, 0.0106901415
12767036261000, -0.026572637, 0.050701816, 0.014049901
12767041278000, -0.03848451, 0.049480084, 0.013439035
12767046259000, -0.028710667, 0.056199603, 0.018325957
12767051289000, -0.03573562, 0.055588737, 0.016798794
12767056238000, -0.028405234, 0.05955936, 0.01740966
12767061264000, -0.03359759, 0.05131268, 0.01038471
12767066295000, -0.03756821, 0.04795292, 0.01863139
12767071254000, -0.03604105, 0.044898596, 0.015882496
12767077024000, -0.034513887, 0.052534413, 0.018020526
12767081265000, -0.035430185, 0.06352998, 0.022907447
12767086257000, -0.043676864, 0.0580322, 0.017104227
12767091274000, -0.034513887, 0.04550946, 0.01985312
12767096226000, -0.03940081, 0.040317107, 0.014049901
12767101269000, -0.030543262, 0.048563786, 0.019547688
12767106273000, -0.038179077, 0.03970624, 0.013439035
12767111196000, -0.03604105, 0.01985312, 0.018020526
12767116261000, -0.034513887, 0.015577064, 0.021380283
12767121260000, -0.03023783, 0.016493361, 0.021685716
12767126266000, -0.029626964, 0.008246681, 0.013133603
12767131258000, -0.03726278, 0.005497787, 0.009773844
12767136281000, -0.03604105, -3.0543262E-4, 0.015882496
12767141269000, -0.01740966, -0.008246681, 0.006414085
12767146263000, -0.013133603, -0.010079277, 0.015271631
12767151281000, -0.021380283, -0.007941248, 0.018020526
12767156202000, -0.011911872, -0.01863139, 0.009773844
12767161261000, -0.01740966, -0.026572637, 0.013744468
12767166216000, -0.014049901, -0.03268129, 0.01038471
12767171238000, -0.009162978, -0.034208454, 0.0106901415
12767176230000, -0.01985312, -0.04917465, 0.016187929
12767181218000, -0.01863139, -0.04886922, 0.01282817
12767186237000, -0.023518313, -0.050701816, 0.013133603
12767191231000, -0.026267206, -0.07360926, 0.0106901415
12767196230000, -0.026572637, -0.076052725, 0.009773844
12767202176000, -0.026572637, -0.09407325, 0.013744468
12767206239000, -0.03634648, -0.10995574, 0.009773844
12767211225000, -0.03848451, -0.12675454, 0.0033597588
12767216250000, -0.03940081, -0.13622294, -0.0033597588
12767221242000, -0.04184427, -0.16829337, -0.002443461
12767226208000, -0.030543262, -0.19394971, -0.0027488936
12767231221000, -0.015882496, -0.19547687, -0.00580322
12767236239000, -0.004581489, -0.16768251, -0.006414085
12767241230000, -3.0543262E-4, -0.09285152, -0.0018325958
12767246226000, 0.015577064, -0.004276057, 0.0067195175
12767251251000, 0.051923547, 0.08277224, 0.013133603
12767256234000, 0.105068825, 0.17287487, 0.0070249503
12767261224000, 0.14355333, 0.21960606, 0.010995574
12767266244000, 0.15485434, 0.24312437, 0.021685716
12767271517000, 0.14263703, 0.24953845, 0.03359759
12767277006000, 0.12003502, 0.30787608, 0.035124753
12767281243000, 0.06505715, 0.38728857, 0.033292156
12767286240000, 0.015271631, 0.4896085, 0.0290161
12767291231000, -0.044593163, 0.6059783, 0.01740966
12767296226000, -0.102319926, 0.6591236, -0.0030543262
12767301258000, -0.13530666, 0.68691796, -0.016798794
12767306237000, -0.16737708, 0.6722572, -0.034513887
12767311208000, -0.21319197, 0.61269784, -0.061086524
12767316227000, -0.25289822, 0.57635134, -0.06566802
12767321221000, -0.269697, 0.4868596, -0.06841691
12767326228000, -0.29138273, 0.37965274, -0.08307768
12767331250000, -0.3036, 0.28802297, -0.08460484
12767336241000, -0.3023783, 0.21471913, -0.06841691
12767341282000, -0.28619036, 0.15851954, -0.039095376
12767346243000, -0.26083946, 0.13622294, -0.014660766
12767351571000, -0.23701571, 0.118507855, 0.0030543262
12767356237000, -0.20433442, 0.12614368, 0.013744468
12767361402000, -0.18020524, 0.14630222, 0.02565634
12767366234000, -0.16523905, 0.14813483, 0.03176499
12767371378000, -0.15149458, 0.1337795, 0.0290161
12767376214000, -0.14446963, 0.10781772, 0.016493361
12767381272000, -0.16707164, 0.08124508, 0.010079277
12767386216000, -0.17104226, 0.046120327, -0.0027488936
12767391283000, -0.183565, 0.04062254, -0.011911872
12767396256000, -0.1777618, 0.042760566, -0.019547688
12767401687000, -0.18509217, 0.05681047, -0.046120327
12767406277000, -0.18295415, 0.05467244, -0.06811147
12767411196000, -0.1777618, 0.053450707, -0.09682214
12767416233000, -0.17073683, 0.05955936, -0.106595986
12767421556000, -0.16798794, 0.086437434, -0.11575896
12767426231000, -0.16432275, 0.09132435, -0.12461651
12767431570000, -0.16737708, 0.09132435, -0.14110987
12767436213000, -0.15974127, 0.08582657, -0.15057829
12767441210000, -0.16126843, 0.06780604, -0.16462818
12767446214000, -0.16554448, 0.042455133, -0.17715092
12767451264000, -0.16462818, 0.026267206, -0.17745635
12767456317000, -0.17104226, 0.017715093, -0.17470746
12767461172000, -0.17256944, 0.029932396, -0.17073683
12767466254000, -0.17104226, 0.04520403, -0.17470746
12767471172000, -0.1563815, 0.06536258, -0.17379116
12767476988000, -0.13988814, 0.10873401, -0.17195857
12767481189000, -0.1301143, 0.16187929, -0.17623462
12767486241000, -0.116675265, 0.22082779, -0.172264
12767491191000, -0.12767084, 0.27275133, -0.18081611
12767496224000, -0.11178834, 0.3005457, -0.19181168
12767501273000, -0.109650314, 0.33628133, -0.20952678
12767506237000, -0.09865474, 0.36682457, -0.2275473
12767511209000, -0.084910266, 0.38423425, -0.24801129
12767516271000, -0.08552113, 0.4016439, -0.25473082
12767521244000, -0.09162979, 0.42332962, -0.27977628
12767526843000, -0.084910266, 0.44257188, -0.30207285
12767531235000, -0.09621128, 0.45020768, -0.32559118
12767536241000, -0.08552113, 0.46211955, -0.34605515
12767541231000, -0.09896017, 0.49174652, -0.3576616
12767546220000, -0.112399206, 0.514654, -0.3576616
12767551374000, -0.12095132, 0.54367006, -0.36651915
12767556249000, -0.1459968, 0.5671884, -0.38331795
12767561232000, -0.15118915, 0.5870415, -0.3866777
12767566255000, -0.17195857, 0.61483586, -0.408058
12767571238000, -0.18081611, 0.66248333, -0.42088616
12767576229000, -0.17898351, 0.72692966, -0.42485678
12767581274000, -0.18692477, 0.7965683, -0.43554693
12767586269000, -0.18173242, 0.8585711, -0.44929138
12767591273000, -0.17745635, 0.93034774, -0.43463063
12767596928000, -0.15607607, 1.0021244, -0.40866885
12767601285000, -0.12522738, 1.0824533, -0.39003745
12767606266000, -0.118202426, 1.1432343, -0.364992
12767611271000, -0.115453534, 1.1707232, -0.3371976
12767616280000, -0.10293079, 1.210124, -0.32559118
12767621284000, -0.105374254, 1.2403619, -0.29779682
12767626262000, -0.10934488, 1.2663237, -0.26908615
12767631272000, -0.10354166, 1.2751812, -0.24281894
12767636269000, -0.09773844, 1.2901474, -0.2171626
12767641269000, -0.109650314, 1.2641857, -0.20463985
12767646263000, -0.118202426, 1.2269229, -0.19211712
12767651315000, -0.12522738, 1.2000448, -0.17745635
12767656181000, -0.12950343, 1.1856894, -0.16707164
12767661270000, -0.13927728, 1.1774428, -0.16523905
12767666403000, -0.17531833, 1.1737776, -0.16890424
12767671232000, -0.204029, 1.1609493, -0.1863139
12767676167000, -0.22602014, 1.1618657, -0.20463985
12767681260000, -0.25686884, 1.181108, -0.21135938
12767686171000, -0.30482176, 1.2046263, -0.2321288
12767691249000, -0.3491095, 1.2443326, -0.24740042
12767696174000, -0.37720928, 1.2840388, -0.26847526
12767701278000, -0.41263947, 1.3197744, -0.2770274
12767706111000, -0.45875978, 1.3347405, -0.27458394
12767711155000, -0.4728097, 1.366811, -0.27275133
12767716129000, -0.51923543, 1.3918564, -0.26236662
12767721148000, -0.56321776, 1.4410311, -0.23945917
12767726094000, -0.60048056, 1.486846, -0.21502456
12767731134000, -0.6450737, 1.5396858, -0.172264
12767736122000, -0.6765333, 1.593442, -0.11789699
12767741152000, -0.6979135, 1.6566665, -0.076358154
12767746151000, -0.72021013, 1.7211128, -0.03359759
12767751212000, -0.7351763, 1.7803668, -0.0070249503
12767756151000, -0.7654142, 1.8457294, -0.0061086523
12767761224000, -0.806953, 1.9300288, -0.008552114
12767766311000, -0.8695667, 2.014939, -0.024740042
12767771280000, -0.95905846, 2.0983222, -0.054061573
12767776236000, -1.071763, 2.2003367, -0.083383106
12767781205000, -1.2165382, 2.28036, -0.10842858
12767786222000, -1.3729197, 2.3487768, -0.11881329
12767791216000, -1.5485435, 2.417194, -0.1160644
12767796178000, -1.7287487, 2.438574, -0.101098195
12767801282000, -1.9193386, 2.4071145, -0.04520403
12767806277000, -2.116648, 2.3182335, 0.03940081
12767811265000, -2.2452352, 2.2519548, 0.08246681
12767816256000, -2.2919664, 2.0861049, 0.18234327
12767821271000, -2.3545802, 1.8796324, 0.26450464
12767826269000, -2.348166, 1.6355917, 0.3203988
12767831254000, -2.3038783, 1.3387111, 0.3659083
12767836280000, -2.205529, 1.022283, 0.39736784
12767841264000, -2.1160371, 0.7623598, 0.42271876
12767846273000, -2.0167716, 0.593761, 0.4437936
12767852104000, -1.9440787, 0.50793445, 0.45753807
12767856248000, -1.8600847, 0.5213735, 0.47952923
12767861264000, -1.7489072, 0.62796944, 0.52473325
12767866283000, -1.6239853, 0.70524395, 0.54458636
12767871258000, -1.45783, 0.80848014, 0.57757306
12767876252000, -1.2745703, 0.91446525, 0.6056729
12767881267000, -1.0803152, 1.1053606, 0.6582073
12767886276000, -0.8848383, 1.3127494, 0.74006325
12767891251000, -0.66614854, 1.4914275, 0.7852673
12767896224000, -0.46120325, 1.7006488, 0.8536842
12767901215000, -0.26145032, 1.9318613, 0.945314
12767906299000, -0.063224554, 2.0476203, 1.0387764
12767911201000, 0.08552113, 2.2602015, 1.087951
12767916293000, 0.15515977, 2.3774874, 1.1676689
12767921877000, 0.23426682, 2.4150558, 1.2070698
12767926271000, 0.2724459, 2.381458, 1.210735
12767931193000, 0.28619036, 2.2650883, 1.2311989
12767936274000, 0.3313944, 2.1184807, 1.2635747
12767941165000, 0.40103304, 1.9428569, 1.2990049
12767946268000, 0.49846604, 1.7455474, 1.3121386
12767951275000, 0.60139686, 1.5393804, 1.3130548
12767956288000, 0.70554936, 1.2944235, 1.3005321
12767961375000, 0.8142834, 1.1078042, 1.2788464
12767966306000, 0.91874135, 0.9954049, 1.2589933
12767971287000, 1.0296134, 0.9624182, 1.215011
12767976267000, 1.1365148, 0.9957104, 1.1777482
12767981227000, 1.2412782, 1.0464121, 1.1087204
12767986260000, 1.3176364, 1.1438452, 1.0296134
12767991310000, 1.3439035, 1.29198, 0.93615097
12767996229000, 1.352761, 1.4947872, 0.8374963
12768001192000, 1.3692545, 1.6966782, 0.7370089
12768006238000, 1.3765849, 1.7708983, 0.63407815
12768011162000, 1.3784174, 1.9187278, 0.6010914
12768016271000, 1.3771957, 2.0409007, 0.5928447
12768021177000, 1.3946054, 2.1099286, 0.58032197
12768026231000, 1.3811663, 2.1572707, 0.539394
12768031215000, 1.3362677, 2.094657, 0.47616947
12768036216000, 1.2788464, 1.9602666, 0.42455134
12768041203000, 1.2241739, 1.7730364, 0.34574974
12768046290000, 1.1520919, 1.5103643, 0.2782491
12768051273000, 1.0815369, 1.2696834, 0.21471913
12768056313000, 0.956615, 1.0241156, 0.115453534
12768061223000, 0.8304713, 0.77946407, 0.013133603
12768066297000, 0.6921103, 0.59742624, -0.08460484
12768071271000, 0.5546656, 0.42638394, -0.1740966
12768077012000, 0.43279803, 0.28710666, -0.25534168
12768081259000, 0.32436943, 0.16462818, -0.3368922
12768086259000, 0.21074851, 0.14019357, -0.4156938
12768091269000, 0.046731193, 0.22174409, -0.47800204
12768096250000, -0.17928895, 0.32162055, -0.5213735
12768101239000, -0.45356745, 0.36071593, -0.57940567
12768106267000, -0.7125743, 0.441961, -0.6038403
12768111272000, -0.8384125, 0.5009095, -0.6053675
12768116257000, -1.0439687, 0.49510628, -0.5693264
12768121280000, -1.1539245, 0.3567453, -0.52412236
12768126266000, -1.1655309, 0.13927728, -0.49021935
12768131232000, -1.0955868, -0.022296581, -0.4560109
12768136275000, -0.9645562, -0.0061086523, -0.40011674
12768141269000, -0.86590147, 0.15821409, -0.29352075
12768146286000, -0.8188649, 0.35094208, -0.1432479
12768151405000, -0.8237518, 0.4801401, 0.014049901
12768156199000, -0.8863655, 0.5143485, 0.17623462
12768161266000, -0.9819659, 0.6105598, 0.3381139
12768166220000, -1.10139, 0.7849618, 0.44135013
12768171247000, -1.1872166, 1.0036516, 0.48258355
12768177032000, -1.2247849, 1.1685852, 0.48624873
12768181279000, -1.2305881, 1.2431108, 0.4550946
12768186219000, -1.2131784, 1.3539828, 0.37720928
12768191283000, -1.1673635, 1.5231925, 0.28252518
12768196236000, -1.1215485, 1.6869044, 0.1731803
12768201289000, -1.0790935, 1.779756, 0.032986723
12768206218000, -1.0571023, 1.9636264, -0.04520403
12768211271000, -1.0274754, 2.0769417, -0.1591304
12768216248000, -0.9056077, 2.078469, -0.23823744
12768221273000, -0.7632761, 2.0115793, -0.29443705
12768226197000, -0.6087272, 1.8872682, -0.3173445
12768231251000, -0.4364632, 1.7479908, -0.32284227
12768236533000, -0.26419923, 1.5867225, -0.32070425
12768241266000, -0.13347405, 1.4538593, -0.2828306
12768247306000, -0.06414085, 1.3775011, -0.22724187
12768251290000, -0.040011674, 1.4129313, -0.13347405
12768256169000, -0.043676864, 1.5152513, -0.03390302
12768261255000, 0.0036651916, 1.6740762, 0.08246681
12768266274000, 0.086132, 1.8054122, 0.18234327
12768271262000, 0.1704314, 1.8209893, 0.21319197
12768276178000, 0.23243423, 1.715615, 0.2302962
12768281263000, 0.28099802, 1.5522085, 0.22632557
12768286229000, 0.2742785, 1.4810427, 0.15332718
12768291266000, 0.1881465, 1.45783, 0.08124508
12768296243000, 0.076358154, 1.3845261, 0.035430185
12768301309000, 0.031154128, 1.328021, 0.018325957
12768306323000, 0.04153884, 1.1588113, 0.022602014
12768311252000, 0.05955936, 0.9468411, 0.03604105
12768316288000, 0.13500121, 0.77213365, 0.055588737
12768321274000, 0.17562376, 0.5885687, 0.0983493
12768326259000, 0.21288654, 0.46761733, 0.13958271
12768331263000, 0.2648101, 0.41386122, 0.18295415
12768336267000, 0.30207285, 0.41416663, 0.23609942
12768341263000, 0.32070425, 0.43585235, 0.29229903
12768346269000, 0.32620203, 0.45142943, 0.33017266
12768351319000, 0.32711834, 0.4978552, 0.36651915
12768356338000, 0.33108896, 0.5815437, 0.37293324
12768361258000, 0.3145956, 0.62796944, 0.38545597
12768366266000, 0.3286455, 0.6420194, 0.36651915
12768371265000, 0.310625, 0.6933321, 0.39492437
12768376252000, 0.30787608, 0.6973027, 0.42394048
12768381214000, 0.32803464, 0.66859204, 0.4382958
12768386200000, 0.32925636, 0.68936145, 0.47128254
12768391232000, 0.33414328, 0.7162395, 0.4905248
12768396208000, 0.31948254, 0.7275405, 0.49327368
12768401309000, 0.29657507, 0.7113526, 0.45020768
12768406333000, 0.28344148, 0.6957755, 0.43554693
12768411265000, 0.28008172, 0.76144356, 0.4343252
12768416280000, 0.23426682, 0.8756753, 0.43371433
12768421260000, 0.15515977, 0.9309586, 0.42302418
12768426258000, 0.08277224, 1.010982, 0.41416663
12768431223000, -0.022602014, 1.0870347, 0.41355577
12768436265000, -0.12889257, 1.1355985, 0.43890667
12768441258000, -0.2611449, 1.1123856, 0.46609017
12768446219000, -0.40744713, 1.0577132, 0.5015204
12768451286000, -0.54458636, 0.94989544, 0.5412266
12768456340000, -0.6973027, 0.8668178, 0.57635134
12768461163000, -0.86009824, 0.7901542, 0.62949663
12768466289000, -1.0042624, 0.6908886, 0.6914995
12768471167000, -1.1215485, 0.6215554, 0.7501425
12768477016000, -1.2528846, 0.54825157, 0.8038987
12768481203000, -1.3603969, 0.49663344, 0.874759
12768486261000, -1.4547756, 0.4343252, 0.94897914
12768491207000, -1.5234979, 0.42943826, 0.97066486
12768496222000, -1.6084082, 0.47067168, 0.9957104
12768502263000, -1.6572775, 0.61269784, 1.0528263
12768506303000, -1.6691893, 0.66981375, 1.0726794
12768511185000, -1.5879441, 0.54519725, 1.0873401
12768516305000, -1.5057828, 0.37293324, 1.0830641
12768521175000, -1.3738359, 0.17287487, 1.0503827
12768526265000, -1.2168436, 0.034513887, 0.9896017
12768531194000, -1.0247264, -0.00580322, 0.91904676
12768536272000, -0.852157, 0.05681047, 0.8353582
12768541168000, -0.72143185, 0.18509217, 0.7330383
12768546271000, -0.6273586, 0.34269542, 0.65484756
12768551302000, -0.5635232, 0.47433686, 0.5934556
12768556328000, -0.5170974, 0.57696223, 0.56016344
12768561235000, -0.49663344, 0.66981375, 0.5494733
12768566331000, -0.48441613, 0.7425067, 0.5552765
12768571653000, -0.48349985, 0.79717916, 0.5635232
12768576271000, -0.48655418, 0.8078693, 0.5766568
12768581267000, -0.5128214, 0.7987063, 0.5714644
12768586267000, -0.5720753, 0.7458665, 0.5684101
12768591268000, -0.6426302, 0.7086037, 0.5748242
12768596228000, -0.7174612, 0.6948592, 0.5717699
12768601355000, -0.7467828, 0.69058317, 0.5662721
12768606282000, -0.80848014, 0.6960809, 0.53786683
12768611266000, -0.84788096, 0.70280045, 0.49938235
12768616327000, -0.872621, 0.68783426, 0.45265114
12768621237000, -0.89461213, 0.6630942, 0.40866885
12768626232000, -0.92179567, 0.6435465, 0.34483343
12768631212000, -0.9669997, 0.5864306, 0.29535335
12768636239000, -0.9954049, 0.5015204, 0.26419923
12768641440000, -1.0088439, 0.41080686, 0.23945917
12768646234000, -0.9978484, 0.31123585, 0.21044308
12768651276000, -0.99387777, 0.2171626, 0.16584991
12768656225000, -0.9673051, 0.13927728, 0.14844026
12768661230000, -0.9434814, 0.06719518, 0.10293079
12768666213000, -0.9334021, 0.032070424, 0.06414085
12768671197000, -0.9279043, 0.01740966, 0.03726278
12768676981000, -0.9315695, 0.0018325958, 0.014660766
12768681198000, -0.93859446, 0.0015271631, 0.0036651916
12768686200000, -0.97005403, -0.0076358155, -0.005497787
12768691190000, -0.9981538, -0.008246681, -0.019547688
12768696199000, -1.0363328, -0.0070249503, -0.015577064
12768701237000, -1.0500773, 0.0067195175, -0.013439035
12768706129000, -1.0803152, 0.03481932, 0.0070249503
12768711136000, -1.133155, 0.05467244, 0.027488936
12768716149000, -1.2067643, 0.027183503, 0.042760566
12768721150000, -1.2705997, -0.0888809, 0.065973446
12768726137000, -1.3326025, -0.23151793, 0.09132435
12768731133000, -1.3674219, -0.35918877, 0.13591751
12768736145000, -1.3900238, -0.46303585, 0.1740966
12768741147000, -1.4144585, -0.50426924, 0.19883664
12768746449000, -1.4257594, -0.44806966, 0.15393804
12768751287000, -1.4312572, -0.42241332, 0.1255328
12768756310000, -1.4092661, -0.41783184, 0.112704635
12768761204000, -1.3677273, -0.40591997, 0.095294975
12768766256000, -1.3121386, -0.3921755, 0.063224554
12768771205000, -1.2635747, -0.3555236, 0.032375857
12768776171000, -1.2379184, -0.32345316, 0.004276057
12768781189000, -1.2067643, -0.31245756, -0.0106901415
12768786154000, -1.1695015, -0.3155119, -0.026267206
12768791202000, -1.1264355, -0.31948254, -0.035430185
12768796188000, -1.1004738, -0.2855795, -0.03023783
12768801324000, -1.0775663, -0.22785273, -0.025045475
12768806165000, -1.0622946, -0.1731803, -0.005192355
12768811226000, -1.0345002, -0.12858713, 0.0143553335
12768816203000, -1.0088439, -0.10445796, 0.02321288
12768821233000, -0.97310835, -0.074830994, 0.036651913
12768826166000, -0.95814216, -0.05222898, 0.055588737
12768831207000, -0.958753, -0.017104227, 0.04795292
12768836213000, -0.9645562, -0.007330383, 0.043066
12768841227000, -0.96852684, -0.03023783, 0.04795292
12768846232000, -0.97524637, -0.0580322, 0.054367006
12768851249000, -0.9954049, -0.12339478, 0.077579886
12768856239000, -0.98349303, -0.21227567, 0.096516706
12768861228000, -0.9944886, -0.21380283, 0.046120327
12768866217000, -1.0558805, -0.22968534, -0.0033597588
12768871230000, -1.1169671, -0.23732115, -0.061086524
12768876991000, -1.176221, -0.24007004, -0.08735373
12768881214000, -1.2076806, -0.25045475, -0.07819075
12768886246000, -1.217149, -0.2556471, -0.07941248
12768891229000, -1.2012665, -0.23426682, -0.08093964
12768896220000, -1.1945469, -0.19700404, -0.0842994
12768901203000, -1.1734722, -0.1282817, -0.10567969
12768906249000, -1.1432343, 0.016493361, -0.08093964
12768911210000, -1.1462886, 0.12675454, 0.005497787
12768916244000, -1.0974194, 0.22266038, 0.110872045
12768921219000, -1.0045679, 0.3023783, 0.20708331
12768926232000, -0.8927795, 0.36560285, 0.30207285
12768931688000, -0.754724, 0.35888332, 0.3735441
12768936246000, -0.6020077, 0.4343252, 0.3921755
12768941169000, -0.4841107, 0.6753115, 0.3491095
12768946222000, -0.47219884, 0.8912524, 0.3277292
12768951219000, -0.44868052, 1.0806206, 0.42302418
12768956247000, -0.39645153, 1.2223413, 0.4111123
12768961161000, -0.41263947, 1.2541064, 0.42149702
12768966323000, -0.38881573, 1.0732902, 0.408058
12768971162000, -0.40958515, 0.8005389, 0.36193767
12768976229000, -0.43279803, 0.4728097, 0.2959642
12768981233000, -0.48258355, 0.067500606, 0.25259277
12768986242000, -0.4990769, -0.09987647, 0.22815818
12768991204000, -0.49663344, -0.24709499, 0.21410827
12768996218000, -0.4896085, -0.15363261, 0.1518
12769001888000, -0.47342056, 0.05589417, -0.0143553335
12769006239000, -0.37201694, 0.09193522, -0.050396383
12769011215000, -0.32559118, 0.064751714, -0.047036625
12769016215000, -0.21563543, -0.14752395, 0.020463986
12769021221000, -0.12492194, -0.25442538, 0.040011674
12769026233000, -0.102319926, -0.24953845, 0.02443461
12769031437000, -0.086437434, -0.3662137, 0.009468411
12769036234000, -0.12217305, -0.54641896, -0.03848451
12769041251000, -0.1777618, -0.6789767, -0.076358154
12769046220000, -0.22693644, -0.9233228, -0.06627888
12769051309000, -0.36774087, -1.0626001, -0.10903945
12769056288000, -0.48991394, -1.0821478, -0.17440203
12769061470000, -0.52626044, -1.0641272, -0.26511553
12769066229000, -0.56016344, -0.96486163, -0.3652974
12769071397000, -0.61727935, -0.81183994, -0.4633413
12769076987000, -0.68233645, -0.5876524, -0.5513059
12769081193000, -0.7672467, -0.42302418, -0.6096435
12769086236000, -0.8588765, -0.3659083, -0.6728681
12769091166000, -0.91813046, -0.258396, -0.70921457
12769096228000, -1.0858129, -0.19181168, -0.8081747
12769101282000, -1.2092078, -0.1328632, -0.89858276
12769106311000, -1.3289373, -0.09285152, -0.9737192
12769111160000, -1.4364496, -0.077579886, -1.0442741
12769116237000, -1.5222762, -0.11636983, -1.0882565
12769121180000, -1.6126842, -0.1957823, -1.1218541
12769126231000, -1.677436, -0.3118467, -1.1362094
12769131219000, -1.7263051, -0.42760566, -1.1404854
12769136221000, -1.7412714, -0.52503866, -1.133155
12769141222000, -1.7363845, -0.59773165, -1.1270463
12769146217000, -1.7058412, -0.6453791, -1.1239921
12769151318000, -1.6887369, -0.6786713, -1.1004738
12769156295000, -1.6685784, -0.71929383, -1.0754282
12769161236000, -1.6303993, -0.7174612, -1.067487
12769166230000, -1.5992452, -0.7275405, -1.0500773
12769171236000, -1.5598444, -0.7461719, -1.0152581
12769176234000, -1.5305228, -0.73792523, -0.96761054
12769181205000, -1.5039502, -0.74036866, -0.9129381
12769186225000, -1.4636332, -0.7812967, -0.87689704
12769191236000, -1.4278975, -0.8219192, -0.8194757
12769196234000, -1.3771957, -0.84788096, -0.76174897
12769201257000, -1.3313808, -0.8775079, -0.70646566
12769206308000, -1.3066407, -0.8512407, -0.6740898
12769211234000, -1.2803736, -0.8524625, -0.64476824
12769216212000, -1.2754866, -0.84207773, -0.6096435
12769221247000, -1.2699889, -0.79045963, -0.57543504
12769226227000, -1.2501358, -0.71593404, -0.5235115
12769231210000, -1.2620476, -0.63438356, -0.5112942
12769236276000, -1.2681563, -0.54367006, -0.4841107
12769241229000, -1.2886202, -0.4999932, -0.4654793
12769246233000, -1.3029755, -0.44776422, -0.4529566
12769251331000, -1.314582, -0.34422258, -0.45020768
12769256507000, -1.3277156, -0.2779437, -0.45448375
12769261230000, -1.3435981, -0.21624629, -0.46914452
12769266228000, -1.3720033, -0.15699236, -0.4810564
12769271240000, -1.409877, -0.13194689, -0.49357912
12769276179000, -1.4559973, -0.100792766, -0.49632803
12769281231000, -1.4987578, -0.09712757, -0.49938235
12769286237000, -1.5344934, -0.106595986, -0.49602258
12769291368000, -1.5531249, -0.111177474, -0.49754974
12769296222000, -1.5839735, -0.092240654, -0.473726
12769301343000, -1.6071864, -0.08460484, -0.46975538
12769306295000, -1.6276505, -0.0983493, -0.44684792
12769311226000, -1.6471981, -0.08460484, -0.44257188
12769316397000, -1.6597209, -0.07971791, -0.42210788
12769321236000, -1.6569719, -0.06872234, -0.3924809
12769326838000, -1.6639969, -0.062308256, -0.36774087
12769331218000, -1.6578883, -0.052534413, -0.3484986
12769336174000, -1.6609426, -0.06780604, -0.32895094
12769341230000, -1.6520851, -0.057726767, -0.3051272
12769346215000, -1.6612481, -0.036957346, -0.29993483
12769351326000, -1.6670512, 0.0067195175, -0.27305678
12769356232000, -1.676825, 0.030543262, -0.27305678
12769361233000, -1.6960673, 0.043066, -0.2669481
12769366213000, -1.7192802, 0.055588737, -0.25870144
12769371238000, -1.7281377, 0.062002823, -0.2556471
12769376166000, -1.7476854, 0.08277224, -0.25686884
12769381217000, -1.7608191, 0.087964594, -0.24129178
12769386176000, -1.7742581, 0.099265605, -0.23487769
12769391230000, -1.7959439, 0.10140363, -0.23304509
12769396686000, -1.8319849, 0.122783914, -0.26358834
12769401298000, -1.9104811, 0.08246681, -0.258396
12769406193000, -1.9285016, -0.014049901, -0.2312125
12769411228000, -1.9666806, -0.1432479, -0.19608775
12769416229000, -1.9477439, -0.24098633, -0.16065755
12769421239000, -1.9165897, -0.31398472, -0.12186762
12769426215000, -1.8942931, -0.3640757, -0.10354166
12769431210000, -1.892766, -0.3866777, -0.0720821
12769436227000, -1.8915442, -0.43982297, -0.03268129
12769441231000, -1.8506162, -0.46700647, 0.004276057
12769446240000, -1.81091, -0.4642576, 0.029626964
12769451225000, -1.7489072, -0.47708577, 0.040927973
12769456246000, -1.6777414, -0.5152648, 0.048563786
12769461232000, -1.6035212, -0.5708536, 0.073303826
12769466228000, -1.5439619, -0.57940567, 0.093462385
12769471247000, -1.5262468, -0.589485, 0.108123146
12769476658000, -1.5128077, -0.63591075, 0.12156218
12769481219000, -1.4819591, -0.66859204, 0.116980694
12769486215000, -1.4630222, -0.70188415, 0.100792766
12769491223000, -1.4065173, -0.70157874, 0.12675454
12769496229000, -1.3594806, -0.655153, 0.19730948
12769501181000, -1.321607, -0.5635232, 0.23457226
12769506238000, -1.3252722, -0.47250426, 0.2950479
12769511161000, -1.368949, -0.4437936, 0.32925636
12769516211000, -1.4065173, -0.42058071, 0.36102137
12769521165000, -1.4184291, -0.39553526, 0.3921755
12769526233000, -1.423316, -0.39370266, 0.4083634
12769531200000, -1.4391985, -0.37751472, 0.45570546
12769536238000, -1.4483615, -0.35094208, 0.48899764
12769541198000, -1.4666874, -0.33536503, 0.51893
12769546341000, -1.4871514, -0.31215215, 0.5381723
12769551233000, -1.5109752, -0.29901853, 0.5705481
12769556291000, -1.5228871, -0.3313944, 0.5992588
12769561251000, -1.5121969, -0.36193767, 0.6096435
12769566263000, -1.5085317, -0.36682457, 0.6383542
12769571191000, -1.4764613, -0.35735616, 0.6533204
12769576270000, -1.4391985, -0.34972036, 0.6740898
12769581255000, -1.3982705, -0.33841935, 0.68508536
12769586276000, -1.3683381, -0.32284227, 0.70096785
12769591277000, -1.3090842, -0.2996294, 0.71593404
12769596227000, -1.2547172, -0.26939157, 0.7449502
12769601575000, -1.2110404, -0.24037547, 0.77457714
12769606249000, -1.1548407, -0.20799962, 0.81336707
12769611205000, -1.1258247, -0.19517145, 0.852157
12769616294000, -1.1078042, -0.18967366, 0.9092729
12769621170000, -1.1038336, -0.21930063, 0.97219205
12769626232000, -1.1038336, -0.22571471, 1.0415252
12769631169000, -1.1224649, -0.23304509, 1.1102476
12769636223000, -1.1478158, -0.23640485, 1.1759156
12769641201000, -1.1621711, -0.26175576, 1.2217305
12769646222000, -1.1725558, -0.2648101, 1.2565498
12769651227000, -1.1829406, -0.25534168, 1.2858714
12769656307000, -1.1917981, -0.23671028, 1.3005321
12769661161000, -1.1847731, -0.22724187, 1.3026701
12769666221000, -1.1600331, -0.25503623, 1.3130548
12769671203000, -1.1612549, -0.28771752, 1.3100005
12769676177000, -1.1478158, -0.31581733, 1.3078625
12769681239000, -1.1487321, -0.3576616, 1.318858
12769686239000, -1.1768318, -0.3921755, 1.3283265
12769691214000, -1.1881329, -0.41874814, 1.3457361
12769696203000, -1.207986, -0.42424592, 1.3671165
12769701236000, -1.2260065, -0.42149702, 1.3842206
12769706243000, -1.239751, -0.39706242, 1.3991868
12769711273000, -1.2428054, -0.42302418, 1.3903292
12769716215000, -1.2586879, -0.40317106, 1.4132367
12769721595000, -1.2727377, -0.40500367, 1.4669929
12769726213000, -1.2907583, -0.39553526, 1.509448
12769731189000, -1.3014483, -0.36071593, 1.5958854
12769736191000, -1.29198, -0.3313944, 1.6655241
12769741245000, -1.2977833, -0.3399465, 1.6988163
12769746245000, -1.3063353, -0.31948254, 1.7342464
12769751219000, -1.3127494, -0.28710666, 1.7846428
12769756239000, -1.3295482, -0.2593123, 1.8466456
12769761229000, -1.349096, -0.20219639, 1.9205604
12769766204000, -1.3778065, -0.21074851, 1.9679024
12769771236000, -1.412015, -0.25259277, 1.9926424
12769776230000, -1.4388931, -0.24740042, 1.992337
12769781208000, -1.450805, -0.20647246, 2.006387
12769786233000, -1.4718798, -0.17959438, 1.9990565
12769791278000, -1.4935656, -0.19181168, 1.988061
12769796236000, -1.5195273, -0.22266038, 1.954158
12769801351000, -1.5564847, -0.22296582, 1.933083
12769806321000, -1.5937474, -0.23304509, 1.9214766
12769811252000, -1.6285667, -0.24312437, 1.9257526
12769816240000, -1.6334536, -0.22876903, 1.9572122
12769821269000, -1.6484199, -0.22785273, 1.9886718
12769826229000, -1.6453656, -0.22021692, 1.954158
12769831271000, -1.6334536, -0.21013765, 1.9049833
12769836164000, -1.6227635, -0.20769419, 1.8655825
12769841267000, -1.5992452, -0.19394971, 1.8277088
12769846255000, -1.5986344, -0.1563815, 1.7895297
12769851284000, -1.6019942, -0.13897185, 1.7397442
12769856217000, -1.5879441, -0.12675454, 1.6960673
12769861265000, -1.5909985, -0.08032878, 1.6685784
12769866185000, -1.5909985, -0.07574729, 1.6212363
12769871389000, -1.575116, -0.082161374, 1.5806139
12769876163000, -1.5619824, -0.086437434, 1.5558738
12769881251000, -1.5619824, -0.00580322, 1.5259414
12769886265000, -1.5430456, 0.09560041, 1.5109752
12769891264000, -1.5216653, 0.09162979, 1.4715744
12769896421000, -1.5063937, 0.124005646, 1.4489723
12769901296000, -1.4792101, 0.21044308, 1.4327844
12769907205000, -1.4688255, 0.3191771, 1.4523321
12769911255000, -1.4413365, 0.3585779, 1.45783
12769916177000, -1.4242324, 0.45998153, 1.5180001
12769921237000, -1.4056009, 0.514654, 1.529912
12769926163000, -1.3793337, 0.5510005, 1.5012014
12769931226000, -1.3671165, 0.6105598, 1.4679092
12769936245000, -1.3582588, 0.6743952, 1.4025466
12769941393000, -1.3607023, 0.70738196, 1.3069462
12769946236000, -1.4062119, 0.7611381, 1.2040154
12769951233000, -1.4248432, 0.83260936, 1.1646146
12769956234000, -1.4172074, 0.8885035, 1.142318
12769961209000, -1.4379768, 0.9077458, 1.0809261
12769966230000, -1.4504995, 0.94806284, 1.0149527
12769971251000, -1.4669929, 0.94897914, 0.9975429
12769977013000, -1.4703526, 0.9630291, 0.95264435
12769981235000, -1.491122, 0.9459248, 0.9114109
12769986236000, -1.5048665, 0.88514376, 0.7965683
12769991192000, -1.5189165, 0.8436049, 0.6835582
12769996336000, -1.4932601, 0.8029824, 0.6227771
12770001236000, -1.4511104, 0.763887, 0.5687156
12770006284000, -1.3881912, 0.7141015, 0.5128214
12770011214000, -1.3448198, 0.6575964, 0.45112398
12770016261000, -1.2840388, 0.6078109, 0.41172317
12770021255000, -1.2287555, 0.54458636, 0.39461896
12770026267000, -1.1731668, 0.5045747, 0.29840767
12770031246000, -1.1242975, 0.441961, 0.204029
12770036273000, -1.0577132, 0.37965274, 0.14202617
12770041214000, -0.9669997, 0.28955013, 0.093462385
12770046394000, -0.8894198, 0.22968534, 0.040317107
12770051467000, -0.795652, 0.15668693, -0.015271631
12770056304000, -0.7089091, 0.07941248, -0.06627888
12770061235000, -0.63407815, -0.0036651916, -0.116980694
12770066252000, -0.54611355, -0.08460484, -0.17256944
12770071225000, -0.4718934, -0.116980694, -0.20189096
12770077016000, -0.43127087, -0.2098322, -0.27855456
12770081182000, -0.29932398, -0.23304509, -0.30390546
12770086258000, -0.27214047, -0.2919936, -0.36346483
12770091170000, -0.1740966, -0.34238997, -0.41813725
12770096280000, -0.08002335, -0.39522982, -0.47342056
12770101185000, 0.03145956, -0.44776422, -0.5320636
12770106235000, 0.14538592, -0.4886922, -0.59437186
12770111192000, 0.2507602, -0.52687126, -0.66950834
12770116356000, 0.34116822, -0.56688297, -0.7357872
12770121235000, 0.4279111, -0.59712076, -0.79443026
12770126230000, 0.49632803, -0.659429, -0.8417723
12770131213000, 0.5766568, -0.70554936, -0.8857546
12770136235000, 0.6560693, -0.74006325, -0.9434814
12770141233000, 0.7315111, -0.7678576, -0.9877691
12770146250000, 0.7996226, -0.7840455, -1.0421361
12770151246000, 0.8790351, -0.79626286, -1.0803152
12770156242000, 0.9437868, -0.79290307, -1.1151345
12770161224000, 1.028697, -0.78038037, -1.1417072
12770166211000, 1.138042, -0.7672467, -1.1459832
12770171238000, 1.2394456, -0.7324274, -1.1527027
12770176233000, 1.2864822, -0.6988298, -1.174083
12770181210000, 1.3536774, -0.64599, -1.1695015
12770186231000, 1.3881912, -0.5858198, -1.1658363
12770191261000, 1.395827, -0.50610185, -1.1658363
12770196230000, 1.378112, -0.4166101, -1.1731668
12770201343000, 1.3518448, -0.29016098, -1.1731668
12770206266000, 1.303281, -0.15393804, -1.1734722
12770211267000, 1.2712106, -0.005497787, -1.1682798
12770216177000, 1.2394456, 0.14844026, -1.1670581
12770221240000, 1.2385293, 0.32559118, -1.1487321
12770226162000, 1.2388347, 0.5006041, -1.1108584
12770231917000, 1.2556335, 0.6618725, -1.0638218
12770236211000, 1.2913691, 0.8536842, -0.999681
12770241233000, 1.3222178, 1.03786, -0.90316427
12770246253000, 1.3267993, 1.1939361, -0.7974846
12770251259000, 1.3026701, 1.3139712, -0.69027776
12770256487000, 1.2406673, 1.3756685, -0.59437186
12770261233000, 1.1710287, 1.4107933, -0.5109888
12770266228000, 1.0760391, 1.4141531, -0.43310347
12770271239000, 1.042747, 1.412015, -0.3830125
12770277012000, 0.9914343, 1.3356569, -0.20066923
12770281197000, 0.98929626, 1.2834278, -0.16249016
12770286230000, 0.9963212, 1.1688906, -0.067500606
12770291168000, 1.0409144, 1.0494665, 0.009468411
12770296254000, 1.0891727, 0.8546005, 0.0711658
12770301323000, 1.146594, 0.5861252, 0.12889257
12770306247000, 1.2296717, 0.32070425, 0.17745635
12770311166000, 1.2980887, 0.064446285, 0.21319197
12770316217000, 1.3649784, -0.15149458, 0.23976462
12770321191000, 1.3946054, -0.3313944, 0.27305678
12770326235000, 1.3906348, -0.46639562, 0.3109304
12770331228000, 1.3765849, -0.5717699, 0.33292156
12770336288000, 1.3399329, -0.6554584, 0.36468655
12770341224000, 1.2843442, -0.6826419, 0.37873647
12770346201000, 1.2113458, -0.6872234, 0.38973203
12770351265000, 1.1499538, -0.6927212, 0.4120286
12770356238000, 1.0848967, -0.7076874, 0.43249258
12770361233000, 1.0320568, -0.72112644, 0.4251622
12770366220000, 0.98563105, -0.7370089, 0.43463063
12770371465000, 0.95294976, -0.7257079, 0.41996986
12770376232000, 0.8579602, -0.6963864, 0.41874814
12770381259000, 0.8362745, -0.67103547, 0.4089743
12770386246000, 0.79351395, -0.6478226, 0.39858958
12770391331000, 0.7324274, -0.6554584, 0.398895
12770396230000, 0.6429357, -0.68325275, 0.40286562
12770401286000, 0.50610185, -0.75747293, 0.36041048
12770406316000, 0.3491095, -0.84299403, 0.25137106
12770411309000, 0.1469131, -0.8735373, 0.105068825
12770416220000, -0.064446285, -0.7874053, -0.061086524
12770421390000, -0.3032946, -0.65148777, -0.16310102
12770426225000, -0.51343226, -0.57360244, -0.23823744
12770431212000, -0.6630942, -0.5039638, -0.26206118
12770436201000, -0.7693848, -0.464563, -0.25809056
12770441760000, -0.8063421, -0.47678033, -0.27488935
12770446233000, -0.7867944, -0.528093, -0.30604348
12770451230000, -0.7272351, -0.5882632, -0.34055737
12770456313000, -0.61850107, -0.6591236, -0.3817908
12770461166000, -0.4456262, -0.70402217, -0.410196
12770466209000, -0.35246924, -0.7663304, -0.42424592
12770471241000, -0.15974127, -0.799928, -0.42088616
12770476192000, 0.03726278, -0.75991637, -0.41172317
12770481221000, 0.160963, -0.7076874, -0.39400807
12770486209000, 0.17134771, -0.70005155, -0.35002577
12770491232000, 0.08460484, -0.70921457, -0.30573806
12770496239000, -0.04550946, -0.7141015, -0.2565634
12770501305000, -0.16065755, -0.68569624, -0.22479841
12770506236000, -0.2489276, -0.54702985, -0.21471913
12770511254000, -0.29077184, -0.32528573, -0.22999077
12770516216000, -0.30115658, -0.06780604, -0.26175576
12770521241000, -0.28191432, 0.1441642, -0.30726522
12770526231000, -0.21960606, 0.27305678, -0.34697145
12770531210000, -0.15485434, 0.33200526, -0.39400807
12770536253000, -0.10934488, 0.3390302, -0.4529566
12770541234000, -0.10781772, 0.29810223, -0.5045747
12770546217000, -0.13988814, 0.19517145, -0.5653558
12770551303000, -0.1863139, 0.100792766, -0.63499445
12770556241000, -0.24190263, 0.031154128, -0.7101309
12770561231000, -0.3155119, -3.0543262E-4, -0.77671516
12770566209000, -0.32986724, -0.035430185, -0.81000733
12770571242000, -0.34972036, -0.055588737, -0.8573494
12770576230000, -0.37140608, -0.027794369, -0.92087936
12770581236000, -0.41691554, -0.005192355, -0.9627236
12770586264000, -0.44135013, 0.020158553, -0.9779953
12770591230000, -0.45570546, 0.10720685, -0.977079
12770596220000, -0.4615087, 0.17989981, -0.956615
12770601308000, -0.4361578, 0.23823744, -0.9074403
12770606307000, -0.3915646, 0.25137106, -0.8002335
12770611227000, -0.355829, 0.33078352, -0.7049385
12770616204000, -0.31764993, 0.41263947, -0.62888575
12770621238000, -0.28344148, 0.46028697, -0.5714644
12770626727000, -0.26175576, 0.48899764, -0.5314528
12770631206000, -0.25534168, 0.5039638, -0.46822822
12770636330000, -0.2519819, 0.51251596, -0.40286562
12770641230000, -0.24404067, 0.52778757, -0.32834008
12770646200000, -0.2415972, 0.54305923, -0.24740042
12770651332000, -0.2415972, 0.55741453, -0.15790866
12770656235000, -0.22602014, 0.5497787, -0.08582657
12770661360000, -0.22449298, 0.54458636, -0.027488936
12770666182000, -0.20861048, 0.5390886, -0.01282817
12770671195000, -0.20250183, 0.52534413, 0.022602014
12770676983000, -0.19517145, 0.50488013, 0.05497787
12770681211000, -0.1740966, 0.5149594, 0.048563786
12770686259000, -0.17165314, 0.54275376, 0.036957346
12770691193000, -0.18142697, 0.5384777, 0.049480084
12770696290000, -0.18417588, 0.54367006, 0.07513642
12770701194000, -0.18600847, 0.52656585, 0.108123146
12770706209000, -0.16371189, 0.52534413, 0.12370021
12770711196000, -0.14935656, 0.5112942, 0.13561209
12770716389000, -0.12186762, 0.5198463, 0.16035213
12770721192000, -0.119729586, 0.5018258, 0.18997909
12770726424000, -0.11056661, 0.5128214, 0.21594086
12770731199000, -0.109650314, 0.5366451, 0.25381452
12770736220000, -0.1151481, 0.59131753, 0.28221974
12770741250000, -0.14752395, 0.6398814, 0.32284227
12770746252000, -0.15607607, 0.6979135, 0.364992
12770751322000, -0.18173242, 0.729984, 0.41874814
12770756202000, -0.21380283, 0.7309003, 0.46273044
12770761262000, -0.23060162, 0.7431176, 0.48533243
12770766470000, -0.2489276, 0.7877107, 0.5513059
12770771268000, -0.2770274, 0.81397796, 0.5635232
12770776253000, -0.2779437, 0.8304713, 0.5702427
12770781259000, -0.2761111, 0.82253003, 0.58184916
12770786255000, -0.2837469, 0.7797695, 0.58123827
12770791267000, -0.26267207, 0.689056, 0.5907067
12770796265000, -0.22479841, 0.6020077, 0.5919284
12770801287000, -0.20463985, 0.50823987, 0.5821546
12770806276000, -0.17745635, 0.41172317, 0.54519725
12770811253000, -0.14538592, 0.35796702, 0.49174652
12770816270000, -0.10354166, 0.31215215, 0.43951756
12770821266000, -0.06169739, 0.2687807, 0.38637227
12770826268000, -0.022907447, 0.23182335, 0.3475823
12770831227000, 0.009773844, 0.20861048, 0.31673363
12770836351000, 0.019242255, 0.20219639, 0.28588495
12770841264000, 0.02687807, 0.21013765, 0.27091873
12770846300000, 0.03970624, 0.20708331, 0.2611449
12770851293000, 0.040317107, 0.18295415, 0.25381452
12770856246000, 0.02443461, 0.17256944, 0.2510656
12770861261000, 0.02443461, 0.17898351, 0.25442538
12770866266000, 0.01985312, 0.18906279, 0.2565634
12770871254000, -0.0125227375, 0.1881465, 0.2565634
12770876162000, -0.040011674, 0.17745635, 0.2593123
12770881248000, -0.05955936, 0.17073683, 0.25228736
12770886334000, -0.07696902, 0.1826487, 0.26297748
12770891250000, -0.10048734, 0.19914207, 0.25381452
12770896256000, -0.1133155, 0.21502456, 0.26419923
12770901207000, -0.13316862, 0.23396139, 0.26267207
12770906272000, -0.13713925, 0.25381452, 0.26511553
12770911165000, -0.122478485, 0.28069258, 0.26725355
12770916325000, -0.11148291, 0.29871312, 0.2764165
12770921169000, -0.10048734, 0.2968805, 0.2779437
12770926259000, -0.07880162, 0.2843578, 0.27947086
12770931173000, -0.06963864, 0.26083946, 0.28252518
12770936237000, -0.05467244, 0.21868975, 0.2828306
12770941202000, -0.03573562, 0.1591304, 0.28130344
12770946293000, -0.015577064, 0.0693332, 0.2828306
12770951876000, 0.024129177, -0.03604105, 0.2843578
12770956254000, 0.07727446, -0.093462385, 0.2864958
12770961162000, 0.09987647, -0.20555615, 0.2938262
12770966271000, 0.14660765, -0.32895094, 0.28038713
12770971221000, 0.19303341, -0.42180246, 0.2733622
12770976269000, 0.22907446, -0.49602258, 0.25900686
12770981235000, 0.25992316, -0.5335908, 0.2415972
12770986465000, 0.3051272, -0.57879484, 0.22479841
12770991178000, 0.37568212, -0.6123924, 0.19700404
12770996256000, 0.44012842, -0.6450737, 0.16615535
12771001256000, 0.49449542, -0.675617, 0.14996742
12771006309000, 0.5366451, -0.69974613, 0.13347405
12771011168000, 0.5467244, -0.7339546, 0.12217305
12771016281000, 0.5549711, -0.7480045, 0.11759156
12771021891000, 0.52687126, -0.7516697, 0.09712757
12771026267000, 0.50579643, -0.73548174, 0.069027774
12771031259000, 0.45173484, -0.6966918, 0.05009095
12771036227000, 0.39828414, -0.63804877, 0.022907447
12771041258000, 0.32589662, -0.57910025, 0.009773844
12771046330000, 0.25534168, -0.5180137, -0.0027488936
12771051381000, 0.18845193, -0.4474588, -0.021380283
12771056268000, 0.13683382, -0.41447207, -0.024129177
12771061264000, 0.11148291, -0.37659842, -0.014966198
12771066245000, 0.058337633, -0.32345316, -0.023518313
12771071265000, 0.028099801, -0.28619036, -0.02443461
12771076999000, -0.01160644, -0.23243423, -0.036651913
12771081258000, -0.024129177, -0.21899518, -0.03573562
12771086342000, -0.037873644, -0.19028452, -0.049785517
12771091617000, -0.047647487, -0.17379116, -0.074830994
12771096273000, -0.040011674, -0.15271631, -0.09590584
12771101374000, -0.04520403, -0.13164146, -0.116675265
12771106286000, -0.035124753, -0.1337795, -0.13561209
12771111253000, -0.034513887, -0.124005646, -0.15851954
12771116252000, -0.02687807, -0.12675454, -0.16982053
12771121276000, -0.041233405, -0.14080444, -0.19242255
12771126260000, -0.05467244, -0.14508049, -0.21105394
12771131258000, -0.07422013, -0.14874569, -0.23701571
12771136333000, -0.09621128, -0.15149458, -0.24587326
12771141271000, -0.09712757, -0.1386664, -0.26236662
12771146260000, -0.11056661, -0.118507855, -0.2919936
12771151382000, -0.12003502, -0.112704635, -0.3115413
12771156209000, -0.1142318, -0.08827003, -0.31031954
12771161311000, -0.11148291, -0.059253927, -0.31398472
12771166182000, -0.12339478, -0.038179077, -0.3200934
12771171273000, -0.1328632, -0.013744468, -0.31978795
12771176164000, -0.14294247, 0.014660766, -0.29779682
12771181233000, -0.15149458, 0.04795292, -0.30207285
12771186289000, -0.16249016, 0.06383542, -0.30909783
12771191267000, -0.16523905, 0.07360926, -0.30879238
12771196238000, -0.16035213, 0.0842994, -0.31306845
12771201310000, -0.16249016, 0.07880162, -0.32436943
12771206308000, -0.1563815, 0.07452556, -0.31887165
12771211234000, -0.15821409, 0.048258353, -0.3155119
12771216344000, -0.1704314, -3.0543262E-4, -0.32436943
12771221242000, -0.16829337, -0.029321533, -0.3182608
12771226250000, -0.17165314, -0.05009095, -0.3295618
12771231230000, -0.17837265, -0.052839845, -0.33383787
12771236233000, -0.19761491, -0.055283304, -0.33414328
12771241352000, -0.21166481, -0.047036625, -0.3472769
12771246238000, -0.21624629, -0.042760566, -0.35308012
12771251295000, -0.23335053, -0.04153884, -0.35246924
12771256272000, -0.24495697, -0.051618114, -0.35094208
12771261230000, -0.23854288, -0.09101892, -0.35521814
12771266353000, -0.23823744, -0.13041973, -0.36132678
12771271240000, -0.22937989, -0.1591304, -0.3631594
12771276202000, -0.21746802, -0.16584991, -0.34300083
12771281225000, -0.20250183, -0.1731803, -0.33017266
12771286323000, -0.19242255, -0.183565, -0.32925636
12771291232000, -0.172264, -0.17012598, -0.31978795
12771296248000, -0.16035213, -0.1591304, -0.30695978
12771301244000, -0.1386664, -0.15241088, -0.30451632
12771306337000, -0.12675454, -0.13255776, -0.29718593
12771311340000, -0.10262536, -0.13683382, -0.30482176
12771316213000, -0.098043874, -0.1432479, -0.3032946
12771321235000, -0.08155051, -0.15485434, -0.29749137
12771326231000, -0.062002823, -0.17623462, -0.2932153
12771331215000, -0.04337143, -0.21502456, -0.2761111
12771336237000, -0.021685716, -0.26450464, -0.25411993
12771341230000, 0.01740966, -0.33078352, -0.23304509
12771346944000, 0.042455133, -0.3735441, -0.20372356
12771351301000, 0.055283304, -0.40500367, -0.19456059
12771356293000, 0.058948494, -0.43554693, -0.16707164
12771361266000, 0.055283304, -0.4120286, -0.118202426
12771366207000, 0.024129177, -0.34972036, -0.12950343
12771371238000, -0.0067195175, -0.25320363, -0.13347405
12771376229000, -0.054061573, -0.16523905, -0.14385876
12771381181000, -0.0842994, -0.09040806, -0.15088372
12771386207000, -0.1133155, -0.043676864, -0.1704314
12771391173000, -0.12095132, -0.0015271631, -0.1863139
12771396240000, -0.13836098, 0.011301007, -0.2012801
12771401215000, -0.121256754, 0.023823744, -0.20769419
12771406370000, -0.11728613, 0.02321288, -0.20525073
12771411166000, -0.10995574, 0.0076358155, -0.20586158
12771416726000, -0.092240654, 0.0033597588, -0.18845193
12771421168000, -0.08002335, -0.018936822, -0.15821409
12771426264000, -0.0711658, -0.036651913, -0.14782938
12771431197000, -0.07147124, -0.0711658, -0.14385876
12771436240000, -0.0729984, -0.092240654, -0.14110987
12771441245000, -0.06291912, -0.09315695, -0.14355333
12771446223000, -0.07513642, -0.09437868, -0.13988814
12771451328000, -0.069027774, -0.07941248, -0.12889257
12771456246000, -0.07574729, -0.081855945, -0.12980886
12771461248000, -0.061086524, -0.070249505, -0.12308934
12771466278000, -0.06719518, -0.0421497, -0.108123146
12771471241000, -0.06505715, -0.0027488936, -0.086132
12771476997000, -0.061086524, 0.023823744, -0.06811147
12771481238000, -0.06566802, 0.03573562, -0.06841691
12771486533000, -0.063224554, 0.057726767, -0.06047566
12771491274000, -0.08124508, 0.0720821, -0.046120327
12771496252000, -0.07513642, 0.08093964, -0.04184427
12771501386000, -0.07086037, 0.0842994, -0.036957346
12771506320000, -0.07696902, 0.08002335, -0.027488936
12771511215000, -0.08277224, 0.06505715, -0.022907447
12771516276000, -0.083383106, 0.04795292, -0.02076942
12771521215000, -0.06841691, 0.046120327, -0.015882496
12771526267000, -0.07269296, 0.028405234, -0.014660766
12771531231000, -0.06078109, 0.005192355, 3.0543262E-4
12771536317000, -0.051923547, -0.009468411, 0.0067195175
12771541250000, -0.04917465, -0.014660766, 0.01038471
12771546285000, -0.032070424, -0.021685716, 0.016187929
12771551337000, -0.02687807, -0.027183503, 0.024740042
12771556310000, -0.029321533, -0.021380283, 0.033292156
12771561265000, -0.032986723, -0.01985312, 0.04184427
12771566243000, -0.03634648, -0.006414085, 0.047036625
12771571274000, -0.03390302, 0.0070249503, 0.049480084
12771576257000, -0.04550946, 0.015882496, 0.05497787
12771581256000, -0.0571159, 0.040927973, 0.061391957
12771586283000, -0.05497787, 0.044898596, 0.057726767
12771591268000, -0.065973446, 0.052839845, 0.06169739
12771596234000, -0.06780604, 0.06383542, 0.06872234
12771602080000, -0.07360926, 0.058643065, 0.07391469
12771606262000, -0.06414085, 0.051923547, 0.07788532
12771611267000, -0.0693332, 0.04337143, 0.08124508
12771616239000, -0.062308256, 0.033292156, 0.09285152
12771621247000, -0.06383542, 0.016493361, 0.09162979
12771626265000, -0.070249505, 0.01282817, 0.09101892
12771631236000, -0.079107046, 0.0012217305, 0.102319926
12771636462000, -0.09407325, -0.0015271631, 0.105068825
12771641271000, -0.086132, -0.004276057, 0.1001819
12771646194000, -0.093767814, -0.020158553, 0.1020145
12771651366000, -0.1001819, -0.013439035, 0.100792766
12771656213000, -0.10354166, -0.010995574, 0.10629055
12771661264000, -0.1001819, -0.012217305, 0.100792766
12771666180000, -0.089186326, -0.0067195175, 0.10323623
12771671909000, -0.08582657, -0.01160644, 0.099571034
12771677011000, -0.07452556, -0.0076358155, 0.09743301
12771681230000, -0.058643065, 0.0030543262, 0.09682214
12771686222000, -0.06047566, -0.004276057, 0.0983493
12771691253000, -0.05131268, -0.003970624, 0.092240654
12771696183000, -0.041233405, -0.008857546, 0.09437868
12771701327000, -0.032986723, -0.016798794, 0.0888809
12771706287000, -0.02687807, -0.021991149, 0.07819075
12771711264000, -0.015882496, -0.020463986, 0.08032878
12771716183000, -0.012217305, -0.022602014, 0.073303826
12771721237000, -0.007330383, -0.026267206, 0.06719518
12771726230000, -0.0012217305, -0.020158553, 0.064446285
12771731209000, 0.0015271631, -0.015882496, 0.06536258
12771736266000, -0.003970624, -0.021380283, 0.056199603
12771741717000, -0.003970624, -0.024740042, 0.06841691
12771746242000, 0.0027488936, -0.018936822, 0.064446285
12771751246000, -3.0543262E-4, -0.015882496, 0.062308256
12771756330000, 3.0543262E-4, -0.02076942, 0.055283304
12771761228000, -0.00580322, -0.015882496, 0.05222898
12771766241000, -0.011911872, -0.017104227, 0.047036625
12771771233000, -0.006414085, -0.01282817, 0.041233405
12771776231000, -0.011301007, -0.015577064, 0.037873644
12771781207000, -0.008246681, -0.015577064, 0.040317107
12771786305000, -0.011911872, -0.02443461, 0.03970624
12771791230000, -0.007330383, -0.030543262, 0.0421497
12771796248000, -0.0036651916, -0.029626964, 0.031154128
12771801328000, -0.017715093, -0.043982297, 0.03390302
12771806324000, -0.008246681, -0.058948494, 0.03634648
12771811226000, -0.0012217305, -0.061391957, 0.03390302
12771816218000, -0.0030543262, -0.050396383, 0.028405234
12771821231000, -0.008246681, -0.05100725, 0.022907447
12771826230000, -0.007330383, -0.053145275, 0.029626964
12771831199000, -0.0106901415, -0.055283304, 0.02687807
12771836302000, -0.016798794, -0.04917465, 0.024740042
12771841159000, -0.022602014, -0.038789943, 0.021685716
12771846242000, -0.023518313, -0.02565634, 0.018936822
12771851227000, -0.021685716, -0.027794369, 0.015271631
12771856298000, -0.016187929, -0.0061086523, 0.02076942
12771861161000, -0.026267206, 0.0030543262, 0.014966198
12771866223000, -0.0290161, -3.0543262E-4, 0.015271631
12771871187000, -0.036651913, 0.0067195175, 0.013439035
12771876980000, -0.03756821, -0.0015271631, 0.008857546
12771881197000, -0.025045475, 0.009162978, 0.015577064
12771886246000, -0.04062254, 0.010995574, 0.013133603
12771891206000, -0.040011674, 0.00580322, 0.014660766
12771896239000, -0.042455133, 0.0021380284, 0.01160644
12771901281000, -0.050701816, 0.0021380284, 0.007330383
12771906293000, -0.058643065, 0.008246681, 0.0106901415
12771911243000, -0.056199603, 0.009773844, 0.008857546
12771916227000, -0.06688975, 0.014660766, 0.005497787
12771921258000, -0.05955936, 0.01740966, 9.162979E-4
12771926229000, -0.0720821, 0.010079277, 0.0036651916
12771931568000, -0.06505715, 0.016798794, 9.162979E-4
12771936289000, -0.07147124, 0.01740966, -0.0061086523
12771941217000, -0.07238753, 0.019547688, -0.0061086523
12771946245000, -0.07269296, 0.011301007, -0.0012217305
12771951381000, -0.065973446, 0.0143553335, -0.0021380284
12771956259000, -0.062308256, 0.018936822, 9.162979E-4
12771961206000, -0.06047566, 0.011911872, -0.009468411
12771966256000, -0.046731193, 0.007941248, -0.012217305
12771971226000, -0.049785517, 0.015882496, -0.005497787
12771976256000, -0.05222898, 0.02107485, -0.0076358155
12771981412000, -0.03848451, 0.021380283, -0.00580322
12771986235000, -0.040317107, 0.02107485, -0.011301007
12771991495000, -0.03940081, 0.032070424, -0.014660766
12771996214000, -0.047647487, 0.054367006, -0.010079277
12772001223000, -0.047647487, 0.041233405, -0.004886922
12772006192000, -0.056199603, 0.05009095, -0.012217305
12772011190000, -0.062002823, 0.05955936, -0.004276057
12772016228000, -0.06291912, 0.056199603, -0.0076358155
12772021218000, -0.052534413, 0.05955936, -0.005192355
12772026314000, -0.05375614, 0.047647487, -0.005192355
12772031177000, -0.054367006, 0.04550946, -0.0076358155
12772036238000, -0.0580322, 0.04520403, -0.0027488936
12772041162000, -0.048258353, 0.035124753, -0.004276057
12772046236000, -0.049480084, 0.02443461, -0.004276057
12772051291000, -0.032986723, 0.014049901, -0.009162978
12772056268000, -0.034208454, 0.0015271631, -3.0543262E-4
12772061163000, -0.027183503, -3.0543262E-4, -0.008552114
12772066213000, -0.009468411, 0.008552114, -0.003970624
12772071235000, -0.021991149, 6.1086525E-4, -0.005497787
12772077092000, -0.01282817, 0.0018325958, -0.003970624
12772081217000, -0.016493361, 0.0018325958, -0.0070249503
12772086298000, -0.013744468, 0.0070249503, -0.012217305
12772091229000, -0.015271631, 0.014049901, -0.010995574
12772096248000, -0.025045475, 0.01863139, -0.0125227375
12772101245000, -0.019242255, 0.027488936, -0.014660766
12772106313000, -0.028099801, 0.028099801, -0.013439035
12772111217000, -0.04184427, 0.03145956, -0.009468411
12772116218000, -0.018020526, 0.029321533, -0.015577064
12772121236000, -0.03604105, 0.02321288, -0.018325957
12772126228000, -0.03176499, 0.019242255, -0.0070249503
12772131209000, -0.025045475, 0.024129177, -0.008552114
12772136244000, -0.031154128, 0.008552114, -0.0076358155
12772141227000, -0.025045475, -0.0021380284, -0.007330383
12772146226000, -0.02443461, 0.0030543262, 0.0015271631
12772151298000, -0.027794369, 0.0036651916, 0.0027488936
12772156263000, -0.026267206, -0.0033597588, 0.002443461
12772161225000, -0.01740966, -0.008552114, 0.00580322
12772166203000, -0.022296581, -0.005497787, 0.004886922
12772171233000, -0.02076942, -0.0125227375, 0.0070249503
12772176226000, -0.034513887, -0.0033597588, 0.011911872
12772181262000, -0.024129177, 9.162979E-4, 0.016798794
12772186274000, -0.03940081, 0.0076358155, 0.01038471
12772191228000, -0.037873644, 0.0067195175, 0.010995574
12772196237000, -0.04734206, -6.1086525E-4, 0.0125227375
12772201295000, -0.04550946, 0.0021380284, 0.015577064
12772206245000, -0.036957346, 0.007330383, 0.021991149
12772211217000, -0.043676864, 0.01160644, 0.016493361
12772216188000, -0.038789943, 0.004276057, 0.02076942
12772221234000, -0.036957346, 0.0033597588, 0.016187929
12772226159000, -0.0421497, 0.0067195175, 0.016798794
12772231223000, -0.03176499, 6.1086525E-4, 0.016187929
12772236237000, -0.028710667, -0.006414085, 0.01038471
12772241228000, -0.023823744, -0.005497787, 0.019242255
12772246188000, -0.019242255, -0.005192355, 0.0125227375
12772251317000, -0.025961773, -0.006414085, 0.016187929
12772256182000, -0.022602014, -0.011301007, 0.01740966
12772261227000, -0.025350908, -0.0015271631, 0.021685716
12772266204000, -0.030543262, -0.0106901415, 0.016798794
12772271236000, -0.03848451, -0.0070249503, 0.017715093
12772276962000, -0.030848695, -0.004581489, 0.015882496
12772281217000, -0.025045475, -0.00580322, 0.015882496
12772286570000, -0.03145956, -0.0106901415, 0.019242255
12772291228000, -0.02565634, -0.004581489, 0.015577064
12772296271000, -0.027794369, 3.0543262E-4, 0.01863139
12772301248000, -0.034513887, 9.162979E-4, 0.020463986
12772306171000, -0.02687807, 0.0067195175, 0.025961773
12772311224000, -0.030848695, 0.004276057, 0.021991149
12772316189000, -0.029626964, -0.002443461, 0.017104227
12772321234000, -0.016187929, 3.0543262E-4, 0.016493361
12772326194000, -0.015882496, -0.0076358155, 0.013744468
12772331205000, -0.02107485, -0.003970624, 0.018020526
12772336235000, -0.02076942, 3.0543262E-4, 0.019242255
12772341227000, -0.028405234, -0.008857546, 0.0143553335
12772346215000, -0.02443461, -0.009773844, 0.013133603
12772351246000, -0.028099801, -0.019547688, 0.01160644
12772356241000, -0.019547688, -0.011301007, 0.017104227
12772361226000, -0.023823744, -0.013133603, 0.01863139
12772366215000, -0.01740966, -0.005497787, 0.014049901
12772371232000, -0.02565634, -0.004581489, 0.015577064
12772376230000, -0.023518313, -0.011911872, 0.017104227
12772381275000, -0.020158553, 0.004276057, 0.021685716
12772386247000, -0.025045475, 0.0012217305, 0.01985312
12772391215000, -0.036957346, -0.007330383, 0.018020526
12772396246000, -0.035124753, -3.0543262E-4, 0.013744468
12772401204000, -0.030848695, 0.01282817, 0.014660766
12772406210000, -0.037873644, 0.01160644, 0.014049901
12772411235000, -0.03481932, 0.014660766, 0.0125227375
12772416217000, -0.03634648, 0.02321288, 0.015577064
12772421264000, -0.043066, 0.011911872, 0.009773844
12772426267000, -0.040927973, 0.016493361, 0.009162978
12772431243000, -0.032070424, 0.018325957, 0.01282817
12772436285000, -0.03481932, 0.011911872, 0.012217305
12772441259000, -0.03970624, 0.01740966, 0.0125227375
12772446294000, -0.042455133, 0.01160644, 0.01740966
12772451280000, -0.033292156, 0.011911872, 0.016798794
12772456250000, -0.038179077, 0.017104227, 0.012217305
12772461252000, -0.046120327, 0.01038471, 0.014049901
12772466263000, -0.038789943, 0.009468411, 0.0106901415
12772471221000, -0.042760566, 0.009162978, 0.016187929
12772476162000, -0.04062254, 0.009468411, 0.009773844
12772481206000, -0.03848451, 0.01038471, 0.008552114
12772486335000, -0.043982297, 0.007941248, 0.0125227375
12772491159000, -0.04337143, 0.015271631, 0.016798794
12772496264000, -0.044898596, 0.011301007, 0.012217305
12772501185000, -0.041233405, 0.0143553335, 0.014660766
12772506244000, -0.043982297, 0.018936822, 0.015882496
12772511167000, -0.050701816, 0.014049901, 0.012217305
12772516204000, -0.04917465, 0.01740966, 0.016798794
12772521185000, -0.043066, 0.020158553, 0.017104227
12772526227000, -0.04184427, 0.022907447, 0.020158553
12772531199000, -0.040011674, 0.012217305, 0.021991149
12772536279000, -0.04642576, 0.0125227375, 0.015882496
12772541203000, -0.037873644, 0.01863139, 0.008246681
12772546278000, -0.02565634, 0.021685716, 0.017715093
12772551261000, -0.029932396, 0.009162978, 0.018020526
12772556248000, -0.030543262, 0.007941248, 0.017104227
12772561369000, -0.016798794, 0.013744468, 0.027794369
12772566264000, -0.028099801, 0.016187929, 0.026267206
12772571227000, -0.022907447, 0.004886922, 0.024740042
12772576270000, -0.022907447, 0.008246681, 0.028710667
12772581287000, -0.028099801, 0.009162978, 0.029626964
12772586283000, -0.032986723, 0.011301007, 0.03756821
12772591603000, -0.03359759, 0.024129177, 0.030848695
12772596253000, -0.033292156, 0.012217305, 0.033292156
12772601329000, -0.02107485, 0.004581489, 0.032986723
12772606313000, -0.032986723, 0.002443461, 0.032070424
12772611170000, -0.03176499, 0.002443461, 0.029321533
12772616270000, -0.016493361, 0.002443461, 0.028099801
12772621190000, -0.022602014, -0.004581489, 0.027183503
12772626267000, -0.023518313, -0.0061086523, 0.02076942
12772631255000, -0.017104227, 0.0012217305, 0.016493361
12772636281000, -0.013744468, 0.005192355, 0.02107485
12772641250000, -0.021380283, -0.0018325958, 0.021380283
