#Rate of rotation around the x y z axes (Angular velocity).
#timestamp(ns),x,y,z(rad/s)
#Datetime: 03/04/2015 15:22:24
##########################################
#Activity: 8 - CSI - Car-Step in - 6s
#Subject ID: 44
#First Name: sub44
#Last Name: sub44
#Age: 25
#Height(cm): 176
#Weight(kg): 80
#Gender: Male
##########################################

@DATA
16890450223000, 0.018325957, -0.03756821, 0.020463986
16890455193000, 0.015577064, -0.037873644, 0.018020526
16890460142000, 0.008552114, -0.024129177, 0.017104227
16890465152000, 0.0076358155, -0.0125227375, 0.02443461
16890470149000, 0.0021380284, -0.0106901415, 0.011911872
16890475644000, -0.0030543262, -0.004276057, 0.01282817
16890480164000, 0.0061086523, 0.002443461, 0.0027488936
16890485182000, -0.01160644, 0.017715093, 0.008857546
16890490139000, -0.022296581, 0.02107485, 0.0061086523
16890495202000, -0.020158553, 0.032070424, 0.0012217305
16890500175000, -0.01863139, 0.03634648, 0.009773844
16890505153000, -0.025961773, 0.031154128, 0.003970624
16890510142000, -0.02565634, 0.021685716, 0.0030543262
16890515144000, -0.015882496, 0.025350908, 0.009162978
16890520142000, -0.02107485, 0.023823744, 0.0067195175
16890525148000, -0.014660766, 0.011911872, 0.0106901415
16890530125000, 3.0543262E-4, 0.013133603, 0.009773844
16890535232000, -0.0076358155, 0.008246681, 0.014966198
16890540141000, -0.015882496, 0.028710667, 0.025045475
16890545914000, -0.007330383, 0.018936822, 0.025045475
16890550168000, -9.162979E-4, 0.019242255, 0.022907447
16890555149000, -0.003970624, 0.011301007, 0.021685716
16890560140000, -0.011301007, 0.0030543262, 0.025045475
16890565112000, -0.015577064, -0.0021380284, 0.01985312
16890570135000, -0.008552114, -0.004276057, 0.016493361
16890575122000, -0.012217305, -0.004581489, 0.019242255
16890580108000, -0.018020526, 0.0036651916, 0.01740966
16890585258000, -0.027488936, 0.007941248, 0.029321533
16890590134000, -0.022296581, 0.005192355, 0.022602014
16890595173000, -0.023518313, 0.014049901, 0.027794369
16890600197000, -0.027488936, 0.014049901, 0.02565634
16890605133000, -0.032375857, 0.026572637, 0.0290161
16890610132000, -0.032375857, 0.019547688, 0.022907447
16890615697000, -0.028405234, 0.018936822, 0.01863139
16890620144000, -0.03268129, 0.013744468, 0.021380283
16890625127000, -0.035124753, 0.006414085, 0.018936822
16890630114000, -0.03481932, -0.0070249503, 0.01863139
16890635230000, -0.021685716, -0.0018325958, 0.021380283
16890640135000, -0.022907447, -0.021380283, 0.027183503
16890645099000, -0.014966198, -0.0290161, 0.026267206
16890650260000, -0.007941248, -0.036957346, 0.0290161
16890655137000, -0.015577064, -0.040011674, 0.03023783
16890660141000, -0.0125227375, -0.03940081, 0.025350908
16890665140000, -0.008857546, -0.029626964, 0.027794369
16890670135000, -0.013439035, -0.040927973, 0.032986723
16890675122000, -0.009468411, -0.03268129, 0.031154128
16890680112000, -0.005192355, -0.0421497, 0.025961773
16890685247000, -0.0076358155, -0.041233405, 0.023518313
16890690136000, -0.005497787, -0.043066, 0.015577064
16890695143000, -0.007941248, -0.046731193, 0.014660766
16890700277000, -0.0021380284, -0.04184427, 0.021685716
16890705221000, 0.011911872, -0.043066, 0.014049901
16890710149000, 0.004276057, -0.04428773, 0.008246681
16890715145000, -0.004886922, -0.03573562, 0.025961773
16890720144000, 0.009162978, -0.044593163, 0.021991149
16890725126000, -0.0076358155, -0.043066, 0.013133603
16890730124000, -0.005497787, -0.042455133, 0.015577064
16890735173000, -0.00580322, -0.048258353, 0.02107485
16890740141000, -0.0030543262, -0.06291912, 0.02076942
16890745118000, -0.009162978, -0.06658431, 0.01985312
16890750196000, -0.009468411, -0.070249505, 0.028405234
16890755247000, 0.009162978, -0.08307768, 0.029321533
16890760146000, 0.004276057, -0.09254608, 0.026267206
16890765577000, 0.01282817, -0.09010262, 0.032986723
16890770143000, 0.01160644, -0.07666359, 0.01985312
16890775123000, 0.0067195175, -0.07666359, 0.016187929
16890780105000, 0.002443461, -0.06627888, 0.013133603
16890785139000, 0.005192355, -0.06780604, 0.011301007
16890790130000, 0.0018325958, -0.051923547, 0.005192355
16890795149000, -0.002443461, -0.040317107, -0.0125227375
16890801189000, -0.008246681, -0.027183503, -0.011911872
16890805232000, -0.02443461, -0.022296581, -0.013133603
16890810133000, -0.03573562, -0.018020526, -0.015577064
16890815113000, -0.04520403, -0.017104227, -0.025350908
16890820141000, -0.04917465, -0.021685716, -0.027794369
16890825139000, -0.055588737, -0.011911872, -0.019242255
16890830106000, -0.059864793, -0.0030543262, -0.032986723
16890835148000, -0.069027774, 0.009773844, -0.03726278
16890840135000, -0.079107046, 0.02321288, -0.038789943
16890845106000, -0.0852157, 0.040317107, -0.04795292
16890850257000, -0.10323623, 0.047036625, -0.048258353
16890855216000, -0.10323623, 0.054061573, -0.053450707
16890860133000, -0.116980694, 0.06627888, -0.062308256
16890865134000, -0.12614368, 0.07513642, -0.065973446
16890870849000, -0.12797627, 0.076052725, -0.06963864
16890875138000, -0.12308934, 0.073303826, -0.071776666
16890880108000, -0.1151481, 0.08827003, -0.07452556
16890885183000, -0.10048734, 0.093462385, -0.07727446
16890890133000, -0.108123146, 0.10445796, -0.080634214
16890895161000, -0.10262536, 0.103847094, -0.07666359
16890900223000, -0.09712757, 0.103847094, -0.08246681
16890905212000, -0.083383106, 0.09712757, -0.07666359
16890910131000, -0.082161374, 0.08246681, -0.0711658
16890915138000, -0.071776666, 0.067500606, -0.06383542
16890920142000, -0.067500606, 0.061086524, -0.06078109
16890925132000, -0.070554934, 0.055588737, -0.054061573
16890930103000, -0.06963864, 0.050396383, -0.046120327
16890935142000, -0.07238753, 0.048258353, -0.04795292
16890940414000, -0.074830994, 0.050396383, -0.048563786
16890945140000, -0.08124508, 0.05467244, -0.04428773
16890950196000, -0.09621128, 0.06383542, -0.044898596
16890955131000, -0.1001819, 0.06169739, -0.05589417
16890960130000, -0.09560041, 0.06536258, -0.059864793
16890966573000, -0.11484267, 0.056505036, -0.06383542
16890970139000, -0.118202426, 0.043982297, -0.06963864
16890975131000, -0.11056661, 0.03634648, -0.07574729
16890980103000, -0.108123146, 0.031154128, -0.080634214
16890985143000, -0.10995574, 0.014049901, -0.08155051
16890990137000, -0.11911872, 0.009773844, -0.07727446
16890995149000, -0.103847094, 0.018020526, -0.086437434
16891000230000, -0.105068825, 0.014660766, -0.07971791
16891005138000, -0.10903945, 0.02076942, -0.0870483
16891010277000, -0.11148291, 0.013744468, -0.08246681
16891015113000, -0.11911872, 0.022296581, -0.08368854
16891020131000, -0.1160644, 0.018020526, -0.080634214
16891025133000, -0.12095132, 0.0125227375, -0.0842994
16891030128000, -0.11453723, 0.00580322, -0.0852157
16891035147000, -0.10903945, -0.004886922, -0.084910266
16891040136000, -0.10934488, -0.00580322, -0.081855945
16891045108000, -0.09407325, -0.011911872, -0.08735373
16891050225000, -0.08307768, -0.015882496, -0.09040806
16891055138000, -0.08368854, -0.0290161, -0.09193522
16891060135000, -0.07360926, -0.03359759, -0.09254608
16891065116000, -0.08246681, -0.02443461, -0.0983493
16891070142000, -0.07666359, -0.030543262, -0.093767814
16891075105000, -0.083383106, -0.031154128, -0.10934488
16891080500000, -0.07513642, -0.030848695, -0.113926366
16891085155000, -0.07971791, -0.033292156, -0.116980694
16891090130000, -0.07147124, -0.0290161, -0.12339478
16891095162000, -0.087964594, -0.02565634, -0.12614368
16891100204000, -0.08399397, -0.018936822, -0.13316862
16891105140000, -0.092240654, -0.020158553, -0.14538592
16891110124000, -0.09162979, 6.1086525E-4, -0.14263703
16891115138000, -0.07819075, 0.0076358155, -0.14721853
16891120142000, -0.093767814, 0.013439035, -0.15118915
16891125891000, -0.09712757, 0.01740966, -0.15668693
16891130112000, -0.09682214, 0.024740042, -0.1591304
16891135150000, -0.09590584, 0.03726278, -0.16279559
16891140134000, -0.103847094, 0.056199603, -0.17562376
16891145135000, -0.110872045, 0.06047566, -0.18387043
16891150254000, -0.10903945, 0.05955936, -0.18875736
16891155138000, -0.1133155, 0.06291912, -0.1863139
16891160137000, -0.11728613, 0.06536258, -0.1853976
16891165149000, -0.121256754, 0.06780604, -0.19028452
16891170176000, -0.12003502, 0.0693332, -0.19058995
16891175122000, -0.11942416, 0.06841691, -0.18600847
16891180116000, -0.12614368, 0.09193522, -0.17501289
16891185114000, -0.12492194, 0.089186326, -0.17256944
16891190116000, -0.12889257, 0.099571034, -0.16401732
16891196108000, -0.13133603, 0.11026118, -0.14263703
16891200296000, -0.13805555, 0.11636983, -0.13775012
16891205147000, -0.14049901, 0.124311075, -0.1255328
16891210158000, -0.13958271, 0.13347405, -0.10934488
16891215147000, -0.15485434, 0.13744467, -0.092240654
16891220129000, -0.15332718, 0.14508049, -0.07422013
16891225116000, -0.16371189, 0.15424347, -0.05222898
16891230131000, -0.18173242, 0.172264, -0.02565634
16891235107000, -0.19975294, 0.16768251, -0.007941248
16891240128000, -0.24281894, 0.17745635, 0.0106901415
16891245118000, -0.2602286, 0.172264, 0.042455133
16891250195000, -0.29138273, 0.18051068, 0.067500606
16891265418000, -0.36468655, 0.1740966, 0.15943582
16891270117000, -0.39095375, 0.18509217, 0.17470746
16891275096000, -0.4016439, 0.18203785, 0.2012801
16891280141000, -0.4474588, 0.1863139, 0.23335053
16891285219000, -0.49296826, 0.2098322, 0.2751948
16891290137000, -0.5516113, 0.2406809, 0.30604348
16891295164000, -0.6243043, 0.267559, 0.32620203
16891300225000, -0.7021896, 0.31490102, 0.3717115
16891305237000, -0.77182823, 0.34483343, 0.410196
16891310145000, -0.829555, 0.39278635, 0.45081854
16891315132000, -0.88789266, 0.43799037, 0.48624873
16891320144000, -0.9263771, 0.47861293, 0.5323691
16891325131000, -0.958753, 0.5195409, 0.5870415
16891330127000, -1.0097603, 0.55833083, 0.63499445
16891335687000, -1.0506883, 0.6026186, 0.6966918
16891340142000, -1.0977248, 0.6230826, 0.75228053
16891345133000, -1.1355985, 0.63438356, 0.80664754
16891350261000, -1.1618657, 0.63346726, 0.8445212
16891355126000, -1.1716396, 0.6356053, 0.88331115
16891360128000, -1.1826351, 0.6429357, 0.9202685
16891365129000, -1.1820242, 0.64568454, 0.9428705
16891370133000, -1.1911873, 0.6649268, 0.9789116
16891375139000, -1.212873, 0.66706485, 1.0122037
16891380128000, -1.2388347, 0.6575964, 1.0320568
16891385171000, -1.271516, 0.6133087, 1.039998
16891390170000, -1.3136657, 0.539394, 1.0387764
16891395186000, -1.3374895, 0.48838675, 1.0439687
16891400213000, -1.3469579, 0.4083634, 1.054048
16891405217000, -1.3448198, 0.344528, 1.0537425
16891410125000, -1.3231341, 0.26389378, 1.0534371
16891415143000, -1.2608259, 0.17531833, 1.0461067
16891420147000, -1.1664472, 0.095294975, 1.0433578
16891425132000, -1.056186, 0.033292156, 1.031446
16891430133000, -0.9272934, -0.01863139, 1.0317514
16891435162000, -0.80939645, -0.04428773, 1.0225884
16891440129000, -0.7104363, -0.040927973, 0.9969321
16891445161000, -0.6258314, -0.03634648, 0.97524637
16891451077000, -0.5479461, -0.03756821, 0.95539325
16891455149000, -0.46181414, 0.005497787, 0.9086621
16891460131000, -0.3998113, 0.027488936, 0.8582657
16891465149000, -0.3475823, 0.087964594, 0.8338311
16891470141000, -0.32345316, 0.16279559, 0.79076505
16891475085000, -0.25137106, 0.23243423, 0.75808376
16891480124000, -0.19150625, 0.28588495, 0.72082096
16891485187000, -0.13225232, 0.34300083, 0.6948592
16891490123000, -0.0888809, 0.38515055, 0.6762278
16891495169000, -0.025961773, 0.398895, 0.66859204
16891500163000, 0.036957346, 0.40591997, 0.66950834
16891505150000, 0.09621128, 0.40194935, 0.6750061
16891510125000, 0.13927728, 0.3827071, 0.6942484
16891515145000, 0.20250183, 0.3680463, 0.71593404
16891520834000, 0.24770586, 0.34055737, 0.73823065
16891525139000, 0.301462, 0.3115413, 0.75655663
16891530121000, 0.3381139, 0.30665436, 0.7684685
16891535206000, 0.38423425, 0.29657507, 0.7996226
16891540123000, 0.42546764, 0.29535335, 0.818254
16891545169000, 0.46089783, 0.31703907, 0.8249735
16891550193000, 0.5027421, 0.36163223, 0.82802784
16891555142000, 0.5195409, 0.38912117, 0.8335256
16891560136000, 0.53786683, 0.40744713, 0.8216137
16891565088000, 0.5491679, 0.45723262, 0.8185594
16891570145000, 0.5687156, 0.5009095, 0.81183994
16891575127000, 0.58062744, 0.5403103, 0.81061816
16891580153000, 0.5821546, 0.5882632, 0.7858781
16891585198000, 0.5726862, 0.6356053, 0.76052725
16891590132000, 0.57757306, 0.70738196, 0.73761976
16891595203000, 0.56779927, 0.7699956, 0.7086037
16891600249000, 0.54092115, 0.8237518, 0.6728681
16891605140000, 0.5213735, 0.8866709, 0.63346726
16891610123000, 0.47952923, 0.93615097, 0.57451874
16891615118000, 0.44593164, 0.9642508, 0.5036584
16891620154000, 0.41050145, 0.9868528, 0.44440445
16891625136000, 0.3726278, 1.0115929, 0.3943135
16891630151000, 0.32650748, 1.0250319, 0.34697145
16891635258000, 0.29016098, 1.0329732, 0.28099802
16891640135000, 0.24678956, 1.0277808, 0.23732115
16891645139000, 0.21502456, 1.0005972, 0.1957823
16891650302000, 0.15882497, 0.98746365, 0.16523905
16891655057000, 0.10934488, 0.9755518, 0.119729586
16891660102000, 0.09040806, 0.93431836, 0.09865474
16891665083000, 0.070249505, 0.8784242, 0.0720821
16891670082000, 0.041233405, 0.82772243, 0.048258353
16891675000000, 0.03390302, 0.77274454, 0.022602014
16891680073000, 0.03634648, 0.74006325, 0.006414085
16891685056000, 0.029321533, 0.68539083, -0.014660766
16891690056000, 0.042760566, 0.65576386, -0.03970624
16891695055000, 0.058337633, 0.64965516, -0.04734206
16891700192000, 0.05955936, 0.65057147, -0.061391957
16891704995000, 0.079107046, 0.66737026, -0.058337633
16891710040000, 0.090713486, 0.66737026, -0.07238753
16891715051000, 0.106901415, 0.68294734, -0.08124508
16891720056000, 0.12675454, 0.6908886, -0.08155051
16891724995000, 0.1469131, 0.677755, -0.09254608
16891730045000, 0.18478674, 0.68477994, -0.09010262
16891735053000, 0.19975294, 0.68783426, -0.08093964
16891740037000, 0.22724187, 0.67256266, -0.08032878
16891745064000, 0.2574797, 0.6542367, -0.08093964
16891750134000, 0.28802297, 0.6178902, -0.099265605
16891755068000, 0.30879238, 0.59498274, -0.10262536
16891760083000, 0.32528573, 0.56077427, -0.09407325
16891766012000, 0.3744604, 0.48899764, -0.11636983
16891770088000, 0.41813725, 0.46883908, -0.12492194
16891774990000, 0.43310347, 0.42363504, -0.13561209
16891780076000, 0.44135013, 0.38637227, -0.14080444
16891785064000, 0.43310347, 0.3747658, -0.14966199
16891790038000, 0.43463063, 0.34208453, -0.17379116
16891794986000, 0.4120286, 0.29840767, -0.18234327
16891800189000, 0.3817908, 0.26297748, -0.19364429
16891804981000, 0.35918877, 0.2302962, -0.1957823
16891810036000, 0.3622431, 0.22113322, -0.19333886
16891814990000, 0.3820962, 0.1957823, -0.19058995
16891820027000, 0.39736784, 0.18600847, -0.17745635
16891824983000, 0.42088616, 0.14905111, -0.15363261
16891829998000, 0.44043383, 0.12339478, -0.105374254
16891834990000, 0.44532076, 0.10048734, -0.06505715
16891840037000, 0.4392121, 0.07941248, -0.046120327
16891845356000, 0.3933972, 0.032986723, -0.043982297
16891850071000, 0.3268129, -0.0036651916, -0.049480084
16891855041000, 0.24770586, -0.052839845, -0.056199603
16891860026000, 0.1957823, -0.065973446, -0.06841691
16891865051000, 0.06078109, -0.04917465, -0.08460484
16891870033000, -0.09162979, -0.019547688, -0.10354166
16891875027000, -0.24587326, 0.022296581, -0.09773844
16891880035000, -0.35827246, 0.06811147, -0.09712757
16891885032000, -0.4529566, 0.12644911, -0.10140363
16891890028000, -0.5015204, 0.21197024, -0.13225232
16891895060000, -0.5311473, 0.3368922, -0.1563815
16891900056000, -0.52748215, 0.441961, -0.19120082
16891905030000, -0.4868596, 0.505491, -0.22999077
16891910028000, -0.4184427, 0.5320636, -0.27030787
16891915305000, -0.33628133, 0.5488624, -0.30573806
16891920131000, -0.269697, 0.5516113, -0.32925636
16891925120000, -0.18387043, 0.56291234, -0.3576616
16891930100000, -0.11453723, 0.5852089, -0.35308012
16891935141000, -0.03390302, 0.6047566, -0.3576616
16891940146000, 0.03359759, 0.59956425, -0.35124752
16891945163000, 0.105374254, 0.56413406, -0.34605515
16891950157000, 0.15149458, 0.54336464, -0.32559118
16891955140000, 0.18570304, 0.50488013, -0.31215215
16891960132000, 0.18142697, 0.47250426, -0.26267207
16891965120000, 0.16676621, 0.45112398, -0.19058995
16891970105000, 0.118507855, 0.49266282, -0.09987647
16891975121000, 0.059864793, 0.5873469, -0.013439035
16891980106000, 0.0012217305, 0.65148777, 0.06414085
16891985650000, -0.046731193, 0.66767573, 0.14294247
16891990126000, -0.05467244, 0.70707655, 0.19853121
16891995160000, -0.04337143, 0.7452556, 0.23976462
16892000146000, -0.01740966, 0.79198676, 0.27214047
16892005148000, -0.0036651916, 0.7993172, 0.31703907
16892010108000, 0.024740042, 0.7797695, 0.3744604
16892015115000, 0.02076942, 0.70341134, 0.4382958
16892020127000, 0.038179077, 0.61575216, 0.48472157
16892025124000, 0.032986723, 0.57940567, 0.52931476
16892030096000, 0.031154128, 0.58246, 0.5314528
16892035181000, 0.047647487, 0.5476407, 0.5421429
16892040106000, 0.06047566, 0.47403142, 0.5500842
16892045154000, 0.071776666, 0.37293324, 0.5739079
16892050195000, 0.07513642, 0.3173445, 0.6017023
16892055309000, 0.0842994, 0.20861048, 0.623388
16892060169000, 0.089186326, 0.08460484, 0.6356053
16892065131000, 0.098043874, -0.06872234, 0.63285637
16892070099000, 0.10140363, -0.226631, 0.62980205
16892075139000, 0.14385876, -0.37384954, 0.63041294
16892080103000, 0.19242255, -0.50946164, 0.6239988
16892085201000, 0.23365596, -0.65668017, 0.6273586
16892090252000, 0.26939157, -0.8038987, 0.6160576
16892095228000, 0.2724459, -0.91538155, 0.5885687
16892100207000, 0.26083946, -0.98837996, 0.5742133
16892105267000, 0.23487769, -1.024421, 0.5653558
16892110129000, 0.1881465, -1.01312, 0.59040123
16892115110000, 0.12370021, -1.0479393, 0.6337727
16892120135000, 0.11026118, -1.0512991, 0.6068946
16892125124000, 0.10262536, -0.9593639, 0.5723807
16892130119000, 0.082161374, -0.82924956, 0.5867361
16892135136000, 0.058643065, -0.70402217, 0.63255095
16892140131000, 0.05009095, -0.5983425, 0.6630942
16892145169000, 0.032986723, -0.5821546, 0.7144069
16892150197000, 0.042455133, -0.5552765, 0.74097955
16892155216000, 0.03756821, -0.58276546, 0.73731434
16892160145000, 0.03573562, -0.65026605, 0.72234815
16892165124000, 0.03390302, -0.72784597, 0.6994407
16892170918000, 0.061391957, -0.79381937, 0.67256266
16892175106000, 0.080634214, -0.8695667, 0.6435465
16892180131000, 0.086437434, -0.97158116, 0.6264423
16892185182000, 0.08735373, -1.0418307, 0.6065892
16892190162000, 0.08857546, -1.1313224, 0.6017023
16892195234000, 0.09315695, -1.2183707, 0.605062
16892200184000, 0.105374254, -1.219287, 0.58093286
16892205105000, 0.070554934, -1.1829406, 0.57360244
16892210119000, 0.02076942, -1.1438452, 0.57360244
16892215107000, -0.01160644, -1.1172725, 0.5647449
16892220118000, -0.050701816, -1.0809261, 0.5561928
16892225089000, -0.06872234, -1.0433578, 0.5305365
16892230128000, -0.06963864, -0.99204516, 0.5320636
16892235092000, -0.07941248, -0.91232723, 0.50885075
16892240909000, -0.094989546, -0.81306165, 0.5006041
16892245145000, -0.13652839, -0.7812967, 0.4810564
16892250129000, -0.15271631, -0.74036866, 0.46914452
16892255228000, -0.16187929, -0.6805039, 0.46395215
16892260059000, -0.1853976, -0.59712076, 0.44226643
16892265056000, -0.21533, -0.5213735, 0.42760566
16892270085000, -0.24098633, -0.42821655, 0.3894266
16892275046000, -0.2910773, -0.34880406, 0.3631594
16892280037000, -0.35124752, -0.25717425, 0.3436117
16892285060000, -0.4025602, -0.18784106, 0.3213151
16892290045000, -0.44226643, -0.108123146, 0.28619036
16892295085000, -0.49327368, -0.03726278, 0.2657264
16892300253000, -0.54519725, -0.005497787, 0.22999077
16892305101000, -0.5665775, 0.01038471, 0.20616703
16892310103000, -0.5821546, 0.007941248, 0.1826487
16892315094000, -0.6059783, -0.009468411, 0.15363261
16892320077000, -0.6114761, -0.02076942, 0.1160644
16892325119000, -0.6383542, -0.052839845, 0.07391469
16892330077000, -0.6462954, -0.09468412, 0.044898596
16892335196000, -0.6618725, -0.14049901, 0.00580322
16892340093000, -0.66950834, -0.1600467, -0.025961773
16892345371000, -0.6759224, -0.17715092, -0.049480084
16892350224000, -0.6722572, -0.18325958, -0.06536258
16892355163000, -0.6646214, -0.18112154, -0.099571034
16892360132000, -0.6404922, -0.18448131, -0.12308934
16892366274000, -0.63194007, -0.16982053, -0.1685988
16892370135000, -0.61819565, -0.1740966, -0.18051068
16892375086000, -0.61575216, -0.16737708, -0.20586158
16892380109000, -0.6169739, -0.17989981, -0.22571471
16892385135000, -0.6188065, -0.21319197, -0.25686884
16892390140000, -0.6209445, -0.26145032, -0.25350907
16892395082000, -0.63163465, -0.2941316, -0.25289822
16892400169000, -0.6597345, -0.3231477, -0.26297748
16892405093000, -0.66737026, -0.3594942, -0.26511553
16892410133000, -0.6808093, -0.38515055, -0.26175576
16892415131000, -0.67073005, -0.4156938, -0.2706133
16892420155000, -0.66737026, -0.44959682, -0.27458394
16892425096000, -0.6826419, -0.4783075, -0.29168814
16892430126000, -0.6945538, -0.5021312, -0.31215215
16892435167000, -0.7189884, -0.52381694, -0.33078352
16892440152000, -0.745561, -0.55680364, -0.3463606
16892445227000, -0.7849618, -0.5720753, -0.35827246
16892450162000, -0.7996226, -0.61391956, -0.36896262
16892455179000, -0.85062987, -0.65057147, -0.37140608
16892460126000, -0.9007208, -0.6630942, -0.364992
16892465152000, -0.93370754, -0.67011917, -0.36163223
16892470145000, -0.96944314, -0.66706485, -0.3491095
16892475140000, -0.98440933, -0.68661255, -0.32711834
16892480130000, -0.9877691, -0.70432764, -0.31795537
16892485241000, -0.9957104, -0.72173727, -0.3222314
16892490201000, -0.98532563, -0.71593404, -0.2947425
16892495369000, -1.0207558, -0.7171558, -0.26206118
16892500196000, -1.0305296, -0.713796, -0.24495697
16892505150000, -1.0238101, -0.6960809, -0.23640485
16892510140000, -1.0146471, -0.6792821, -0.22418754
16892515151000, -1.0161743, -0.66614854, -0.2144137
16892520144000, -1.0277808, -0.6606508, -0.20433442
16892525139000, -1.0503827, -0.6575964, -0.2098322
16892530783000, -1.0684034, -0.65240407, -0.2144137
16892535191000, -1.0955868, -0.65209866, -0.20799962
16892540142000, -1.1108584, -0.6588182, -0.20555615
16892545130000, -1.105666, -0.6618725, -0.1957823
16892550158000, -1.0931433, -0.655153, -0.17715092
16892555150000, -1.061073, -0.6386596, -0.17256944
16892560132000, -1.0366384, -0.57879484, -0.15943582
16892566668000, -0.9914343, -0.48624873, -0.14782938
16892570151000, -0.9437868, -0.45173484, -0.14294247
16892575125000, -0.92057395, -0.3539964, -0.119729586
16892580095000, -0.88056225, -0.25411993, -0.102319926
16892585234000, -0.82527894, -0.12308934, -0.09010262
16892590108000, -0.7831292, -0.018936822, -0.082161374
16892595186000, -0.7489208, 0.10262536, -0.06047566
16892600891000, -0.7318166, 0.21227567, -0.04550946
16892605154000, -0.70463306, 0.2959642, -0.03359759
16892610088000, -0.6774496, 0.33964106, -0.015271631
16892615139000, -0.6582073, 0.35033122, 0.012217305
16892620131000, -0.66248333, 0.30970868, 0.015577064
16892625144000, -0.6743952, 0.24923302, 0.022296581
16892630125000, -0.7110472, 0.17379116, 0.035124753
16892635246000, -0.79168135, 0.090713486, 0.046120327
16892640206000, -0.90316427, 0.028099801, 0.070249505
16892645137000, -1.0317514, -0.057726767, 0.09040806
16892650268000, -1.0961977, -0.10323623, 0.129198
16892655221000, -1.2095132, -0.10048734, 0.17959438
16892660123000, -1.3017539, -0.07574729, 0.24007004
16892665106000, -1.3518448, -0.033292156, 0.31031954
16892670522000, -1.3891076, -0.017104227, 0.36835176
16892675128000, -1.4187346, -0.070249505, 0.40439278
16892680186000, -1.4511104, -0.21960606, 0.42332962
16892685143000, -1.4453071, -0.39003745, 0.4120286
16892690120000, -1.4367551, -0.6356053, 0.37659842
16892695083000, -1.4187346, -0.9147707, 0.33414328
16892700235000, -1.3683381, -1.1191051, 0.28924468
16892705230000, -1.353372, -1.2589933, 0.2519819
16892710119000, -1.3521502, -1.3497068, 0.2275473
16892715138000, -1.3662001, -1.3976597, 0.21655174
16892720114000, -1.382999, -1.3912456, 0.21594086
16892725128000, -1.4083499, -1.3631458, 0.20372356
16892730113000, -1.4257594, -1.3313808, 0.18417588
16892735134000, -1.4611896, -1.3048081, 0.18173242
16892740253000, -1.4957036, -1.251052, 0.18081611
16892745136000, -1.5381587, -1.2229522, 0.19120082
16892750197000, -1.5451837, -1.1511755, 0.22235495
16892755138000, -1.5870279, -1.0482447, 0.24129178
16892760133000, -1.63437, -0.95356065, 0.2443461
16892766454000, -1.690875, -0.8231409, 0.27458394
16892770104000, -1.7708983, -0.79779, 0.28252518
16892775140000, -1.790446, -0.766025, 0.28680122
16892780115000, -1.8090774, -0.6979135, 0.2855795
16892785219000, -1.7935003, -0.59437186, 0.26083946
16892790137000, -1.8102992, -0.528093, 0.22235495
16892795141000, -1.7837266, -0.44837508, 0.18906279
16892800161000, -1.784032, -0.36377025, 0.15821409
16892805141000, -1.7730364, -0.31306845, 0.13744467
16892810075000, -1.7498235, -0.33353242, 0.11362094
16892815106000, -1.704925, -0.34483343, 0.083383106
16892820474000, -1.6826283, -0.23793201, 0.065973446
16892825133000, -1.668273, 0.0036651916, 0.07788532
16892830095000, -1.666135, 0.19242255, 0.15851954
16892835209000, -1.6355917, 0.27305678, 0.21227567
16892840130000, -1.5842791, 0.3933972, 0.22296582
16892845134000, -1.5610662, 0.57696223, 0.2171626
16892850215000, -1.559539, 0.77763146, 0.183565
16892855779000, -1.5800029, 0.97219205, 0.14477506
16892860135000, -1.649947, 1.149343, 0.10873401
16892865110000, -1.7259997, 1.2779301, 0.064446285
16892870144000, -1.8072448, 1.3121386, 0.045814894
16892875128000, -1.8527542, 1.2538009, 0.025350908
16892880118000, -1.8918496, 1.1264355, 0.01740966
16892885167000, -1.9269744, 0.9260717, -0.013439035
16892890286000, -1.9413297, 0.7315111, -0.049480084
16892895137000, -1.9511036, 0.5674938, -0.1020145
16892900184000, -1.9367483, 0.42546764, -0.14874569
16892905143000, -1.930945, 0.28771752, -0.18509217
16892910149000, -1.9113973, 0.1853976, -0.22113322
16892915127000, -1.9138408, 0.11789699, -0.23273966
16892920151000, -1.9010127, 0.13408493, -0.23579398
16892925869000, -1.8689423, 0.17959438, -0.21319197
16892930128000, -1.8237382, 0.22815818, -0.19272798
16892935155000, -1.7938058, 0.26206118, -0.17012598
16892940131000, -1.7794504, 0.30879238, -0.12095132
16892945133000, -1.751656, 0.35827246, -0.079107046
16892950200000, -1.7131716, 0.39614612, -0.03573562
16892955136000, -1.6597209, 0.5006041, -0.002443461
16892960159000, -1.6392568, 0.50732356, 0.0106901415
16892965102000, -1.5827519, 0.5235115, 0.018936822
16892970147000, -1.5173893, 0.51893, 0.024740042
16892975189000, -1.4450017, 0.5137377, 0.019547688
16892980130000, -1.3616186, 0.50976706, 0.015882496
16892985154000, -1.3038919, 0.5213735, 0.021685716
16892990187000, -1.2260065, 0.4972443, 0.03481932
16892995601000, -1.1594223, 0.45814893, 0.03390302
16893000168000, -1.0983357, 0.43799037, 0.04337143
16893005113000, -1.0323622, 0.4071417, 0.070249505
16893010128000, -0.9999864, 0.36713, 0.10873401
16893015102000, -0.98471475, 0.33353242, 0.1600467
16893020110000, -0.98654735, 0.3203988, 0.20280726
16893025126000, -0.9746355, 0.31490102, 0.23457226
16893030113000, -0.9691377, 0.30024028, 0.258396
16893035143000, -0.97585726, 0.2941316, 0.27275133
16893040129000, -0.97402465, 0.32895094, 0.29260445
16893045121000, -0.9737192, 0.38789943, 0.31612277
16893050181000, -1.0033462, 0.4373795, 0.32162055
16893055081000, -1.0180069, 0.46395215, 0.33964106
16893060129000, -1.0326678, 0.43310347, 0.36163223
16893065303000, -1.0329732, 0.32375857, 0.364992
16893070134000, -0.99082345, 0.3436117, 0.398895
16893075071000, -1.0012082, 0.3155119, 0.43127087
16893080134000, -0.99204516, 0.29718593, 0.47158796
16893085124000, -1.0155635, 0.28771752, 0.5036584
16893090132000, -1.0687088, 0.2761111, 0.535118
16893095072000, -1.0977248, 0.28924468, 0.55680364
16893100204000, -1.1294898, 0.31612277, 0.573297
16893105128000, -1.1679744, 0.34422258, 0.58551437
16893110130000, -1.1872166, 0.36285394, 0.5907067
16893115119000, -1.1969905, 0.37751472, 0.5849035
16893120134000, -1.212262, 0.37690386, 0.56046885
16893125137000, -1.2990049, 0.376293, 0.5317582
16893130116000, -1.3988814, 0.37140608, 0.5299256
16893135179000, -1.4535538, 0.3475823, 0.516792
16893140186000, -1.5302174, 0.3005457, 0.505491
16893145123000, -1.572978, 0.24831672, 0.5149594
16893150201000, -1.5806139, 0.16218472, 0.49938235
16893155135000, -1.5964963, 0.09254608, 0.47708577
16893160134000, -1.5806139, 0.0421497, 0.47219884
16893166524000, -1.5430456, 0.008246681, 0.49235737
16893170126000, -1.4740179, -0.0033597588, 0.5039638
16893175132000, -1.4514158, -0.006414085, 0.52412236
16893180823000, -1.4101825, 0.008552114, 0.54305923
16893185141000, -1.3979651, 0.0021380284, 0.57879484
16893190125000, -1.3720033, -0.004886922, 0.60994893
16893195137000, -1.4068227, 0.01985312, 0.63804877
16893200198000, -1.457219, 0.044898596, 0.659429
16893205085000, -1.5247196, 0.06536258, 0.6805039
16893210112000, -1.5827519, 0.04153884, 0.7110472
16893215134000, -1.6230689, 0.040011674, 0.74464476
16893220111000, -1.6829338, 0.028405234, 0.7644979
16893225109000, -1.7125608, 0.02321288, 0.7837401
16893230111000, -1.750129, 0.00580322, 0.7968737
16893235110000, -1.7745636, -0.016798794, 0.8216137
16893240115000, -1.8099937, 0.0015271631, 0.84604836
16893245112000, -1.831374, 0.004276057, 0.8588765
16893250202000, -1.8490891, 0.02076942, 0.872621
16893255035000, -1.8762726, 0.025045475, 0.8924741
16893260031000, -1.8945986, 0.049785517, 0.904386
16893265049000, -1.9098701, 0.0870483, 0.9221011
16893269994000, -1.9248364, 0.14172074, 0.94134337
16893275042000, -1.9556851, 0.1704314, 0.95142263
16893279994000, -1.9679024, 0.20433442, 0.9593639
16893285106000, -1.9840903, 0.20311269, 0.95569867
16893289971000, -1.9813415, 0.17806722, 0.9505063
16893295072000, -1.9547688, 0.09621128, 0.9260717
16893300000000, -1.9126191, 0.06047566, 0.9239337
16893305090000, -1.861001, 0.16371189, 0.9440922
16893310054000, -1.8930714, 0.16065755, 0.95142263
16893315082000, -1.9004018, 0.16737708, 0.95905846
16893320536000, -1.915368, 0.18509217, 0.977079
16893325095000, -1.9220876, 0.1740966, 1.0073168
16893330113000, -1.9254472, 0.13347405, 1.0201449
16893335117000, -1.9178114, 0.103847094, 1.0439687
16893340093000, -1.92392, 0.113926366, 1.0781772
16893345108000, -1.9404135, 0.1459968, 1.1004738
16893350126000, -1.949271, 0.18081611, 1.135904
16893355109000, -1.9416351, 0.1908954, 1.1551461
16893360072000, -1.9236146, 0.20525073, 1.1643091
16893367073000, -1.897042, 0.1469131, 1.1780536
16893370101000, -1.8078557, 0.2302962, 1.2284501
16893375131000, -1.81091, 0.39370266, 1.2965615
16893380124000, -1.8432859, 0.37690386, 1.3115277
16893385226000, -1.8668042, 0.32528573, 1.3115277
16893390395000, -1.8701639, 0.28069258, 1.3203852
16893395161000, -1.8555032, 0.25228736, 1.3075571
16893400187000, -1.8206838, 0.26206118, 1.3176364
16893405130000, -1.7867808, 0.28619036, 1.3231341
16893410130000, -1.7782288, 0.29352075, 1.3191634
16893415131000, -1.7788396, 0.31031954, 1.3158038
16893420137000, -1.7708983, 0.30879238, 1.3185526
16893425133000, -1.7718146, 0.310625, 1.3231341
16893430112000, -1.7745636, 0.29565877, 1.3158038
16893435221000, -1.7895297, 0.3100141, 1.3069462
16893440160000, -1.8041905, 0.3213151, 1.284955
16893445118000, -1.8161024, 0.3268129, 1.2538009
16893450170000, -1.8093829, 0.3032946, 1.2030991
16893455130000, -1.806634, 0.26939157, 1.1508701
16893460141000, -1.8240436, 0.2574797, 1.0870347
16893465123000, -1.8414533, 0.26389378, 1.0345002
16893470151000, -1.8634444, 0.2846632, 0.97433007
16893475125000, -1.8603901, 0.30848694, 0.9129381
16893480142000, -1.8530598, 0.3136793, 0.8542951
16893485239000, -1.8368717, 0.33169982, 0.8127562
16893490168000, -1.8124372, 0.3323107, 0.75777835
16893495152000, -1.7605137, 0.34300083, 0.72601336
16893500199000, -1.7345519, 0.3539964, 0.6872234
16893505072000, -1.7192802, 0.33383787, 0.65148777
16893510140000, -1.7003434, 0.3051272, 0.6246097
16893515108000, -1.6743816, 0.27397305, 0.5864306
16893520151000, -1.6636915, 0.24465153, 0.5516113
16893525097000, -1.6475036, 0.23762658, 0.5363397
16893530187000, -1.641395, 0.20525073, 0.5027421
16893535191000, -1.6093245, 0.18448131, 0.47036624
16893540230000, -1.5717562, 0.18051068, 0.44837508
16893545253000, -1.5198327, 0.13622294, 0.4098906
16893550269000, -1.4749341, 0.069027774, 0.36743546
16893555405000, -1.4373659, 0.03268129, 0.3210097
16893560142000, -1.3949108, 0.0421497, 0.27488935
16893566500000, -1.3665055, 0.06811147, 0.19242255
16893570154000, -1.3179418, 0.0571159, 0.17165314
16893575745000, -1.3008375, 0.032986723, 0.12736541
16893580111000, -1.260215, 0.018325957, 0.08827003
16893585184000, -1.2165382, 0.022602014, 0.056505036
16893590197000, -1.1749994, 0.025961773, 0.0012217305
16893595140000, -1.1407908, 0.025350908, -0.047647487
16893600196000, -1.0989466, 0.0143553335, -0.074830994
16893605153000, -1.0726794, -0.0018325958, -0.105374254
16893610134000, -1.0115929, 0.009468411, -0.12064589
16893615127000, -0.94989544, 0.005192355, -0.13439035
16893620124000, -0.88270026, -0.004886922, -0.14172074
16893625124000, -0.8222246, -0.0067195175, -0.13958271
16893630097000, -0.7834347, -0.017715093, -0.13072516
16893635189000, -0.7330383, -0.037873644, -0.1301143
16893640075000, -0.68416905, -0.04886922, -0.14110987
16893645603000, -0.6209445, -0.07147124, -0.12614368
16893650132000, -0.54092115, -0.08552113, -0.1142318
16893655142000, -0.4550946, -0.07941248, -0.10598512
16893660071000, -0.3491095, -0.09560041, -0.09407325
16893665127000, -0.2452624, -0.13530666, -0.07971791
16893670199000, -0.14110987, -0.16646078, -0.06688975
16893675141000, -0.03848451, -0.17104226, -0.067500606
16893680095000, 0.09010262, -0.17898351, -0.055283304
16893685214000, 0.21227567, -0.16920967, -0.040011674
16893690281000, 0.30024028, -0.17073683, -0.028710667
16893695142000, 0.38423425, -0.17592919, -0.009162978
16893700158000, 0.45081854, -0.19272798, 0.013133603
16893705139000, 0.52442783, -0.22113322, 0.040011674
16893710096000, 0.6243043, -0.24617869, 0.064446285
16893715447000, 0.7021896, -0.27030787, 0.089186326
16893720105000, 0.7629707, -0.27091873, 0.09987647
16893725124000, 0.79504114, -0.28313604, 0.10598512
16893730159000, 0.86559606, -0.27458394, 0.111177474
16893735171000, 0.92087936, -0.23304509, 0.10720685
16893740124000, 0.98624194, -0.19761491, 0.100792766
16893745125000, 1.0577132, -0.14080444, 0.09896017
16893750184000, 1.099252, -0.11209377, 0.07788532
16893755137000, 1.1395692, -0.11942416, 0.07147124
16893760146000, 1.1859949, -0.1459968, 0.062308256
16893765117000, 1.2470814, -0.16615535, 0.06994407
16893770135000, 1.2971723, -0.15607607, 0.067500606
16893775123000, 1.3548992, -0.15057829, 0.076052725
16893780129000, 1.4214834, -0.14935656, 0.087659165
16893785151000, 1.4899004, -0.16310102, 0.11178834
16893790128000, 1.5607607, -0.15393804, 0.13683382
16893795148000, 1.6331482, -0.15760323, 0.16890424
16893800209000, 1.6969837, -0.16065755, 0.18997909
16893805126000, 1.7424932, -0.16523905, 0.21868975
16893810127000, 1.7724255, -0.19486602, 0.25259277
16893815108000, 1.754405, -0.22327125, 0.2764165
16893820139000, 1.7327193, -0.29260445, 0.28924468
16893825125000, 1.6881261, -0.35888332, 0.30970868
16893830132000, 1.6084082, -0.38698313, 0.32345316
16893835156000, 1.5445728, -0.37507126, 0.32620203
16893840136000, 1.4816537, -0.35521814, 0.32162055
16893845132000, 1.464244, -0.2846632, 0.31948254
16893850227000, 1.4740179, -0.15118915, 0.33536503
16893855098000, 1.5103643, -0.07422013, 0.3417791
16893860128000, 1.5763378, -0.003970624, 0.35277468
16893865121000, 1.6209309, 0.008857546, 0.3811799
16893870137000, 1.6643023, -0.08124508, 0.40866885
16893875075000, 1.6844609, -0.1908954, 0.44226643
16893880150000, 1.6914859, -0.34208453, 0.48441613
16893885195000, 1.6951511, -0.40866885, 0.5216789
16893890302000, 1.6649132, -0.42180246, 0.56413406
16893895174000, 1.6242907, -0.4166101, 0.6236934
16893900975000, 1.6105462, -0.39645153, 0.66828656
16893905328000, 1.6081028, -0.39187005, 0.6743952
16893910553000, 1.6291776, -0.3472769, 0.66828656
16893915285000, 1.6200147, -0.28863382, 0.6747007
16893920182000, 1.6029104, -0.26450464, 0.68936145
16893925128000, 1.5964963, -0.21197024, 0.70066243
16893930150000, 1.5809193, -0.18478674, 0.6960809
16893935286000, 1.5696182, -0.17684549, 0.677755
16893940143000, 1.6093245, -0.18203785, 0.65148777
16893945189000, 1.6526959, -0.18997909, 0.6221663
16893950164000, 1.6783522, -0.21655174, 0.5925393
16893955144000, 1.7061466, -0.21380283, 0.5516113
16893960139000, 1.6829338, -0.18448131, 0.5021312
16893965097000, 1.6395624, -0.14966199, 0.44532076
16893970274000, 1.6050484, -0.11789699, 0.39278635
16893975043000, 1.559539, -0.12370021, 0.34422258
16893980029000, 1.5354098, -0.15485434, 0.28588495
16893985055000, 1.5198327, -0.1966986, 0.24709499
16893990057000, 1.5076154, -0.25961772, 0.20250183
16893995081000, 1.4825699, -0.28893927, 0.18081611
16894000089000, 1.4144585, -0.31337386, 0.16187929
16894005125000, 1.2724323, -0.34269542, 0.12736541
16894010089000, 1.071763, -0.3640757, 0.08093964
16894015105000, 0.81122905, -0.43096542, 0.052534413
16894020116000, 0.68966687, -0.50976706, 0.0015271631
16894025127000, 0.4120286, -0.6178902, -0.06811147
16894030101000, 0.15210545, -0.70249504, -0.15699236
16894035156000, -0.06078109, -0.7333437, -0.22479841
16894040095000, -0.22021692, -0.6774496, -0.28008172
16894045129000, -0.31520647, -0.5510005, -0.33383787
16894050186000, -0.35124752, -0.38056904, -0.37720928
16894055133000, -0.35308012, -0.15363261, -0.42760566
16894060148000, -0.31856623, 0.03359759, -0.48349985
16894065103000, -0.29657507, 0.15149458, -0.52534413
16894070166000, -0.2669481, 0.19700404, -0.5381723
16894075129000, -0.22296582, 0.18112154, -0.54305923
16894080261000, -0.17073683, 0.09468412, -0.5491679
16894085242000, -0.083383106, -0.0571159, -0.55955255
16894090168000, -0.009162978, -0.19394971, -0.5684101
16894095140000, 0.026267206, -0.3484986, -0.5739079
16894100246000, 0.03359759, -0.46914452, -0.59528816
16894105135000, 0.027488936, -0.5861252, -0.61666846
16894110096000, 0.0033597588, -0.6035349, -0.6395759
16894115103000, 0.008246681, -0.61911196, -0.6603453
16894120079000, -0.0030543262, -0.6291912, -0.68936145
16894125121000, -0.007330383, -0.6429357, -0.6951646
16894130134000, -0.064446285, -0.66889745, -0.73823065
16894135209000, -0.14172074, -0.6945538, -0.7620544
16894140140000, -0.2284636, -0.6469063, -0.788627
16894145134000, -0.28008172, -0.54519725, -0.8038987
16894150237000, -0.31337386, -0.41599923, -0.82650065
16894155131000, -0.31490102, -0.2883284, -0.84940815
16894160125000, -0.3368922, -0.16920967, -0.8332202
16894165586000, -0.3707952, -0.040011674, -0.8210029
16894170135000, -0.42241332, 0.012217305, -0.82741696
16894175124000, -0.4728097, -0.013439035, -0.8707884
16894180145000, -0.5137377, -0.019547688, -0.8903361
16894185151000, -0.559858, -0.046731193, -0.8680395
16894190264000, -0.6081163, -0.12156218, -0.84116143
16894195149000, -0.64721173, -0.2510656, -0.81245077
16894200216000, -0.6719518, -0.3811799, -0.7287622
16894205133000, -0.6554584, -0.45845437, -0.6230826
16894210129000, -0.6462954, -0.5039638, -0.5320636
16894215124000, -0.6377433, -0.6075055, -0.47067168
16894220139000, -0.58246, -0.6420194, -0.33628133
16894225784000, -0.47861293, -0.6386596, -0.19914207
16894230145000, -0.35338554, -0.627664, -0.08979719
16894235120000, -0.20799962, -0.61269784, -9.162979E-4
16894240127000, -0.08552113, -0.5729916, 0.041233405
16894245122000, -0.014049901, -0.4990769, 0.045814894
16894250121000, 0.008552114, -0.43188173, 0.05009095
16894255123000, 0.025350908, -0.36010507, 0.056505036
16894260316000, 0.027794369, -0.28863382, 0.049785517
16894265096000, 0.047036625, -0.22693644, 0.03756821
16894270150000, 0.048258353, -0.19120082, 0.01740966
16894275059000, 0.056199603, -0.16310102, 0.0067195175
16894280120000, 0.051618114, -0.122478485, 0.008246681
16894285192000, 0.05375614, -0.12034045, -0.006414085
16894290234000, 0.071776666, -0.13530666, -0.013439035
16894295772000, 0.06994407, -0.14782938, -0.015882496
16894300192000, 0.071776666, -0.14874569, -0.005192355
16894305092000, 0.09010262, -0.14996742, 0.008857546
16894310143000, 0.092240654, -0.15424347, 0.004886922
16894315122000, 0.09987647, -0.18051068, 0.015577064
16894320152000, 0.106595986, -0.1881465, 0.018936822
16894325139000, 0.11056661, -0.19150625, 0.023823744
16894330147000, 0.12217305, -0.19639318, 0.027794369
16894335192000, 0.122783914, -0.16310102, 0.040927973
16894340276000, 0.13805555, -0.122478485, 0.047036625
16894345140000, 0.15088372, -0.087659165, 0.05681047
16894350194000, 0.16462818, -0.0580322, 0.07238753
16894355140000, 0.18448131, -0.048563786, 0.08735373
16894360141000, 0.21044308, -0.032375857, 0.10903945
16894367366000, 0.226631, 0.03176499, 0.15149458
16894370133000, 0.24312437, 0.067500606, 0.15943582
16894375280000, 0.2507602, 0.14294247, 0.17592919
16894380143000, 0.25350907, 0.19700404, 0.1872302
16894385143000, 0.23915374, 0.25167647, 0.1872302
16894390139000, 0.23609942, 0.30024028, 0.1881465
16894395469000, 0.23365596, 0.31978795, 0.20250183
16894400194000, 0.22999077, 0.3313944, 0.20250183
16894405084000, 0.22571471, 0.3277292, 0.1908954
16894410138000, 0.2302962, 0.30390546, 0.18417588
16894415090000, 0.21685717, 0.28405234, 0.16279559
16894420142000, 0.20891592, 0.27916542, 0.16187929
16894425078000, 0.20341812, 0.27916542, 0.15607607
16894430142000, 0.20189096, 0.25992316, 0.14782938
16894435469000, 0.21044308, 0.22357668, 0.14660765
16894440172000, 0.21624629, 0.17562376, 0.14569137
16894445086000, 0.22724187, 0.14385876, 0.15118915
16894450197000, 0.22449298, 0.10415252, 0.15577064
16894455131000, 0.23396139, 0.06658431, 0.1414153
16894460137000, 0.23151793, 0.041233405, 0.14294247
16894465138000, 0.2406809, 0.00580322, 0.13408493
16894470142000, 0.2565634, -0.03481932, 0.11911872
16894475130000, 0.27580565, -0.05497787, 0.102319926
16894480141000, 0.2910773, -0.064751714, 0.08460484
16894485172000, 0.30115658, -0.06627888, 0.06841691
16894490135000, 0.29535335, -0.07880162, 0.048258353
16894495163000, 0.301462, -0.06688975, 0.026267206
16894500190000, 0.29046643, -0.058337633, 0.0076358155
16894505132000, 0.2706133, -0.04795292, -0.020158553
16894510134000, 0.24648413, -0.029932396, -0.036651913
16894515137000, 0.22082779, -0.0033597588, -0.062308256
16894520142000, 0.1704314, 0.004886922, -0.09682214
16894525137000, 0.11178834, 0.013439035, -0.12858713
16894530125000, 0.059253927, 0.013744468, -0.13897185
16894535162000, 0.028710667, 0.028405234, -0.16157386
16894540080000, -0.024740042, 0.018020526, -0.17806722
16894545122000, -0.05589417, 0.017104227, -0.18081611
16894550204000, -0.079107046, -0.007330383, -0.18906279
16894555134000, -0.08032878, -0.02107485, -0.19394971
16894560223000, -0.092240654, -0.043676864, -0.20433442
16894566595000, -0.11026118, -0.0693332, -0.20922135
16894570145000, -0.11056661, -0.09193522, -0.22143865
16894575130000, -0.11362094, -0.11942416, -0.22143865
16894580102000, -0.12095132, -0.12767084, -0.226631
16894585237000, -0.12308934, -0.14874569, -0.22724187
16894590137000, -0.11484267, -0.16157386, -0.23793201
16894595162000, -0.10873401, -0.16615535, -0.2434298
16894600181000, -0.10873401, -0.16584991, -0.24862215
16894605136000, -0.12095132, -0.14569137, -0.2519819
16894610103000, -0.124311075, -0.13836098, -0.2507602
16894615129000, -0.12217305, -0.14844026, -0.25259277
16894620855000, -0.1337795, -0.13561209, -0.25228736
16894625158000, -0.13836098, -0.12950343, -0.24831672
16894630317000, -0.14019357, -0.13775012, -0.24587326
16894635187000, -0.1328632, -0.13713925, -0.23182335
16894640247000, -0.14263703, -0.13622294, -0.22449298
16894645143000, -0.14569137, -0.14202617, -0.21319197
16894650549000, -0.13927728, -0.1423316, -0.19853121
16894655229000, -0.1386664, -0.14385876, -0.1853976
16894660447000, -0.1282817, -0.160963, -0.17501289
16894665110000, -0.12308934, -0.15363261, -0.16310102
16894670172000, -0.116675265, -0.15363261, -0.15241088
16894675132000, -0.10567969, -0.1459968, -0.14874569
16894680121000, -0.08032878, -0.14569137, -0.14080444
16894685158000, -0.084910266, -0.13805555, -0.14660765
16894690598000, -0.0729984, -0.14782938, -0.14294247
16894695142000, -0.067500606, -0.1328632, -0.13744467
16894700204000, -0.058948494, -0.13072516, -0.14569137
16894705139000, -0.055283304, -0.13622294, -0.14813483
16894710077000, -0.047036625, -0.13500121, -0.1563815
16894715134000, -0.031154128, -0.12797627, -0.1554652
16894720092000, -0.03481932, -0.1255328, -0.14752395
16894725133000, -0.02443461, -0.119729586, -0.15118915
16894730147000, -0.023518313, -0.1133155, -0.14844026
16894735161000, -0.029321533, -0.106595986, -0.14844026
16894740101000, -0.026267206, -0.10873401, -0.13408493
16894745100000, -0.009162978, -0.098043874, -0.12583824
16894750237000, -0.014049901, -0.106901415, -0.124311075
16894755140000, -0.017104227, -0.116980694, -0.10934488
16894760315000, -0.022602014, -0.11484267, -0.10170906
16894765594000, -0.018020526, -0.12492194, -0.09010262
16894770142000, -0.01863139, -0.122783914, -0.080634214
16894775133000, -0.014660766, -0.12583824, -0.077579886
16894780123000, -0.011301007, -0.12950343, -0.07086037
16894785155000, 0.0033597588, -0.1282817, -0.062308256
16894790136000, 0.022296581, -0.129198, -0.05009095
16894795144000, 0.02565634, -0.12156218, -0.04642576
16894800221000, 0.025045475, -0.115453534, -0.046731193
16894805137000, 0.021685716, -0.10781772, -0.052839845
16894810132000, 0.040317107, -0.09560041, -0.045814894
16894815108000, 0.04428773, -0.086132, -0.043676864
16894820141000, 0.04550946, -0.07422013, -0.036957346
16894825131000, 0.040011674, -0.058337633, -0.03726278
16894830129000, 0.03970624, -0.04550946, -0.04428773
16894835182000, 0.042760566, -0.032070424, -0.0290161
16894840200000, 0.037873644, -0.029626964, -0.032986723
16894845144000, 0.043676864, -0.019242255, -0.024740042
16894850221000, 0.03390302, -0.012217305, -0.026572637
16894855138000, 0.025350908, -0.015882496, -0.02107485
16894860127000, 0.025961773, -0.007941248, -0.013133603
16894865109000, 0.018936822, -0.013133603, -0.011911872
16894870136000, 0.00580322, -0.024129177, -0.010995574
16894875079000, -0.003970624, -0.030848695, -0.017104227
16894880131000, -0.011301007, -0.032070424, -0.017104227
16894885161000, -0.015577064, -0.02687807, -0.011911872
16894890128000, -0.025961773, -0.028099801, -0.004276057
16894895080000, -0.034208454, -0.03359759, -0.0076358155
16894900250000, -0.029932396, -0.036957346, -0.0076358155
16894905081000, -0.03176499, -0.035430185, -0.009162978
16894910158000, -0.04642576, -0.043676864, -0.018020526
16894915128000, -0.04886922, -0.04886922, -0.01282817
16894920145000, -0.05009095, -0.04886922, -0.015882496
16894925126000, -0.048563786, -0.03756821, -0.016493361
16894930112000, -0.057726767, -0.03145956, -0.012217305
16894935176000, -0.056505036, -0.015271631, -0.01160644
16894940201000, -0.064751714, -0.009162978, -0.0106901415
16894945641000, -0.056199603, 0.013133603, -0.008857546
16894950193000, -0.058643065, 0.02107485, -0.009773844
16894955180000, -0.06780604, 0.020463986, -0.01740966
16894960206000, -0.06994407, 0.020463986, -0.021685716
16894965294000, -0.07696902, 0.032986723, -0.021991149
16894970169000, -0.087964594, 0.031154128, -0.0070249503
16894975742000, -0.08552113, 0.023823744, 0.005192355
16894980374000, -0.067500606, 0.07452556, 0.032070424
16894985273000, -0.05375614, 0.08307768, 0.03940081
16894990164000, -0.04550946, 0.055588737, 0.042760566
16894995157000, -0.040011674, 0.05955936, 0.064446285
16895000402000, -0.04337143, 0.084910266, 0.07422013
16895005047000, -0.042760566, 0.118507855, 0.087659165
16895010061000, -0.034513887, 0.18203785, 0.09682214
16895015326000, -0.02565634, 0.24648413, 0.09987647
16895020041000, -0.024129177, 0.31398472, 0.11209377
16895025038000, -0.013439035, 0.36774087, 0.12767084
16895030032000, -0.01038471, 0.38453966, 0.115453534
16895035095000, -0.0036651916, 0.3726278, 0.09101892
16895040044000, -0.00580322, 0.32253686, 0.0720821
16895045038000, -0.007330383, 0.2602286, 0.03604105
16895050270000, -0.024129177, 0.1957823, 0.016187929
16895055129000, -0.023823744, 0.11148291, -0.009773844
16895060111000, -0.05009095, 0.021685716, -0.03268129
16895065127000, -0.06963864, -0.03848451, -0.06047566
16895070136000, -0.07574729, -0.09285152, -0.0693332
16895075133000, -0.08735373, -0.14019357, -0.087659165
16895080130000, -0.08399397, -0.16432275, -0.093767814
16895085737000, -0.100792766, -0.16523905, -0.0983493
16895090220000, -0.096516706, -0.16584991, -0.09590584
16895095232000, -0.099571034, -0.16157386, -0.093767814
16895100269000, -0.08582657, -0.1441642, -0.086132
16895105205000, -0.07666359, -0.12583824, -0.08124508
16895110128000, -0.07238753, -0.101098195, -0.06505715
16895115285000, -0.044898596, -0.06963864, -0.049480084
16895120132000, -0.035430185, -0.039095376, -0.04428773
16895125083000, -0.02565634, -0.020463986, -0.032375857
16895130115000, 9.162979E-4, -0.003970624, -0.021685716
16895135215000, 0.0125227375, 0.013133603, -0.011911872
16895140181000, 0.011911872, 0.015882496, -0.009468411
16895145086000, 0.005497787, 0.019242255, -0.002443461
16895150200000, 0.012217305, 0.027183503, 0.009468411
16895155089000, 0.021685716, 0.029932396, 0.011301007
16895160127000, -0.0027488936, 0.032986723, 0.00580322
16895166625000, -0.008246681, 0.031154128, 0.015882496
16895170131000, 0.00580322, 0.03176499, 0.025350908
16895175125000, -0.0018325958, 0.038789943, 0.034208454
16895180113000, -6.1086525E-4, 0.028710667, 0.035124753
16895185160000, -6.1086525E-4, 0.03481932, 0.028099801
16895190125000, -0.005497787, 0.034208454, 0.031154128
16895195155000, -0.014660766, 0.021991149, 0.032070424
16895200186000, -0.0076358155, 0.018020526, 0.029626964
16895205126000, 0.0036651916, -3.0543262E-4, 0.03268129
16895210125000, 3.0543262E-4, -0.0018325958, 0.03390302
16895215135000, 0.007330383, 0.0036651916, 0.0421497
16895220133000, 0.0027488936, -3.0543262E-4, 0.03726278
16895225127000, 0.004276057, 0.008246681, 0.029626964
16895230112000, -0.0027488936, -3.0543262E-4, 0.03268129
16895235319000, -0.0015271631, -0.0018325958, 0.028405234
16895240097000, -0.0030543262, 9.162979E-4, 0.027488936
16895245096000, -0.01985312, 0.0027488936, 0.026267206
16895250167000, -0.03145956, -0.011301007, 0.03023783
16895255166000, -0.026267206, -0.01160644, 0.024129177
16895260110000, -0.03848451, -0.0021380284, 0.022296581
16895265105000, -0.042760566, 0.0033597588, 0.021685716
16895270260000, -0.040927973, -0.0015271631, 0.021991149
16895275126000, -0.04642576, -0.008857546, 0.016798794
16895280117000, -0.051923547, -0.018325957, 0.01282817
16895285147000, -0.04062254, -0.013439035, 0.01985312
16895290081000, -0.037873644, -0.013133603, 0.018020526
16895295149000, -0.048258353, -0.01282817, 0.0070249503
16895300176000, -0.040011674, -0.009162978, 0.0067195175
16895305127000, -0.030848695, -0.0012217305, 0.0061086523
16895310084000, -0.032375857, -0.010079277, 0.0018325958
16895315104000, -0.031154128, -0.013439035, -6.1086525E-4
16895320107000, -0.036651913, -9.162979E-4, -0.0018325958
16895325120000, -0.040011674, -0.0018325958, -0.0018325958
16895330593000, -0.028710667, -3.0543262E-4, -0.0012217305
16895335144000, -0.029932396, 0.007941248, -9.162979E-4
16895340089000, -0.034208454, 0.005497787, -0.0067195175
16895345117000, -0.03390302, -0.008246681, -0.006414085
16895350179000, -0.036651913, -0.009162978, -0.0027488936
16895355158000, -0.035430185, -0.0106901415, -0.008552114
16895360105000, -0.029932396, -0.015577064, -0.007330383
16895365140000, -0.03023783, -0.007941248, -0.0125227375
16895370138000, -0.03634648, -0.01863139, -0.012217305
16895375184000, -0.039095376, -0.022296581, -0.02321288
16895380150000, -0.02687807, -0.0143553335, -0.021991149
16895385146000, -0.03604105, -0.020463986, -0.02443461
16895390110000, -0.042455133, -0.016187929, -0.021991149
16895395172000, -0.04184427, -0.01282817, -0.020463986
16895400248000, -0.040927973, -0.02443461, -0.025045475
16895405136000, -0.043066, -0.03359759, -0.027183503
16895410133000, -0.049480084, -0.03390302, -0.022907447
16895415154000, -0.044593163, -0.0290161, -0.02107485
16895420113000, -0.051923547, -0.02443461, -0.022907447
16895425135000, -0.038179077, -0.023823744, -0.017104227
16895430118000, -0.028405234, -0.03390302, -0.01985312
16895435173000, -0.03481932, -0.022907447, -0.019547688
16895440138000, -0.028405234, -0.022602014, -0.022602014
16895445105000, -0.017715093, -0.018936822, -0.01740966
16895450198000, -0.019547688, -0.016187929, -0.01740966
16895455131000, -0.015882496, -0.013439035, -0.009162978
16895460098000, -0.018020526, -0.017104227, -0.008246681
16895465148000, -0.016493361, -0.003970624, -0.007330383
16895470136000, -0.02321288, 0.0015271631, -0.002443461
16895475129000, -0.02107485, -0.0021380284, 9.162979E-4
16895480119000, -0.01740966, 0.0061086523, 0.007330383
16895485187000, -0.03023783, 0.0033597588, 0.010079277
16895490166000, -0.027488936, 0.009162978, 0.013133603
16895495090000, -0.027488936, 0.007941248, 0.009162978
16895500189000, -0.038179077, 0.004581489, 0.014966198
16895505101000, -0.030848695, 0.00580322, 0.011911872
16895510132000, -0.03359759, 0.011301007, 0.016798794
16895515088000, -0.03848451, 0.014966198, 0.013744468
16895520208000, -0.025350908, 0.010995574, 0.006414085
16895525076000, -0.040927973, 0.0070249503, 0.01282817
16895530116000, -0.03604105, 0.008246681, 0.016187929
16895535174000, -0.02107485, 0.009773844, 0.014966198
16895540176000, -0.02687807, 0.015882496, 0.018020526
16895545136000, -0.0290161, 0.018936822, 0.0106901415
16895550184000, -0.026572637, 0.01985312, 0.012217305
16895555149000, -0.033292156, 0.024740042, 0.015271631
16895560132000, -0.020463986, 0.021991149, 0.017104227
16895565116000, -0.02687807, 0.032375857, 0.012217305
16895570140000, -0.022296581, 0.032070424, 0.017715093
16895575416000, -0.034208454, 0.033292156, 0.01038471
16895580115000, -0.028099801, 0.03940081, 0.018325957
16895585184000, -0.022602014, 0.032375857, 0.01160644
16895590196000, -0.02565634, 0.03390302, 0.008552114
16895595093000, -0.025961773, 0.037873644, 0.009468411
16895600158000, -0.02107485, 0.032070424, 0.009773844
16895605084000, -0.022907447, 0.03359759, 0.0067195175
16895610131000, -0.022907447, 0.025045475, 0.0125227375
16895615094000, -0.036957346, 0.030543262, 0.011301007
16895620107000, -0.032986723, 0.029932396, 0.0027488936
16895625072000, -0.03573562, 0.034208454, 0.014966198
16895630098000, -0.036957346, 0.034208454, 0.0067195175
16895635178000, -0.039095376, 0.029932396, 0.004581489
16895640131000, -0.036957346, 0.03176499, 0.009468411
16895645082000, -0.03726278, 0.034208454, 0.004886922
16895650190000, -0.033292156, 0.03176499, -0.004886922
16895655110000, -0.031154128, 0.03481932, 0.0015271631
16895660134000, -0.03848451, 0.032986723, -0.002443461
16895665164000, -0.03145956, 0.031154128, -0.004886922
16895670122000, -0.032070424, 0.030848695, -0.004276057
16895675157000, -0.032986723, 0.02107485, -0.007941248
16895680140000, -0.021685716, 0.013744468, -0.007941248
16895685186000, -0.018325957, 0.009468411, -0.007941248
16895690172000, -0.023823744, 0.01038471, -0.010079277
16895695136000, -0.029321533, 0.004581489, -0.010995574
16895700178000, -0.025350908, 0.004581489, 9.162979E-4
16895705131000, -0.03634648, 0.0015271631, -0.007941248
16895710123000, -0.029932396, -0.0061086523, -0.004886922
16895715103000, -0.022296581, -6.1086525E-4, -0.008552114
16895720142000, -0.033292156, -0.0033597588, -0.01160644
16895725131000, -0.026572637, -0.0076358155, -0.01282817
16895730149000, -0.023823744, -0.013133603, -0.010079277
16895735159000, -0.0290161, -0.0076358155, -0.008552114
16895740119000, -0.018325957, -0.0076358155, -0.005497787
16895745127000, -0.021380283, 3.0543262E-4, -0.008857546
16895750162000, -0.0290161, -0.0036651916, -0.0061086523
16895755134000, -0.022602014, -0.0015271631, -0.011301007
16895760120000, -0.029321533, 0.008552114, -0.005497787
16895765089000, -0.040317107, 0.007330383, -0.004581489
16895770132000, -0.025045475, 0.01282817, -0.004886922
16895775132000, -0.040317107, 0.015271631, -0.0076358155
16895780115000, -0.040927973, 0.01740966, -0.0027488936
16895785160000, -0.03940081, 0.026572637, -0.0061086523
16895790135000, -0.043066, 0.02443461, -0.008857546
16895795130000, -0.049480084, 0.022296581, -0.0076358155
16895800243000, -0.047647487, 0.013744468, -0.0125227375
16895805140000, -0.054061573, 0.0061086523, -0.010079277
16895810130000, -0.040317107, 0.005192355, -0.00580322
16895815107000, -0.04550946, 0.009468411, -0.0036651916
16895820109000, -0.045814894, 0.009468411, -0.007330383
16895825132000, -0.0421497, -9.162979E-4, -0.007941248
16895830113000, -0.03848451, 9.162979E-4, -0.0012217305
16895835164000, -0.046731193, -6.1086525E-4, -0.004886922
16895840083000, -0.03848451, -0.006414085, -0.009468411
16895845127000, -0.032986723, -0.011301007, -0.004886922
16895850226000, -0.03940081, -0.0015271631, -0.004581489
16895855140000, -0.03970624, 0.008246681, -0.0015271631
16895860101000, -0.03726278, 0.005497787, -9.162979E-4
16895865109000, -0.032070424, 0.0018325958, 0.0021380284
16895870111000, -0.034208454, 0.0143553335, 6.1086525E-4
16895875132000, -0.040011674, 0.014660766, 0.0012217305
16895880112000, -0.03390302, 0.014660766, -6.1086525E-4
16895885136000, -0.03573562, 0.014966198, 0.0015271631
16895890083000, -0.0421497, 0.011911872, 0.0076358155
16895895140000, -0.03359759, 0.018936822, 0.0036651916
16895900243000, -0.03145956, 0.01985312, 0.0061086523
16895905138000, -0.032375857, 0.016798794, 0.009468411
16895910071000, -0.032986723, 0.015882496, 0.011301007
16895915107000, -0.038179077, 0.02443461, 0.010079277
16895920087000, -0.03481932, 0.02443461, 0.0067195175
16895925133000, -0.026267206, 0.02321288, 0.007330383
16895930115000, -0.03145956, 0.0106901415, 0.00580322
16895935186000, -0.02565634, 0.004276057, 0.008552114
16895940159000, -0.037873644, 0.004276057, 0.009468411
16895945127000, -0.025045475, 0.0061086523, 0.009162978
16895950199000, -0.01985312, 0.010995574, 0.009773844
16895955133000, -0.027794369, 0.0106901415, 0.010079277
16895960103000, -0.024129177, -9.162979E-4, 0.012217305
16895965582000, -0.01985312, 0.0076358155, 0.01985312
16895970111000, -0.022907447, 0.006414085, 0.004886922
16895975129000, -0.017104227, 0.004581489, 0.0143553335
16895980112000, -0.018020526, 0.0125227375, 0.018936822
16895985219000, -0.014966198, 0.0125227375, 0.020463986
16895990214000, -0.02687807, 0.015577064, 0.015577064
16895995134000, -0.014049901, 0.013744468, 0.015271631
16896000216000, -0.023823744, 0.008246681, 0.019242255
16896005139000, -0.01863139, 0.017715093, 0.02107485
16896010131000, -0.03359759, 0.016187929, 0.01985312
16896015138000, -0.02687807, 0.013133603, 0.016798794
16896020173000, -0.02443461, 0.008552114, 0.01160644
16896025132000, -0.028710667, 0.0070249503, 0.009468411
16896030115000, -0.028710667, 0.005497787, 0.0125227375
16896035241000, -0.029321533, -0.004581489, 0.016798794
16896040189000, -0.023823744, 6.1086525E-4, 0.013133603
16896045129000, -0.022296581, -3.0543262E-4, 0.0143553335
16896050205000, -0.029626964, -0.0061086523, 0.009468411
16896055137000, -0.02076942, -9.162979E-4, 0.0067195175
16896060132000, -0.027183503, 0.0036651916, 0.011911872
16896065106000, -0.029932396, 0.002443461, 0.008552114
16896070132000, -0.028099801, -0.007330383, 0.0106901415
16896075132000, -0.025350908, -0.0070249503, 0.0061086523
16896080126000, -0.024129177, -0.004581489, 0.006414085
16896085183000, -0.030543262, 0.0015271631, 0.007330383
16896090170000, -0.03604105, -0.009162978, 0.010079277
16896095142000, -0.03176499, -0.004581489, 0.01160644
16896100185000, -0.036957346, -0.0033597588, 0.0070249503
16896105137000, -0.030848695, 0.0021380284, 0.01282817
16896110128000, -0.015882496, -0.004581489, 0.0061086523
16896115110000, -0.032070424, -0.003970624, 0.0106901415
16896120136000, -0.027183503, -3.0543262E-4, 0.013744468
16896125074000, -0.030848695, -3.0543262E-4, 0.007330383
16896130112000, -0.028710667, 0.0027488936, 0.0143553335
16896135127000, -0.027183503, 0.004581489, 0.0143553335
16896140197000, -0.027183503, -0.0036651916, 0.011911872
16896145074000, -0.036957346, -0.0015271631, 0.009773844
16896150162000, -0.021685716, 0.0015271631, 0.013439035
