#Rate of rotation around the x y z axes (Angular velocity).
#timestamp(ns),x,y,z(rad/s)
#Datetime: 18/05/2015 11:54:53
##########################################
#Activity: 8 - CSI - Car-Step in - 6s
#Subject ID: 54
#First Name: sub54
#Last Name: sub54
#Age: 27
#Height(cm): 164
#Weight(kg): 55
#Gender: Female
##########################################

@DATA
2394146040000, -0.0125227375, 0.013133603, 0.0015271631
2394151054000, -0.015271631, 0.012217305, -0.0021380284
2394156125000, -0.01160644, 0.0106901415, -0.008246681
2394161173000, -0.018020526, 0.015882496, -0.0033597588
2394166175000, -0.014660766, 0.008552114, -0.01282817
2394171059000, -0.008552114, 0.01038471, -0.01038471
2394176053000, -0.010995574, 0.008857546, -0.009162978
2394181019000, -0.014049901, 0.015271631, -0.012217305
2394186039000, -0.0143553335, 0.01160644, -0.014049901
2394191037000, -0.0076358155, 0.008246681, -0.0070249503
2394196033000, -0.008857546, 0.01282817, -0.015271631
2394201009000, -0.0076358155, 0.014660766, -0.018936822
2394206065000, -0.007330383, 0.01863139, -0.005497787
2394211058000, -0.015271631, 0.02107485, -0.014966198
2394216023000, -0.009162978, 0.02687807, -0.007330383
2394221007000, -0.007330383, 0.026267206, -0.0070249503
2394226048000, -0.015577064, 0.029932396, -0.009773844
2394231012000, -0.01863139, 0.027183503, -0.008857546
2394236017000, -0.007330383, 0.033292156, -0.005192355
2394241027000, -0.010079277, 0.03756821, 0.0015271631
2394246032000, -0.01282817, 0.036957346, 6.1086525E-4
2394251010000, -0.017104227, 0.040011674, 0.005497787
2394256070000, -0.026572637, 0.04153884, 0.0015271631
2394261073000, -0.008246681, 0.040317107, 0.004581489
2394266015000, -0.009773844, 0.041233405, 0.005192355
2394271007000, -0.015577064, 0.043982297, 0.0036651916
2394276041000, -0.017104227, 0.045814894, -9.162979E-4
2394281050000, -0.010995574, 0.051618114, -9.162979E-4
2394286052000, -0.015577064, 0.050396383, 0.005192355
2394291088000, -0.018325957, 0.047647487, 0.006414085
2394296056000, -0.01740966, 0.046120327, 0.008246681
2394301579000, -0.020158553, 0.058948494, 0.0027488936
2394306138000, -0.016798794, 0.050396383, -0.0018325958
2394311174000, -0.016493361, 0.050701816, 0.0021380284
2394316169000, -0.018325957, 0.043982297, 0.003970624
2394321053000, -0.016493361, 0.047647487, -0.0030543262
2394326104000, -0.01282817, 0.044593163, -0.008246681
2394331057000, -0.01985312, 0.04428773, -0.008857546
2394336053000, -0.011911872, 0.041233405, -0.013133603
2394341092000, -0.022907447, 0.034513887, -0.004276057
2394346033000, -0.01740966, 0.036957346, -0.0076358155
2394351053000, -0.01863139, 0.035430185, -0.0070249503
2394356085000, -0.016798794, 0.03023783, -0.005192355
2394361195000, -0.018325957, 0.02687807, -0.0033597588
2394366085000, -0.02443461, 0.029932396, 0.004581489
2394371379000, -0.02565634, 0.025045475, -9.162979E-4
2394376107000, -0.029626964, 0.02687807, -0.0033597588
2394381057000, -0.02687807, 0.019547688, 0.0012217305
2394386049000, -0.029321533, 0.022602014, -0.0033597588
2394391069000, -0.023823744, 0.018936822, 0.0015271631
2394396127000, -0.02321288, 0.024129177, -0.004886922
2394401061000, -0.020158553, 0.01740966, 0.003970624
2394406109000, -0.019242255, 0.018020526, 3.0543262E-4
2394411209000, -0.022907447, 0.011301007, -0.004886922
2394416172000, -0.01863139, 0.028710667, 0.003970624
2394421057000, -0.022907447, 0.018020526, -0.0021380284
2394426088000, -0.027488936, 0.013133603, -0.006414085
2394431053000, -0.028099801, 0.014660766, -0.006414085
2394436050000, -0.028405234, 0.015577064, -0.005192355
2394441137000, -0.028710667, 0.0143553335, -9.162979E-4
2394446032000, -0.030848695, 0.01985312, -0.003970624
2394451037000, -0.033292156, 0.017715093, -0.008246681
2394456108000, -0.035124753, 0.015882496, -0.004276057
2394461208000, -0.033292156, 0.009468411, -9.162979E-4
2394466159000, -0.029932396, 0.018020526, 0.0036651916
2394471055000, -0.032070424, 0.011301007, -3.0543262E-4
2394476083000, -0.031154128, 0.014966198, -0.0021380284
2394481057000, -0.024129177, 0.01863139, -0.005192355
2394486053000, -0.02076942, 0.017715093, 0.0021380284
2394491065000, -0.028099801, 0.021380283, 0.005192355
2394496072000, -0.027488936, 0.02443461, -0.0018325958
2394501052000, -0.033292156, 0.0290161, -0.0030543262
2394506077000, -0.041233405, 0.02321288, 0.002443461
2394511179000, -0.02687807, 0.03604105, 0.002443461
2394516056000, -0.021380283, 0.03634648, 0.004886922
2394521058000, -0.02076942, 0.042455133, 0.0021380284
2394526130000, -0.029321533, 0.04062254, 0.0125227375
2394531051000, -0.018936822, 0.05222898, 0.005192355
2394536062000, -0.025350908, 0.05467244, 0.009162978
2394541055000, -0.021380283, 0.056505036, 0.008857546
2394546054000, -0.020158553, 0.052839845, 0.01038471
2394551054000, -0.010079277, 0.057726767, 0.009162978
2394556076000, -0.016493361, 0.06352998, 0.011301007
2394561124000, -0.015577064, 0.07238753, 0.0125227375
2394566059000, -0.018325957, 0.08002335, 0.01863139
2394571041000, -0.020158553, 0.095294975, 0.01863139
2394576097000, -0.021685716, 0.089186326, 0.02076942
2394581087000, -0.013133603, 0.09162979, 0.032070424
2394586057000, -0.028099801, 0.09865474, 0.032986723
2394591069000, -0.030543262, 0.10476339, 0.024129177
2394596073000, -0.029321533, 0.1133155, 0.03359759
2394601057000, -0.021685716, 0.11484267, 0.03634648
2394606103000, -0.02443461, 0.11728613, 0.040011674
2394611203000, -0.035430185, 0.1160644, 0.04062254
2394616087000, -0.03145956, 0.12767084, 0.046731193
2394621040000, -0.03176499, 0.12522738, 0.042760566
2394626728000, -0.020463986, 0.12889257, 0.04062254
2394631054000, -0.029626964, 0.1337795, 0.043676864
2394636039000, -0.03940081, 0.13530666, 0.048563786
2394641078000, -0.036957346, 0.14110987, 0.04795292
2394646068000, -0.03940081, 0.13897185, 0.053145275
2394651041000, -0.038179077, 0.1459968, 0.048563786
2394656096000, -0.050396383, 0.14935656, 0.056199603
2394661174000, -0.049480084, 0.1518, 0.056505036
2394666152000, -0.048258353, 0.15607607, 0.06169739
2394671047000, -0.050701816, 0.15577064, 0.0580322
2394676097000, -0.053145275, 0.15332718, 0.059864793
2394681055000, -0.05497787, 0.1554652, 0.06872234
2394686035000, -0.05955936, 0.16310102, 0.064446285
2394691074000, -0.060170226, 0.15882497, 0.06963864
2394696870000, -0.058337633, 0.16249016, 0.0729984
2394701040000, -0.07147124, 0.15515977, 0.079107046
2394706094000, -0.06994407, 0.160963, 0.0729984
2394711180000, -0.06383542, 0.16829337, 0.076358154
2394716086000, -0.06627888, 0.1704314, 0.07971791
2394721049000, -0.07269296, 0.17256944, 0.07452556
2394726090000, -0.079107046, 0.1695151, 0.06841691
2394731054000, -0.083383106, 0.17134771, 0.06505715
2394736045000, -0.09743301, 0.16707164, 0.061391957
2394741073000, -0.096516706, 0.16982053, 0.059253927
2394746072000, -0.11575896, 0.15974127, 0.057726767
2394751049000, -0.10720685, 0.1600467, 0.0571159
2394756079000, -0.1255328, 0.17134771, 0.048258353
2394761217000, -0.13072516, 0.17287487, 0.05497787
2394766563000, -0.13103059, 0.17470746, 0.05467244
2394771061000, -0.13775012, 0.17134771, 0.06078109
2394776019000, -0.13164146, 0.18081611, 0.06383542
2394781035000, -0.1337795, 0.17562376, 0.070249505
2394785999000, -0.1337795, 0.17989981, 0.07238753
2394791046000, -0.1337795, 0.16798794, 0.09162979
2394796021000, -0.13316862, 0.15974127, 0.095294975
2394801051000, -0.12980886, 0.1572978, 0.10842858
2394806035000, -0.12370021, 0.14538592, 0.121256754
2394811103000, -0.12095132, 0.12370021, 0.13927728
2394816003000, -0.11453723, 0.10262536, 0.14782938
2394821048000, -0.10995574, 0.08735373, 0.16554448
2394826021000, -0.11056661, 0.06566802, 0.17440203
2394831040000, -0.09987647, 0.029932396, 0.19150625
2394836089000, -0.09040806, 0.021380283, 0.19211712
2394841088000, -0.09315695, -0.002443461, 0.19822577
2394846112000, -0.089491755, -0.03023783, 0.19883664
2394851115000, -0.089491755, -0.047036625, 0.20647246
2394856027000, -0.12217305, -0.053450707, 0.20097467
2394861027000, -0.12797627, -0.048563786, 0.19792034
2394865970000, -0.14996742, -0.055283304, 0.19242255
2394870937000, -0.16523905, -0.050701816, 0.1881465
2394875984000, -0.19150625, -0.046120327, 0.19120082
2394880968000, -0.22021692, -0.036651913, 0.1853976
2394885988000, -0.24801129, -0.02565634, 0.18295415
2394890984000, -0.27305678, -0.013439035, 0.19058995
2394895990000, -0.30940324, 0.0018325958, 0.18417588
2394900978000, -0.3268129, 0.0143553335, 0.19120082
2394905990000, -0.30940324, 0.039095376, 0.19608775
2394910984000, -0.31703907, 0.08552113, 0.18967366
2394915960000, -0.31612277, 0.12705997, 0.18112154
2394920956000, -0.32620203, 0.1600467, 0.17745635
2394925978000, -0.3359759, 0.19456059, 0.16768251
2394930961000, -0.34422258, 0.21410827, 0.16401732
2394935955000, -0.32162055, 0.25442538, 0.1704314
2394940986000, -0.29718593, 0.28160888, 0.16187929
2394945955000, -0.2874121, 0.28008172, 0.15699236
2394951742000, -0.2910773, 0.26145032, 0.1518
2394956084000, -0.2968805, 0.25350907, 0.14110987
2394961094000, -0.2919936, 0.21166481, 0.13897185
2394966060000, -0.28924468, 0.15088372, 0.13897185
2394971006000, -0.2773328, 0.09285152, 0.14630222
2394976024000, -0.26206118, 0.059864793, 0.1740966
2394981027000, -0.24923302, 0.04917465, 0.18081611
2394986006000, -0.25137106, 0.05681047, 0.19394971
2394991036000, -0.2510656, 0.08582657, 0.20616703
2394996039000, -0.25717425, 0.12034045, 0.22143865
2395001031000, -0.26267207, 0.14874569, 0.2415972
2395006094000, -0.25289822, 0.16982053, 0.25381452
2395011065000, -0.22540927, 0.18478674, 0.24831672
2395016090000, -0.19456059, 0.19303341, 0.25442538
2395021679000, -0.1518, 0.20311269, 0.26206118
2395026030000, -0.10629055, 0.20616703, 0.25961772
2395031005000, -0.043982297, 0.20769419, 0.25961772
2395036006000, -0.0015271631, 0.20463985, 0.267559
2395041016000, 0.04428773, 0.20647246, 0.2648101
2395046046000, 0.065973446, 0.23762658, 0.27214047
2395051020000, 0.06566802, 0.25809056, 0.28130344
2395056047000, 0.055588737, 0.26725355, 0.2910773
2395061134000, 0.01160644, 0.2864958, 0.29718593
2395066086000, -0.022907447, 0.30543262, 0.2874121
2395071025000, -0.04642576, 0.32253686, 0.26908615
2395076037000, -0.059253927, 0.35277468, 0.25381452
2395081014000, -0.08246681, 0.36743546, 0.25625798
2395086006000, -0.1020145, 0.3811799, 0.26083946
2395091604000, -0.105068825, 0.410196, 0.2733622
2395096047000, -0.08399397, 0.42271876, 0.27763826
2395101007000, -0.06658431, 0.43463063, 0.27885997
2395106038000, -0.040011674, 0.43768495, 0.28221974
2395111108000, -0.01985312, 0.45448375, 0.30909783
2395116085000, 0.008857546, 0.4560109, 0.3286455
2395120989000, 0.065973446, 0.43127087, 0.34666604
2395126033000, 0.099571034, 0.3924809, 0.35918877
2395131036000, 0.12644911, 0.34788775, 0.37018433
2395136007000, 0.14508049, 0.2837469, 0.38728857
2395141041000, 0.16676621, 0.2012801, 0.39767328
2395146040000, 0.18020524, 0.13683382, 0.40011674
2395151024000, 0.19730948, 0.10781772, 0.39828414
2395156026000, 0.20250183, 0.029626964, 0.40653083
2395161385000, 0.20830505, -0.04642576, 0.42088616
2395166008000, 0.22266038, -0.1133155, 0.43279803
2395171008000, 0.22174409, -0.17959438, 0.4447099
2395176034000, 0.21594086, -0.23548855, 0.4633413
2395181017000, 0.21288654, -0.2950479, 0.47678033
2395186011000, 0.20463985, -0.3277292, 0.4792238
2395191031000, 0.20708331, -0.36743546, 0.48991394
2395196058000, 0.19822577, -0.38912117, 0.49632803
2395201012000, 0.20708331, -0.4120286, 0.50976706
2395206038000, 0.21899518, -0.41325033, 0.5119051
2395211072000, 0.23671028, -0.42394048, 0.5222898
2395216032000, 0.2501493, -0.43218717, 0.5296202
2395221010000, 0.26267207, -0.44501534, 0.54428095
2395226026000, 0.25350907, -0.4859433, 0.54000485
2395231067000, 0.26511553, -0.52473325, 0.5537493
2395236005000, 0.28130344, -0.5687156, 0.5546656
2395241032000, 0.28191432, -0.6160576, 0.56688297
2395246059000, 0.26236662, -0.6453791, 0.57787853
2395251030000, 0.23915374, -0.6805039, 0.57910025
2395256049000, 0.23518312, -0.7180721, 0.58246
2395261122000, 0.2049453, -0.7495316, 0.5946773
2395266089000, 0.15790866, -0.7870999, 0.5879578
2395271008000, 0.12156218, -0.8072584, 0.59712076
2395276892000, 0.09132435, -0.82558435, 0.6010914
2395281021000, 0.07147124, -0.8210029, 0.6105598
2395286008000, 0.0290161, -0.82253003, 0.6056729
2395291032000, 0.0033597588, -0.8185594, 0.6020077
2395296106000, -0.023823744, -0.7959574, 0.60048056
2395301017000, -0.044593163, -0.7800749, 0.593761
2395306018000, -0.05131268, -0.7806858, 0.5873469
2395311103000, -0.04795292, -0.7696902, 0.5723807
2395316046000, -0.039095376, -0.75136423, 0.5696318
2395321005000, -0.02565634, -0.73731434, 0.56046885
2395326009000, -0.02443461, -0.7189884, 0.5534439
2395331017000, -0.0143553335, -0.6960809, 0.5348125
2395335978000, 0.003970624, -0.6899723, 0.5235115
2395341030000, 0.03359759, -0.6722572, 0.5015204
2395346895000, 0.07269296, -0.6291912, 0.49388456
2395351010000, 0.11178834, -0.61453044, 0.4822781
2395356166000, 0.12034045, -0.5900958, 0.46303585
2395361075000, 0.115453534, -0.5702427, 0.44532076
2395366284000, 0.13500121, -0.5342017, 0.41813725
2395371017000, 0.121256754, -0.4810564, 0.40439278
2395376050000, 0.113926366, -0.44043383, 0.38759398
2395381016000, 0.122783914, -0.39461896, 0.38087448
2395385988000, 0.110872045, -0.33750305, 0.37293324
2395391035000, 0.12034045, -0.2773328, 0.35979962
2395396119000, 0.12797627, -0.20677789, 0.34330627
2395401012000, 0.1282817, -0.13561209, 0.32986724
2395406043000, 0.11148291, -0.09987647, 0.31031954
2395411058000, 0.10415252, -0.055283304, 0.29260445
2395416771000, 0.118507855, -0.014966198, 0.25961772
2395421009000, 0.11789699, -0.004276057, 0.22999077
2395426038000, 0.106595986, -0.018325957, 0.18967366
2395431022000, 0.10781772, -0.035124753, 0.15760323
2395436006000, 0.113926366, -0.045814894, 0.112704635
2395441062000, 0.11362094, -0.06291912, 0.07574729
2395446103000, 0.11484267, -0.1142318, 0.06261369
2395451081000, 0.11209377, -0.15515977, 0.023518313
2395456022000, 0.102319926, -0.18509217, -0.004886922
2395461318000, 0.0888809, -0.2321288, -0.05100725
2395466063000, 0.053145275, -0.28038713, -0.083383106
2395471011000, 0.014660766, -0.32925636, -0.11484267
2395476034000, -0.019547688, -0.3830125, -0.13988814
2395481016000, -0.058643065, -0.45265114, -0.14172074
2395486018000, -0.07269296, -0.49938235, -0.16310102
2395491029000, -0.076052725, -0.5360342, -0.18325958
2395496088000, -0.1020145, -0.5858198, -0.21624629
2395501219000, -0.12797627, -0.6267477, -0.25595254
2395506019000, -0.16218472, -0.6310238, -0.27977628
2395511240000, -0.19120082, -0.66767573, -0.30634892
2395516015000, -0.21746802, -0.70952, -0.3155119
2395521200000, -0.22968534, -0.7122689, -0.32436943
2395526099000, -0.23701571, -0.72418076, -0.33414328
2395531316000, -0.26297748, -0.766025, -0.36163223
2395536061000, -0.27977628, -0.80970186, -0.4007276
2395541016000, -0.30665436, -0.82619524, -0.4083634
2395546144000, -0.32070425, -0.8527679, -0.4120286
2395551037000, -0.34422258, -0.91996306, -0.40561453
2395556088000, -0.35002577, -0.97494096, -0.39614612
2395561103000, -0.35277468, -0.9966267, -0.38453966
2395566081000, -0.38759398, -1.0231993, -0.3943135
2395571079000, -0.41691554, -1.0558805, -0.40561453
2395576092000, -0.43035457, -1.1059716, -0.40622538
2395581062000, -0.48166725, -1.1716396, -0.40744713
2395586053000, -0.49388456, -1.2455542, -0.4202753
2395591071000, -0.5213735, -1.3286319, -0.4166101
2395596105000, -0.52778757, -1.3796391, -0.3921755
2395601060000, -0.5510005, -1.4266758, -0.38728857
2395606071000, -0.573297, -1.4630222, -0.36987892
2395611186000, -0.6133087, -1.4953982, -0.36010507
2395616098000, -0.6218608, -1.5314392, -0.3555236
2395621059000, -0.6404922, -1.5515977, -0.3484986
2395626062000, -0.64812803, -1.5696182, -0.36132678
2395631060000, -0.64873886, -1.5793921, -0.3643811
2395636048000, -0.64965516, -1.5745052, -0.38728857
2395641090000, -0.6478226, -1.5711454, -0.39950588
2395646137000, -0.6337727, -1.5671748, -0.39828414
2395651057000, -0.60231316, -1.557401, -0.39278635
2395656059000, -0.5833763, -1.5430456, -0.39095375
2395661114000, -0.5671884, -1.5234979, -0.4034765
2395666051000, -0.5699373, -1.5100589, -0.4156938
2395671878000, -0.571159, -1.4908166, -0.41355577
2395676074000, -0.58123827, -1.4810427, -0.4269948
2395681063000, -0.59437186, -1.4966198, -0.40469822
2395686035000, -0.591623, -1.5039502, -0.3817908
2395691083000, -0.59437186, -1.5289958, -0.3567453
2395696086000, -0.63591075, -1.568091, -0.34880406
2395701055000, -0.6579019, -1.5818355, -0.34391713
2395706024000, -0.68875057, -1.5989398, -0.3387248
2395711098000, -0.71685034, -1.6218473, -0.34483343
2395716001000, -0.74128497, -1.6389514, -0.33505958
2395721062000, -0.76052725, -1.6749926, -0.30115658
2395726035000, -0.766025, -1.6914859, -0.25350907
2395731058000, -0.79473567, -1.6884315, -0.21471913
2395736031000, -0.82527894, -1.6701056, -0.18936823
2395741185000, -0.838718, -1.6368134, -0.15241088
2395746068000, -0.8588765, -1.5961909, -0.1255328
2395751055000, -0.8888089, -1.5335772, -0.0571159
2395756076000, -0.8875872, -1.4651603, 0.025350908
2395761198000, -0.90041536, -1.3808609, 0.113926366
2395766214000, -0.9068295, -1.2916746, 0.21471913
2395771054000, -0.8921687, -1.1682798, 0.3032946
2395776391000, -0.8561276, -1.0231993, 0.38056904
2395781061000, -0.8042041, -0.872621, 0.42455134
2395785989000, -0.77732605, -0.7315111, 0.43004912
2395791038000, -0.7629707, -0.63132924, 0.4071417
2395796008000, -0.75808376, -0.54550266, 0.3484986
2395801052000, -0.77824235, -0.5137377, 0.2941316
2395806124000, -0.83260936, -0.5867361, 0.19120082
2395811094000, -0.895223, -0.6133087, 0.11484267
2395816020000, -0.9776898, -0.59864795, 0.070249505
2395821006000, -1.0332786, -0.68844515, 0.070554934
2395826047000, -1.0800097, -0.77182823, 0.05222898
2395831014000, -1.1203269, -0.81397796, 0.08552113
2395836011000, -1.1545353, -0.9080512, 0.115453534
2395841031000, -1.1575897, -1.0253373, 0.12095132
2395846090000, -1.1252137, -1.1472049, 0.14202617
2395850994000, -1.0882565, -1.2476922, 0.17531833
2395856030000, -1.0329732, -1.3588698, 0.21685717
2395861047000, -0.9560041, -1.5088371, 0.19425514
2395866125000, -0.94897914, -1.6493362, 0.15821409
2395871016000, -0.915687, -1.6508633, 0.13897185
2395876104000, -0.7669413, -1.5784758, 0.12186762
2395881118000, -0.68019843, -1.5387696, 0.022907447
2395886064000, -0.6041457, -1.4999796, -0.081855945
2395891195000, -0.56291234, -1.3955216, -0.1704314
2395896092000, -0.54550266, -1.2638801, -0.29840767
2395901404000, -0.5317582, -1.1071932, -0.4120286
2395906112000, -0.50701815, -0.9468411, -0.44959682
2395911026000, -0.45540005, -0.71929383, -0.44959682
2395916092000, -0.39950588, -0.5143485, -0.44593164
2395921009000, -0.35033122, -0.3555236, -0.45265114
2395926087000, -0.3051272, -0.22968534, -0.4605924
2395930998000, -0.2751948, -0.18173242, -0.47647488
2395936055000, -0.26083946, -0.116980694, -0.48563787
2395941006000, -0.23884831, -0.07238753, -0.49663344
2395946051000, -0.23640485, 0.009162978, -0.47494772
2395951011000, -0.22571471, 0.03604105, -0.44837508
2395956100000, -0.22815818, 0.02076942, -0.41538838
2395961050000, -0.21105394, -0.0015271631, -0.39767328
2395966052000, -0.20708331, -0.0290161, -0.38056904
2395971061000, -0.21410827, -0.058337633, -0.3576616
2395976081000, -0.21135938, -0.09560041, -0.34422258
2395981055000, -0.1994475, -0.13622294, -0.33505958
2395986043000, -0.19914207, -0.18600847, -0.31978795
2395991079000, -0.21594086, -0.24770586, -0.30482176
2395996310000, -0.22785273, -0.3173445, -0.29871312
2396001060000, -0.2574797, -0.45631635, -0.2910773
2396006081000, -0.26816985, -0.42180246, -0.26511553
2396011142000, -0.27397305, -0.4034765, -0.21074851
2396016058000, -0.27916542, -0.43554693, -0.18936823
2396021034000, -0.3100141, -0.42455134, -0.14966199
2396026086000, -0.32375857, -0.3998113, -0.07727446
2396031758000, -0.3222314, -0.35124752, -0.0076358155
2396036059000, -0.31520647, -0.30879238, 0.030848695
2396041110000, -0.32070425, -0.25992316, 0.10903945
2396046148000, -0.31306845, -0.18234327, 0.16187929
2396051037000, -0.31306845, -0.12339478, 0.1600467
2396056064000, -0.31245756, -0.06383542, 0.111177474
2396061196000, -0.32406402, -0.022296581, 0.0580322
2396066233000, -0.31703907, 3.0543262E-4, 0.021685716
2396071040000, -0.29626966, 0.10293079, 0.004276057
2396076046000, -0.2706133, 0.16065755, -0.008552114
2396081058000, -0.2687807, 0.19822577, -0.040011674
2396086010000, -0.3145956, 0.21105394, -0.042760566
2396091064000, -0.36713, 0.23060162, -0.03481932
2396096033000, -0.44623706, 0.23640485, -0.009773844
2396101583000, -0.5308419, 0.23365596, 0.027794369
2396106030000, -0.60994893, 0.2134974, 0.050701816
2396111191000, -0.66981375, 0.17531833, 0.07788532
2396115989000, -0.7302894, 0.17287487, 0.099571034
2396121040000, -0.77946407, 0.15699236, 0.102319926
2396126051000, -0.83199847, 0.15241088, 0.087964594
2396131062000, -0.86590147, 0.14294247, 0.07696902
2396136033000, -0.89675015, 0.14874569, 0.090713486
2396141076000, -0.93859446, 0.15974127, 0.109650314
2396146161000, -0.9801333, 0.14813483, 0.129198
2396151037000, -1.0363328, 0.12003502, 0.13469578
2396156034000, -1.0943651, 0.111177474, 0.14844026
2396161114000, -1.1426234, 0.09315695, 0.14019357
2396165997000, -1.1728612, 0.06994407, 0.09437868
2396171247000, -1.2140946, 0.019547688, 0.052839845
2396176011000, -1.2452488, -0.0030543262, -0.011301007
2396181057000, -1.2641857, -0.038179077, -0.09560041
2396186051000, -1.2883148, -0.043982297, -0.19272798
2396191059000, -1.2901474, -0.11026118, -0.23671028
2396196111000, -1.287704, -0.0421497, -0.16707164
2396200996000, -1.2953397, 0.0290161, -0.10445796
2396206056000, -1.2385293, 0.018020526, -0.14538592
2396211081000, -1.2727377, -0.0018325958, -0.2012801
2396216042000, -1.321607, -0.0030543262, -0.24404067
2396221084000, -1.3765849, 0.0033597588, -0.25259277
2396226085000, -1.4343116, 0.018936822, -0.2864958
2396231111000, -1.4697418, 0.054367006, -0.29840767
2396236037000, -1.5155567, 0.10995574, -0.33200526
2396241008000, -1.5745052, 0.18142697, -0.34422258
2396246124000, -1.6065756, 0.28191432, -0.34147367
2396250989000, -1.6453656, 0.3915646, -0.34269542
2396256073000, -1.6771306, 0.45478916, -0.29840767
2396261057000, -1.720502, 0.45998153, -0.29352075
2396266042000, -1.783421, 0.44959682, -0.23518312
2396271055000, -1.87444, 0.4636467, -0.17012598
2396276090000, -1.9385809, 0.4642576, -0.11728613
2396281046000, -2.017077, 0.4718934, -0.07727446
2396286036000, -2.087632, 0.42852196, -0.04520403
2396291072000, -2.1566598, 0.3747658, -6.1086525E-4
2396296141000, -2.2046127, 0.35369098, 0.04550946
2396301055000, -2.2272146, 0.30787608, 0.09315695
2396306074000, -2.2327125, 0.23915374, 0.14966199
2396311126000, -2.2495112, 0.14263703, 0.18936823
2396316059000, -2.2751677, 0.07513642, 0.20586158
2396321073000, -2.293799, 0.057726767, 0.2874121
2396326073000, -2.3020456, -0.008857546, 0.29932398
2396331040000, -2.3051, -0.0571159, 0.31490102
2396336055000, -2.325564, -0.10323623, 0.42180246
2396341078000, -2.3331997, -0.15271631, 0.48288897
2396346103000, -2.3499987, -0.21166481, 0.5158757
2396351050000, -2.3701572, -0.23701571, 0.6600399
2396356654000, -2.3597724, -0.29168814, 0.7452556
2396361109000, -2.323426, -0.35796702, 0.80909103
2396366014000, -2.289523, -0.38148534, 0.8961393
2396371051000, -2.252871, -0.3155119, 0.97494096
2396376006000, -2.1789563, -0.35460728, 0.95294976
2396381061000, -2.1282544, -0.398895, 1.0082331
2396385987000, -2.0922134, -0.38820487, 1.1038336
2396391098000, -2.0482311, -0.35430184, 1.1606439
2396396158000, -2.0042489, -0.3277292, 1.210124
2396401040000, -1.9501873, -0.30726522, 1.2623531
2396406069000, -1.9089539, -0.30573806, 1.3164146
2396411109000, -1.8664987, -0.28985557, 1.3121386
2396416018000, -1.8051068, -0.28527406, 1.368949
2396421062000, -1.7785342, -0.31398472, 1.4074335
2396426657000, -1.7788396, -0.34025195, 1.423316
2396431060000, -1.7577647, -0.32498032, 1.4318681
2396436398000, -1.7363845, -0.29046643, 1.4468343
2396441070000, -1.7162259, -0.269697, 1.4535538
2396446082000, -1.7018706, -0.25992316, 1.4340062
2396451052000, -1.6713274, -0.18051068, 1.4135422
2396456014000, -1.6331482, -0.13500121, 1.3952162
2396461119000, -1.5974126, -0.101098195, 1.3573426
2396465996000, -1.5671748, -0.13072516, 1.3148874
2396471037000, -1.5546521, -0.13469578, 1.2641857
2396476012000, -1.5326608, -0.12583824, 1.2357804
2396481056000, -1.5045611, -0.14966199, 1.1997393
2396486054000, -1.4871514, -0.17928895, 1.1792754
2396491065000, -1.4850134, -0.2312125, 1.1395692
2396496509000, -1.4865406, -0.2657264, 1.1233811
2396501054000, -1.5158621, -0.29535335, 1.1068878
2396506095000, -1.5149459, -0.28955013, 1.0876455
2396511113000, -1.5570955, -0.29901853, 1.0919216
2396516041000, -1.5592335, -0.30268374, 1.1047498
2396521042000, -1.5479325, -0.2733622, 1.1071932
2396526092000, -1.541213, -0.29535335, 1.0595458
2396531059000, -1.5265522, -0.3640757, 1.0320568
2396536057000, -1.5070046, -0.42302418, 1.0091494
2396541050000, -1.4724907, -0.46517387, 0.98746365
2396546153000, -1.4126259, -0.5009095, 0.93034774
2396551099000, -1.3445144, -0.57848936, 0.9034697
2396556108000, -1.2977833, -0.6563747, 0.8772025
2396561099000, -1.2696834, -0.74189585, 0.81122905
2396566058000, -1.2360858, -0.7104363, 0.63804877
2396571033000, -1.1679744, -0.72295904, 0.6203337
2396576087000, -1.1756102, -0.7910705, 0.6239988
2396581050000, -1.1594223, -0.8481864, 0.5861252
2396586033000, -1.1157454, -0.84665924, 0.6209445
2396591046000, -1.0687088, -0.7901542, 0.634689
2396596121000, -0.9999864, -0.6872234, 0.550695
2396601068000, -0.9224065, -0.58184916, 0.37843102
2396606116000, -0.82741696, -0.623388, 0.35735616
2396611083000, -0.8029824, -0.6976081, 0.4364632
2396616073000, -0.79229224, -0.7134906, 0.49632803
2396620991000, -0.7623598, -0.68783426, 0.49235737
2396626096000, -0.7067711, -0.6365216, 0.44929138
2396631009000, -0.66339964, -0.57696223, 0.4034765
2396636035000, -0.63529986, -0.52473325, 0.38637227
2396641094000, -0.5751296, -0.44135013, 0.39675698
2396646199000, -0.50885075, -0.3744604, 0.4120286
2396651056000, -0.4474588, -0.31703907, 0.4269948
2396656090000, -0.3885103, -0.18906279, 0.32620203
2396661149000, -0.29901853, -0.112399206, 0.2144137
2396666040000, -0.27366763, -0.115453534, 0.28680122
2396671049000, -0.2919936, -0.084910266, 0.39400807
2396676085000, -0.3032946, -0.016187929, 0.40591997
2396681642000, -0.29229903, 0.07849618, 0.3811799
2396686108000, -0.30787608, 0.15118915, 0.35308012
2396691124000, -0.3286455, 0.22052236, 0.32375857
2396696235000, -0.34483343, 0.26939157, 0.3182608
2396701213000, -0.364992, 0.30695978, 0.30390546
2396706158000, -0.39767328, 0.3295618, 0.3023783
2396711140000, -0.43127087, 0.3539964, 0.301462
2396716107000, -0.4746423, 0.3481932, 0.30970868
2396721087000, -0.49968776, 0.3549127, 0.32253686
2396726021000, -0.5439755, 0.37140608, 0.35430184
2396731021000, -0.59498274, 0.40133846, 0.38789943
2396736017000, -0.6389651, 0.42241332, 0.41080686
2396741066000, -0.6914995, 0.44409904, 0.43127087
2396746055000, -0.74372846, 0.4596761, 0.45540005
2396751601000, -0.79351395, 0.4877759, 0.47800204
2396756015000, -0.8695667, 0.48502702, 0.51923543
2396761070000, -0.958753, 0.5338962, 0.56199604
2396766031000, -1.0274754, 0.5555819, 0.5720753
2396771035000, -1.0986412, 0.58368176, 0.5830709
2396776082000, -1.1539245, 0.6087272, 0.59742624
2396781042000, -1.2018774, 0.63194007, 0.60903263
2396786055000, -1.2348641, 0.65118235, 0.6188065
2396791085000, -1.2486086, 0.6768387, 0.6081163
2396796143000, -1.244027, 0.68569624, 0.6178902
2396801164000, -1.2345587, 0.67256266, 0.6230826
2396806066000, -1.219287, 0.66981375, 0.6414085
2396811095000, -1.2370021, 0.66156703, 0.6844745
2396816056000, -1.2415836, 0.6450737, 0.69974613
2396821357000, -1.244027, 0.61727935, 0.73761976
2396826099000, -1.2699889, 0.60048056, 0.75319684
2396830994000, -1.2776246, 0.589485, 0.77304995
2396836061000, -1.2858714, 0.6658431, 0.829555
2396841013000, -1.282817, 0.6478226, 0.9239337
2396846135000, -1.2498302, 0.64996064, 1.047023
2396850992000, -1.2370021, 0.64873886, 1.0934488
2396856076000, -1.2244794, 0.70646566, 0.93645644
2396861047000, -1.2406673, 0.72509706, 0.9483683
2396866035000, -1.2605205, 0.65668017, 1.0607675
2396871067000, -1.2293663, 0.65179324, 1.2055426
2396876070000, -1.1823297, 0.6450737, 1.4004086
2396881066000, -1.10139, 0.72082096, 1.5378532
2396886049000, -1.0509937, 0.6927212, 1.6010778
2396891208000, -1.0338894, 0.7348709, 1.5415184
2396896070000, -1.0403035, 0.75441855, 1.294118
2396901074000, -1.0574077, 0.6985244, 1.246776
2396906058000, -1.0705414, 0.6041457, 1.3252722
2396911053000, -1.0387764, 0.5833763, 1.3787229
2396916080000, -1.0112875, 0.5531385, 1.5054774
2396921087000, -0.9419542, 0.6258314, 1.6875153
2396926139000, -0.84574294, 0.6899723, 1.8182404
2396931184000, -0.7663304, 0.7076874, 1.8790215
2396936107000, -0.70005155, 0.6951646, 1.9291124
2396941169000, -0.6609562, 0.6291912, 2.0124955
2396946102000, -0.62125, 0.5479461, 2.0540345
2396951058000, -0.5839872, 0.5674938, 2.0060816
2396956035000, -0.54367006, 0.64996064, 1.9269744
2396961123000, -0.4905248, 0.68752885, 1.6655241
2396966056000, -0.46700647, 0.62888575, 1.6007724
2396971186000, -0.47708577, 0.5665775, 1.679574
2396976062000, -0.44165558, 0.48838675, 1.7922786
2396981046000, -0.3839288, 0.5137377, 1.7944167
2396986048000, -0.3155119, 0.56291234, 1.767844
2396991061000, -0.27397305, 0.5549711, 1.7351627
2396996145000, -0.28069258, 0.5158757, 1.7253889
2397001052000, -0.28680122, 0.4792238, 1.6960673
2397006798000, -0.2843578, 0.47067168, 1.6798794
2397011095000, -0.28344148, 0.44593164, 1.6716328
2397016041000, -0.2687807, 0.43249258, 1.6584991
2397021041000, -0.23243423, 0.41325033, 1.65911
2397026024000, -0.21502456, 0.40775254, 1.668273
2397031068000, -0.18906279, 0.4129449, 1.6701056
2397036026000, -0.16615535, 0.4034765, 1.6777414
2397041183000, -0.1469131, 0.38637227, 1.6899587
2397046051000, -0.12461651, 0.3817908, 1.6994271
2397051037000, -0.086132, 0.36041048, 1.7699821
2397055988000, -0.0571159, 0.31764993, 1.8551978
2397061132000, -0.015577064, 0.34147367, 1.9608774
2397065991000, 0.014966198, 0.38728857, 2.0839667
2397071040000, 0.041233405, 0.46303585, 2.2403483
2397076672000, 0.0693332, 0.53786683, 2.4217753
2397081075000, 0.13652839, 0.6068946, 2.6108382
2397086034000, 0.18478674, 0.66920286, 2.7937922
2397091044000, 0.23487769, 0.7266242, 2.9691105
2397096061000, 0.29535335, 0.7761043, 3.1105258
2397101011000, 0.32162055, 0.8005389, 3.2241468
2397105987000, 0.31887165, 0.82986045, 3.2650747
2397111054000, 0.31123585, 0.7309003, 3.3411274
2397116002000, 0.2657264, 0.806953, 3.3515122
2397121010000, 0.25625798, 1.0042624, 3.236975
2397126000000, 0.2761111, 1.1010846, 3.0192015
2397131057000, 0.31978795, 1.1016954, 2.7571404
2397136057000, 0.36346483, 1.0366384, 2.489276
2397141049000, 0.38545597, 0.9896017, 2.228131
2397146575000, 0.39064834, 0.9773844, 2.0308216
2397151016000, 0.3631594, 0.9764681, 1.8891008
2397156007000, 0.35308012, 0.9456194, 1.8106046
2397161075000, 0.33444872, 0.84421575, 1.8023579
2397166033000, 0.34055737, 0.6945538, 1.7983873
2397171009000, 0.35827246, 0.52870387, 1.815797
2397176024000, 0.40011674, 0.32650748, 1.8191566
2397181011000, 0.44012842, 0.14935656, 1.8044959
2397186004000, 0.4908302, 0.005497787, 1.7550159
2397191032000, 0.5314528, -0.106901415, 1.6765196
2397196116000, 0.5571091, -0.17256944, 1.582141
2397201057000, 0.593761, -0.21074851, 1.4926492
2397206054000, 0.61544675, -0.26206118, 1.450805
2397211050000, 0.623388, -0.30665436, 1.3701707
2397216246000, 0.63438356, -0.36132678, 1.3048081
2397221031000, 0.6407976, -0.40775254, 1.2589933
2397226091000, 0.64599, -0.45753807, 1.207986
2397231017000, 0.66614854, -0.5006041, 1.1517864
2397236035000, 0.66523224, -0.53969944, 1.0815369
2397241059000, 0.66889745, -0.57451874, 0.9960158
2397246091000, 0.6786713, -0.61178154, 0.85154617
2397251060000, 0.70157874, -0.59131753, 0.7287622
2397256056000, 0.7339546, -0.5366451, 0.63713247
2397261112000, 0.77091193, -0.50518554, 0.569021
2397266061000, 0.8145888, -0.49296826, 0.4981606
2397271002000, 0.83108217, -0.5128214, 0.4279111
2397276089000, 0.8378017, -0.5305365, 0.37843102
2397280990000, 0.83169305, -0.54458636, 0.32467487
2397286056000, 0.8313876, -0.57360244, 0.27672195
2397291007000, 0.8555168, -0.6035349, 0.23518312
2397296089000, 0.8741482, -0.62980205, 0.20341812
2397301069000, 0.88789266, -0.6411031, 0.16432275
2397306031000, 0.906524, -0.66981375, 0.15515977
2397311031000, 0.93492925, -0.7076874, 0.14569137
2397316088000, 0.958753, -0.7461719, 0.12675454
2397320989000, 0.98837996, -0.8060367, 0.122783914
2397326043000, 1.0106765, -0.8680395, 0.116980694
2397331769000, 0.999681, -0.9443977, 0.12614368
2397336008000, 1.0054842, -1.0152581, 0.1282817
2397341073000, 1.006095, -1.0616838, 0.14172074
2397346065000, 0.9950995, -1.1334605, 0.14874569
2397351010000, 0.97494096, -1.2030991, 0.15485434
2397356022000, 0.93951076, -1.3313808, 0.19242255
2397361059000, 0.91232723, -1.3799446, 0.20525073
2397366017000, 0.9098838, -1.4107933, 0.19975294
2397371005000, 0.9068295, -1.4300356, 0.19425514
2397376015000, 0.88239485, -1.423316, 0.18020524
2397381015000, 0.8689558, -1.4071281, 0.14080444
2397385984000, 0.8698721, -1.3662001, 0.09132435
2397391061000, 0.8533788, -1.3249667, 0.01985312
2397396030000, 0.84391034, -1.312444, -0.065973446
2397401676000, 0.8368854, -1.2547172, -0.16126843
2397405989000, 0.77824235, -1.2495248, -0.21013765
2397411058000, 0.7528914, -1.2217305, -0.3182608
2397415997000, 0.6835582, -1.1801916, -0.42943826
2397421008000, 0.5946773, -1.1429288, -0.52931476
2397426014000, 0.50671273, -1.1426234, -0.62796944
2397431015000, 0.41813725, -1.1490375, -0.6948592
2397436079000, 0.32742378, -1.1508701, -0.7486154
2397441042000, 0.27763826, -1.1447614, -0.7519751
2397446265000, 0.20830505, -1.1930199, -0.74036866
2397451010000, 0.12003502, -1.2660183, -0.7312057
2397455988000, 0.04337143, -1.2904528, -0.70524395
2397461047000, -0.028710667, -1.2669345, -0.66523224
2397466037000, -0.06566802, -1.2522738, -0.6374379
2397471522000, -0.1020145, -1.2534955, -0.655153
2397476062000, -0.12675454, -1.2260065, -0.6444628
2397481012000, -0.1160644, -1.1731668, -0.6291912
2397486010000, -0.102319926, -1.1099422, -0.64904433
2397491062000, -0.05955936, -1.0369438, -0.6930266
2397496066000, -0.05131268, -1.0051788, -0.7452556
2397501008000, -0.04550946, -0.9440922, -0.76144356
2397506012000, -0.043676864, -0.8915578, -0.7742717
2397511062000, -0.038789943, -0.8481864, -0.7861836
2397516015000, -0.028405234, -0.81183994, -0.816116
2397521005000, 0.015882496, -0.7690793, -0.84879726
2397526038000, 0.057421334, -0.7150178, -0.8622363
2397531012000, 0.09743301, -0.67347896, -0.850019
2397536012000, 0.15118915, -0.6411031, -0.8051204
2397541041000, 0.1863139, -0.6062838, -0.7635816
2397546067000, 0.2049453, -0.56688297, -0.71868294
2397551012000, 0.20433442, -0.5326745, -0.6533204
2397556009000, 0.17470746, -0.5164866, -0.5696318
2397561038000, 0.14263703, -0.5222898, -0.462425
2397566020000, 0.11362094, -0.5403103, -0.3555236
2397571002000, 0.10262536, -0.5516113, -0.29443705
2397576037000, 0.07574729, -0.5458081, -0.2602286
2397581014000, 0.061391957, -0.51893, -0.21288654
2397586007000, 0.054061573, -0.4990769, -0.14752395
2397591043000, 0.06505715, -0.48563787, -0.11942416
2397596063000, 0.062002823, -0.4801401, -0.10781772
2397601024000, 0.057421334, -0.49113566, -0.07819075
2397606006000, 0.056505036, -0.4886922, -0.053145275
2397611035000, 0.0729984, -0.49418998, -0.0070249503
2397616014000, 0.108123146, -0.514654, 0.03634648
2397621000000, 0.16462818, -0.5693264, 0.054061573
2397626031000, 0.1908954, -0.59681535, 0.035430185
2397631018000, 0.1740966, -0.58123827, 0.058337633
2397636012000, 0.17806722, -0.5342017, 0.09896017
2397641053000, 0.16829337, -0.49541172, 0.129198
2397646062000, 0.16310102, -0.45662177, 0.14477506
2397650989000, 0.1518, -0.42119157, 0.13805555
2397656006000, 0.15424347, -0.37782016, 0.11728613
2397661046000, 0.1469131, -0.33261612, 0.09682214
2397666012000, 0.1386664, -0.3036, 0.1020145
2397670987000, 0.1337795, -0.28680122, 0.11484267
2397676042000, 0.119729586, -0.27183503, 0.13713925
2397680997000, 0.119729586, -0.25228736, 0.15485434
2397686007000, 0.112704635, -0.24281894, 0.16920967
2397691071000, 0.113926366, -0.23304509, 0.17440203
2397696066000, 0.1151481, -0.22999077, 0.18570304
2397701018000, 0.12156218, -0.28771752, 0.19853121
2397706010000, 0.12370021, -0.28191432, 0.20555615
2397711111000, 0.116675265, -0.21899518, 0.21930063
2397716111000, 0.14477506, -0.16371189, 0.2144137
2397721007000, 0.16371189, -0.12980886, 0.20280726
2397726534000, 0.19150625, -0.08552113, 0.17501289
2397731015000, 0.20189096, -0.060170226, 0.13652839
2397736009000, 0.20433442, -0.036651913, 0.1133155
2397741078000, 0.19792034, -0.01863139, 0.12003502
2397746056000, 0.22693644, -0.052534413, 0.15882497
2397751010000, 0.2724459, -0.023518313, 0.15057829
2397756008000, 0.25595254, 0.03145956, 0.14844026
2397761108000, 0.23396139, 0.04153884, 0.16249016
2397766016000, 0.22540927, 0.044593163, 0.18203785
2397771007000, 0.21410827, 0.020463986, 0.21563543
2397776031000, 0.19975294, 0.005497787, 0.23457226
2397781014000, 0.20189096, -0.005192355, 0.25289822
2397786011000, 0.18875736, -0.013439035, 0.27305678
2397791092000, 0.16737708, -0.008246681, 0.2941316
2397796539000, 0.15760323, 0.0125227375, 0.32498032
2397801006000, 0.14477506, 0.018936822, 0.33475417
2397806005000, 0.14782938, -0.026572637, 0.37659842
2397811079000, 0.17348573, -0.006414085, 0.38789943
2397816014000, 0.13897185, 0.022907447, 0.3820962
2397821008000, 0.1020145, 0.038789943, 0.3744604
2397826028000, 0.07574729, 0.059253927, 0.37201694
2397831019000, 0.06688975, 0.05222898, 0.36743546
2397836007000, 0.05681047, 0.04520403, 0.35613444
2397841052000, 0.057726767, 0.045814894, 0.33750305
2397846046000, 0.038789943, 0.03726278, 0.32925636
2397851010000, 0.025350908, 0.044898596, 0.29901853
2397856006000, -0.027794369, 0.052534413, 0.27366763
2397861136000, -0.07544186, 0.06414085, 0.2507602
2397866318000, -0.12217305, 0.07727446, 0.21960606
2397871009000, -0.16249016, 0.093767814, 0.17989981
2397876041000, -0.20250183, 0.116675265, 0.13683382
2397881023000, -0.25167647, 0.14813483, 0.10567969
2397886036000, -0.2724459, 0.16310102, 0.084910266
2397891054000, -0.2773328, 0.18784106, 0.0720821
2397896069000, -0.30909783, 0.20525073, 0.049785517
2397901015000, -0.32498032, 0.21930063, 0.03145956
2397906019000, -0.33505958, 0.22204952, 0.03634648
2397911020000, -0.3381139, 0.20891592, 0.047036625
2397916031000, -0.34269542, 0.19486602, 0.055283304
2397921020000, -0.3191771, 0.17440203, 0.070249505
2397926051000, -0.31887165, 0.1853976, 0.048258353
2397931038000, -0.34880406, 0.23579398, 0.03268129
2397936082000, -0.35338554, 0.26145032, 0.029321533
2397941039000, -0.37843102, 0.28191432, 0.025045475
2397946568000, -0.40378192, 0.27275133, 0.015577064
2397951100000, -0.4166101, 0.26633725, -0.004581489
2397955962000, -0.4334089, 0.26633725, -0.02076942
2397960955000, -0.43676865, 0.27183503, -0.021991149
2397965985000, -0.45051312, 0.2770274, 0.049480084
2397970933000, -0.3979787, 0.28619036, 0.07422013
2397976119000, -0.37018433, 0.31978795, 0.042455133
2397980949000, -0.38637227, 0.34055737, -0.01740966
2397986148000, -0.39278635, 0.37201694, -0.076052725
2397990959000, -0.408058, 0.39767328, -0.089491755
2397995971000, -0.4175264, 0.4184427, -0.12492194
2398001060000, -0.41172317, 0.40225476, -0.2003638
2398005988000, -0.41996986, 0.35460728, -0.23335053
2398011085000, -0.4269948, 0.34025195, -0.2321288
2398016098000, -0.3857614, 0.29840767, -0.22113322
2398021008000, -0.33933565, 0.23273966, -0.18509217
2398026011000, -0.31031954, 0.21319197, -0.14049901
2398031019000, -0.29046643, 0.2125811, -0.10140363
2398036029000, -0.28069258, 0.18875736, -0.06780604
2398041077000, -0.2751948, 0.16340645, -0.028405234
2398046101000, -0.29260445, 0.1423316, 0.029932396
2398051603000, -0.31031954, 0.14355333, 0.08460484
2398056043000, -0.3381139, 0.13775012, 0.11453723
2398061076000, -0.35735616, 0.14966199, 0.13713925
2398066050000, -0.37140608, 0.17867808, 0.15699236
2398071025000, -0.3933972, 0.22510384, 0.1777618
2398076074000, -0.40530908, 0.26297748, 0.19456059
2398081033000, -0.39461896, 0.27458394, 0.20891592
2398086093000, -0.39370266, 0.29260445, 0.22113322
2398091063000, -0.3707952, 0.26908615, 0.25259277
2398096105000, -0.34208453, 0.23701571, 0.35430184
2398101147000, -0.2669481, 0.24281894, 0.37293324
2398105956000, -0.23396139, 0.25900686, 0.3381139
2398111021000, -0.21105394, 0.24404067, 0.29443705
2398115955000, -0.18661933, 0.24098633, 0.25228736
2398121300000, -0.16768251, 0.23060162, 0.21624629
2398125996000, -0.13836098, 0.23090707, 0.13500121
2398130952000, -0.1337795, 0.22174409, 0.087659165
2398135966000, -0.122783914, 0.2003638, 0.0852157
2398140956000, -0.099571034, 0.1563815, 0.087964594
2398146014000, -0.07574729, 0.11178834, 0.10140363
2398150967000, -0.056505036, 0.06963864, 0.10415252
2398155947000, -0.03848451, 0.042760566, 0.11178834
2398160957000, -0.024129177, 0.025045475, 0.12950343
2398165946000, -0.032986723, -0.022907447, 0.15241088
2398170928000, -0.0067195175, -0.058643065, 0.18600847
2398175981000, -0.00580322, -0.046731193, 0.19608775
2398180988000, -0.009162978, -0.005192355, 0.18692477
2398185951000, -0.017715093, 0.0106901415, 0.14477506
2398190981000, -0.038789943, 0.02565634, 0.122478485
2398196005000, -0.07086037, 0.029626964, 0.095294975
2398200980000, -0.08277224, 0.033292156, 0.082161374
2398205956000, -0.101098195, 0.043066, 0.060170226
2398210985000, -0.12492194, 0.05222898, 0.034513887
2398215991000, -0.13775012, 0.058643065, -0.0027488936
2398220935000, -0.13988814, 0.06658431, -0.03970624
2398225981000, -0.129198, 0.069027774, -0.07147124
2398230919000, -0.112399206, 0.084910266, -0.1301143
2398235925000, -0.12217305, 0.08368854, -0.19700404
2398240959000, -0.1282817, 0.07269296, -0.2125811
2398245941000, -0.106901415, 0.048258353, -0.20525073
2398250912000, -0.069027774, 0.032070424, -0.20769419
2398255922000, -0.02076942, 0.029626964, -0.18845193
2398260940000, 0.0067195175, 0.013439035, -0.18936823
2398265924000, 0.030848695, -0.01038471, -0.17562376
2398270923000, 0.04734206, -0.004276057, -0.1459968
2398275935000, 0.052534413, -0.008246681, -0.14049901
2398280922000, 0.0571159, -0.0061086523, -0.14080444
2398285944000, 0.0421497, 0.0012217305, -0.13836098
2398290961000, 0.033292156, 0.0106901415, -0.124311075
2398295951000, 0.032070424, 0.0027488936, -0.106595986
2398300942000, 0.043066, -0.003970624, -0.095294975
2398305931000, 0.03940081, -0.022602014, -0.077579886
2398310965000, 0.052534413, -0.043982297, -0.056199603
2398315942000, 0.049480084, -0.05100725, -0.056199603
2398320943000, 0.055588737, -0.067500606, -0.03848451
2398325941000, 0.043066, -0.070554934, -0.032375857
2398330946000, 0.03023783, -0.07574729, -0.035430185
2398335941000, 0.028099801, -0.081855945, -0.029932396
2398340968000, 0.02443461, -0.0842994, -0.016798794
2398345927000, 0.015271631, -0.07513642, -0.028405234
2398351046000, 0.0033597588, -0.06994407, -0.026572637
2398356021000, -0.014660766, -0.07238753, -0.03023783
2398361091000, -0.020158553, -0.061391957, -0.03848451
2398366030000, -0.025961773, -0.062002823, -0.03848451
2398370996000, -0.038179077, -0.06352998, -0.039095376
2398376556000, -0.046120327, -0.049480084, -0.036651913
2398381031000, -0.045814894, -0.041233405, -0.03634648
2398386020000, -0.048563786, -0.032986723, -0.04184427
2398391060000, -0.067500606, -0.033292156, -0.047647487
2398396072000, -0.07391469, -0.03634648, -0.048563786
2398401094000, -0.087659165, -0.0290161, -0.051923547
2398406055000, -0.10415252, -0.020463986, -0.054061573
2398411257000, -0.08674286, -0.015882496, -0.04886922
2398416052000, -0.093462385, -0.013439035, -0.045814894
2398421047000, -0.10720685, -0.016187929, -0.043982297
2398426030000, -0.106595986, -0.028099801, -0.04184427
2398431026000, -0.09712757, -0.022602014, -0.035430185
2398436019000, -0.103847094, -0.017715093, -0.03940081
2398441072000, -0.10567969, -0.018325957, -0.032375857
2398446758000, -0.11575896, -0.027183503, -0.035124753
2398451020000, -0.11484267, -0.014660766, -0.035430185
2398456013000, -0.11759156, -0.01160644, -0.040317107
2398461113000, -0.110872045, -0.008552114, -0.034208454
2398466014000, -0.11484267, -0.00580322, -0.042455133
2398471029000, -0.112704635, -0.01038471, -0.04062254
2398476008000, -0.11148291, -0.013744468, -0.036957346
2398481017000, -0.099571034, -0.006414085, -0.037873644
2398485983000, -0.10751228, -0.0076358155, -0.040317107
2398491116000, -0.11026118, -0.0076358155, -0.037873644
2398496109000, -0.109650314, -0.008552114, -0.037873644
2398501052000, -0.096516706, -0.00580322, -0.03848451
2398506046000, -0.10293079, -0.008552114, -0.038789943
2398511080000, -0.09773844, -0.0036651916, -0.027794369
2398516523000, -0.10170906, -3.0543262E-4, -0.025350908
2398521060000, -0.1020145, 6.1086525E-4, -0.022907447
2398526047000, -0.102319926, -0.0036651916, -0.020158553
2398531062000, -0.08857546, -0.007330383, -0.013133603
2398535986000, -0.09193522, -0.010995574, -0.0015271631
2398541093000, -0.08277224, -0.014660766, 0.005192355
2398546033000, -0.07696902, -0.0012217305, 0.018325957
2398551059000, -0.06841691, -0.006414085, 0.014966198
2398555984000, -0.059253927, -0.008552114, 0.021380283
2398561094000, -0.05222898, -0.0027488936, 0.026572637
2398565995000, -0.04795292, 9.162979E-4, 0.030848695
2398571051000, -0.031154128, -0.002443461, 0.036957346
2398576001000, -0.027794369, -3.0543262E-4, 0.032070424
2398581039000, -0.012217305, 0.0027488936, 0.030543262
2398586011000, -0.005192355, -0.007330383, 0.033292156
2398591090000, 0.008552114, -0.0061086523, 0.04642576
2398596101000, 0.016798794, -0.0076358155, 0.03848451
2398601031000, 0.022907447, -0.002443461, 0.036651913
2398606040000, 0.04520403, -0.018020526, 0.034208454
2398611099000, 0.06383542, -0.0067195175, 0.031154128
2398616063000, 0.06261369, -0.014966198, 0.022602014
2398621017000, 0.060170226, -0.010995574, 0.028710667
2398626089000, 0.05955936, -0.029626964, 0.04062254
2398631005000, 0.06566802, -0.03573562, 0.034208454
2398636062000, 0.0729984, -0.038789943, 0.03573562
2398641012000, 0.069027774, -0.036651913, 0.027794369
2398646081000, 0.059253927, -0.02443461, 0.025045475
2398650990000, 0.049480084, -0.03604105, 0.028710667
2398656055000, 0.041233405, -0.030848695, 0.01863139
2398661044000, 0.03756821, -0.023823744, 0.009468411
2398666055000, 0.038179077, -0.023518313, 0.007941248
2398671022000, 0.021380283, -0.027488936, 0.016493361
2398676059000, 0.02443461, -0.0143553335, 0.013744468
2398681036000, 0.021685716, -0.018020526, 0.007941248
2398686055000, 0.013133603, -0.010995574, 0.005192355
2398691050000, 0.0021380284, -0.01282817, -0.0021380284
2398696040000, 0.004581489, -0.015271631, -0.0106901415
2398701057000, -0.0018325958, -0.010079277, -0.0143553335
2398706007000, -0.0070249503, -0.010079277, -0.01863139
2398711128000, -0.009773844, 0.0015271631, -0.0106901415
2398716020000, -0.018936822, -0.0125227375, -0.006414085
2398721136000, -0.02443461, -0.005192355, -0.008246681
2398726027000, -0.027183503, 9.162979E-4, -0.021685716
2398731347000, -0.036651913, 0.002443461, -0.015882496
2398736077000, -0.04062254, 3.0543262E-4, -0.0125227375
2398741412000, -0.048563786, 0.0033597588, -0.014966198
2398746068000, -0.04642576, 0.004276057, -0.015577064
2398750993000, -0.05375614, 0.01282817, -0.02107485
2398756045000, -0.056505036, 0.013744468, -0.008857546
2398761058000, -0.062308256, 0.01282817, -0.009162978
2398766017000, -0.07269296, 0.012217305, -0.01160644
2398771665000, -0.0720821, 0.023823744, -0.007941248
2398776039000, -0.0720821, 0.01985312, -0.011911872
2398780995000, -0.06963864, 0.013133603, -0.01863139
2398786008000, -0.06780604, 0.015271631, -0.005192355
2398791038000, -0.06841691, 0.027183503, -6.1086525E-4
2398796072000, -0.08002335, 0.030848695, -0.0070249503
2398800990000, -0.08093964, 0.022907447, -0.016493361
2398806032000, -0.08246681, 0.027488936, -0.018020526
2398811047000, -0.082161374, 0.02321288, -0.01282817
2398816011000, -0.07452556, 0.022907447, -0.01160644
2398821004000, -0.07788532, 0.022602014, -0.008552114
2398826041000, -0.07788532, 0.022296581, -0.007330383
2398831015000, -0.07849618, 0.018325957, -0.008552114
2398836007000, -0.06811147, 0.022602014, -0.0030543262
2398841486000, -0.07544186, 0.021991149, -0.011911872
2398846060000, -0.07788532, 0.025350908, -0.0106901415
2398851028000, -0.080634214, 0.023518313, -0.0027488936
2398856048000, -0.079107046, 0.013133603, -9.162979E-4
2398861116000, -0.073303826, 0.014966198, 0.0036651916
2398866076000, -0.062308256, 0.016187929, -0.0012217305
2398871081000, -0.067500606, 0.013439035, -0.005497787
2398876123000, -0.07849618, 3.0543262E-4, 0.005497787
2398881080000, -0.059864793, -0.0106901415, 0.011301007
2398886067000, -0.025961773, 0.015271631, -0.011301007
2398891029000, -0.067500606, 0.018936822, -0.0030543262
2398896104000, -0.07360926, 0.009468411, -0.003970624
2398901069000, -0.06261369, -0.006414085, 0.0021380284
2398906048000, -0.06261369, 0.005192355, 0.005497787
2398911159000, -0.05131268, -0.0067195175, -0.002443461
2398916035000, -0.05009095, -0.011911872, -0.0012217305
2398921049000, -0.042455133, -0.01282817, -0.0018325958
2398926061000, -0.04550946, -0.0076358155, 0.0015271631
2398931041000, -0.032986723, -0.012217305, 0.0036651916
2398935985000, -0.025045475, -0.011911872, -0.0021380284
2398941095000, -0.025045475, -0.015882496, -0.002443461
2398946060000, -0.034208454, -0.023518313, -0.005497787
2398951053000, -0.0290161, -0.018936822, 0.0012217305
2398955987000, -0.023518313, -0.014660766, -0.004581489
2398961067000, -0.024740042, -0.022907447, -0.004276057
2398966037000, -0.019242255, -0.021685716, 0.0021380284
2398971014000, -0.020463986, -0.01863139, 0.0030543262
2398976027000, -0.023823744, -0.0143553335, 0.007330383
2398981042000, -0.029626964, -0.01863139, 0.0033597588
2398986017000, -0.021380283, -0.023518313, 6.1086525E-4
2398991038000, -0.018325957, -0.025350908, -0.0021380284
2398996251000, -0.021685716, -0.008552114, 0.008552114
2399001070000, -0.03176499, -0.011301007, 0.0030543262
2399006535000, -0.03145956, -0.01863139, -0.0030543262
2399011058000, -0.023518313, -0.017715093, 0.005497787
2399016015000, -0.027183503, -0.015577064, 0.0015271631
2399021005000, -0.016187929, -0.013439035, 0.0018325958
2399026010000, -0.018936822, -0.0036651916, 6.1086525E-4
2399031013000, -0.018936822, -0.003970624, 0.0070249503
2399035991000, -0.03481932, -0.015271631, 3.0543262E-4
2399041080000, -0.023518313, 9.162979E-4, 0.005497787
2399046099000, -0.03023783, -0.0018325958, 0.0018325958
2399051073000, -0.028710667, -9.162979E-4, 0.0018325958
2399056027000, -0.029932396, -0.0067195175, 0.006414085
2399061058000, -0.027794369, 0.004581489, 0.004581489
2399066052000, -0.025045475, 0.0033597588, 9.162979E-4
2399071043000, -0.02687807, 0.0033597588, 6.1086525E-4
2399076077000, -0.027183503, 0.0027488936, 9.162979E-4
2399081050000, -0.028405234, 0.0027488936, 0.0070249503
2399086049000, -0.029626964, 0.0030543262, -0.0015271631
2399091091000, -0.010995574, 0.0067195175, 0.005497787
2399096124000, -0.020463986, 0.005192355, 0.0021380284
2399101054000, -0.018325957, 0.004581489, 0.0021380284
2399106050000, -0.026267206, -0.0018325958, -3.0543262E-4
2399111104000, -0.024129177, 0.0033597588, 0.0018325958
2399116059000, -0.023823744, 0.015271631, 0.00580322
2399121049000, -0.01985312, 0.02107485, 0.006414085
2399126090000, -0.025961773, 0.0106901415, 0.008857546
2399131056000, -0.020158553, 0.016187929, 0.0061086523
2399136051000, -0.02076942, 0.01740966, 0.012217305
2399141083000, -0.015577064, 0.019242255, 0.0070249503
2399146057000, -0.026572637, 0.020463986, 0.01160644
2399151049000, -0.024740042, 0.010995574, 0.0143553335
2399156052000, -0.01863139, 0.021991149, 0.016493361
2399161108000, -0.0143553335, 0.014966198, 0.013439035
2399166056000, -0.02076942, 0.015271631, 0.008552114
2399171044000, -0.025961773, 0.009162978, 0.01038471
2399176090000, -0.020463986, 0.013439035, 0.007330383
2399181044000, -0.0106901415, 0.011911872, 0.009162978
2399186050000, -0.016187929, 0.009468411, 0.0021380284
2399191069000, -0.013439035, 0.009162978, 0.006414085
2399196117000, -0.0143553335, 0.004276057, 0.013439035
2399200988000, -0.008246681, 0.014966198, 0.008857546
2399206049000, -0.002443461, 0.0067195175, 0.014049901
2399211046000, -0.011301007, 0.00580322, 0.003970624
2399216062000, -0.004276057, -6.1086525E-4, -9.162979E-4
2399221007000, -0.009468411, 6.1086525E-4, 0.0076358155
2399226083000, -0.014660766, 9.162979E-4, 0.011911872
2399231018000, -0.004581489, -0.0061086523, 0.0036651916
2399236052000, -0.011911872, -0.008552114, 0.00580322
2399241065000, -0.014966198, -0.00580322, 0.005497787
2399246067000, -0.014049901, -0.006414085, 0.009773844
2399251031000, -0.019547688, -0.0061086523, 0.007941248
2399256055000, -0.011301007, -0.007330383, 0.0067195175
2399261118000, -0.009468411, -0.008857546, 0.009162978
2399266061000, -0.013439035, 6.1086525E-4, 0.006414085
2399271097000, -0.011911872, 0.0033597588, 0.007941248
2399276086000, -0.021991149, 0.0015271631, 9.162979E-4
2399281380000, -0.018325957, -0.01160644, 0.00580322
2399286052000, -0.018020526, -0.005192355, 0.009162978
2399291437000, -0.016493361, -0.007941248, 0.004581489
2399296112000, -0.01282817, -0.0036651916, 0.007941248
2399300997000, -0.02076942, -6.1086525E-4, 0.0070249503
2399306051000, -0.017104227, -0.0036651916, 0.017104227
2399311019000, -0.02443461, -0.004886922, 0.01038471
2399316060000, -0.013439035, 0.0027488936, 0.013133603
2399320990000, -0.01740966, -0.005497787, 0.0018325958
2399326092000, -0.019242255, -0.007330383, 0.0067195175
2399330994000, -0.027183503, -0.008246681, 0.0067195175
2399336051000, -0.02565634, 0.0015271631, 0.010995574
2399341017000, -0.024129177, -0.004886922, 0.005192355
2399346071000, -0.025045475, -0.008246681, 0.004276057
2399351034000, -0.023823744, -0.011911872, 0.0067195175
2399356048000, -0.015882496, -0.008246681, 0.008246681
2399361097000, -0.022907447, -0.004276057, 0.0061086523
2399366062000, -0.030848695, -0.0067195175, 0.0070249503
2399371052000, -0.033292156, -0.006414085, 0.0012217305
2399376091000, -0.015577064, -0.004276057, 0.0067195175
2399381063000, -0.027794369, -9.162979E-4, 0.0036651916
2399386052000, -0.021380283, -0.009773844, 0.0036651916
2399391114000, -0.019547688, 0.0021380284, 0.0067195175
2399396094000, -0.018325957, -0.0021380284, -0.0021380284
2399401052000, -0.013133603, -0.005192355, 0.00580322
2399406048000, -0.024740042, -0.0030543262, 0.009773844
2399411122000, -0.018936822, 6.1086525E-4, 0.013439035
2399416057000, -0.022296581, -0.0015271631, 0.011301007
2399421049000, -0.020158553, 0.003970624, 0.00580322
2399426082000, -0.020463986, -0.0012217305, 0.009162978
2399431072000, -0.015882496, 0.004581489, 0.004276057
2399436048000, -0.014966198, 0.004886922, -6.1086525E-4
2399441117000, -0.017104227, 0.00580322, 0.008857546
2399446075000, -0.025045475, -0.0030543262, 0.009773844
2399451055000, -0.020158553, 0.0070249503, 0.010079277
2399456049000, -0.016798794, 0.0012217305, 0.004276057
2399461139000, -0.011301007, -6.1086525E-4, 0.0036651916
2399466045000, -0.015271631, 0.0033597588, 0.004276057
2399471053000, -0.008552114, 0.0061086523, 0.008246681
2399476043000, -0.02107485, 0.01038471, 0.004581489
2399481056000, -0.021685716, 0.004886922, 0.008552114
2399486035000, -0.01863139, 0.005192355, 0.009162978
2399491096000, -0.009162978, 0.0036651916, 0.0012217305
2399496030000, -0.012217305, 0.004276057, 0.01038471
2399501057000, -0.014660766, 0.006414085, 0.012217305
2399505989000, -0.011911872, 0.0076358155, 0.007330383
2399511148000, -0.0067195175, 0.0021380284, 0.0070249503
2399515989000, -0.013744468, 0.0015271631, 6.1086525E-4
2399521054000, -0.0106901415, 0.0125227375, 0.007941248
2399526045000, -0.013744468, 0.0021380284, 0.002443461
2399531060000, -0.008552114, 0.011301007, -0.0015271631
2399536030000, -0.009162978, 0.00580322, 0.0106901415
2399541109000, -0.012217305, 0.0076358155, 0.007330383
2399546188000, -0.014049901, 0.009468411, 0.009468411
2399551137000, -0.010995574, 0.0030543262, 0.0067195175
2399556130000, -0.015882496, -0.0030543262, 0.008246681
2399561115000, -0.016187929, 0.00580322, 0.011301007
2399566058000, -0.016493361, 0.007941248, 0.005192355
2399571055000, -0.009468411, 0.00580322, 0.007330383
2399576110000, -0.015577064, 0.011911872, 0.00580322
2399581055000, -0.021685716, 0.005192355, 0.008246681
2399586170000, -0.016798794, 0.008552114, 0.01038471
2399591097000, -0.01985312, 0.00580322, 0.0033597588
2399596097000, -0.0076358155, 0.011301007, 0.007941248
2399601049000, -0.019547688, 0.0030543262, 0.0021380284
2399605982000, -0.018020526, -0.0027488936, 0.0021380284
2399611118000, -0.019547688, 0.0021380284, 0.0125227375
2399615991000, -0.026572637, 0.0030543262, 0.004581489
2399621052000, -0.019242255, 0.0015271631, 0.008246681
2399626016000, -0.027794369, -9.162979E-4, -0.002443461
2399631012000, -0.02107485, -0.0033597588, 0.0070249503
2399635993000, -0.027794369, -0.0027488936, 0.008246681
2399641047000, -0.022296581, 0.006414085, 0.0027488936
2399646045000, -0.024129177, 0.0030543262, 0.0070249503
2399651013000, -0.023823744, 0.0030543262, 0.008552114
2399655989000, -0.025961773, 9.162979E-4, 0.011301007
2399661038000, -0.025961773, -9.162979E-4, 0.0033597588
2399666028000, -0.03145956, -0.0012217305, 0.008857546
2399671003000, -0.028099801, -3.0543262E-4, 0.010079277
2399676038000, -0.0290161, 0.0033597588, 0.004886922
2399681012000, -0.02565634, 0.002443461, 0.00580322
2399686009000, -0.026267206, -0.009162978, 0.005497787
2399691050000, -0.02687807, -0.0061086523, 0.01282817
2399696078000, -0.027794369, -0.004886922, 0.0067195175
2399701013000, -0.02565634, -0.003970624, 0.009773844
2399706008000, -0.025045475, -0.0027488936, 0.01038471
2399711047000, -0.027794369, -0.0027488936, 0.009468411
2399716014000, -0.033292156, -0.004886922, 0.013439035
2399721004000, -0.03848451, -0.004581489, 0.0021380284
2399726036000, -0.032986723, 9.162979E-4, 0.011301007
2399731013000, -0.02107485, 0.0015271631, 0.010079277
2399736008000, -0.0290161, -0.011301007, 0.008246681
2399741043000, -0.016798794, -0.0067195175, 0.010079277
2399746076000, -0.01985312, 0.0033597588, 0.012217305
2399751011000, -0.01985312, 0.0018325958, 0.011301007
2399756008000, -0.031154128, -0.004886922, 0.009162978
2399761053000, -0.02321288, -0.004886922, 0.0061086523
2399766014000, -0.014049901, -0.0143553335, 3.0543262E-4
2399771006000, -0.014966198, 0.0018325958, 0.0033597588
2399776040000, -0.027794369, -0.0061086523, 0.0070249503
2399781016000, -0.022296581, -0.0027488936, 0.010995574
2399786008000, -0.028099801, -9.162979E-4, 0.010079277
2399791074000, -0.016798794, -0.004581489, 0.005497787
2399796061000, -0.017715093, -0.0015271631, 0.005192355
2399801352000, -0.024740042, -0.0067195175, 0.008552114
2399806008000, -0.015271631, -0.0036651916, 0.009773844
2399811403000, -0.022907447, -0.005192355, 0.01038471
2399816015000, -0.028405234, -0.002443461, 0.015577064
2399820989000, -0.0125227375, 0.004276057, 0.010079277
2399826048000, -0.02443461, -0.002443461, 0.0067195175
2399831026000, -0.013439035, -0.0070249503, 0.009773844
2399836007000, -0.022602014, -0.009468411, 0.0061086523
2399841018000, -0.013133603, -0.0061086523, 0.009773844
2399846058000, -0.014966198, 0.0018325958, 0.009773844
