#Rate of rotation around the x y z axes (Angular velocity).
#timestamp(ns),x,y,z(rad/s)
#Datetime: 06/05/2015 17:06:25
##########################################
#Activity: 8 - CSI - Car-Step in - 6s
#Subject ID: 49
#First Name: sub49
#Last Name: sub49
#Age: 23
#Height(cm): 178
#Weight(kg): 75
#Gender: Male
##########################################

@DATA
2145431647000, 0.013744468, -0.1563815, -0.10048734
2145436602000, 0.0027488936, -0.18997909, -0.10995574
2145441812000, -0.006414085, -0.20799962, -0.11301007
2145446731000, -0.005192355, -0.2012801, -0.122478485
2145451640000, -0.0106901415, -0.18906279, -0.11484267
2145456740000, -0.006414085, -0.15363261, -0.10873401
2145461651000, -0.006414085, -0.11301007, -0.090713486
2145466643000, 0.010995574, -0.06780604, -0.07269296
2145471621000, 0.03359759, -0.026267206, -0.05589417
2145476706000, 0.03940081, -0.017715093, -0.029626964
2145481602000, 0.0729984, -0.020463986, -0.016798794
2145486653000, 0.07513642, 0.0015271631, -9.162979E-4
2145491580000, 0.08002335, 0.015882496, 0.0106901415
2145496646000, 0.09437868, 0.024740042, 0.025961773
2145501543000, 0.11301007, 0.024129177, 0.027183503
2145506627000, 0.11789699, 0.024740042, 0.038789943
2145511541000, 0.13133603, 0.018325957, 0.036651913
2145516605000, 0.13988814, 0.025961773, 0.031154128
2145521552000, 0.14263703, 0.03145956, 0.03268129
2145526604000, 0.13897185, 0.022296581, 0.035124753
2145531582000, 0.1518, 0.031154128, 0.035430185
2145536611000, 0.14813483, 0.025961773, 0.040011674
2145541641000, 0.12950343, 0.030543262, 0.035430185
2145546612000, 0.11759156, 0.04428773, 0.022907447
2145551611000, 0.09040806, 0.044593163, 0.015577064
2145556624000, 0.07086037, 0.039095376, 0.008857546
2145561597000, 0.06688975, 0.025350908, 0.0061086523
2145566605000, 0.0421497, 0.008552114, 0.004276057
2145571604000, 0.032070424, -0.011301007, 0.004581489
2145576619000, 0.017104227, -0.035124753, 0.004581489
2145581600000, 0.007941248, -0.03726278, -0.0070249503
2145586587000, -9.162979E-4, -0.04795292, -0.004276057
2145592069000, -0.009162978, -0.059253927, -0.0030543262
2145596610000, -0.015882496, -0.07269296, -0.004886922
2145601650000, -0.020463986, -0.064446285, -0.0027488936
2145606639000, -0.021380283, -0.058948494, -0.005497787
2145611651000, -0.023518313, -0.04886922, -0.011301007
2145616648000, -0.027183503, -0.049480084, -0.0021380284
2145621596000, -0.034513887, -0.030848695, 0.0018325958
2145626618000, -0.035430185, -0.022907447, 0.009468411
2145631605000, -0.03176499, -0.005497787, 0.011911872
2145636588000, -0.0421497, 0.004886922, 0.019547688
2145641743000, -0.044593163, 0.01038471, 0.018936822
2145646742000, -0.05009095, 0.008246681, 0.026267206
2145651650000, -0.046731193, -0.002443461, 0.03940081
2145656623000, -0.050396383, 0.015271631, 0.03634648
2145662368000, -0.05497787, 0.019547688, 0.040927973
2145666588000, -0.062002823, 0.02565634, 0.048563786
2145671588000, -0.065973446, 0.028710667, 0.051618114
2145676572000, -0.061086524, 0.03573562, 0.054061573
2145681605000, -0.06536258, 0.047036625, 0.04428773
2145686626000, -0.063224554, 0.042455133, 0.041233405
2145691621000, -0.06047566, 0.044898596, 0.04795292
2145696543000, -0.04642576, 0.04795292, 0.049480084
2145701604000, -0.050396383, 0.053450707, 0.0421497
2145706660000, -0.050396383, 0.060170226, 0.03756821
2145711611000, -0.05222898, 0.06536258, 0.049480084
2145716608000, -0.044593163, 0.07391469, 0.049480084
2145721591000, -0.056505036, 0.090713486, 0.04428773
2145726622000, -0.05375614, 0.090713486, 0.04428773
2145731739000, -0.050701816, 0.10140363, 0.041233405
2145736664000, -0.05467244, 0.100792766, 0.042455133
2145741616000, -0.057726767, 0.09590584, 0.040011674
2145746612000, -0.05467244, 0.08735373, 0.032070424
2145751606000, -0.056199603, 0.06658431, 0.029321533
2145756615000, -0.06658431, 0.04734206, 0.02687807
2145761607000, -0.06078109, 0.019547688, 0.021685716
2145766605000, -0.059253927, 0.0036651916, 0.032070424
2145771580000, -0.05497787, -0.014660766, 0.03390302
2145776619000, -0.05681047, -0.028405234, 0.031154128
2145781607000, -0.056199603, -0.04795292, 0.027488936
2145786623000, -0.055283304, -0.048563786, 0.03023783
2145791610000, -0.0693332, -0.050396383, 0.02443461
2145796613000, -0.070554934, -0.0580322, 0.01740966
2145801730000, -0.0852157, -0.04795292, 0.0290161
2145806645000, -0.09285152, -0.022907447, 0.0290161
2145811554000, -0.10629055, -0.01985312, 0.032375857
2145816597000, -0.10048734, 0.003970624, 0.032986723
2145821599000, -0.102319926, 0.032375857, 0.036651913
2145826649000, -0.115453534, 0.041233405, 0.04734206
2145831558000, -0.111177474, 0.063224554, 0.047036625
2145836639000, -0.1142318, 0.07238753, 0.049480084
2145842262000, -0.111177474, 0.08399397, 0.0571159
2145846612000, -0.10629055, 0.08827003, 0.060170226
2145851601000, -0.112704635, 0.096516706, 0.070249505
2145856563000, -0.12308934, 0.09896017, 0.076052725
2145861525000, -0.12217305, 0.118507855, 0.0842994
2145866524000, -0.124005646, 0.12980886, 0.09254608
2145871507000, -0.1414153, 0.12797627, 0.103847094
2145876534000, -0.13530666, 0.14385876, 0.10842858
2145881520000, -0.14782938, 0.15118915, 0.109650314
2145886503000, -0.15271631, 0.16462818, 0.12186762
2145891534000, -0.1731803, 0.172264, 0.13225232
2145896533000, -0.18906279, 0.16798794, 0.13683382
2145901594000, -0.18967366, 0.17684549, 0.13530666
2145906669000, -0.20830505, 0.1591304, 0.1469131
2145911549000, -0.22113322, 0.16187929, 0.15271631
2145917341000, -0.23793201, 0.15088372, 0.14721853
2145921561000, -0.25381452, 0.14477506, 0.15149458
2145926597000, -0.27855456, 0.1432479, 0.1469131
2145931547000, -0.29016098, 0.12461651, 0.14569137
2145936636000, -0.3200934, 0.10995574, 0.14385876
2145941618000, -0.3484986, 0.086437434, 0.13164146
2145946612000, -0.37690386, 0.06688975, 0.12980886
2145951561000, -0.39584067, 0.034208454, 0.11728613
2145956630000, -0.41080686, 0.016798794, 0.11178834
2145961603000, -0.4541783, -0.012217305, 0.11453723
2145966648000, -0.4908302, -0.03390302, 0.12034045
2145971632000, -0.52656585, -0.042760566, 0.12339478
2145976649000, -0.569021, -0.05589417, 0.121256754
2145981644000, -0.5885687, -0.061391957, 0.12095132
2145987384000, -0.6230826, -0.01985312, 0.10720685
2145991761000, -0.67103547, 0.01985312, 0.10445796
2145996756000, -0.68783426, 0.1020145, 0.095294975
2146001645000, -0.71685034, 0.18142697, 0.08857546
2146006662000, -0.7556403, 0.22907446, 0.10262536
2146011626000, -0.8017606, 0.22479841, 0.11636983
2146016604000, -0.84604836, 0.19822577, 0.13194689
2146021596000, -0.8940013, 0.14752395, 0.1554652
2146026633000, -0.91507614, 0.08368854, 0.18112154
2146031647000, -0.9294315, 0.029321533, 0.21380283
2146036598000, -0.9211848, 0.01160644, 0.24465153
2146041604000, -0.90285885, 0.025045475, 0.2751948
2146046580000, -0.8943067, 0.040011674, 0.31123585
2146051608000, -0.8570439, 0.06688975, 0.3494149
2146056746000, -0.83199847, 0.11301007, 0.36560285
2146061617000, -0.8060367, 0.23945917, 0.37323865
2146066605000, -0.7834347, 0.32559118, 0.38698313
2146071633000, -0.7779369, 0.46914452, 0.36835176
2146076589000, -0.7687739, 0.52381694, 0.37048978
2146081658000, -0.7284568, 0.54153204, 0.37965274
2146086601000, -0.6627888, 0.6102544, 0.38728857
2146091649000, -0.589485, 0.7495316, 0.3848451
2146096548000, -0.5439755, 0.9596693, 0.3631594
2146101644000, -0.52748215, 1.1673635, 0.34330627
2146106605000, -0.5357288, 1.3078625, 0.3268129
2146111652000, -0.5494733, 1.4001031, 0.32498032
2146116618000, -0.569021, 1.4993688, 0.34697145
2146121588000, -0.58551437, 1.5851953, 0.41630468
2146126778000, -0.58184916, 1.565953, 0.47158796
2146131609000, -0.5882632, 1.5231925, 0.46792278
2146136623000, -0.659429, 1.4660766, 0.46822822
2146141635000, -0.7367035, 1.4456125, 0.52290064
2146146671000, -0.79779, 1.3662001, 0.5720753
2146151661000, -0.8579602, 1.1340714, 0.6579019
2146156622000, -0.86467975, 0.8790351, 0.7275405
2146161620000, -0.7996226, 0.7290677, 0.766025
2146166604000, -0.7623598, 0.6759224, 0.79351395
2146171594000, -0.71959925, 0.59620446, 0.81122905
2146176578000, -0.68600166, 0.5152648, 0.83199847
2146181574000, -0.6575964, 0.38606682, 0.81397796
2146186575000, -0.6301075, 0.29046643, 0.7654142
2146191581000, -0.59773165, 0.19028452, 0.6939429
2146196579000, -0.6065892, 0.16646078, 0.6044512
2146201576000, -0.63713247, 0.18967366, 0.5140431
2146206569000, -0.66523224, 0.2284636, 0.43127087
2146211576000, -0.6795876, 0.28588495, 0.37751472
2146216583000, -0.6976081, 0.29443705, 0.32742378
2146221580000, -0.7180721, 0.3005457, 0.27916542
2146226578000, -0.713796, 0.28619036, 0.2779437
2146231718000, -0.689056, 0.24709499, 0.28955013
2146236612000, -0.62949663, 0.17898351, 0.3200934
2146241717000, -0.5543602, 0.12980886, 0.3707952
2146246654000, -0.49113566, 0.070249505, 0.408058
2146251536000, -0.44257188, -0.007941248, 0.43951756
2146256701000, -0.40469822, -0.04917465, 0.46944994
2146261546000, -0.39461896, -0.07422013, 0.47891834
2146266649000, -0.38026363, -0.100792766, 0.5039638
2146271570000, -0.3659083, -0.08582657, 0.5155703
2146276652000, -0.37110063, -0.013744468, 0.528093
2146281587000, -0.39461896, -0.048563786, 0.55680364
2146286638000, -0.38423425, -0.042455133, 0.59742624
2146291668000, -0.4129449, -0.048258353, 0.61727935
2146296642000, -0.45814893, -0.095294975, 0.6420194
2146301617000, -0.47983465, -0.13652839, 0.655153
2146306674000, -0.5140431, -0.15943582, 0.65393126
2146312193000, -0.5751296, -0.24801129, 0.6569856
2146316643000, -0.6053675, -0.2779437, 0.6606508
2146321641000, -0.63591075, -0.28985557, 0.677755
2146326648000, -0.64721173, -0.2996294, 0.66767573
2146331644000, -0.636827, -0.32528573, 0.64721173
2146336599000, -0.63132924, -0.36041048, 0.64751714
2146341674000, -0.61911196, -0.29626966, 0.6056729
2146346645000, -0.64721173, -0.32589662, 0.5534439
2146351652000, -0.64751714, -0.37873647, 0.5137377
2146356659000, -0.61666846, -0.3371976, 0.4914411
2146361664000, -0.5946773, -0.3371976, 0.46273044
2146366641000, -0.55741453, -0.33353242, 0.44684792
2146371630000, -0.5390886, -0.33078352, 0.42149702
2146376633000, -0.50671273, -0.3640757, 0.3979787
2146381799000, -0.49693888, -0.4605924, 0.38698313
2146386647000, -0.47800204, -0.48258355, 0.37232238
2146391670000, -0.4636467, -0.44623706, 0.3555236
2146396577000, -0.4886922, -0.4810564, 0.34330627
2146401639000, -0.47983465, -0.5012149, 0.32742378
2146406599000, -0.46792278, -0.5170974, 0.3042109
2146411612000, -0.46181414, -0.55680364, 0.2706133
2146416537000, -0.44837508, -0.5882632, 0.23487769
2146421592000, -0.4352415, -0.59620446, 0.20219639
2146426545000, -0.42577308, -0.5693264, 0.17348573
2146431620000, -0.41813725, -0.59406644, 0.13469578
2146436616000, -0.40317106, -0.6178902, 0.11484267
2146441635000, -0.3930918, -0.6609562, 0.089491755
2146446608000, -0.3744604, -0.64965516, 0.0720821
2146451681000, -0.36071593, -0.6563747, 0.05009095
2146456608000, -0.34880406, -0.6844745, 0.026572637
2146461613000, -0.31581733, -0.72051555, 0.0018325958
2146466937000, -0.30573806, -0.7315111, -0.018325957
2146471595000, -0.29871312, -0.72173727, -0.02443461
2146476591000, -0.29565877, -0.73548174, -0.04917465
2146481605000, -0.2764165, -0.7012733, -0.06505715
2146486618000, -0.27855456, -0.6533204, -0.07788532
2146491621000, -0.27885997, -0.63346726, -0.09773844
2146496541000, -0.28160888, -0.64599, -0.11178834
2146501647000, -0.28313604, -0.5849035, -0.09437868
2146506699000, -0.2950479, -0.5326745, -0.09193522
2146511646000, -0.2932153, -0.5323691, -0.10751228
2146516620000, -0.28955013, -0.45906523, -0.105068825
2146521685000, -0.30787608, -0.3930918, -0.1142318
2146526653000, -0.3323107, -0.3747658, -0.13133603
2146531645000, -0.3304781, -0.37965274, -0.129198
2146536603000, -0.3494149, -0.3943135, -0.12889257
2146541648000, -0.36560285, -0.37598756, -0.11362094
2146546654000, -0.3827071, -0.39064834, -0.119729586
2146551643000, -0.39064834, -0.42241332, -0.11942416
2146556689000, -0.40317106, -0.44929138, -0.12980886
2146561648000, -0.42119157, -0.46883908, -0.13713925
2146566652000, -0.42485678, -0.44135013, -0.12461651
2146571638000, -0.45723262, -0.41050145, -0.122478485
2146576654000, -0.47678033, -0.39064834, -0.12705997
2146581640000, -0.49480084, -0.40622538, -0.1301143
2146586655000, -0.5128214, -0.38637227, -0.12095132
2146591654000, -0.5357288, -0.40622538, -0.13194689
2146596644000, -0.56688297, -0.43279803, -0.13927728
2146601638000, -0.58001655, -0.46517387, -0.15393804
2146606607000, -0.6001751, -0.46670106, -0.14630222
2146611610000, -0.6178902, -0.47250426, -0.14355333
2146616613000, -0.63804877, -0.48472157, -0.13744467
2146621589000, -0.65270954, -0.52564955, -0.13225232
2146626619000, -0.689056, -0.5390886, -0.115453534
2146631541000, -0.72387534, -0.5534439, -0.086437434
2146637281000, -0.7703011, -0.5739079, -0.053450707
2146641687000, -0.8045095, -0.573297, -0.008246681
2146646695000, -0.82924956, -0.5235115, 0.029932396
2146651648000, -0.84482664, -0.4550946, 0.06658431
2146656626000, -0.8671232, -0.41905355, 0.0870483
2146661610000, -0.9007208, -0.38728857, 0.09773844
2146666611000, -0.9092729, -0.3567453, 0.12858713
2146671606000, -0.95081174, -0.32253686, 0.15241088
2146676626000, -0.97005403, -0.2996294, 0.1704314
2146681605000, -1.0033462, -0.25534168, 0.17623462
2146686607000, -0.9972375, -0.23151793, 0.19120082
2146691874000, -0.97585726, -0.19761491, 0.20280726
2146696611000, -0.9434814, -0.18906279, 0.20097467
2146701739000, -0.9254609, -0.22602014, 0.17165314
2146707173000, -0.9080512, -0.28619036, 0.14080444
2146711739000, -0.89888823, -0.33200526, 0.13255776
2146716605000, -0.88239485, -0.3555236, 0.12156218
2146721833000, -0.86345804, -0.37598756, 0.1020145
2146726615000, -0.85154617, -0.3998113, 0.1133155
2146731954000, -0.8509353, -0.42149702, 0.106595986
2146736601000, -0.87017757, -0.46914452, 0.113926366
2146741590000, -0.84574294, -0.5140431, 0.14782938
2146746645000, -0.816116, -0.5170974, 0.18387043
2146751585000, -0.7996226, -0.5235115, 0.21197024
2146756655000, -0.79626286, -0.55863625, 0.21930063
2146761643000, -0.8038987, -0.6093381, 0.23335053
2146766644000, -0.8371908, -0.6435465, 0.27366763
2146771641000, -0.8509353, -0.6588182, 0.31520647
2146776719000, -0.8671232, -0.70005155, 0.36926803
2146781646000, -0.86620694, -0.7635816, 0.42394048
2146786669000, -0.8585711, -0.8127562, 0.5186246
2146791677000, -0.83199847, -0.86345804, 0.61208695
2146796644000, -0.80664754, -0.9401216, 0.64476824
2146801634000, -0.76174897, -1.0024298, 0.66248333
2146806697000, -0.7507534, -1.0143417, 0.66828656
2146811648000, -0.75808376, -0.947452, 0.66706485
2146816628000, -0.7877107, -0.84391034, 0.6432411
2146821645000, -0.8338311, -0.7131852, 0.65148777
2146826632000, -0.87017757, -0.61208695, 0.6814202
2146831629000, -0.8713993, -0.57971114, 0.6786713
2146836597000, -0.8698721, -0.5946773, 0.68752885
2146841675000, -0.88453287, -0.6441574, 0.6954701
2146846553000, -0.9129381, -0.6966918, 0.6988298
2146851644000, -0.94989544, -0.73761976, 0.70280045
2146856694000, -0.98746365, -0.86498517, 0.71868294
2146861645000, -1.0100657, -0.9932669, 0.7431176
2146866595000, -1.0296134, -1.104139, 0.8042041
2146871651000, -1.0173961, -1.2858714, 0.84391034
2146876588000, -1.0433578, -1.3848315, 0.8622363
2146881630000, -1.0974194, -1.4883732, 0.8552113
2146886565000, -1.1414018, -1.4944818, 0.84329945
2146891684000, -1.1661417, -1.4196508, 0.8530733
2146896538000, -1.176221, -1.2709051, 0.8399397
2146901640000, -1.1820242, -1.0311406, 0.7959574
2146906623000, -1.187522, -0.81183994, 0.7458665
2146911651000, -1.2082914, -0.61911196, 0.68477994
2146916609000, -1.2516629, -0.4373795, 0.6221663
2146921633000, -1.2565498, -0.29657507, 0.5726862
2146926593000, -1.251052, -0.17654006, 0.54428095
2146931635000, -1.2275337, -0.10720685, 0.5112942
2146936617000, -1.2021828, -0.07971791, 0.48502702
2146941616000, -1.1768318, -0.07819075, 0.46303585
2146946610000, -1.1636983, -0.10140363, 0.44257188
2146951604000, -1.1404854, -0.11759156, 0.44104472
2146956612000, -1.1368202, -0.15210545, 0.4373795
2146962324000, -1.1059716, -0.20219639, 0.45356745
2146966610000, -1.069625, -0.25289822, 0.4615087
2146971596000, -1.0345002, -0.28344148, 0.48624873
2146976603000, -0.99173975, -0.32345316, 0.52106804
2146981606000, -0.9254609, -0.33567044, 0.5626069
2146986609000, -0.8784242, -0.3118467, 0.57787853
2146991608000, -0.8237518, -0.25625798, 0.6041457
2146996545000, -0.79351395, -0.23090707, 0.61727935
2147001606000, -0.74464476, -0.17715092, 0.6545421
2147006615000, -0.6795876, -0.15149458, 0.69027776
2147011615000, -0.6209445, -0.18478674, 0.65179324
2147016561000, -0.6206391, -0.19914207, 0.57696223
2147021599000, -0.61208695, -0.16218472, 0.5342017
2147026578000, -0.63224554, -0.12614368, 0.50823987
2147031948000, -0.6386596, -0.10170906, 0.5384777
2147036620000, -0.6609562, -0.028099801, 0.5833763
2147041609000, -0.6936375, -0.021991149, 0.6469063
2147046612000, -0.75655663, -0.083383106, 0.71868294
2147051605000, -0.8671232, -0.19333886, 0.7339546
2147056641000, -0.9016371, -0.24984388, 0.7632761
2147061610000, -0.97035944, -0.32070425, 0.79809546
2147066605000, -1.0476339, -0.39278635, 0.81183994
2147071590000, -1.1078042, -0.4529566, 0.7984009
2147076606000, -1.1383474, -0.52290064, 0.7846564
2147081608000, -1.174083, -0.600786, 0.77091193
2147086595000, -1.1991285, -0.6994407, 0.76052725
2147091588000, -1.2137892, -0.7910705, 0.7501425
2147096611000, -1.2159272, -0.81306165, 0.73884153
2147101623000, -1.1939361, -0.7831292, 0.7339546
2147106621000, -1.1530081, -0.7174612, 0.73456544
2147111555000, -1.0876455, -0.6243043, 0.7672467
2147116611000, -0.99265605, -0.50426924, 0.80970186
2147121753000, -0.9074403, -0.25350907, 0.81336707
2147126594000, -0.88514376, 0.06352998, 0.75411314
2147131542000, -0.9254609, 0.38515055, 0.6740898
2147136602000, -0.97035944, 0.6542367, 0.59131753
2147141599000, -1.0250319, 0.86162543, 0.54000485
2147146611000, -1.0626001, 0.9257663, 0.52412236
2147151561000, -1.1004738, 0.97219205, 0.5149594
2147156645000, -1.1169671, 0.9236283, 0.5030475
2147161569000, -1.1890492, 0.8713993, 0.4810564
2147166607000, -1.2617421, 0.84940815, 0.47433686
2147171795000, -1.3264939, 0.8304713, 0.48563787
2147176591000, -1.3475688, 0.7724391, 0.51251596
2147181566000, -1.3539828, 0.6969972, 0.56169057
2147186606000, -1.344209, 0.5839872, 0.591623
2147191606000, -1.3347405, 0.47555858, 0.6588182
2147196584000, -1.3213016, 0.355829, 0.7147123
2147201579000, -1.3066407, 0.22785273, 0.77854776
2147206582000, -1.2950343, 0.17562376, 0.8491027
2147211590000, -1.2947289, 0.14263703, 0.8949176
2147216580000, -1.3045027, 0.13408493, 0.9111055
2147221575000, -1.3087788, 0.2180789, 0.93034774
2147226601000, -1.3078625, 0.24770586, 0.9166033
2147231613000, -1.3219124, 0.19608775, 0.88361657
2147236599000, -1.3084733, 0.21960606, 0.86376345
2147241679000, -1.31672, 0.24984388, 0.8454375
2147246607000, -1.3286319, 0.2837469, 0.8436049
2147251602000, -1.3393221, 0.3717115, 0.8576548
2147256578000, -1.3377949, 0.5128214, 0.8698721
2147261612000, -1.3261884, 0.55680364, 0.89888823
2147266539000, -1.3298537, 0.68477994, 0.89644474
2147271636000, -1.3759739, 0.73731434, 0.8970556
2147276551000, -1.3820826, 0.8200866, 0.8881981
2147281644000, -1.4343116, 0.816116, 0.8735373
2147286698000, -1.4349225, 0.8741482, 0.87872964
2147291753000, -1.4669929, 0.8213083, 0.8872818
2147296628000, -1.488984, 0.79412484, 0.89736104
2147301648000, -1.5033394, 0.75594574, 0.9257663
2147306895000, -1.5286902, 0.7501425, 0.9483683
2147311619000, -1.5766432, 0.8332202, 0.9773844
2147316861000, -1.647809, 0.9297369, 0.99204516
2147322188000, -1.7052304, 1.0381655, 1.003957
2147326591000, -1.7858646, 1.0968086, 1.0064005
2147331647000, -1.8371773, 1.1908818, 1.0290025
2147336577000, -1.9165897, 1.2040154, 1.0253373
2147341731000, -1.997224, 1.2311989, 0.98990715
2147346595000, -2.1053472, 1.2067643, 0.97005403
2147351642000, -2.1413882, 0.9831876, 0.9465357
2147356699000, -2.2385156, 0.6750061, 0.94714653
2147361647000, -2.3344216, 0.5207626, 1.0338894
2147366628000, -2.3738225, 0.4615087, 1.1511755
2147371649000, -2.3267858, 0.20219639, 1.2385293
2147376651000, -2.320677, -0.028710667, 1.2925909
2147381640000, -2.3194554, -0.23609942, 1.3350459
2147386604000, -2.2611177, -0.40194935, 1.3460416
2147392467000, -2.1401663, -0.38698313, 1.3524556
2147396659000, -2.0289888, -0.25259277, 1.321607
2147401642000, -1.9752327, 0.059864793, 1.2608259
2147406632000, -1.947133, 0.24190263, 1.2360858
2147411580000, -1.933083, 0.24923302, 1.2208142
2147416605000, -1.9465221, 0.20189096, 1.1899655
2147421583000, -1.9807305, 0.21380283, 1.1899655
2147426584000, -2.0045543, 0.31490102, 1.1389582
2147431604000, -2.0289888, 0.4596761, 1.0943651
2147436601000, -2.0463986, 0.52778757, 1.0476339
2147441597000, -2.055867, 0.5369505, 1.0012082
2147446619000, -2.0635028, 0.5308419, 0.9825767
2147451597000, -2.097406, 0.5122105, 0.9728029
2147456620000, -2.1209242, 0.49449542, 0.99265605
2147461942000, -2.1230621, 0.44806966, 1.010982
2147466607000, -2.0842721, 0.39950588, 1.0412198
2147471577000, -2.0066924, 0.27916542, 1.070236
2147476618000, -1.926669, 0.14019357, 1.102001
2147481535000, -1.8472565, -0.04886922, 1.1389582
2147486612000, -1.7336355, -0.14996742, 1.1438452
2147491600000, -1.5992452, -0.2724459, 1.1618657
2147496614000, -1.4883732, -0.3475823, 1.1578951
2147501562000, -1.3790283, -0.43401974, 1.1722504
2147506658000, -1.2702943, -0.5174029, 1.2009611
2147511610000, -1.1939361, -0.537256, 1.221425
2147516644000, -1.1377366, -0.571159, 1.2461652
2147521628000, -1.0809261, -0.5897904, 1.2705997
2147526653000, -1.024421, -0.62949663, 1.2965615
2147531600000, -0.96852684, -0.6795876, 1.3368785
2147536603000, -0.893085, -0.69027776, 1.3701707
2147541585000, -0.7974846, -0.75411314, 1.3927728
2147546647000, -0.7669413, -0.8399397, 1.4605788
2147551541000, -0.68325275, -0.9071349, 1.5372424
2147556666000, -0.57360244, -0.9728029, 1.5824465
2147561567000, -0.4810564, -1.0192287, 1.6154331
2147566642000, -0.41630468, -1.035722, 1.6371188
2147571568000, -0.32925636, -1.0558805, 1.6539177
2147576635000, -0.26419923, -1.0509937, 1.7095064
2147581558000, -0.2049453, -1.0280862, 1.777007
2147586662000, -0.14630222, -0.9300423, 1.8958203
2147591618000, -0.094989546, -0.6560693, 2.144748
2147596644000, -0.0125227375, -0.5403103, 2.2418754
2147601593000, -3.0543262E-4, -0.36010507, 2.3038783
2147606654000, 0.0061086523, -0.13469578, 2.3646593
2147611647000, 0.0061086523, 0.045814894, 2.3738225
2147616643000, -0.022602014, 0.23854288, 2.339614
2147621628000, -0.010995574, 0.44318274, 2.3060162
2147626637000, -0.01985312, 0.6053675, 2.273335
2147631648000, -0.02565634, 0.70341134, 2.225382
2147636593000, -0.03940081, 0.729984, 2.171015
2147641664000, -0.04917465, 0.7538077, 2.1517727
2147647229000, -0.06047566, 0.7654142, 2.1340578
2147651650000, -0.08552113, 0.752586, 2.1230621
2147656657000, -0.1133155, 0.6805039, 2.1233675
2147661650000, -0.14935656, 0.6356053, 2.1007655
2147666623000, -0.17256944, 0.59712076, 2.0793853
2147671651000, -0.16462818, 0.5635232, 2.0457878
2147676651000, -0.16798794, 0.50885075, 2.0076087
2147681757000, -0.17501289, 0.47311515, 1.9847012
2147686644000, -0.1600467, 0.46486846, 1.9856175
2147691658000, -0.11453723, 0.40958515, 1.9749273
2147696650000, -0.08857546, 0.38240165, 1.9947804
2147701591000, -0.07727446, 0.3408628, 2.039679
2147706604000, -0.09621128, 0.41996986, 2.0738876
2147711581000, -0.087659165, 0.36896262, 2.1120665
2147716584000, -0.18112154, 0.46028697, 2.1157317
2147721607000, -0.23823744, 0.6123924, 2.149024
2147726580000, -0.24281894, 0.8381071, 2.1655173
2147731575000, -0.23365596, 0.93951076, 2.1682663
2147736596000, -0.2180789, 1.1301007, 2.166739
2147741675000, -0.21013765, 1.2589933, 2.166739
2147746675000, -0.22815818, 1.2932017, 2.1731532
2147751647000, -0.24251351, 1.2321151, 2.159714
2147756602000, -0.25686884, 1.1539245, 2.157576
2147761606000, -0.30115658, 1.0277808, 2.1499403
2147766659000, -0.33353242, 0.9437868, 2.132225
2147771590000, -0.36865717, 0.87689704, 2.0674734
2147776603000, -0.39553526, 0.7501425, 2.0082195
2147781647000, -0.40866885, 0.6365216, 1.9740111
2147787153000, -0.40561453, 0.48991394, 1.953547
2147791760000, -0.3885103, 0.37018433, 1.9062049
2147796656000, -0.3866777, 0.25961772, 1.8579466
2147801646000, -0.41263947, 0.19914207, 1.8304577
2147806696000, -0.4269948, 0.15515977, 1.8148806
2147811654000, -0.4156938, 0.11789699, 1.7956384
2147816709000, -0.38881573, 0.15485434, 1.7385225
2147821648000, -0.38026363, 0.20463985, 1.6957619
2147826981000, -0.37812558, 0.28527406, 1.6450601
2147831626000, -0.38362336, 0.3399465, 1.572978
2147836624000, -0.4071417, 0.41905355, 1.5253305
2147841626000, -0.42394048, 0.50854534, 1.4236214
2147846546000, -0.47219884, 0.46303585, 1.3420709
2147851639000, -0.50976706, 0.51923543, 1.2541064
2147856696000, -0.54336464, 0.40653083, 1.1328496
2147861648000, -0.5870415, 0.33292156, 1.0326678
2147866540000, -0.61269784, 0.29229903, 0.90285885
2147871636000, -0.63499445, 0.25595254, 0.7910705
2147876550000, -0.6337727, 0.17745635, 0.6945538
2147881650000, -0.6218608, 0.1020145, 0.6032294
2147886569000, -0.6020077, 0.0061086523, 0.49846604
2147891665000, -0.5702427, -0.07666359, 0.41355577
2147896680000, -0.50793445, -0.14752395, 0.33536503
2147901625000, -0.41080686, -0.22204952, 0.25870144
2147906629000, -0.28924468, -0.3042109, 0.21502456
2147911647000, -0.16340645, -0.3979787, 0.15454891
2147916607000, -0.077579886, -0.49602258, 0.06078109
2147921643000, -0.0033597588, -0.6649268, -0.027183503
2147926634000, 0.05497787, -0.77091193, -0.13958271
2147931640000, 0.116675265, -0.8304713, -0.27214047
2147936603000, 0.1441642, -0.8362745, -0.30818152
2147941640000, 0.22082779, -0.9056077, -0.3484986
2147946606000, 0.32895094, -0.98440933, -0.3726278
2147951605000, 0.43066, -1.065349, -0.3915646
2147956646000, 0.5299256, -1.1264355, -0.3933972
2147961609000, 0.62796944, -1.2660183, -0.4147775
2147966605000, 0.70188415, -1.3402383, -0.43951756
2147972287000, 0.77763146, -1.3921618, -0.47555858
2147976618000, 0.84207773, -1.4514158, -0.5143485
2147981605000, 0.9089675, -1.5265522, -0.54092115
2147986591000, 0.9755518, -1.6065756, -0.57543504
2147991617000, 1.0445796, -1.6933185, -0.61666846
2147996598000, 1.1371256, -1.7944167, -0.66981375
2148001603000, 1.2284501, -1.8820758, -0.72173727
2148006632000, 1.3292428, -1.9782871, -0.7669413
2148011609000, 1.3970488, -2.0448713, -0.8151997
2148016604000, 1.4767667, -2.0958786, -0.8677341
2148021568000, 1.5357152, -2.1224513, -0.91446525
2148026620000, 1.5607607, -2.1297817, -0.9801333
2148031577000, 1.5757269, -2.1197023, -0.9947941
2148036604000, 1.582141, -2.0955732, -1.0305296
2148042415000, 1.5922203, -2.062892, -1.1114693
2148046608000, 1.5888605, -2.0308216, -1.1453724
2148051656000, 1.564426, -1.9587394, -1.2247849
2148056622000, 1.5262468, -1.9511036, -1.2834278
2148061577000, 1.4587462, -1.9950858, -1.3301591
2148066611000, 1.3799446, -2.0134118, -1.3631458
2148071572000, 1.3374895, -1.9657644, -1.3863586
2148076668000, 1.319469, -1.9602666, -1.4291192
2148081543000, 1.350623, -2.0399845, -1.4480561
2148086602000, 1.3787229, -2.1053472, -1.4892895
2148091612000, 1.4288138, -2.085494, -1.536937
2148096610000, 1.4654657, -1.9456058, -1.541213
2148101608000, 1.5082263, -1.8264871, -1.5528195
2148106671000, 1.5460999, -1.6447546, -1.5439619
2148112121000, 1.498147, -1.4037683, -1.536326
2148116606000, 1.4239268, -1.2021828, -1.5250251
2148121583000, 1.3429873, -1.1468995, -1.5344934
2148126608000, 1.2541064, -1.1120802, -1.5793921
2148131609000, 1.1927143, -1.006095, -1.6123788
2148136601000, 1.065349, -0.8854492, -1.6588045
2148141630000, 0.91721416, -0.7687739, -1.6835446
2148146574000, 0.76144356, -0.61300325, -1.6872098
2148151605000, 0.6337727, -0.5143485, -1.6899587
2148156649000, 0.5216789, -0.49418998, -1.670411
2148161587000, 0.45906523, -0.56505036, -1.6383406
2148166567000, 0.37507126, -0.69027776, -1.5922203
2148171589000, 0.31398472, -0.77854776, -1.5415184
2148176556000, 0.22602014, -0.7779369, -1.5314392
2148181749000, 0.15454891, -0.62949663, -1.5173893
2148186599000, 0.074830994, -0.35185838, -1.5289958
2148191604000, 0.010079277, 0.012217305, -1.5497651
2148196566000, -0.01160644, 0.38973203, -1.5525141
2148201575000, -0.008552114, 0.75441855, -1.527774
2148206626000, 0.027183503, 1.0231993, -1.45783
2148211591000, 0.058643065, 1.2067643, -1.3319917
2148216598000, 0.08399397, 1.2892311, -1.1798862
2148221573000, 0.08827003, 1.3063353, -1.0231993
2148226601000, 0.074830994, 1.2733486, -0.96852684
2148231609000, 0.0580322, 1.1768318, -0.8915578
2148236615000, 0.04153884, 1.033584, -0.8414669
2148241668000, -0.023518313, 0.8894198, -0.8332202
2148246776000, -0.07971791, 0.72051555, -0.8020661
2148251641000, -0.12950343, 0.5476407, -0.75747293
2148256617000, -0.19883664, 0.41263947, -0.74189585
2148261603000, -0.24770586, 0.31764993, -0.73823065
2148266626000, -0.29626966, 0.19272798, -0.7254025
2148271598000, -0.3491095, 0.04886922, -0.7254025
2148276618000, -0.37232238, -0.06780604, -0.72112644
2148281612000, -0.4092797, -0.16310102, -0.7104363
2148286595000, -0.43157628, -0.21930063, -0.70249504
2148291614000, -0.45234573, -0.2556471, -0.6795876
2148296606000, -0.4804455, -0.30695978, -0.63316184
2148301610000, -0.49968776, -0.33536503, -0.57543504
2148306661000, -0.52626044, -0.35124752, -0.5342017
2148311613000, -0.59040123, -0.3417791, -0.4978552
2148316607000, -0.6429357, -0.37110063, -0.47158796
2148321596000, -0.72418076, -0.4071417, -0.44318274
2148326641000, -0.7519751, -0.42913285, -0.4392121
2148331608000, -0.8127562, -0.46273044, -0.42119157
2148336595000, -0.8341365, -0.49602258, -0.37507126
2148341653000, -0.8524625, -0.46028697, -0.3378085
2148346636000, -0.8384125, -0.3979787, -0.32284227
2148351605000, -0.8219192, -0.27672195, -0.3567453
2148356638000, -0.79412484, -0.16737708, -0.36468655
2148361574000, -0.75747293, -0.2275473, -0.33475417
2148367075000, -0.7156286, -0.38698313, -0.23060162
2148371582000, -0.65270954, -0.5458081, -0.1423316
2148376618000, -0.5867361, -0.6203337, -0.16218472
2148381610000, -0.5696318, -0.59040123, -0.26419923
2148386593000, -0.5748242, -0.46517387, -0.34269542
2148391586000, -0.57848936, -0.3659083, -0.3747658
2148396613000, -0.5467244, -0.28008172, -0.38331795
2148401657000, -0.51893, -0.27855456, -0.3747658
2148406617000, -0.47525316, -0.3726278, -0.3042109
2148411544000, -0.4279111, -0.4343252, -0.28924468
2148416609000, -0.39584067, -0.4373795, -0.35460728
2148421597000, -0.37415496, -0.3652974, -0.39492437
2148426619000, -0.37232238, -0.31764993, -0.41233405
2148431744000, -0.3286455, -0.28588495, -0.39614612
2148437250000, -0.26175576, -0.30115658, -0.36254853
2148441615000, -0.16707164, -0.2947425, -0.35094208
2148446610000, -0.13072516, -0.37140608, -0.2770274
2148451539000, -0.05131268, -0.42821655, -0.24587326
2148456592000, -0.021685716, -0.36987892, -0.29565877
2148461629000, -0.032986723, -0.2510656, -0.37965274
2148466608000, -0.044898596, -0.15454891, -0.3930918
2148471589000, -0.05131268, -0.11636983, -0.36651915
2148476614000, -0.03848451, -0.09987647, -0.33933565
2148481604000, -0.03176499, -0.080634214, -0.3036
2148486596000, -0.013439035, -0.06688975, -0.27458394
2148491628000, -0.021685716, -0.06566802, -0.25289822
2148496609000, -0.022296581, -0.06780604, -0.21899518
2148501606000, -0.0143553335, -0.057726767, -0.19792034
2148506908000, -0.011301007, -0.044898596, -0.1600467
2148511611000, -0.002443461, -0.043676864, -0.13988814
2148516608000, 0.0012217305, -0.04795292, -0.09468412
2148521587000, 0.017104227, -0.044898596, -0.07819075
2148526613000, 0.013744468, -0.05955936, -0.05589417
2148531606000, 0.017104227, -0.077579886, -0.020158553
2148536591000, 0.026572637, -0.060170226, 0.010079277
2148541649000, 0.033292156, -0.009468411, 0.026267206
2148546608000, 0.013744468, -0.0012217305, 0.04062254
2148551604000, 0.011911872, -0.03390302, 0.07513642
2148556587000, 0.005497787, -0.08155051, 0.076358154
2148561612000, 0.022602014, -0.17501289, 0.08582657
2148566607000, 0.008552114, -0.23884831, 0.08460484
2148571589000, 0.0027488936, -0.29535335, 0.07544186
2148576580000, 0.003970624, -0.30451632, 0.10873401
2148581640000, 0.024129177, -0.32436943, 0.12705997
2148586599000, 0.05467244, -0.3680463, 0.12797627
2148591656000, 0.10354166, -0.33933565, 0.14508049
2148596651000, 0.14385876, -0.29718593, 0.1414153
2148601645000, 0.17989981, -0.27275133, 0.13133603
2148606604000, 0.18936823, -0.17684549, 0.13713925
2148611656000, 0.18509217, -0.0870483, 0.12858713
2148616611000, 0.16401732, -0.047036625, 0.12156218
2148621622000, 0.15668693, 0.030543262, 0.1151481
2148626701000, 0.12583824, 0.09132435, 0.09896017
2148631647000, 0.112399206, 0.1255328, 0.094989546
2148636820000, 0.111177474, 0.16157386, 0.09590584
2148641720000, 0.101098195, 0.19181168, 0.10629055
2148646611000, 0.099571034, 0.21594086, 0.112399206
2148651641000, 0.08979719, 0.2098322, 0.083383106
2148656704000, 0.07941248, 0.18753563, 0.06169739
2148661645000, 0.0571159, 0.15577064, 0.04642576
2148666542000, 0.03940081, 0.19517145, 0.037873644
2148671629000, 0.022296581, 0.21380283, 0.013439035
2148676674000, 0.014049901, 0.21319197, -0.018936822
2148681647000, -0.006414085, 0.17073683, -0.025961773
2148686612000, -0.006414085, 0.15241088, -0.037873644
2148692256000, -9.162979E-4, 0.17837265, -0.058948494
2148696711000, -0.01160644, 0.19120082, -0.0580322
2148701642000, -0.02107485, 0.24312437, -0.058337633
2148706953000, -0.042760566, 0.28985557, -0.06627888
2148711630000, -0.071776666, 0.3145956, -0.063224554
2148716609000, -0.09285152, 0.35094208, -0.063224554
2148721637000, -0.101098195, 0.37995818, -0.061086524
2148726684000, -0.12980886, 0.39584067, -0.048258353
2148731606000, -0.13652839, 0.4025602, -0.043066
2148736660000, -0.15088372, 0.41263947, -0.034208454
2148741637000, -0.16065755, 0.41508293, -0.026267206
2148746701000, -0.1685988, 0.40133846, -0.008857546
2148751626000, -0.1731803, 0.38087448, -0.005192355
2148756674000, -0.16829337, 0.3640757, 0.005192355
2148761543000, -0.15027285, 0.34208453, 0.010079277
2148766623000, -0.14630222, 0.30879238, 0.021380283
2148771632000, -0.13347405, 0.2733622, 0.026267206
2148776648000, -0.112704635, 0.22266038, 0.025350908
2148781610000, -0.09315695, 0.18173242, 0.029932396
2148786699000, -0.07971791, 0.16126843, 0.03176499
2148791649000, -0.06811147, 0.12186762, 0.04184427
2148796611000, -0.070249505, 0.09162979, 0.04795292
2148801619000, -0.06414085, 0.061086524, 0.05467244
2148806639000, -0.06078109, 0.026572637, 0.05222898
2148811634000, -0.047647487, 0.010079277, 0.053450707
2148816608000, -0.046731193, -0.019547688, 0.058337633
2148821601000, -0.06261369, -0.044593163, 0.062002823
2148826611000, -0.05497787, -0.077579886, 0.056199603
2148831981000, -0.05375614, -0.09162979, 0.06078109
2148836604000, -0.04428773, -0.10903945, 0.057726767
2148841623000, -0.04550946, -0.12583824, 0.061391957
2148846569000, -0.043066, -0.12675454, 0.05131268
2148851601000, -0.033292156, -0.12980886, 0.050701816
2148856592000, -0.036957346, -0.13164146, 0.051618114
2148861613000, -0.044898596, -0.12492194, 0.04520403
2148866572000, -0.03634648, -0.122783914, 0.03145956
2148871600000, -0.03481932, -0.106595986, 0.024740042
2148876552000, -0.037873644, -0.09468412, 0.02443461
2148881608000, -0.036957346, -0.07819075, 0.016798794
2148886592000, -0.04642576, -0.065973446, 0.01038471
2148891684000, -0.043982297, -0.06352998, 0.0036651916
2148896703000, -0.03145956, -0.04734206, -0.004886922
2148901609000, -0.03359759, -0.03268129, -0.007330383
2148906641000, -0.03604105, -0.034208454, -0.007941248
2148911614000, -0.03390302, -0.03573562, -0.016493361
2148916948000, -0.021991149, -0.03023783, -0.02443461
2148921599000, -0.035124753, -0.029932396, -0.02321288
2148926552000, -0.031154128, -0.035430185, -0.038179077
2148931608000, -0.03268129, -0.0421497, -0.03268129
2148936600000, -0.04062254, -0.04520403, -0.033292156
2148941650000, -0.02565634, -0.04153884, -0.03970624
2148946553000, -0.03604105, -0.043676864, -0.032986723
2148951605000, -0.018325957, -0.03756821, -0.029321533
2148956575000, -0.033292156, -0.035430185, -0.029932396
2148961610000, -0.033292156, -0.032986723, -0.022602014
2148966605000, -0.032070424, -0.022907447, -0.021991149
2148971605000, -0.022907447, -0.027794369, -0.018325957
2148976619000, -0.020158553, -0.022907447, -0.014966198
2148981614000, -0.02076942, -0.018020526, -0.016798794
2148986606000, -0.011911872, -0.018020526, -0.0061086523
2148991664000, -0.008552114, -0.02443461, -0.0033597588
2148996613000, 0.0012217305, -0.024129177, -0.0021380284
2149001603000, 0.0076358155, -0.03268129, 0.007941248
2149006594000, 0.011911872, -0.03573562, -6.1086525E-4
2149011614000, 0.009162978, -0.04428773, 0.0070249503
2149017203000, 0.014049901, -0.04642576, -6.1086525E-4
2149021599000, 0.006414085, -0.044898596, -3.0543262E-4
2149026616000, 0.0012217305, -0.045814894, -0.004581489
2149031608000, 0.004276057, -0.04184427, -0.008857546
2149036614000, -6.1086525E-4, -0.034513887, -0.016187929
2149041634000, -0.01160644, -0.03634648, -0.0125227375
2149046610000, -0.01740966, -0.033292156, -0.015577064
2149051700000, -0.029321533, -0.026267206, -0.009773844
2149056597000, -0.03145956, -0.017715093, -0.00580322
2149061615000, -0.037873644, -0.0106901415, -0.016187929
2149066607000, -0.025961773, -0.0021380284, -0.0125227375
2149071599000, -0.0290161, 0.009162978, -0.017715093
2149076613000, -0.033292156, 0.018020526, -0.019242255
2149081607000, -0.026267206, 0.029321533, -0.01985312
2149087268000, -0.027794369, 0.027488936, -0.020158553
2149091663000, -0.030543262, 0.01985312, -0.029321533
2149096609000, -0.034513887, 0.017715093, -0.03390302
2149101606000, -0.025045475, 0.021380283, -0.029932396
2149106579000, -0.03268129, 0.016798794, -0.0290161
2149111617000, -0.037873644, 0.006414085, -0.04153884
2149116604000, -0.03268129, 0.005192355, -0.038179077
2149121591000, -0.03573562, 0.0143553335, -0.036651913
2149126579000, -0.039095376, 0.015271631, -0.035430185
2149131606000, -0.038789943, 0.01282817, -0.03634648
2149136597000, -0.050396383, 0.015577064, -0.03359759
2149141634000, -0.03634648, 0.020158553, -0.02443461
2149146559000, -0.050701816, 0.026267206, -0.025961773
2149151607000, -0.05009095, 0.040317107, -0.011301007
2149157035000, -0.05222898, 0.044593163, -0.012217305
2149161588000, -0.056199603, 0.057421334, -0.0021380284
2149166930000, -0.061086524, 0.049785517, -0.00580322
2149171604000, -0.05131268, 0.060170226, 0.0036651916
2149176560000, -0.06688975, 0.056199603, 0.013439035
2149181575000, -0.062002823, 0.055588737, 0.020158553
2149186571000, -0.06841691, 0.044898596, 0.028099801
2149191577000, -0.06383542, 0.050701816, 0.026267206
2149196575000, -0.069027774, 0.036651913, 0.028099801
2149201580000, -0.064446285, 0.021685716, 0.042760566
2149206561000, -0.06627888, 0.015577064, 0.047036625
2149211593000, -0.04734206, 0.01740966, 0.04795292
2149216605000, -0.044593163, 0.01160644, 0.05009095
2149221591000, -0.03756821, 0.006414085, 0.04795292
2149226816000, -0.033292156, -0.0030543262, 0.05681047
2149231697000, -0.036651913, -0.004276057, 0.053145275
2149236627000, -0.028710667, -0.0061086523, 0.049785517
2149241617000, -0.028099801, -0.0021380284, 0.044593163
2149246632000, -0.029932396, -0.013744468, 0.05131268
2149251604000, -0.0290161, -0.013133603, 0.047647487
2149256632000, -0.029626964, -0.01282817, 0.046731193
2149261646000, -0.025045475, -0.020158553, 0.04062254
2149266647000, -0.021380283, -0.015577064, 0.03848451
2149271616000, -0.03268129, -0.01863139, 0.035430185
2149276665000, -0.035124753, -0.015577064, 0.03390302
2149281638000, -0.022602014, -0.025961773, 0.03268129
2149286658000, -0.025350908, -0.030543262, 0.027794369
2149291672000, -0.027183503, -0.034513887, 0.032375857
2149296689000, -0.029932396, -0.04550946, 0.034208454
2149301638000, -0.021380283, -0.03756821, 0.0290161
2149306830000, -0.017104227, -0.041233405, 0.027488936
2149311640000, -0.01282817, -0.047036625, 0.028710667
2149316630000, -0.014049901, -0.049480084, 0.027183503
2149321645000, -0.00580322, -0.05375614, 0.034208454
2149326640000, -0.015577064, -0.04642576, 0.024740042
2149331629000, -0.011911872, -0.042760566, 0.018020526
2149336624000, -0.005497787, -0.041233405, 0.021685716
2149342033000, -0.0125227375, -0.04642576, 0.013744468
2149346668000, -0.007941248, -0.048258353, 0.017104227
2149351603000, -0.0076358155, -0.04062254, 0.025045475
2149356657000, -0.008552114, -0.04795292, 0.016798794
2149361562000, -0.0143553335, -0.06078109, 0.0125227375
2149366611000, -0.011911872, -0.059253927, 0.0070249503
2149371568000, -0.017715093, -0.06047566, 0.0143553335
2149376616000, -0.017715093, -0.05955936, 0.009468411
2149381541000, -0.023518313, -0.057726767, 0.0030543262
2149386617000, -0.025045475, -0.058643065, 0.010079277
2149391668000, -0.028710667, -0.06352998, 0.01160644
2149396775000, -0.02443461, -0.050396383, 0.004886922
2149401566000, -0.023823744, -0.05222898, -6.1086525E-4
2149406640000, -0.02687807, -0.053450707, -3.0543262E-4
2149412282000, -0.0290161, -0.03970624, -3.0543262E-4
2149416670000, -0.036957346, -0.031154128, -0.007330383
2149421604000, -0.032375857, -0.03023783, -0.0070249503
2149426639000, -0.032375857, -0.028099801, -0.011911872
2149431544000, -0.03023783, -0.027183503, -0.011911872
2149436600000, -0.03145956, -0.021685716, -0.0027488936
2149441584000, -0.032986723, -0.01740966, -0.009468411
2149446633000, -0.032986723, -0.01160644, -0.014049901
2149451636000, -0.032375857, -0.009162978, -0.0106901415
2149456669000, -0.03848451, -0.014049901, -0.011911872
2149461614000, -0.03176499, -0.0061086523, -0.012217305
2149466634000, -0.03756821, 0.005192355, -0.014966198
2149471670000, -0.03726278, 0.003970624, -0.020463986
2149476706000, -0.022602014, 0.017715093, -0.015882496
2149482184000, -0.028099801, 0.017715093, -0.0143553335
2149486628000, -0.03481932, 0.025961773, -0.0106901415
2149491687000, -0.032070424, 0.029321533, -0.005497787
2149496612000, -0.036651913, 0.0290161, -0.0067195175
2149501639000, -0.041233405, 0.040011674, -0.0067195175
2149506629000, -0.035124753, 0.040927973, 0.002443461
2149511634000, -0.03848451, 0.036651913, 0.0015271631
2149516639000, -0.029321533, 0.03756821, 0.007941248
2149521643000, -0.027794369, 0.03390302, 0.015577064
2149526627000, -0.02443461, 0.04428773, 0.018936822
2149531645000, -0.015271631, 0.045814894, 0.017104227
2149536609000, -0.010995574, 0.040317107, 0.016187929
2149541744000, -0.007330383, 0.03970624, 0.025045475
2149546678000, -0.013744468, 0.038789943, 0.02687807
2149551805000, -0.008246681, 0.03726278, 0.028099801
2149556614000, -0.008246681, 0.032375857, 0.021991149
2149561637000, -0.008552114, 0.040011674, 0.024740042
2149566612000, -0.011301007, 0.04153884, 0.031154128
2149571624000, -0.004276057, 0.03481932, 0.020463986
2149576585000, -0.012217305, 0.040317107, 0.016493361
2149581645000, -0.005192355, 0.040011674, 0.010995574
2149586598000, -0.008857546, 0.03848451, 0.014966198
2149591710000, -0.021991149, 0.023518313, 0.0125227375
2149596626000, -0.015577064, 0.033292156, 0.014966198
2149601648000, -0.020158553, 0.035430185, 0.013133603
2149606615000, -0.022602014, 0.021685716, 0.0027488936
2149611619000, -0.013744468, 0.02565634, 0.014049901
2149616624000, -0.031154128, 0.020158553, 0.009468411
2149621591000, -0.01863139, 0.018020526, -9.162979E-4
2149626627000, -0.013439035, 0.022296581, 0.0030543262
2149631606000, -0.016493361, 0.015882496, 0.0027488936
2149636601000, -0.02443461, 0.009162978, 0.004276057
2149641739000, -0.018325957, 0.015577064, 0.0067195175
2149646653000, -0.016493361, 0.007941248, -0.0018325958
2149651644000, -0.02107485, 0.004276057, 0.004886922
2149656767000, -0.024740042, -0.0021380284, 3.0543262E-4
2149661647000, -0.026267206, -0.004886922, -3.0543262E-4
2149666548000, -0.02321288, -0.0067195175, -6.1086525E-4
2149671637000, -0.02565634, -0.004276057, -0.002443461
2149676552000, -0.03390302, -0.0036651916, -9.162979E-4
2149681643000, -0.03573562, -0.004886922, 0.0012217305
2149686570000, -0.033292156, -0.007941248, -0.004276057
2149691693000, -0.03848451, -0.006414085, -0.005497787
2149696596000, -0.038789943, -0.0106901415, -0.0033597588
2149701628000, -0.03940081, -0.007941248, 0.0018325958
2149706613000, -0.03573562, -0.010995574, 0.003970624
2149711639000, -0.032070424, -9.162979E-4, 6.1086525E-4
2149716647000, -0.040927973, -0.0030543262, 0.0067195175
2149721617000, -0.034208454, 0.0012217305, -6.1086525E-4
2149726676000, -0.041233405, -0.005192355, -0.0027488936
2149731643000, -0.03604105, -0.0018325958, 0.0021380284
2149736938000, -0.041233405, -0.004276057, -0.0015271631
2149741621000, -0.04153884, -0.012217305, 6.1086525E-4
2149746617000, -0.03268129, -0.013133603, 9.162979E-4
2149751605000, -0.035124753, -0.01740966, 0.0021380284
2149756597000, -0.035124753, -0.017104227, -0.0015271631
2149761655000, -0.034208454, -0.021380283, 9.162979E-4
2149766643000, -0.026267206, -0.025045475, -0.0018325958
2149771734000, -0.033292156, -0.034208454, -0.0012217305
2149776644000, -0.018936822, -0.034513887, -0.004581489
2149781630000, -0.023823744, -0.032375857, -9.162979E-4
2149786625000, -0.018936822, -0.036651913, -9.162979E-4
2149791602000, -0.019547688, -0.03940081, 0.0018325958
2149796627000, -0.015882496, -0.03481932, 3.0543262E-4
2149801606000, -0.0125227375, -0.035124753, 0.0076358155
2149807218000, -0.017104227, -0.03970624, -9.162979E-4
2149811613000, -0.013439035, -0.043066, -0.0012217305
2149816633000, -0.018936822, -0.041233405, -0.0027488936
2149821594000, -0.019242255, -0.041233405, -0.0027488936
2149826616000, -0.009468411, -0.04642576, 0.0021380284
2149831946000, -0.010079277, -0.042760566, -0.0015271631
2149836659000, -0.00580322, -0.044898596, 0.003970624
2149841625000, -0.012217305, -0.0421497, 0.0061086523
2149846684000, -0.013439035, -0.043066, 0.010079277
2149851540000, -0.0061086523, -0.040927973, 9.162979E-4
2149856649000, -0.0106901415, -0.043676864, -0.0021380284
2149861623000, -0.01038471, -0.03573562, 0.007330383
2149866650000, -0.02076942, -0.028405234, 0.01038471
2149871588000, -0.023518313, -0.022296581, 0.012217305
2149876604000, -0.011301007, -0.013439035, 0.0076358155
2149881610000, -0.012217305, -0.005192355, 0.0015271631
2149886606000, -0.018020526, -0.01282817, 0.008857546
2149891696000, -0.014660766, -0.009773844, 0.0076358155
2149896705000, -0.02443461, 0.0033597588, 0.006414085
2149901642000, -0.022602014, 0.0021380284, 0.009468411
2149906578000, -0.027794369, 0.014049901, -6.1086525E-4
2149911621000, -0.029321533, 0.0125227375, -0.0027488936
2149916556000, -0.028405234, 0.0143553335, -0.0027488936
2149921585000, -0.028710667, 0.032070424, 0.01160644
2149926594000, -0.0421497, 0.020158553, 0.002443461
2149931608000, -0.028099801, 0.026267206, 0.005497787
2149936625000, -0.032375857, 0.040317107, 0.012217305
2149941625000, -0.03573562, 0.045814894, 0.004581489
2149946572000, -0.02687807, 0.0421497, 0.003970624
2149951605000, -0.030848695, 0.040317107, 0.0018325958
2149956598000, -0.040927973, 0.03573562, 0.002443461
2149961620000, -0.038179077, 0.04428773, 0.0036651916
2149966606000, -0.03848451, 0.03756821, 0.009468411
2149971592000, -0.034208454, 0.04062254, 0.004276057
2149976645000, -0.033292156, 0.036957346, 0.008552114
2149981649000, -0.04062254, 0.035124753, 0.0125227375
2149986681000, -0.03634648, 0.03604105, 0.0125227375
2149991689000, -0.032986723, 0.038789943, 0.015271631
2149996660000, -0.034208454, 0.03634648, 0.006414085
2150001639000, -0.032070424, 0.022602014, 0.0067195175
2150006644000, -0.031154128, 0.023823744, 0.014660766
2150011635000, -0.029626964, 0.02565634, 0.009773844
2150016649000, -0.025350908, 0.026572637, 0.012217305
2150021633000, -0.03604105, 0.041233405, 0.0106901415
2150026661000, -0.030543262, 0.039095376, 0.016493361
2150031540000, -0.02321288, 0.04550946, 0.018325957
2150036625000, -0.0290161, 0.04153884, 0.011301007
2150041637000, -0.032986723, 0.03268129, 0.016798794
2150046738000, -0.033292156, 0.05009095, 0.015271631
2150051571000, -0.043676864, 0.04153884, 0.011911872
2150056596000, -0.036651913, 0.029321533, 0.006414085
2150062119000, -0.03176499, 0.03268129, 0.013133603
2150066607000, -0.03634648, 0.020158553, -0.0012217305
2150071858000, -0.028710667, 0.01282817, -6.1086525E-4
2150076602000, -0.032375857, 0.011911872, 0.004581489
2150081654000, -0.034208454, 6.1086525E-4, -0.0027488936
2150086688000, -0.025350908, 3.0543262E-4, -0.0018325958
2150092048000, -0.024740042, -0.011301007, 0.0021380284
2150096873000, -0.028710667, -0.009162978, 0.0027488936
2150101553000, -0.017104227, -0.003970624, 0.0030543262
2150106623000, -0.018020526, -0.014966198, 0.004276057
2150111550000, -0.02321288, -0.016798794, -0.0027488936
2150116644000, -0.024129177, -0.017715093, 0.0015271631
2150121570000, -0.01863139, -0.012217305, 0.0030543262
2150126658000, -0.024740042, -0.015577064, -9.162979E-4
2150132207000, -0.029626964, -0.018936822, 0.0012217305
2150136688000, -0.022602014, -0.021380283, 0.002443461
2150141742000, -0.02687807, -0.023518313, 0.004276057
2150146651000, -0.027794369, -0.02321288, 0.0076358155
2150151615000, -0.016493361, -0.020463986, 0.0070249503
2150156671000, -0.017715093, -0.025961773, 0.0012217305
2150161625000, -0.019547688, -0.030848695, 6.1086525E-4
2150166627000, -0.021380283, -0.030543262, 0.008552114
2150171612000, -0.016798794, -0.03940081, 0.004581489
2150176657000, -0.007330383, -0.025961773, 0.013744468
2150181587000, -0.016493361, -0.030543262, 0.0076358155
2150186655000, -0.009162978, -0.038179077, 0.007941248
2150191633000, -0.011911872, -0.035430185, 0.005497787
2150196549000, -0.017715093, -0.030543262, 6.1086525E-4
2150201924000, -0.021685716, -0.03573562, 0.011911872
2150206563000, -0.019547688, -0.037873644, 0.00580322
2150211611000, -0.0076358155, -0.03176499, 0.0027488936
2150216538000, -0.0143553335, -0.02565634, 0.0106901415
2150221590000, -0.02107485, -0.035430185, 0.010079277
2150226744000, -0.028405234, -0.03573562, 0.0018325958
2150231610000, -0.0143553335, -0.034513887, 0.008857546
2150237480000, -0.012217305, -0.03573562, 0.012217305
2150241689000, -0.01740966, -0.03145956, 0.013744468
2150246601000, -0.01863139, -0.032375857, 0.021991149
2150251612000, -0.02443461, -0.038179077, 0.017715093
2150256609000, -0.0125227375, -0.022907447, 0.018325957
2150261612000, -0.01985312, -0.022296581, 0.017104227
2150266608000, -0.019547688, -0.027183503, 0.0143553335
2150271590000, -0.026267206, -0.027183503, 0.019242255
2150276616000, -0.027488936, -0.02107485, 0.013133603
2150281605000, -0.034513887, -0.028099801, 0.014660766
2150286616000, -0.033292156, -0.027488936, 0.01038471
2150291645000, -0.03756821, -0.05009095, 0.006414085
2150296621000, -0.027488936, -0.042760566, 0.0018325958
2150301576000, -0.042455133, -0.04550946, -0.004276057
2150306594000, -0.02443461, -0.035124753, 0.004581489
2150311553000, -0.022907447, -0.029626964, -0.0018325958
2150316605000, -0.016187929, -0.025045475, 0.0018325958
2150321582000, -0.009468411, -0.019242255, 0.0106901415
2150326655000, -0.008552114, -0.00580322, -0.0033597588
2150331542000, -0.005497787, -0.0027488936, 0.0070249503
2150336614000, -0.0015271631, 0.004886922, 0.0076358155
2150341672000, -0.005497787, 0.012217305, 0.008857546
2150346696000, -0.0076358155, 0.0125227375, 0.004581489
2150351562000, -0.008246681, 0.027183503, 0.006414085
2150356591000, -0.017104227, 0.02565634, 0.0030543262
2150361578000, -0.021685716, 0.020463986, 0.005192355
2150366604000, -0.024740042, 0.018325957, -0.0033597588
2150371727000, -0.027794369, 0.021685716, -0.003970624
2150376660000, -0.019547688, 0.017715093, -0.0061086523
2150381609000, -0.02076942, 0.023518313, -0.006414085
2150386611000, -0.030543262, 0.020463986, -0.009468411
2150391881000, -0.020463986, 0.028099801, -0.0067195175
2150396676000, -0.029321533, 0.035124753, -0.01038471
2150401667000, -0.032375857, 0.028099801, -0.009162978
2150406597000, -0.03359759, 0.0290161, -0.004886922
2150411713000, -0.0290161, 0.03023783, -0.008246681
2150416594000, -0.034513887, 0.030848695, -0.0070249503
2150421961000, -0.026572637, 0.03023783, 0.004581489
2150426650000, -0.0421497, 0.028099801, 0.0076358155
2150431948000, -0.03970624, 0.031154128, 0.01160644
2150436598000, -0.037873644, 0.02443461, 0.0143553335
2150441653000, -0.032375857, 0.03176499, 0.01160644
2150446658000, -0.033292156, 0.0421497, 0.021380283
2150451537000, -0.036957346, 0.030543262, 0.014660766
2150456600000, -0.027794369, 0.0290161, 0.018020526
2150461548000, -0.02687807, 0.032986723, 0.020463986
2150466607000, -0.027794369, 0.024740042, 0.018936822
2150471562000, -0.02687807, 0.018020526, 0.026572637
2150476626000, -0.0290161, 0.016187929, 0.02687807
2150481542000, -0.0106901415, 0.01038471, 0.028405234
2150486603000, -0.004886922, 0.003970624, 0.025961773
2150491639000, -0.010079277, 0.0030543262, 0.027488936
2150496657000, -3.0543262E-4, -0.0061086523, 0.03176499
2150501537000, 0.0061086523, -0.004581489, 0.024129177
2150506601000, -0.0012217305, -0.0027488936, 0.016798794
2150511603000, -0.006414085, -0.0106901415, 0.016493361
2150516606000, -0.0033597588, -0.01160644, 0.017104227
2150521608000, -0.008246681, -0.017104227, 0.015882496
2150526671000, -0.003970624, -0.027488936, 0.011911872
2150531612000, -0.0036651916, -0.022602014, 0.014049901
2150536603000, -0.0076358155, -0.030543262, 0.0125227375
2150541717000, -0.019547688, -0.034208454, 0.011301007
2150546676000, -0.009468411, -0.029321533, 0.018936822
2150551603000, -0.022602014, -0.028405234, 0.014049901
2150556597000, -0.013133603, -0.02443461, 9.162979E-4
2150561602000, -0.005192355, -0.024740042, 0.01038471
2150566605000, -0.011911872, -0.02443461, 6.1086525E-4
2150571586000, -0.009468411, -0.011911872, 0.01160644
2150576636000, -0.015271631, -0.012217305, 0.007941248
2150581604000, -0.018325957, -0.015271631, 9.162979E-4
2150586612000, -0.018020526, -0.013439035, 0.006414085
2150591718000, -0.032070424, -0.018936822, 0.004886922
2150596641000, -0.02076942, -0.010995574, 0.008246681
2150601601000, -0.0143553335, 6.1086525E-4, 0.005192355
2150606599000, -0.029321533, -6.1086525E-4, 3.0543262E-4
2150611612000, -0.025350908, -0.005192355, 0.0061086523
2150616608000, -0.0290161, -0.0012217305, -6.1086525E-4
2150621591000, -0.023518313, 0.004581489, 0.0061086523
2150626723000, -0.0290161, 0.0067195175, -9.162979E-4
2150631612000, -0.03268129, 0.004276057, 0.0070249503
2150636590000, -0.030848695, 0.0036651916, 0.0036651916
2150641707000, -0.030543262, 0.009468411, 0.0076358155
2150646678000, -0.033292156, 0.005497787, 0.005192355
2150651602000, -0.021380283, 0.007330383, 0.010995574
2150656591000, -0.03145956, 0.008552114, 0.0021380284
2150661613000, -0.03176499, 0.008857546, 0.009162978
2150666604000, -0.022296581, 0.0070249503, 0.008552114
2150671586000, -0.022907447, 6.1086525E-4, 0.0076358155
2150676648000, -0.022296581, -3.0543262E-4, 0.0030543262
2150681607000, -0.027794369, -0.0021380284, 0.009468411
2150686591000, -0.018325957, -0.0030543262, 0.007330383
2150691689000, -0.01160644, -6.1086525E-4, 0.007941248
2150696639000, -0.011911872, -3.0543262E-4, 0.005497787
2150701606000, -0.010079277, -0.0067195175, 0.010995574
2150706564000, -0.010995574, -0.0015271631, 0.009773844
2150711611000, -0.015882496, -0.002443461, 0.012217305
2150716542000, -0.021991149, -0.005192355, 0.004276057
2150721627000, -0.016798794, -0.005192355, 0.014966198
2150726565000, -0.020463986, -0.006414085, 0.0125227375
2150731643000, -0.015271631, -0.003970624, 0.014049901
2150736592000, -0.016187929, -0.0012217305, 0.0125227375
2150741760000, -0.020463986, -0.0036651916, 0.004886922
2150746610000, -0.014966198, -0.0030543262, 0.01282817
2150751647000, -0.022296581, -0.0021380284, 0.018936822
2150756614000, -0.027183503, -0.010995574, 0.020463986
2150761651000, -0.01985312, -0.007330383, 0.014660766
2150766612000, -0.025350908, -0.011911872, 0.021685716
2150771631000, -0.02443461, -0.004886922, 0.019547688
2150776727000, -0.027183503, 9.162979E-4, 0.027183503
2150781644000, -0.0143553335, -0.0076358155, 0.013439035
2150786804000, -0.015577064, -0.0061086523, 0.025350908
2150791733000, -0.03176499, -0.0036651916, 0.01985312
2150797078000, -0.028710667, 0.009162978, 0.020463986
2150801642000, -0.020158553, 6.1086525E-4, 0.016798794
2150806617000, 9.162979E-4, -0.08582657, 0.051923547
2150811648000, 0.08277224, -0.13041973, -0.016493361
2150816543000, 0.1160644, -0.1994475, -0.16829337
2150821638000, 0.030848695, -0.26939157, -0.23151793
2150826606000, -0.03756821, -0.41905355, -0.43799037
2150831646000, 0.22296582, -0.29565877, -0.75869465
2150836669000, 0.45356745, -0.06291912, -0.8686504
2150841681000, 0.44348818, 0.042760566, -0.61666846
2150846705000, 0.4868596, 0.13652839, -0.32498032
2150851572000, 0.6737844, 0.15882497, -0.058643065
2150856648000, 0.78954333, 0.20830505, 0.22204952
2150861539000, 0.548557, 0.21502456, 0.44012842
2150866630000, 0.11881329, 0.19058995, 0.5873469
2150871559000, -0.069027774, 0.2180789, 0.6239988
2150876636000, -0.35918877, 0.27458394, 0.63163465
2150881541000, -0.5131268, 0.24404067, 0.54061574
2150886640000, -0.5644395, 0.10476339, 0.4089743
2150891667000, -0.54305923, -0.0983493, 0.2910773
2150896684000, -0.4700608, -0.3032946, 0.18387043
2150901656000, -0.37843102, -0.45937067, 0.09743301
2150906656000, -0.2929099, -0.52473325, 0.043676864
2150911757000, -0.22968534, -0.5109888, 0.027794369
2150916629000, -0.16646078, -0.4578435, 0.036651913
2150921800000, -0.08827003, -0.3707952, 0.04153884
2150926715000, -0.020463986, -0.25595254, 0.058337633
2150931867000, 0.04184427, -0.13469578, 0.06658431
2150936617000, 0.08368854, -0.013439035, 0.06780604
2150941645000, 0.13225232, 0.089186326, 0.07696902
2150946649000, 0.14660765, 0.14935656, 0.082161374
2150951538000, 0.15515977, 0.17348573, 0.08277224
2150956641000, 0.1563815, 0.18936823, 0.08155051
2150961569000, 0.15241088, 0.19730948, 0.0729984
2150966626000, 0.14813483, 0.19272798, 0.06658431
2150971618000, 0.13530666, 0.1731803, 0.05589417
2150976660000, 0.12980886, 0.15699236, 0.03940081
2150981624000, 0.10629055, 0.119729586, 0.022907447
2150986664000, 0.077579886, 0.073303826, 0.006414085
2150991727000, 0.052839845, 0.013439035, -0.013133603
2150996666000, 0.026572637, -0.025045475, -0.021991149
2151001646000, 0.01160644, -0.06627888, -0.051923547
2151006655000, -0.011301007, -0.08124508, -0.06994407
2151011635000, -0.014966198, -0.087659165, -0.086437434
2151016638000, -0.021991149, -0.07971791, -0.099265605
2151021636000, -0.0143553335, -0.067500606, -0.124311075
2151026666000, -6.1086525E-4, -0.047036625, -0.13072516
2151031647000, 3.0543262E-4, -0.026267206, -0.14385876
2151036625000, 0.020158553, 3.0543262E-4, -0.1414153
2151041739000, 0.01282817, 0.021685716, -0.13744467
2151046653000, 0.0015271631, 0.04795292, -0.13103059
2151051645000, 0.0027488936, 0.071776666, -0.122783914
2151056647000, -0.014660766, 0.086437434, -0.10781772
2151061636000, -0.00580322, 0.09010262, -0.09560041
2151066646000, -0.0125227375, 0.105068825, -0.08307768
2151071633000, -0.02443461, 0.093462385, -0.059253927
2151076724000, -0.022602014, 0.09254608, -0.05009095
2151081649000, -0.02076942, 0.08277224, -0.03940081
2151086677000, -0.02443461, 0.0693332, -0.027183503
2151091749000, -0.01282817, 0.05497787, -0.020463986
2151096665000, -0.014966198, 0.050396383, -0.007941248
2151101650000, -0.015271631, 0.047036625, -0.007330383
2151106642000, -0.004886922, 0.043066, 0.0015271631
2151111650000, 0.008552114, 0.036651913, 0.002443461
2151116618000, 0.01985312, 0.03268129, -0.007941248
2151121637000, 0.034513887, 0.03145956, -0.0061086523
2151126561000, 0.03390302, 0.017104227, -0.013133603
2151131647000, 0.04428773, 0.0033597588, -0.0018325958
