#Rate of rotation around the x y z axes (Angular velocity).
#timestamp(ns),x,y,z(rad/s)
#Datetime: 18/05/2015 11:56:27
##########################################
#Activity: 8 - CSI - Car-Step in - 6s
#Subject ID: 54
#First Name: sub54
#Last Name: sub54
#Age: 27
#Height(cm): 164
#Weight(kg): 55
#Gender: Female
##########################################

@DATA
2488638710000, -0.024129177, 3.0543262E-4, 0.015271631
2488644561000, -0.030848695, -9.162979E-4, 0.006414085
2488648717000, -0.025045475, 0.0018325958, 0.009468411
2488653711000, -0.030848695, -0.0012217305, 0.014049901
2488658742000, -0.021685716, 0.002443461, 0.0125227375
2488663719000, -0.030848695, 0.00580322, 0.016493361
2488668726000, -0.024740042, 6.1086525E-4, 0.015271631
2488673779000, -0.02687807, 0.003970624, 0.009468411
2488678768000, -0.025045475, -0.0012217305, 0.010995574
2488683723000, -0.027794369, -0.005497787, 0.014660766
2488688741000, -0.02107485, -6.1086525E-4, 0.0076358155
2488693762000, -0.022602014, 3.0543262E-4, 0.013744468
2488698714000, -0.016187929, -6.1086525E-4, 0.0070249503
2488703710000, -0.022296581, 9.162979E-4, 0.0106901415
2488708736000, -0.029626964, -0.008246681, 0.009162978
2488713699000, -0.024740042, -0.004886922, 0.01740966
2488718714000, -0.022907447, -0.0036651916, 0.019242255
2488723755000, -0.022907447, 0.0012217305, 0.011911872
2488728783000, -0.02687807, -0.0076358155, 0.01740966
2488733727000, -0.01985312, -0.0070249503, 0.017715093
2488738717000, -0.026572637, -0.0033597588, 0.015577064
2488743726000, -0.022296581, 0.0015271631, 0.017104227
2488748685000, -0.024129177, 0.0018325958, 0.014049901
2488753668000, -0.018325957, -0.0076358155, 0.01160644
2488758699000, -0.029321533, -0.0021380284, 0.013744468
2488763698000, -0.027488936, -0.003970624, 0.01038471
2488768671000, -0.032070424, -0.008246681, 0.007330383
2488773722000, -0.025350908, -0.01160644, 0.010079277
2488778797000, -0.023518313, -0.00580322, 0.009773844
2488783777000, -0.021991149, -0.0033597588, 0.01282817
2488788672000, -0.027488936, -0.009162978, 0.006414085
2488793720000, -0.01985312, -0.0106901415, 0.014660766
2488799813000, -0.024740042, -0.014049901, 0.01038471
2488803717000, -0.02443461, -0.009773844, 0.015577064
2488808751000, -0.023518313, -0.005497787, 0.014049901
2488813716000, -0.019242255, -0.006414085, 0.010079277
2488818711000, -0.029321533, -0.007941248, 0.01160644
2488823768000, -0.028405234, -3.0543262E-4, 0.0143553335
2488828872000, -0.024129177, -0.004886922, 0.015577064
2488833750000, -0.022296581, -0.008857546, 0.0018325958
2488838709000, -0.0106901415, -0.0036651916, 0.0061086523
2488843764000, -0.014660766, 9.162979E-4, 0.01740966
2488848719000, -0.02443461, -0.0012217305, 0.014049901
2488853724000, -0.023823744, -0.0027488936, 0.013439035
2488858743000, -0.02076942, -0.0033597588, 0.009773844
2488863738000, -0.016798794, -0.0021380284, 0.009162978
2488868712000, -0.02443461, -0.005192355, 0.014660766
2488873767000, -0.022602014, -0.002443461, 0.016493361
2488878788000, -0.022602014, -0.011911872, 0.011911872
2488883765000, -0.018325957, -3.0543262E-4, 0.014660766
2488889039000, -0.025045475, -0.004886922, 0.0106901415
2488893754000, -0.025350908, -0.014660766, 0.014660766
2488899850000, -0.014049901, -0.008857546, 0.011911872
2488903716000, -0.023823744, -0.007330383, 0.0067195175
2488908777000, -0.029626964, -0.010995574, 0.003970624
2488913755000, -0.020463986, -0.0143553335, 0.0027488936
2488918716000, -0.016798794, -0.009468411, 0.005192355
2488923800000, -0.02107485, -0.012217305, 0.008552114
2488928857000, -0.02321288, -0.016493361, 0.008246681
2488933760000, -0.017104227, -0.015882496, 0.008246681
2488938716000, -0.021685716, -0.011911872, 0.014660766
2488943763000, -0.017104227, -0.010995574, 0.009773844
2488948706000, -0.019547688, -0.009773844, 0.01160644
2488953690000, -0.014966198, -0.013133603, 0.014966198
2488958730000, -0.023823744, -0.016798794, 0.018936822
2488963738000, -0.022296581, -0.0070249503, 0.002443461
2488969238000, -0.018936822, -0.007941248, 0.009773844
2488973759000, -0.018325957, -0.015882496, 0.013439035
2488978772000, -0.028710667, -0.011301007, 0.0106901415
2488983694000, -0.025350908, -0.009773844, 0.016798794
2488988755000, -0.022907447, -0.0076358155, 0.009773844
2488993735000, -0.026572637, -0.004886922, 0.013439035
2488999852000, -0.029321533, -0.01038471, 0.011911872
2489003755000, -0.022602014, -0.012217305, 0.01740966
2489008759000, -0.028405234, -0.004276057, 0.016187929
2489013737000, -0.024129177, -6.1086525E-4, 0.018325957
2489018790000, -0.018936822, -0.006414085, 0.020158553
2489023697000, -0.026267206, -0.01038471, 0.025350908
2489028841000, -0.025045475, -0.007330383, 0.021380283
2489033697000, -0.022907447, -0.009468411, 0.02443461
2489039097000, -0.0290161, -0.004581489, 0.034513887
2489043662000, -0.03634648, -0.017715093, 0.041233405
2489048732000, -0.03573562, -0.01740966, 0.048258353
2489053642000, -0.036957346, -0.013133603, 0.04642576
2489058702000, -0.05009095, -0.007941248, 0.058643065
2489063724000, -0.05681047, -0.009468411, 0.06811147
2489068770000, -0.056505036, -0.008857546, 0.080634214
2489073835000, -0.06261369, -0.002443461, 0.08368854
2489078735000, -0.069027774, 0.009773844, 0.0888809
2489083914000, -0.071776666, 0.024129177, 0.094989546
2489088716000, -0.093462385, 0.036651913, 0.10567969
2489093673000, -0.10293079, 0.048563786, 0.10934488
2489098716000, -0.116675265, 0.0711658, 0.12583824
2489103712000, -0.11881329, 0.092240654, 0.13591751
2489109069000, -0.10781772, 0.12003502, 0.13652839
2489113809000, -0.12797627, 0.124311075, 0.1386664
2489118805000, -0.12370021, 0.16310102, 0.15271631
2489123785000, -0.129198, 0.19394971, 0.1591304
2489128807000, -0.13775012, 0.22968534, 0.16279559
2489133747000, -0.12705997, 0.2657264, 0.16982053
2489138712000, -0.13561209, 0.29718593, 0.17379116
2489143753000, -0.13988814, 0.34147367, 0.17501289
2489148710000, -0.14508049, 0.3820962, 0.183565
2489153708000, -0.14355333, 0.41447207, 0.19058995
2489158740000, -0.15393804, 0.44318274, 0.18784106
2489163786000, -0.16432275, 0.4831944, 0.20433442
2489168705000, -0.16371189, 0.50335294, 0.21197024
2489173764000, -0.17806722, 0.52626044, 0.22204952
2489178777000, -0.19242255, 0.55741453, 0.22418754
2489183675000, -0.20586158, 0.5720753, 0.24129178
2489188707000, -0.22540927, 0.5870415, 0.2519819
2489193757000, -0.22540927, 0.61727935, 0.26511553
2489199785000, -0.23365596, 0.63071835, 0.27977628
2489203727000, -0.23854288, 0.65057147, 0.28863382
2489208722000, -0.2593123, 0.6569856, 0.29993483
2489213714000, -0.2602286, 0.68019843, 0.30818152
2489218706000, -0.25717425, 0.6918049, 0.32375857
2489223753000, -0.2687807, 0.7076874, 0.32986724
2489228789000, -0.27152961, 0.7180721, 0.3484986
2489233727000, -0.28130344, 0.73884153, 0.3555236
2489238704000, -0.28802297, 0.7583892, 0.3747658
2489243716000, -0.29535335, 0.7666359, 0.3857614
2489248692000, -0.2929099, 0.7629707, 0.3912592
2489253673000, -0.28588495, 0.7687739, 0.39461896
2489258697000, -0.28496864, 0.7626653, 0.40194935
2489263720000, -0.24923302, 0.7632761, 0.39522982
2489268764000, -0.21135938, 0.7657196, 0.39645153
2489273798000, -0.16218472, 0.79045963, 0.37965274
2489278869000, -0.087659165, 0.8378017, 0.3680463
2489283764000, -0.0067195175, 0.88514376, 0.3378085
2489288741000, 0.059253927, 0.9569204, 0.3203988
2489294391000, 0.10048734, 1.0091494, 0.29901853
2489298720000, 0.09468412, 1.0595458, 0.28771752
2489303781000, 0.046731193, 1.0885619, 0.2678644
2489308740000, 0.019242255, 1.10139, 0.25320363
2489313744000, -0.008552114, 1.1016954, 0.25289822
2489318652000, -0.02687807, 1.1123856, 0.25717425
2489323674000, -0.0571159, 1.1078042, 0.25289822
2489328736000, -0.058948494, 1.1007792, 0.26847526
2489333623000, -0.049480084, 1.0839803, 0.28069258
2489338621000, -0.064751714, 1.0662653, 0.29840767
2489343649000, -0.047647487, 1.0454959, 0.32253686
2489348676000, -0.046731193, 1.0103711, 0.34208453
2489353641000, -0.03604105, 0.99296147, 0.35124752
2489358673000, -0.044593163, 0.99112886, 0.34788775
2489364151000, -0.055283304, 0.9795224, 0.34666604
2489368646000, -0.049785517, 0.97005403, 0.3390302
2489373661000, -0.04337143, 0.9837985, 0.33964106
2489378677000, -0.02107485, 0.98807454, 0.3213151
2489383627000, 0.0061086523, 0.9645562, 0.3115413
2489388670000, 0.04153884, 0.9718866, 0.30451632
2489393666000, 0.06627888, 0.95539325, 0.3032946
2489399528000, 0.10629055, 0.95905846, 0.30176744
2489403667000, 0.13744467, 0.9618073, 0.3115413
2489408689000, 0.1469131, 0.9560041, 0.3155119
2489413721000, 0.18417588, 0.9379836, 0.31703907
2489418632000, 0.21197024, 0.929126, 0.31948254
2489423621000, 0.22632557, 0.91324353, 0.33414328
2489428661000, 0.23671028, 0.8940013, 0.3472769
2489433805000, 0.23884831, 0.86437434, 0.36010507
2489438651000, 0.25595254, 0.83169305, 0.37323865
2489443664000, 0.27030787, 0.78893244, 0.38240165
2489448664000, 0.29810223, 0.72051555, 0.3839288
2489453639000, 0.3323107, 0.63071835, 0.3933972
2489458684000, 0.36835176, 0.5503896, 0.3894266
2489463638000, 0.37018433, 0.4810564, 0.38759398
2489468644000, 0.35430184, 0.42913285, 0.35094208
2489473634000, 0.33292156, 0.38087448, 0.29718593
2489478659000, 0.30390546, 0.34666604, 0.24587326
2489483705000, 0.22235495, 0.32345316, 0.18387043
2489488709000, 0.1282817, 0.3408628, 0.11362094
2489493754000, 0.061086524, 0.39095375, 0.04153884
2489498721000, 0.03481932, 0.45081854, -0.023823744
2489503679000, 0.028710667, 0.48563787, -0.058337633
2489508732000, 0.038179077, 0.5348125, -0.12217305
2489513751000, 0.054061573, 0.5491679, -0.17898351
2489518712000, 0.07360926, 0.5183192, -0.20861048
2489523690000, 0.11178834, 0.4841107, -0.22785273
2489528766000, 0.1591304, 0.42455134, -0.23548855
2489533660000, 0.18692477, 0.37323865, -0.23365596
2489538708000, 0.1908954, 0.31306845, -0.2275473
2489543679000, 0.16707164, 0.24495697, -0.22602014
2489548713000, 0.14935656, 0.18875736, -0.19792034
2489553728000, 0.11759156, 0.15760323, -0.1591304
2489558713000, 0.08735373, 0.11209377, -0.10323623
2489563739000, 0.054367006, 0.06811147, -0.03481932
2489568671000, 0.023823744, 0.026267206, 0.041233405
2489573714000, 0.024129177, 0.0015271631, 0.095294975
2489578725000, 0.03573562, -0.0021380284, 0.14844026
2489583677000, 0.054061573, 0.03390302, 0.18753563
2489588709000, 0.053145275, 0.07666359, 0.20341812
2489593713000, 0.06658431, 0.13347405, 0.21899518
2489599808000, 0.084910266, 0.17195857, 0.22082779
2489603670000, 0.09010262, 0.18936823, 0.21838433
2489608684000, 0.090713486, 0.21044308, 0.20738874
2489613729000, 0.10293079, 0.226631, 0.20097467
2489619373000, 0.09010262, 0.24770586, 0.1863139
2489623772000, 0.07696902, 0.2657264, 0.17745635
2489628759000, 0.071776666, 0.27885997, 0.17256944
2489633718000, 0.0580322, 0.28344148, 0.1563815
2489638701000, 0.055283304, 0.30604348, 0.15851954
2489643742000, 0.067500606, 0.30695978, 0.17012598
2489648680000, 0.064446285, 0.30726522, 0.18967366
2489653711000, 0.0852157, 0.2919936, 0.21044308
2489658666000, 0.10781772, 0.2782491, 0.24251351
2489663824000, 0.12797627, 0.2443461, 0.2648101
2489668709000, 0.14569137, 0.19242255, 0.28893927
2489673744000, 0.17867808, 0.13103059, 0.30115658
2489678701000, 0.20433442, 0.04795292, 0.28893927
2489683674000, 0.21197024, -0.03726278, 0.28802297
2489689373000, 0.21594086, -0.13347405, 0.27977628
2489693765000, 0.22540927, -0.23640485, 0.2678644
2489698979000, 0.23426682, -0.34483343, 0.26511553
2489703708000, 0.2134974, -0.39584067, 0.26450464
2489709012000, 0.19547687, -0.49357912, 0.27030787
2489713743000, 0.16523905, -0.59315014, 0.2666427
2489718688000, 0.13316862, -0.68386364, 0.2556471
2489723729000, 0.08857546, -0.7663304, 0.23884831
2489728783000, 0.046120327, -0.8564331, 0.21960606
2489733813000, 0.016187929, -0.9392053, 0.20647246
2489738696000, -0.004886922, -1.0103711, 0.1994475
2489743760000, -0.03145956, -1.0656544, 0.2012801
2489748716000, -0.044593163, -1.1108584, 0.21013765
2489753706000, -0.05100725, -1.1307116, 0.20799962
2489758851000, -0.046731193, -1.1258247, 0.21594086
2489763806000, -0.04062254, -1.1114693, 0.22388211
2489768764000, -0.03176499, -1.0790935, 0.24129178
2489773734000, -0.038179077, -1.0302242, 0.25411993
2489778855000, -0.020158553, -0.97158116, 0.26297748
2489783751000, -0.009773844, -0.9147707, 0.28160888
2489788709000, 0.007941248, -0.86101454, 0.30451632
2489793690000, 0.029321533, -0.840856, 0.31795537
2489799799000, 0.04337143, -0.754724, 0.33108896
2489803667000, 0.0711658, -0.73853606, 0.3368922
2489808696000, 0.09193522, -0.7128797, 0.3381139
2489813737000, 0.09407325, -0.67164636, 0.33078352
2489818670000, 0.100792766, -0.6575964, 0.33261612
2489823700000, 0.101098195, -0.66523224, 0.3390302
2489828863000, 0.10445796, -0.6630942, 0.33536503
2489833684000, 0.09285152, -0.6649268, 0.31764993
2489838668000, 0.0711658, -0.6713409, 0.31123585
2489843690000, 0.04917465, -0.6899723, 0.30115658
2489848717000, 0.039095376, -0.70952, 0.30268374
2489853651000, 0.010995574, -0.70432764, 0.2761111
2489858746000, -0.014966198, -0.743423, 0.28038713
2489863737000, -0.016798794, -0.77366084, 0.28710666
2489868714000, -0.0012217305, -0.766025, 0.29779682
2489873675000, 0.0106901415, -0.76174897, 0.29749137
2489878740000, 0.012217305, -0.7461719, 0.2938262
2489883657000, 0.011301007, -0.72692966, 0.29626966
2489888710000, 0.018936822, -0.68386364, 0.2782491
2489893674000, 0.030543262, -0.6805039, 0.27152961
2489898727000, 0.037873644, -0.70249504, 0.27550024
2489903654000, 0.06994407, -0.6637051, 0.2846632
2489908735000, 0.09101892, -0.6035349, 0.26175576
2489913713000, 0.10140363, -0.5653558, 0.25686884
2489918711000, 0.118202426, -0.5326745, 0.2443461
2489923683000, 0.12675454, -0.48624873, 0.23304509
2489928771000, 0.13500121, -0.4260785, 0.20861048
2489933683000, 0.12736541, -0.4529566, 0.1853976
2489938708000, 0.15088372, -0.4550946, 0.16432275
2489944562000, 0.1704314, -0.40286562, 0.15882497
2489948721000, 0.17165314, -0.3622431, 0.1432479
2489953707000, 0.16584991, -0.35155296, 0.12064589
2489958726000, 0.14630222, -0.32650748, 0.10415252
2489963782000, 0.12705997, -0.30298916, 0.08002335
2489968721000, 0.09773844, -0.23243423, 0.07880162
2489973740000, 0.07147124, -0.20769419, 0.05100725
2489978727000, 0.048563786, -0.25167647, 0.02687807
2489983676000, 0.032375857, -0.27305678, 0.004276057
2489988705000, 0.025350908, -0.2828306, -0.010995574
2489993762000, 0.00580322, -0.2666427, -0.01282817
2489998657000, -0.005192355, -0.269697, -0.028405234
2490003708000, -0.021380283, -0.27458394, -0.032070424
2490009069000, -0.054061573, -0.2874121, -0.043066
2490014541000, -0.1020145, -0.28069258, -0.06169739
2490019053000, -0.17562376, -0.28160888, -0.07849618
2490023722000, -0.19486602, -0.32070425, -0.0983493
2490029341000, -0.20005837, -0.3753767, -0.10445796
2490033811000, -0.1994475, -0.3747658, -0.10354166
2490038655000, -0.20738874, -0.37568212, -0.103847094
2490043751000, -0.22388211, -0.37690386, -0.10293079
2490048662000, -0.23273966, -0.39003745, -0.10140363
2490053716000, -0.2452624, -0.40500367, -0.092240654
2490058739000, -0.25900686, -0.4098906, -0.09712757
2490063731000, -0.27214047, -0.419359, -0.11942416
2490068715000, -0.28160888, -0.42088616, -0.13103059
2490073727000, -0.29046643, -0.42394048, -0.14446963
2490078759000, -0.29168814, -0.40561453, -0.1777618
2490083684000, -0.27550024, -0.3811799, -0.1872302
2490088712000, -0.27947086, -0.3735441, -0.20189096
2490093700000, -0.27763826, -0.35918877, -0.20586158
2490098687000, -0.28160888, -0.3576616, -0.22204952
2490103665000, -0.27916542, -0.38362336, -0.24312437
2490108703000, -0.27000242, -0.41874814, -0.26145032
2490113721000, -0.28038713, -0.45937067, -0.2761111
2490118671000, -0.27763826, -0.50854534, -0.28771752
2490123695000, -0.2779437, -0.52870387, -0.29168814
2490128742000, -0.28771752, -0.5549711, -0.29443705
2490133674000, -0.27855456, -0.6093381, -0.3042109
2490138668000, -0.2910773, -0.66339964, -0.31887165
2490143690000, -0.27855456, -0.71959925, -0.3295618
2490148678000, -0.29779682, -0.75869465, -0.34391713
2490153909000, -0.30879238, -0.8206975, -0.35033122
2490158731000, -0.31673363, -0.8738427, -0.37201694
2490163704000, -0.32467487, -0.9407325, -0.38362336
2490168710000, -0.34666604, -0.9807441, -0.40133846
2490173674000, -0.36865717, -1.028697, -0.4092797
2490178736000, -0.36865717, -1.0564915, -0.38789943
2490183651000, -0.39522982, -1.0650436, -0.3924809
2490188709000, -0.41233405, -1.1328496, -0.40958515
2490193676000, -0.42088616, -1.1917981, -0.42424592
2490199882000, -0.41722095, -1.2299771, -0.44165558
2490203653000, -0.4392121, -1.2318097, -0.45173484
2490208744000, -0.4474588, -1.235475, -0.4550946
2490213701000, -0.46181414, -1.2290609, -0.4636467
2490218714000, -0.46761733, -1.2278391, -0.4654793
2490223714000, -0.4801401, -1.215011, -0.46211955
2490228721000, -0.49113566, -1.1859949, -0.4447099
2490233696000, -0.5021312, -1.1456778, -0.4156938
2490238669000, -0.49205196, -1.1297953, -0.40591997
2490243704000, -0.53786683, -1.1178834, -0.4071417
2490248690000, -0.54550266, -1.0961977, -0.42332962
2490253696000, -0.56230146, -1.0381655, -0.41783184
2490258692000, -0.56596667, -0.98929626, -0.4034765
2490263741000, -0.5696318, -0.9465357, -0.4083634
2490268674000, -0.59406644, -0.8912524, -0.39828414
2490273738000, -0.605062, -0.85062987, -0.37048978
2490278754000, -0.59712076, -0.81183994, -0.34391713
2490283824000, -0.5720753, -0.7892379, -0.29626966
2490288670000, -0.5412266, -0.7440339, -0.27366763
2490293678000, -0.52595496, -0.7067711, -0.21135938
2490298679000, -0.5018258, -0.68386364, -0.14905111
2490303666000, -0.4822781, -0.6264423, -0.076052725
2490308700000, -0.4728097, -0.59528816, -0.043982297
2490313786000, -0.48563787, -0.5870415, -0.055588737
2490318674000, -0.47250426, -0.56382865, -0.069027774
2490323701000, -0.44501534, -0.5403103, -0.10903945
2490328722000, -0.4129449, -0.5180137, -0.15668693
2490333673000, -0.38637227, -0.47586402, -0.21319197
2490339504000, -0.38545597, -0.44012842, -0.24831672
2490343714000, -0.37598756, -0.3943135, -0.27397305
2490348675000, -0.36926803, -0.32986724, -0.29626966
2490353672000, -0.3585779, -0.27855456, -0.30940324
2490358696000, -0.3436117, -0.22052236, -0.34422258
2490363759000, -0.33200526, -0.1600467, -0.37690386
2490368671000, -0.30940324, -0.099571034, -0.40194935
2490373715000, -0.28221974, -0.052839845, -0.4266894
2490378716000, -0.22724187, -0.05131268, -0.4343252
2490383686000, -0.18203785, -0.056199603, -0.40653083
2490388722000, -0.14355333, -0.009162978, -0.3539964
2490393759000, -0.006414085, -0.016187929, -0.33933565
2490399796000, 0.051618114, -0.11209377, -0.30665436
2490403731000, 0.13225232, -0.16249016, -0.29352075
2490409352000, 0.15760323, -0.28252518, -0.29046643
2490413729000, 0.21074851, -0.32345316, -0.22999077
2490419057000, 0.258396, -0.3136793, -0.16432275
2490423749000, 0.31429017, -0.35827246, -0.08277224
2490428928000, 0.3210097, -0.40744713, -0.08277224
2490433723000, 0.22724187, -0.410196, 0.084910266
2490438851000, 0.040317107, -0.43249258, 0.14538592
2490443746000, -0.057421334, -0.5009095, 0.1142318
2490448958000, 0.0027488936, -0.4908302, 0.048563786
2490453710000, 0.040011674, -0.4083634, 0.005192355
2490458696000, 0.025961773, -0.32986724, -0.03268129
2490463816000, -0.025045475, -0.19792034, -0.059253927
2490468649000, -0.098043874, -0.076358154, -0.08124508
2490473765000, -0.1591304, 0.05467244, -0.10629055
2490478711000, -0.23273966, 0.11362094, -0.13805555
2490483673000, -0.2648101, 0.22815818, -0.16432275
2490488686000, -0.33200526, 0.31490102, -0.23090707
2490493756000, -0.38423425, 0.4129449, -0.2910773
2490498721000, -0.4279111, 0.49541172, -0.3475823
2490503710000, -0.441961, 0.57696223, -0.39675698
2490508756000, -0.43035457, 0.6102544, -0.42058071
2490514028000, -0.3866777, 0.6536258, -0.42424592
2490518716000, -0.32620203, 0.698219, -0.3912592
2490523771000, -0.25167647, 0.7449502, -0.355829
2490528788000, -0.20616703, 0.7486154, -0.34422258
2490533710000, -0.1386664, 0.73823065, -0.33414328
2490538714000, -0.11148291, 0.7254025, -0.32559118
2490543745000, -0.11178834, 0.6918049, -0.33475417
2490548722000, -0.1386664, 0.6209445, -0.35246924
2490553708000, -0.15943582, 0.5479461, -0.364992
2490558718000, -0.1881465, 0.4831944, -0.3555236
2490563719000, -0.23335053, 0.42149702, -0.34880406
2490568683000, -0.2828306, 0.3622431, -0.35460728
2490573758000, -0.3368922, 0.33567044, -0.33383787
2490578735000, -0.36682457, 0.28038713, -0.30726522
2490583656000, -0.38759398, 0.22907446, -0.27091873
2490588711000, -0.4007276, 0.1863139, -0.24312437
2490593691000, -0.42088616, 0.124311075, -0.25503623
2490599825000, -0.48166725, 0.058643065, -0.26053402
2490603665000, -0.5833763, 0.06658431, -0.2489276
2490608696000, -0.61636305, 0.09743301, -0.20525073
2490613778000, -0.7165449, 0.05375614, -0.21105394
2490618674000, -0.7086037, -0.02321288, -0.21899518
2490623715000, -0.7489208, -0.024129177, -0.22174409
2490629590000, -0.7452556, -0.04337143, -0.23701571
2490633711000, -0.7367035, -0.030848695, -0.2415972
2490638710000, -0.7049385, -0.016493361, -0.24862215
2490643733000, -0.6646214, -0.012217305, -0.269697
2490648718000, -0.6374379, 0.01038471, -0.27122417
2490653681000, -0.61636305, 0.03940081, -0.26206118
2490658742000, -0.59712076, 0.04886922, -0.26236662
2490663760000, -0.591623, 0.056199603, -0.2519819
2490668708000, -0.59681535, 0.103847094, -0.17348573
2490673643000, -0.66859204, 0.08155051, -0.13744467
2490678760000, -0.6270532, 0.0421497, -0.14508049
2490683676000, -0.6291912, -0.030848695, -0.160963
2490688670000, -0.65026605, -0.062002823, -0.160963
2490693707000, -0.6753115, -0.052839845, -0.14782938
2490699365000, -0.6914995, -0.07452556, -0.18997909
2490703668000, -0.6994407, -0.0870483, -0.19272798
2490708699000, -0.7504479, -0.061391957, -0.1966986
2490713739000, -0.79045963, -0.0143553335, -0.20769419
2490718668000, -0.81489426, -0.00580322, -0.2125811
2490723669000, -0.8524625, 0.014660766, -0.23945917
2490728725000, -0.8863655, 3.0543262E-4, -0.2687807
2490733748000, -0.91965765, -0.022296581, -0.29138273
2490738667000, -0.9663888, -0.067500606, -0.30268374
2490743709000, -1.0128145, -0.1151481, -0.2837469
2490748676000, -1.058324, -0.20525073, -0.25809056
2490753666000, -1.128879, -0.22449298, -0.27152961
2490758666000, -1.1777482, -0.2733622, -0.22876903
2490763732000, -1.2837334, -0.3173445, -0.14263703
2490769184000, -1.2012665, -0.38515055, -0.14569137
2490773662000, -1.2330315, -0.44409904, -0.15241088
2490778730000, -1.2333369, -0.50915617, -0.16768251
2490783682000, -1.2611313, -0.5525276, -0.14080444
2490788672000, -1.2938126, -0.6038403, -0.1282817
2490793706000, -1.3240504, -0.6444628, -0.13041973
2490799777000, -1.3686435, -0.65057147, -0.09865474
2490803671000, -1.462106, -0.6426302, -0.08582657
2490808668000, -1.493871, -0.64812803, -0.05100725
2490813745000, -1.575116, -0.6178902, -0.022296581
2490818959000, -1.6588045, -0.5867361, 0.01038471
2490823663000, -1.7357736, -0.5513059, 0.019242255
2490828760000, -1.8176296, -0.5345071, 0.004886922
2490833674000, -1.8997909, -0.48624873, 0.024129177
2490838832000, -1.971873, -0.44532076, 0.018020526
2490843708000, -2.0485365, -0.45814893, -0.02076942
2490848683000, -2.0980167, -0.41386122, -0.050701816
2490853671000, -2.1728477, -0.33414328, 0.018936822
2490858704000, -2.2482896, -0.2874121, 0.049785517
2490863726000, -2.3102922, -0.30665436, 0.062308256
2490868682000, -2.3564126, -0.31948254, 0.067500606
2490873676000, -2.381458, -0.2837469, 0.099571034
2490878722000, -2.3817637, -0.27183503, 0.13072516
2490883684000, -2.391232, -0.26542094, 0.129198
2490888707000, -2.4104743, -0.2556471, 0.14569137
2490893655000, -2.4266622, -0.25381452, 0.16126843
2490898680000, -2.4388795, -0.27122417, 0.18020524
2490903739000, -2.4724772, -0.3286455, 0.21838433
2490908807000, -2.5054638, -0.41355577, 0.26450464
2490913749000, -2.5515842, -0.5140431, 0.3115413
2490918673000, -2.598926, -0.5873469, 0.3857614
2490923685000, -2.6386325, -0.6973027, 0.46028697
2490928738000, -2.6841419, -0.80481493, 0.54428095
2490933942000, -2.7070494, -0.8579602, 0.5888741
2490938666000, -2.733011, -0.9682214, 0.75747293
2490943696000, -2.7259862, -0.98746365, 0.8170323
2490948678000, -2.763249, -1.0021244, 0.8924741
2490953670000, -2.7968466, -1.0106765, 0.9691377
2490958712000, -2.8127291, -0.9575313, 0.98899084
2490963817000, -2.814867, -0.90010995, 1.0919216
2490968670000, -2.8130345, -0.8940013, 1.1191051
2490973905000, -2.826779, -0.7892379, 1.1475104
2490978735000, -2.8145616, -0.57971114, 1.1728612
2490984056000, -2.8026497, -0.44043383, 1.2330315
2490988706000, -2.8124237, -0.36957347, 1.2299771
2490993678000, -2.8548787, -0.122478485, 1.2324207
2490999797000, -2.8625145, 0.20738874, 1.3377949
2491003672000, -2.8545732, 0.27152961, 1.3313808
2491008712000, -2.8499918, 0.36254853, 1.3127494
2491013741000, -2.8350255, 0.37415496, 1.3222178
2491018669000, -2.8163943, 0.44165558, 1.1701124
2491024267000, -2.762638, 0.41263947, 1.2635747
2491028780000, -2.7516425, 0.40042216, 1.3060299
2491033679000, -2.733622, 0.39095375, 1.2379184
2491038668000, -2.7424796, 0.4083634, 1.1976013
2491043695000, -2.7262917, 0.462425, 1.1145236
2491048678000, -2.674979, 0.46609017, 1.0977248
2491053671000, -2.6429086, 0.41722095, 1.1481212
2491058753000, -2.5668557, 0.44715336, 1.0754282
2491063755000, -2.4517076, 0.47525316, 0.9263771
2491068695000, -2.271197, 0.5739079, 0.86101454
2491073713000, -2.1878138, 0.5119051, 0.93126404
2491078729000, -2.071444, 0.4728097, 0.96486163
2491083678000, -1.9843957, 0.46486846, 0.929126
2491088708000, -1.9007072, 0.45448375, 0.8958339
2491094320000, -1.7968601, 0.43982297, 0.79076505
2491098688000, -1.700038, 0.38240165, 0.93187493
2491103670000, -1.6417004, 0.31215215, 1.0525209
2491108694000, -1.5619824, 0.35979962, 1.0577132
2491113737000, -1.4676038, 0.4251622, 1.0396926
2491118707000, -1.3515394, 0.4373795, 0.99112886
2491123716000, -1.2315043, 0.5027421, 0.8472701
2491128780000, -1.0897835, 0.5152648, 0.70921457
2491133720000, -0.98868537, 0.43279803, 0.82436264
2491138691000, -0.9138544, 0.36896262, 0.79779
2491143760000, -0.8323039, 0.3381139, 0.71593404
2491148706000, -0.768163, 0.30207285, 0.6536258
2491153712000, -0.70952, 0.25228736, 0.6078109
2491158663000, -0.66981375, 0.226631, 0.56382865
2491164048000, -0.6389651, 0.14813483, 0.5580254
2491168657000, -0.6041457, 0.1328632, 0.5702427
2491173669000, -0.5888741, 0.077579886, 0.59650993
2491178693000, -0.5693264, 0.021685716, 0.64843345
2491183675000, -0.5907067, -0.041233405, 0.6844745
2491188656000, -0.5992588, -0.08399397, 0.7101309
2491193713000, -0.6020077, -0.111177474, 0.7440339
2491199193000, -0.61208695, -0.13591751, 0.786489
2491203673000, -0.62949663, -0.08155051, 0.6649268
2491208696000, -0.63346726, -0.03940081, 0.5726862
2491213783000, -0.6569856, -0.11575896, 0.77732605
2491218666000, -0.7244862, -0.17989981, 1.0033462
2491223712000, -0.75961095, -0.17867808, 1.0965031
2491228769000, -0.75228053, -0.12217305, 1.0622946
2491233718000, -0.74372846, -0.040317107, 0.7987063
2491238652000, -0.7021896, -0.023518313, 0.63713247
2491243755000, -0.74036866, -0.03756821, 0.72265357
2491248658000, -0.8176431, -0.04886922, 0.8732319
2491253710000, -0.86926126, -0.03023783, 1.035722
2491258672000, -0.8555168, -0.0070249503, 1.1246029
2491263835000, -0.8533788, 0.14110987, 1.2751812
2491268654000, -0.8555168, 0.26419923, 1.2932017
2491273707000, -0.86070913, 0.25350907, 1.2709051
2491278703000, -0.8900307, 0.2180789, 1.210735
2491283673000, -0.9104946, 0.16187929, 0.88606006
2491288705000, -0.9077458, 0.23396139, 0.61727935
2491293747000, -0.9104946, 0.2666427, 0.7031059
2491298719000, -0.9569204, 0.19883664, 0.9068295
2491303709000, -0.977079, 0.1685988, 1.1337659
2491308744000, -0.977079, 0.25992316, 1.31672
2491313850000, -0.96761054, 0.35124752, 1.3591752
2491318713000, -0.9755518, 0.37843102, 1.3384057
2491323705000, -1.0210613, 0.37720928, 1.310306
2491328798000, -1.0497719, 0.3885103, 1.2049317
2491333707000, -1.0586295, 0.37690386, 1.0797043
2491338712000, -1.0650436, 0.39095375, 1.1059716
2491343740000, -1.0302242, 0.4202753, 1.2165382
2491349265000, -0.99112886, 0.3912592, 1.258077
2491353703000, -0.9379836, 0.38240165, 1.2562444
2491358748000, -0.90224797, 0.3417791, 1.1710287
2491363809000, -0.90041536, 0.28924468, 1.1068878
2491368716000, -0.8872818, 0.2724459, 1.1435398
2491373711000, -0.88422745, 0.27916542, 1.2895365
2491378732000, -0.8512407, 0.25167647, 1.3451253
2491383766000, -0.8078693, 0.33505958, 1.3374895
2491388731000, -0.79473567, 0.34147367, 1.2779301
2491393709000, -0.81245077, 0.31856623, 1.2165382
2491399816000, -0.81153446, 0.2941316, 1.2901474
2491403684000, -0.80664754, 0.29016098, 1.3200798
2491408741000, -0.77091193, 0.27916542, 1.3310753
2491413662000, -0.74281216, 0.1966986, 1.2681563
2491419349000, -0.7305948, 0.10903945, 1.196685
2491423662000, -0.713796, 0.16249016, 1.0803152
2491428738000, -0.70371675, 0.15149458, 1.0680978
2491433662000, -0.6817256, 0.14049901, 1.0900891
2491438737000, -0.63621616, 0.13408493, 1.0797043
2491443684000, -0.5897904, 0.12705997, 1.0629056
2491448715000, -0.58551437, 0.11026118, 1.0818423
2491453690000, -0.559858, 0.06261369, 1.0274754
2491458744000, -0.559858, 0.01160644, 0.9966267
2491463725000, -0.56413406, -0.01038471, 0.93034774
2491468710000, -0.5662721, 0.03268129, 0.7987063
2491473698000, -0.5723807, 0.060170226, 0.84696466
2491478719000, -0.5314528, 0.02443461, 1.0201449
2491484012000, -0.47952923, -0.062308256, 1.0784826
2491489079000, -0.46303585, -0.0729984, 1.1108584
2491493884000, -0.44868052, -0.05467244, 1.1273518
2491498703000, -0.45081854, -0.051618114, 1.2043208
2491503917000, -0.42149702, 0.028710667, 1.2522738
2491508711000, -0.3753767, 0.04153884, 1.2583824
2491513786000, -0.35705075, 0.025045475, 1.2366967
2491518718000, -0.32436943, 0.02687807, 1.2360858
2491523683000, -0.29535335, 0.032986723, 1.2428054
2491528731000, -0.2556471, 0.03756821, 1.2589933
2491533693000, -0.22449298, -6.1086525E-4, 1.2910637
2491538670000, -0.19272798, 0.053145275, 1.3151928
2491543701000, -0.14813483, 0.089491755, 1.3548992
2491548674000, -0.1133155, 0.10720685, 1.3927728
2491553712000, -0.090713486, 0.12644911, 1.4110987
2491558787000, -0.077579886, 0.13561209, 1.4361442
2491563834000, -0.052534413, 0.15210545, 1.4407257
2491568672000, -0.038179077, 0.19700404, 1.5063937
2491573667000, -0.01863139, 0.3036, 1.6667458
2491578712000, 0.027183503, 0.39645153, 1.7806722
2491583680000, 0.07849618, 0.43585235, 1.9016235
2491588706000, 0.12980886, 0.44715336, 2.0115793
2491593749000, 0.172264, 0.46792278, 2.094657
2491599804000, 0.22143865, 0.48502702, 2.1429152
2491603699000, 0.25686884, 0.4633413, 2.1459696
2491608754000, 0.28863382, 0.45234573, 2.1230621
2491613781000, 0.32925636, 0.48288897, 2.0589213
2491618705000, 0.3652974, 0.5458081, 1.9645426
2491623712000, 0.38515055, 0.5714644, 1.831374
2491628700000, 0.39400807, 0.5552765, 1.7223345
2491633720000, 0.3747658, 0.5290093, 1.6358972
2491638833000, 0.35460728, 0.5729916, 1.5561792
2491643756000, 0.31612277, 0.61269784, 1.4669929
2491648711000, 0.29565877, 0.625526, 1.4065173
2491653714000, 0.27977628, 0.6230826, 1.3771957
2491658744000, 0.26725355, 0.5830709, 1.3310753
2491664069000, 0.27977628, 0.528093, 1.2571607
2491668622000, 0.2996294, 0.44104472, 1.2324207
2491673630000, 0.32986724, 0.3155119, 1.1355985
2491678635000, 0.3744604, 0.15393804, 1.0491611
2491683621000, 0.43157628, 0.015882496, 1.0241156
2491688623000, 0.4541783, -0.093767814, 0.99021256
2491693686000, 0.5143485, -0.17867808, 0.9642508
2491698632000, 0.552833, -0.25045475, 0.95081174
2491703645000, 0.5876524, -0.30634892, 0.91629785
2491708761000, 0.6301075, -0.33322698, 0.88300574
2491713676000, 0.6606508, -0.344528, 0.8323039
2491718643000, 0.6939429, -0.35705075, 0.7733554
2491723674000, 0.7189884, -0.36285394, 0.7089091
2491728688000, 0.75411314, -0.37110063, 0.6398814
2491733648000, 0.7831292, -0.35918877, 0.5757405
2491738633000, 0.8344419, -0.3399465, 0.5137377
2491744090000, 0.8723156, -0.31948254, 0.4541783
2491748644000, 0.9062186, -0.30726522, 0.42760566
2491753643000, 0.9233228, -0.30176744, 0.3885103
2491758664000, 0.9428705, -0.30390546, 0.344528
2491763702000, 0.94714653, -0.3481932, 0.30604348
2491768655000, 0.93767816, -0.3707952, 0.2565634
2491773645000, 0.93828905, -0.37598756, 0.20922135
2491778656000, 0.9211848, -0.39553526, 0.18020524
2491783624000, 0.91446525, -0.43493605, 0.16035213
2491788603000, 0.89552844, -0.47983465, 0.13958271
2491793688000, 0.87995136, -0.53969944, 0.122783914
2491799138000, 0.86315256, -0.57604593, 0.10567969
2491803648000, 0.86498517, -0.63529986, 0.089186326
2491808641000, 0.8539896, -0.6814202, 0.06841691
2491813768000, 0.8549059, -0.7119634, 0.05589417
2491818610000, 0.852157, -0.7315111, 0.055588737
2491823640000, 0.86498517, -0.74189585, 0.04520403
2491828711000, 0.87109387, -0.7281514, 0.018936822
2491833703000, 0.8775079, -0.7535023, -0.008246681
2491838606000, 0.86590147, -0.7626653, -0.036957346
2491843656000, 0.84971356, -0.79351395, -0.063224554
2491848620000, 0.84604836, -0.82772243, -0.07880162
2491853618000, 0.8231409, -0.8567385, -0.089491755
2491858639000, 0.78801614, -0.86742866, -0.106595986
2491863672000, 0.7357872, -0.87872964, -0.12308934
2491868620000, 0.6789767, -0.88239485, -0.13988814
2491873617000, 0.63163465, -0.85918194, -0.15577064
2491878679000, 0.5552765, -0.8405506, -0.17531833
2491883621000, 0.49877146, -0.81031275, -0.19517145
2491888613000, 0.45631635, -0.77121735, -0.2171626
2491893651000, 0.4279111, -0.74464476, -0.23884831
2491898625000, 0.3933972, -0.7141015, -0.2706133
2491903616000, 0.37812558, -0.7079928, -0.3032946
2491908641000, 0.36163223, -0.6957755, -0.34483343
2491913684000, 0.3567453, -0.6582073, -0.3857614
2491918619000, 0.3744604, -0.6218608, -0.40958515
2491923612000, 0.41325033, -0.589485, -0.44012842
2491928657000, 0.44135013, -0.5662721, -0.48075095
2491933617000, 0.45998153, -0.56321776, -0.5479461
2491938613000, 0.47128254, -0.56291234, -0.60994893
2491943649000, 0.4605924, -0.54244834, -0.6258314
2491948624000, 0.46303585, -0.49938235, -0.61391956
2491953669000, 0.47647488, -0.4392121, -0.571159
2491958713000, 0.5012149, -0.4098906, -0.58459806
2491963730000, 0.46761733, -0.42149702, -0.61208695
2491968673000, 0.41905355, -0.43768495, -0.6068946
2491973665000, 0.36468655, -0.4642576, -0.58001655
2491978719000, 0.310625, -0.52534413, -0.5195409
2491983669000, 0.2574797, -0.57757306, -0.52442783
2491988670000, 0.16646078, -0.61178154, -0.5122105
2491993689000, 0.08002335, -0.6053675, -0.4841107
2492000424000, 0.02076942, -0.54702985, -0.43676865
2492003673000, -0.022602014, -0.52534413, -0.41386122
2492008718000, -0.03359759, -0.46822822, -0.37995818
2492013723000, -0.05131268, -0.4202753, -0.35521814
2492018672000, -0.058643065, -0.37995818, -0.32711834
2492023649000, -0.06169739, -0.3475823, -0.30115658
2492028731000, -0.06566802, -0.31673363, -0.27275133
2492033663000, -0.062002823, -0.30543262, -0.24556783
2492038668000, -0.053450707, -0.3023783, -0.22266038
2492043663000, -0.05009095, -0.27122417, -0.20647246
2492048683000, -0.049785517, -0.25289822, -0.18417588
2492053646000, -0.038789943, -0.22999077, -0.16126843
2492058706000, -0.02443461, -0.22418754, -0.14172074
2492063733000, -0.008552114, -0.226631, -0.12003502
2492069321000, -0.0012217305, -0.23487769, -0.09132435
2492073689000, 0.014966198, -0.23548855, -0.06566802
2492078745000, 0.031154128, -0.23945917, -0.042455133
2492083697000, 0.030543262, -0.23426682, -0.032986723
2492088666000, 0.03970624, -0.23396139, -0.02107485
2492094042000, 0.03481932, -0.22724187, 0.04062254
2492098680000, 0.09743301, -0.22266038, 0.017104227
2492103695000, 0.076358154, -0.19639318, -0.013133603
2492108721000, 0.047647487, -0.13072516, -0.01038471
2492113703000, 0.04795292, -0.09040806, -0.003970624
2492118669000, 0.06078109, -0.065973446, 0.008246681
2492123665000, 0.07422013, -0.046731193, 0.034208454
2492128746000, 0.080634214, -0.03756821, 0.062002823
2492133678000, 0.07941248, -0.03634648, 0.09162979
2492138879000, 0.08827003, -0.0106901415, 0.13103059
2492143702000, 0.0852157, -0.016798794, 0.14385876
2492148674000, 0.08032878, -0.04428773, 0.17898351
2492153673000, 0.08093964, -0.04428773, 0.20830505
2492158729000, 0.08735373, -0.027183503, 0.23732115
2492163842000, 0.11178834, -0.04428773, 0.2602286
2492168712000, 0.12370021, -0.08582657, 0.28069258
2492173669000, 0.13500121, -0.0888809, 0.31520647
2492178708000, 0.15149458, -0.06047566, 0.3454443
2492183677000, 0.17256944, -0.03756821, 0.33567044
2492188669000, 0.1423316, -0.012217305, 0.33108896
2492193702000, 0.129198, 0.030543262, 0.32895094
2492199784000, 0.111177474, 0.061391957, 0.32803464
2492203669000, 0.0842994, 0.09743301, 0.3200934
2492208958000, 0.05009095, 0.1432479, 0.3173445
2492213742000, 0.016493361, 0.17715092, 0.30482176
2492218672000, -0.02076942, 0.20677789, 0.29901853
2492223714000, -0.057421334, 0.22571471, 0.2837469
2492228695000, -0.08460484, 0.2724459, 0.25259277
2492233692000, -0.09743301, 0.29138273, 0.23304509
2492238704000, -0.10873401, 0.28680122, 0.22082779
2492243699000, -0.108123146, 0.28191432, 0.20830505
2492248690000, -0.09865474, 0.27183503, 0.19761491
2492253672000, -0.06352998, 0.26908615, 0.1853976
2492258742000, -0.044898596, 0.25381452, 0.17898351
2492263777000, -0.022907447, 0.2284636, 0.17684549
2492268699000, -0.005192355, 0.15210545, 0.17562376
2492273663000, 0.013744468, 0.12522738, 0.18417588
2492278764000, 0.027794369, 0.105068825, 0.17501289
2492283675000, 0.047036625, 0.080634214, 0.16462818
2492288670000, 0.05100725, 0.058643065, 0.15332718
2492293706000, 0.057421334, 0.03756821, 0.1432479
2492298664000, 0.05222898, 0.002443461, 0.13836098
2492303676000, 0.03940081, -0.009773844, 0.1151481
2492308658000, 0.0125227375, -0.020463986, 0.089491755
2492313750000, -0.018325957, -0.02107485, 0.080634214
2492318662000, -0.07360926, -0.018020526, 0.06566802
2492323675000, -0.11942416, 0.0067195175, 0.040011674
2492328714000, -0.16890424, 0.03634648, 0.02321288
2492333681000, -0.21746802, 0.051618114, 0.014966198
2492338662000, -0.23548855, 0.08155051, 0.004276057
2492343698000, -0.26725355, 0.093462385, -0.003970624
2492348715000, -0.29626966, 0.11942416, -0.014049901
2492353710000, -0.31612277, 0.13744467, -0.021991149
2492358757000, -0.32345316, 0.15271631, -0.024129177
2492363858000, -0.31337386, 0.16982053, -0.026267206
2492368747000, -0.3145956, 0.18997909, -0.024129177
2492373707000, -0.30451632, 0.19272798, -0.026267206
2492378751000, -0.28924468, 0.2012801, -0.040317107
2492383695000, -0.2574797, 0.20097467, -0.04153884
2492388724000, -0.19181168, 0.18967366, -0.041233405
2492394444000, -0.13072516, 0.17501289, -0.04550946
2492399824000, -0.06688975, 0.14569137, -0.047647487
2492403718000, 0.0027488936, 0.10567969, -0.05222898
2492408745000, 0.04795292, 0.07666359, -0.04337143
2492413730000, 0.083383106, 0.036957346, -0.014660766
2492418739000, 0.08399397, 0.0106901415, 0.022907447
2492423747000, 0.0842994, -0.08093964, 0.059864793
2492428982000, 0.04337143, -0.17256944, 0.10476339
2492433714000, -0.021991149, -0.183565, 0.13439035
2492438701000, -0.061086524, -0.19394971, 0.16920967
2492443670000, -0.10842858, -0.17684549, 0.183565
2492448684000, -0.13713925, -0.14996742, 0.18875736
2492453672000, -0.16798794, -0.12095132, 0.18906279
2492458736000, -0.19730948, -0.06078109, 0.17256944
2492464262000, -0.18784106, -0.01282817, 0.16157386
2492468672000, -0.16523905, 0.034513887, 0.1572978
2492473662000, -0.13622294, 0.07452556, 0.14538592
2492478733000, -0.0870483, 0.087964594, 0.1731803
2492483656000, -0.03176499, 0.080634214, 0.16035213
2492488672000, -0.002443461, 0.08674286, 0.12522738
2492493716000, 0.01282817, 0.08368854, 0.12095132
2492498678000, 0.03176499, 0.07238753, 0.11575896
2492503670000, 0.06780604, 0.041233405, 0.108123146
2492508701000, 0.07544186, -0.07269296, 0.11881329
2492513727000, 0.07086037, -0.09407325, 0.13316862
2492518672000, 0.06566802, -0.09040806, 0.13836098
2492523669000, 0.079107046, -0.08307768, 0.15577064
2492528777000, 0.09773844, -0.10629055, 0.25045475
2492533964000, 0.119729586, -0.13103059, 0.2434298
2492538710000, 0.09437868, -0.12339478, 0.22021692
2492543708000, 0.083383106, -0.09743301, 0.18936823
2492548697000, 0.077579886, -0.0729984, 0.19639318
2492553672000, 0.04428773, -0.056505036, 0.22327125
2492558704000, 0.0067195175, -0.047647487, 0.22693644
2492563784000, -0.027183503, -0.05009095, 0.22724187
2492568718000, -0.04917465, -0.04184427, 0.22418754
2492573710000, -0.08002335, -0.007330383, 0.21991149
2492578735000, -0.1142318, 0.017104227, 0.22174409
2492583700000, -0.118202426, 0.023518313, 0.25595254
2492588684000, -0.105374254, 0.013744468, 0.21930063
2492593727000, -0.1301143, 0.02443461, 0.19120082
2492598662000, -0.13591751, 0.043066, 0.17531833
2492603603000, -0.13041973, 0.043066, 0.16432275
2492609130000, -0.10445796, 0.05222898, 0.15577064
2492613690000, -0.11026118, 0.047036625, 0.14905111
2492618609000, -0.10598512, 0.032070424, 0.13775012
2492623613000, -0.07819075, 0.023823744, 0.12950343
2492628641000, -0.07391469, 0.0290161, 0.12186762
2492633617000, -0.065973446, 0.018936822, 0.1282817
2492638605000, -0.064751714, -0.01985312, 0.12217305
2492643684000, -0.059864793, -0.049480084, 0.122783914
2492648638000, -0.06078109, -0.052534413, 0.11453723
2492653617000, -0.052839845, -0.042455133, 0.122478485
2492658630000, -0.04337143, -0.040317107, 0.1423316
2492663654000, -0.0290161, -0.04642576, 0.12614368
2492668608000, -0.05009095, -0.034208454, 0.10048734
2492673618000, -0.05497787, -0.010079277, 0.09254608
2492678633000, -0.06291912, -0.003970624, 0.08307768
2492683755000, -0.0571159, -0.006414085, 0.071776666
2492688752000, -0.047036625, 0.005192355, 0.06872234
2492693707000, -0.056199603, 0.0015271631, 0.06169739
2492699041000, -0.061391957, 0.0015271631, 0.042760566
2492703668000, -0.056199603, 0.009468411, 0.042760566
2492708732000, -0.05131268, 0.009468411, 0.03604105
2492713727000, -0.054061573, 0.0036651916, 0.03145956
2492719231000, -0.04428773, 0.003970624, 0.032375857
2492723666000, -0.04062254, -9.162979E-4, 0.02321288
2492728707000, -0.045814894, -0.0012217305, 0.014049901
2492733723000, -0.044898596, -0.008246681, 0.011301007
2492738682000, -0.038789943, -0.0106901415, 0.0106901415
2492743704000, -0.04886922, -0.007941248, 0.0012217305
2492748694000, -0.04062254, -0.0036651916, -0.0070249503
2492753729000, -0.04428773, -0.006414085, -0.022602014
2492758716000, -0.043982297, -0.004886922, -0.035124753
2492763760000, -0.029321533, -0.015882496, -0.036957346
2492768710000, -0.025350908, -0.013744468, -0.035124753
2492773703000, -0.025350908, -0.004886922, -0.036651913
2492778794000, -0.03970624, -0.008552114, -0.049480084
2492783671000, -0.04062254, -0.0033597588, -0.055588737
2492789343000, -0.056505036, 0.003970624, -0.06505715
2492793701000, -0.058643065, -0.010079277, -0.071776666
2492799887000, -0.057421334, -0.005192355, -0.06811147
2492803666000, -0.06047566, -0.0030543262, -0.06169739
2492808700000, -0.06352998, -0.004276057, -0.051923547
2492813707000, -0.05955936, -0.0067195175, -0.051618114
2492818674000, -0.076358154, -0.006414085, -0.042760566
2492823711000, -0.08124508, -0.0106901415, -0.039095376
2492828742000, -0.0870483, -0.013744468, -0.038179077
2492833666000, -0.07360926, -0.013439035, -0.037873644
2492838671000, -0.083383106, -0.018936822, -0.03390302
2492843694000, -0.07269296, -0.018020526, -0.032070424
2492848678000, -0.0711658, -0.021991149, -0.028405234
2492853667000, -0.070554934, -0.019547688, -0.02107485
2492858785000, -0.059864793, -0.02321288, -0.018020526
2492863718000, -0.05497787, -0.021685716, -0.01985312
2492868687000, -0.053145275, -0.022907447, -0.012217305
2492873641000, -0.04550946, -0.02443461, -0.018936822
2492878787000, -0.040011674, -0.024129177, -0.012217305
2492883649000, -0.036651913, -0.01863139, -0.013744468
2492888666000, -0.024740042, -0.010079277, -0.011911872
2492893685000, -0.023518313, -0.012217305, -0.013439035
2492898677000, -0.025961773, -0.01282817, -0.012217305
2492903660000, -0.016493361, -0.008246681, -0.005497787
2492908723000, -0.02321288, -0.010995574, -0.008246681
2492913737000, -0.013439035, -0.0061086523, -0.0036651916
2492918674000, -0.016187929, -0.0061086523, -9.162979E-4
2492923689000, -0.016187929, -0.012217305, 0.0018325958
2492928846000, -0.003970624, -0.008552114, 0.010995574
2492933711000, -0.008857546, -0.004581489, 0.009773844
2492938712000, -0.004276057, -0.003970624, 0.01038471
2492943697000, -0.004886922, 0.004276057, 0.013133603
2492948721000, -0.003970624, -0.003970624, 0.008857546
2492953771000, -0.002443461, 0.004276057, 0.022907447
2492958781000, 0.005192355, -0.005497787, 0.02565634
2492963750000, 0.004886922, -0.005497787, 0.024129177
2492968712000, -0.0067195175, -0.008552114, 0.021380283
2492973642000, -9.162979E-4, -0.0125227375, 0.01985312
2492978706000, 3.0543262E-4, -0.008246681, 0.026572637
2492983681000, 9.162979E-4, -0.007330383, 0.016798794
2492988705000, 0.004276057, -9.162979E-4, 0.02107485
2492993746000, 0.007330383, 0.0015271631, 0.019547688
2492998713000, -0.005192355, 0.0030543262, 0.018020526
2493003719000, -0.0036651916, -0.0018325958, 0.01740966
2493008833000, 3.0543262E-4, 3.0543262E-4, 0.0018325958
2493013778000, -0.01160644, -0.0018325958, -0.0012217305
2493018721000, -0.007330383, -0.007330383, 0.004276057
2493023674000, -0.0033597588, -0.0021380284, 9.162979E-4
2493028787000, -0.013744468, -0.004581489, 0.0021380284
2493033722000, -0.01282817, -0.0027488936, 9.162979E-4
2493038712000, -0.021685716, -0.0067195175, 0.0033597588
2493043719000, -0.0143553335, -9.162979E-4, -0.005192355
2493048698000, -0.009162978, -3.0543262E-4, 9.162979E-4
2493053671000, -0.016187929, -0.009773844, -0.0015271631
2493058696000, -0.01740966, -0.0030543262, 6.1086525E-4
2493063738000, -0.010995574, -0.014660766, -0.0018325958
2493068692000, -0.018020526, -0.008857546, -0.0018325958
2493073709000, -0.015577064, -0.0106901415, -0.0033597588
2493078801000, -0.01038471, -0.011301007, -0.0012217305
2493083679000, -0.022296581, -0.012217305, -0.003970624
2493088674000, -0.02107485, -0.013133603, -0.007941248
2493093700000, -0.020463986, -0.012217305, -0.007941248
2493098665000, -0.01740966, -0.0106901415, -0.009773844
2493103669000, -0.022296581, -0.013744468, -0.011911872
2493108716000, -0.028710667, -0.011911872, -0.01160644
2493114427000, -0.027488936, -0.0027488936, -0.009468411
2493118679000, -0.02321288, -0.0076358155, -0.011301007
2493123664000, -0.029321533, -0.006414085, -0.01160644
2493128703000, -0.03481932, -0.003970624, -0.015271631
2493133677000, -0.03176499, -0.005497787, -0.018325957
2493138801000, -0.035124753, -0.0076358155, -0.0125227375
2493143699000, -0.028710667, 0.0021380284, -0.012217305
2493148715000, -0.036651913, 0.003970624, -0.010995574
2493153669000, -0.032986723, -0.0018325958, -0.005192355
2493158769000, -0.032070424, -0.003970624, -0.008857546
2493163728000, -0.032986723, -0.0012217305, -0.015882496
2493168747000, -0.029626964, -0.0027488936, -0.008552114
2493173668000, -0.030543262, -0.003970624, -0.0067195175
2493178962000, -0.035124753, -0.004886922, -0.0036651916
2493184083000, -0.029932396, -0.005497787, -0.0033597588
2493188889000, -0.026267206, -0.0021380284, -0.0070249503
2493193702000, -0.032070424, -0.005192355, -0.0030543262
2493199112000, -0.028710667, -0.010079277, -0.0015271631
2493203666000, -0.021380283, -0.0067195175, -0.008246681
2493208751000, -0.017104227, -0.0036651916, -0.009468411
2493213745000, -0.021685716, -0.013744468, -0.005497787
2493218706000, -0.02321288, -0.013744468, -0.0012217305
2493223665000, -0.03268129, -0.005192355, -0.009468411
2493228755000, -0.026267206, 6.1086525E-4, -0.009162978
2493233674000, -0.013439035, 0.0033597588, -0.012217305
2493238665000, -0.025045475, -6.1086525E-4, -0.023518313
2493243695000, -0.026267206, 0.004276057, -0.024129177
2493248683000, -0.023518313, 0.022296581, -0.02687807
2493253714000, -0.04337143, 0.024740042, -0.032070424
2493258713000, -0.06352998, 0.03634648, -0.04520403
2493263716000, -0.08002335, 0.05681047, -0.04734206
2493268676000, -0.089491755, 0.059864793, -0.04062254
2493273668000, -0.08827003, 0.06872234, -0.04153884
2493278734000, -0.08674286, 0.069027774, -0.030543262
2493283668000, -0.086132, 0.059253927, -0.025045475
2493288668000, -0.0711658, 0.03848451, -0.0125227375
2493293687000, -0.039095376, 0.026572637, -0.02107485
2493298680000, -0.02076942, 0.015882496, -0.021685716
2493303669000, -0.0067195175, 0.012217305, -0.022296581
2493308709000, 0.013133603, 0.008552114, -0.026572637
2493313729000, 0.016798794, 0.015577064, -0.03268129
2493318672000, 0.019242255, 0.02107485, -0.04550946
2493323646000, 0.027183503, 0.03481932, -0.05131268
2493328746000, 0.036957346, 0.0580322, -0.061391957
2493333648000, 0.029321533, 0.084910266, -0.0720821
2493338667000, 0.022907447, 0.099571034, -0.08032878
2493343663000, 0.025961773, 0.09162979, -0.07544186
2493348675000, 0.03573562, 0.08979719, -0.067500606
2493353727000, 0.046120327, 0.09315695, -0.06078109
2493358738000, 0.04520403, 0.10415252, -0.058337633
2493363978000, 0.044898596, 0.118202426, -0.057726767
2493369381000, 0.054061573, 0.13194689, -0.06352998
2493374026000, 0.052839845, 0.12308934, -0.062002823
2493378717000, 0.05375614, 0.10262536, -0.043982297
2493383730000, 0.07941248, 0.10262536, -0.025350908
2493388674000, 0.074830994, 0.10354166, -0.002443461
2493393700000, 0.07941248, 0.10140363, 3.0543262E-4
2493399826000, 0.06566802, 0.08674286, 0.009773844
2493403733000, 0.062308256, 0.08002335, 0.010079277
2493408716000, 0.05100725, 0.06627888, 0.01740966
2493413772000, 0.047036625, 0.057726767, 0.022907447
2493418769000, 0.0421497, 0.043676864, 0.02687807
2493423668000, 0.03634648, 0.0290161, 0.027183503
2493428795000, 0.032070424, 0.027794369, 0.02565634
2493433683000, 0.021380283, 0.026572637, 0.026572637
2493439321000, 0.022296581, 0.020158553, 0.03023783
2493443702000, 0.015882496, 0.015882496, 0.026572637
2493448676000, 0.010995574, 0.014660766, 0.02565634
2493453711000, 0.005497787, 0.002443461, 0.025961773
2493458749000, 0.00580322, 6.1086525E-4, 0.027794369
2493463735000, -0.0125227375, -0.010079277, 0.029321533
2493468673000, -0.021685716, -0.028099801, 0.022907447
2493473658000, -0.028405234, -0.027794369, 0.03176499
2493478717000, -0.03176499, -0.036651913, 0.03604105
2493483676000, -0.04184427, -0.04153884, 0.034208454
2493488703000, -0.043066, -0.051618114, 0.035430185
2493493761000, -0.04917465, -0.043676864, 0.032070424
2493498713000, -0.058643065, -0.04886922, 0.03145956
2493503712000, -0.06780604, -0.05100725, 0.025350908
2493508730000, -0.06872234, -0.05375614, 0.022296581
2493513784000, -0.073303826, -0.050701816, 0.019242255
2493518705000, -0.057421334, -0.04642576, 0.013133603
2493523702000, -0.070249505, -0.043982297, 0.0036651916
2493528697000, -0.064751714, -0.05131268, -9.162979E-4
2493533687000, -0.06047566, -0.057421334, -0.0015271631
2493538670000, -0.055588737, -0.047647487, -9.162979E-4
2493543701000, -0.05681047, -0.04153884, -0.007330383
2493548671000, -0.04734206, -0.03940081, -0.020158553
2493553670000, -0.057726767, -0.032070424, -0.01985312
2493558719000, -0.06719518, -0.036651913, -0.02443461
2493563729000, -0.05009095, -0.01985312, -0.025045475
2493568684000, -0.04550946, -0.023518313, -0.030848695
2493573662000, -0.044898596, -0.02443461, -0.03268129
2493578704000, -0.038179077, -0.02565634, -0.035124753
2493583676000, -0.040927973, -0.024129177, -0.037873644
2493588665000, -0.052534413, -0.02565634, -0.038179077
2493593704000, -0.043066, -0.026572637, -0.029932396
2493599811000, -0.04550946, -0.02076942, -0.024740042
2493603671000, -0.040011674, -0.02321288, -0.024740042
2493608710000, -0.038179077, -0.020158553, -0.023823744
2493613729000, -0.043982297, -0.028405234, -0.02687807
2493618651000, -0.03940081, -0.03268129, -0.014966198
2493623662000, -0.03573562, -0.03176499, -0.02321288
2493628710000, -0.03573562, -0.035430185, -0.02321288
2493633676000, -0.026572637, -0.031154128, -0.014049901
2493638646000, -0.026267206, -0.025350908, -0.00580322
2493643704000, -0.020463986, -0.02687807, -0.009468411
2493648659000, -0.020158553, -0.025961773, -0.005192355
2493653669000, -0.023518313, -0.01985312, -0.0033597588
2493658704000, -0.02321288, -0.01985312, 0.0036651916
2493663732000, -0.02076942, -0.010995574, -9.162979E-4
2493668651000, -0.01160644, -0.0106901415, 0.0030543262
2493673663000, -0.008552114, -0.0015271631, 0.0061086523
2493678715000, -0.007330383, -0.006414085, 0.0018325958
2493683739000, -0.0021380284, 0.0012217305, 0.007941248
2493688749000, 0.002443461, 0.0030543262, 0.008857546
2493693710000, 0.004886922, 0.011911872, 0.016187929
2493698845000, -0.008246681, 0.010995574, 0.018020526
2493703662000, 0.0012217305, 0.01863139, 0.020158553
2493708739000, 0.0067195175, 0.014049901, 0.01863139
2493713816000, 0.009773844, 0.018020526, 0.02107485
2493719202000, 0.009773844, 0.02107485, 0.02443461
2493724206000, 0.008552114, 0.02076942, 0.01863139
2493728720000, 0.0067195175, 0.01160644, 0.022907447
2493733706000, 0.0067195175, 0.013133603, 0.020158553
2493738698000, -0.002443461, 0.0033597588, 0.015271631
2493744589000, -0.004886922, 0.0021380284, 0.012217305
2493749772000, 3.0543262E-4, 0.007941248, 0.013744468
2493753617000, 3.0543262E-4, 0.01160644, 0.015271631
2493758628000, -0.003970624, 0.0070249503, 0.0076358155
2493763695000, -0.0076358155, -6.1086525E-4, 0.010995574
2493768633000, -0.005497787, -0.002443461, 0.004581489
2493773637000, -0.0070249503, 0.0036651916, 0.0125227375
2493778726000, -0.0036651916, 0.004276057, 0.004581489
2493783669000, -0.00580322, -0.0030543262, -0.0030543262
2493788626000, -0.018325957, -0.01038471, 0.004276057
2493793913000, -0.023823744, -0.008857546, 3.0543262E-4
2493799582000, -0.02321288, -0.005497787, 0.0027488936
2493803596000, -0.01985312, -0.010079277, -0.004886922
2493808650000, -0.018325957, -0.006414085, -6.1086525E-4
2493813640000, -0.021685716, -0.006414085, -0.004276057
2493818630000, -0.022296581, -0.0067195175, -0.003970624
2493823601000, -0.025961773, -0.004276057, -0.0033597588
2493828652000, -0.030848695, -0.00580322, -0.004886922
2493833608000, -0.03481932, -0.0106901415, -0.004886922
2493838634000, -0.034208454, -0.009773844, 0.0030543262
2493843641000, -0.027794369, -0.008857546, -0.004276057
2493848677000, -0.038179077, -0.012217305, -0.007941248
2493853661000, -0.03756821, -0.015577064, -0.0036651916
2493858944000, -0.03573562, -0.008246681, -0.0033597588
2493863753000, -0.03634648, -0.010995574, -0.0033597588
2493868632000, -0.042455133, -0.0076358155, -0.005497787
2493873632000, -0.038179077, -0.0125227375, -0.0106901415
2493878704000, -0.03604105, -0.01985312, -0.004276057
2493883651000, -0.03390302, -0.011911872, 0.0018325958
2493888630000, -0.036957346, -0.010995574, -0.0036651916
2493893654000, -0.032986723, -0.017715093, 3.0543262E-4
2493898609000, -0.036651913, -0.016798794, 0.0015271631
2493903613000, -0.035430185, -0.01740966, 0.0015271631
2493908648000, -0.035430185, -0.0106901415, -6.1086525E-4
2493913658000, -0.036651913, -0.01160644, 0.0015271631
2493918617000, -0.030848695, -0.020463986, 0.0033597588
2493923614000, -0.0290161, -0.0143553335, 3.0543262E-4
2493928685000, -0.028099801, -0.007941248, 0.0036651916
2493933621000, -0.02076942, -0.013439035, 0.005497787
2493938618000, -0.01740966, -0.016798794, 0.008552114
2493943652000, -0.027794369, -0.015271631, 0.0143553335
2493948620000, -0.023823744, -0.013439035, 0.005192355
2493953660000, -0.015271631, -0.009468411, 0.0027488936
2493958701000, -0.01282817, -0.0012217305, 0.016493361
2493963736000, -0.02076942, -0.0067195175, 0.005497787
2493968671000, -0.015577064, -0.003970624, 0.011301007
2493973663000, -0.01863139, -0.015577064, 0.015271631
2493978728000, -0.016187929, -0.00580322, 0.014049901
2493983685000, -0.017104227, -0.006414085, 0.013744468
2493988664000, -0.006414085, -0.01038471, 0.011911872
2493993711000, -0.01038471, -0.0033597588, 0.01740966
2493999144000, -0.008857546, -0.011911872, 0.008552114
2494003672000, -0.0033597588, -0.0076358155, 0.009468411
2494008696000, -0.003970624, -0.004886922, 0.009162978
2494013821000, -0.007941248, -0.014049901, 0.0067195175
2494018743000, -0.0076358155, -0.01160644, 0.01863139
2494023663000, -0.017715093, -0.006414085, 0.016187929
2494028708000, -0.020463986, -0.0125227375, 0.011301007
2494033685000, -0.01038471, -0.007941248, 0.016798794
2494038681000, -0.017715093, -0.003970624, 0.016493361
2494043703000, -0.024129177, -0.003970624, 0.015271631
2494048758000, -0.024740042, 3.0543262E-4, 0.020463986
2494053689000, -0.021380283, -0.010995574, 0.014049901
2494058725000, -0.01985312, -0.0021380284, 0.01985312
2494063749000, -0.027183503, -0.0036651916, 0.018936822
2494068686000, -0.022296581, -0.0036651916, 0.012217305
2494073667000, -0.021380283, -0.005192355, 0.013744468
2494078743000, -0.022602014, 0.0021380284, 0.014049901
2494083677000, -0.026267206, -9.162979E-4, 0.017104227
2494088671000, -0.03268129, 0.004886922, 0.018020526
2494093699000, -0.0290161, -0.0033597588, 0.009162978
2494098679000, -0.03145956, 0.0027488936, 0.014660766
2494103671000, -0.032986723, -0.006414085, 0.011301007
2494108711000, -0.02687807, -0.0076358155, 0.002443461
2494113727000, -0.027183503, -6.1086525E-4, 0.012217305
2494118674000, -0.027488936, -0.0076358155, 0.008552114
2494123663000, -0.025350908, -0.009773844, 0.007330383
2494128709000, -0.038789943, -0.009773844, 0.0012217305
2494133674000, -0.04062254, -0.011911872, 0.0070249503
2494138673000, -0.03176499, -0.005192355, 0.0018325958
2494143699000, -0.031154128, -0.0143553335, 0.0018325958
2494148726000, -0.040011674, -0.014966198, -0.004276057
2494153708000, -0.03970624, -0.009162978, 0.0012217305
2494158715000, -0.035124753, -0.008552114, -0.0012217305
2494163716000, -0.04428773, -0.005192355, -0.002443461
2494168688000, -0.04184427, -0.013133603, -0.0030543262
2494173670000, -0.03848451, -0.016493361, -0.006414085
2494178737000, -0.04520403, -0.014660766, 0.0027488936
2494183679000, -0.04550946, -0.01282817, 0.002443461
2494188671000, -0.03726278, -0.02076942, 0.0015271631
2494193693000, -0.03848451, -0.016493361, 0.0033597588
2494199806000, -0.04795292, -0.016493361, -0.0061086523
2494203675000, -0.042760566, -0.0033597588, -0.008552114
2494208705000, -0.04428773, -0.009773844, 0.0027488936
2494213812000, -0.053145275, -0.0106901415, -0.0106901415
2494218828000, -0.047036625, -0.014049901, -0.0018325958
2494223671000, -0.04153884, -0.007941248, -0.0070249503
2494228726000, -0.039095376, -0.005497787, -0.005497787
2494233647000, -0.042760566, -0.004581489, -0.004886922
2494238668000, -0.03268129, -0.00580322, -0.004581489
2494243667000, -0.03145956, -0.007330383, -0.0067195175
2494248720000, -0.029932396, -3.0543262E-4, -0.0036651916
2494253648000, -0.030848695, 6.1086525E-4, -6.1086525E-4
2494258767000, -0.026572637, -0.0033597588, 0.0067195175
2494263855000, -0.016798794, -0.0012217305, 0.006414085
2494268783000, -0.010995574, -0.0018325958, 0.010079277
2494273693000, -9.162979E-4, 0.0036651916, 0.0021380284
2494278736000, -0.004276057, 9.162979E-4, 0.002443461
2494283687000, -0.004581489, 0.008552114, 0.0036651916
2494288706000, -0.008246681, 0.0027488936, 0.005192355
2494293714000, -0.0018325958, 0.010995574, 0.0033597588
2494298720000, -0.0018325958, 9.162979E-4, 0.0067195175
2494303689000, -0.0018325958, 0.0061086523, 0.010995574
2494308770000, -0.0018325958, 0.008246681, 0.007330383
2494313740000, -0.008857546, 0.013133603, 0.015271631
2494318711000, 0.003970624, 0.006414085, 0.0067195175
2494323690000, -9.162979E-4, 0.008857546, 0.017104227
2494328754000, 0.0015271631, 0.008857546, 0.018020526
2494333783000, 0.0021380284, 0.012217305, 0.020158553
2494338709000, 0.0015271631, 0.004276057, 0.018325957
2494343920000, 0.009773844, 0.0106901415, 0.022602014
