#Rate of rotation around the x y z axes (Angular velocity).
#timestamp(ns),x,y,z(rad/s)
#Datetime: 07/04/2015 13:30:53
##########################################
#Activity: 8 - CSI - Car-Step in - 6s
#Subject ID: 45
#First Name: sub45
#Last Name: sub45
#Age: 26
#Height(cm): 175
#Weight(kg): 92
#Gender: Male
##########################################

@DATA
1053520505000, -0.0290161, -0.02107485, 0.006414085
1053525495000, -0.0290161, -0.013439035, 0.005497787
1053530537000, -0.036957346, -0.01282817, 0.013744468
1053535551000, -0.03573562, -0.005192355, 0.0106901415
1053540502000, -0.027488936, 9.162979E-4, 0.00580322
1053545609000, -0.032070424, 0.002443461, 0.003970624
1053550571000, -0.032070424, 0.0030543262, 0.006414085
1053555492000, -0.039095376, 6.1086525E-4, 0.006414085
1053560508000, -0.04062254, -6.1086525E-4, 0.0036651916
1053565538000, -0.04428773, 3.0543262E-4, -0.002443461
1053570556000, -0.040317107, 0.009773844, -6.1086525E-4
1053575498000, -0.04642576, 0.005497787, -0.004886922
1053580532000, -0.05222898, -3.0543262E-4, -0.004581489
1053585541000, -0.05100725, -0.004276057, -0.004886922
1053590499000, -0.043676864, -0.014049901, 9.162979E-4
1053595550000, -0.042760566, -0.007941248, -0.0061086523
1053601307000, -0.045814894, -0.01038471, -0.005192355
1053605504000, -0.04153884, -0.016187929, -0.0070249503
1053611325000, -0.031154128, -0.012217305, -0.004886922
1053615489000, -0.03176499, -0.012217305, -0.0076358155
1053620505000, -0.034208454, -0.011301007, -0.002443461
1053625500000, -0.0290161, -0.005497787, -0.005192355
1053630544000, -0.026572637, -9.162979E-4, -0.008246681
1053635643000, -0.03023783, -0.0061086523, -0.0033597588
1053640499000, -0.03481932, -0.0036651916, -9.162979E-4
1053645536000, -0.027183503, -0.0018325958, -0.006414085
1053650676000, -0.025045475, -0.0018325958, -0.006414085
1053655575000, -0.02565634, 0.004276057, -0.01038471
1053660498000, -0.032375857, 0.004276057, -0.0076358155
1053665596000, -0.03145956, 0.00580322, -0.004581489
1053671269000, -0.03145956, 0.0021380284, -0.009773844
1053675510000, -0.034208454, 0.009162978, -0.008552114
1053680477000, -0.026267206, 0.012217305, -0.009773844
1053685509000, -0.02321288, 0.004886922, -0.009162978
1053690492000, -0.02565634, 0.0033597588, -0.0143553335
1053695547000, -0.01740966, 0.0018325958, -0.011911872
1053700661000, -0.018936822, 0.002443461, -0.02076942
1053705610000, -0.017715093, 0.002443461, -0.018325957
1053710495000, -0.022602014, -0.002443461, -0.019547688
1053715558000, -0.008246681, -0.0015271631, -0.023518313
1053720575000, -0.008857546, -0.0012217305, -0.020463986
1053725536000, 3.0543262E-4, 0.0070249503, -0.027183503
1053730540000, -0.0076358155, 0.005497787, -0.029932396
1053735508000, -0.0027488936, -0.0061086523, -0.019242255
1053740510000, -0.0036651916, -0.0021380284, -0.02107485
1053745557000, -0.0036651916, 0.0027488936, -0.02443461
1053750583000, 0.007941248, 0.011911872, -0.022907447
1053755498000, 0.010079277, 0.02565634, -0.016798794
1053760493000, -3.0543262E-4, 0.032986723, -0.012217305
1053765638000, -0.0030543262, 0.043982297, -0.01038471
1053770554000, -0.010079277, 0.04886922, -0.0143553335
1053775493000, -0.0125227375, 0.03634648, -0.027794369
1053780541000, -0.03756821, 0.022907447, -0.03604105
1053785565000, -0.044898596, 0.0015271631, -0.040927973
1053790505000, -0.055588737, -3.0543262E-4, -0.0421497
1053795544000, -0.058948494, -0.014660766, -0.04550946
1053800587000, -0.073303826, -0.029626964, -0.04795292
1053805499000, -0.06963864, -0.036957346, -0.06169739
1053810564000, -0.076052725, -0.04795292, -0.07544186
1053815577000, -0.070554934, -0.03756821, -0.06780604
1053820552000, -0.09621128, -0.048258353, -0.08032878
1053825490000, -0.09621128, -0.046731193, -0.07819075
1053830541000, -0.10629055, -0.05375614, -0.07727446
1053835490000, -0.10354166, -0.0571159, -0.0852157
1053840498000, -0.098043874, -0.06963864, -0.08307768
1053845481000, -0.09468412, -0.082161374, -0.08399397
1053850588000, -0.09987647, -0.098043874, -0.08857546
1053855495000, -0.09193522, -0.10415252, -0.08399397
1053860554000, -0.09468412, -0.11636983, -0.086132
1053865563000, -0.09162979, -0.10048734, -0.079107046
1053870505000, -0.10598512, -0.08155051, -0.09437868
1053875495000, -0.112704635, -0.07727446, -0.099265605
1053880538000, -0.108123146, -0.049480084, -0.10629055
1053885576000, -0.09987647, -0.01985312, -0.122478485
1053890491000, -0.10934488, -0.004886922, -0.12889257
1053895530000, -0.101098195, 0.025350908, -0.1441642
1053900588000, -0.101098195, 0.05681047, -0.16401732
1053905505000, -0.09101892, 0.09315695, -0.16707164
1053910495000, -0.08582657, 0.12950343, -0.17806722
1053915594000, -0.099571034, 0.16401732, -0.19058995
1053920507000, -0.106901415, 0.18784106, -0.19700404
1053925491000, -0.10629055, 0.21135938, -0.20311269
1053930546000, -0.09682214, 0.22815818, -0.20922135
1053935514000, -0.10567969, 0.24740042, -0.22602014
1053940500000, -0.10873401, 0.269697, -0.22021692
1053945561000, -0.13194689, 0.27305678, -0.22937989
1053950597000, -0.14905111, 0.28588495, -0.23609942
1053955510000, -0.1518, 0.2932153, -0.24220806
1053960507000, -0.16829337, 0.31887165, -0.23884831
1053965612000, -0.1872302, 0.344528, -0.2284636
1053970553000, -0.20769419, 0.3744604, -0.22327125
1053975523000, -0.21655174, 0.40378192, -0.21655174
1053980528000, -0.23304509, 0.45356745, -0.19914207
1053985505000, -0.23671028, 0.46792278, -0.19761491
1053990492000, -0.24984388, 0.49663344, -0.19425514
1053996331000, -0.28130344, 0.5366451, -0.16401732
1054000602000, -0.33169982, 0.54336464, -0.1591304
1054005510000, -0.3576616, 0.5546656, -0.14049901
1054010496000, -0.3979787, 0.5699373, -0.112704635
1054015610000, -0.44837508, 0.5888741, -0.07727446
1054020501000, -0.505491, 0.6374379, -0.045814894
1054025496000, -0.59803706, 0.6731735, -0.022907447
1054030538000, -0.6786713, 0.7150178, 0.018325957
1054035750000, -0.7733554, 0.75808376, 0.052534413
1054040505000, -0.87017757, 0.8026769, 0.09712757
1054045551000, -0.9822713, 0.8552113, 0.15088372
1054050596000, -1.0806206, 0.9007208, 0.21013765
1054055499000, -1.1844677, 0.9502009, 0.26908615
1054060492000, -1.2721269, 0.9633345, 0.34300083
1054065687000, -1.3600914, 0.9859365, 0.4166101
1054070559000, -1.4398094, 1.0015136, 0.48624873
1054075494000, -1.5360206, 0.9868528, 0.5580254
1054080529000, -1.6178766, 0.9599747, 0.63316184
1054085508000, -1.6966782, 0.9428705, 0.67347896
1054090509000, -1.7284433, 0.8405506, 0.7632761
1054095536000, -1.7626517, 0.66156703, 0.84665924
1054100557000, -1.7983873, 0.4538729, 0.9086621
1054105497000, -1.7898352, 0.23518312, 0.9651671
1054110491000, -1.7602082, 0.024740042, 1.0180069
1054115558000, -1.7098118, -0.13622294, 1.0925325
1054120556000, -1.6337591, -0.2275473, 1.169807
1054125492000, -1.5656476, -0.26908615, 1.2321151
1054130539000, -1.4926492, -0.22632557, 1.2614367
1054135616000, -1.3982705, -0.13836098, 1.2644911
1054140506000, -1.3176364, 0.032986723, 1.2559389
1054145542000, -1.2977833, 0.19700404, 1.2596041
1054150576000, -1.3078625, 0.32253686, 1.2852604
1054155498000, -1.3344351, 0.46914452, 1.3219124
1054160505000, -1.4110987, 0.5684101, 1.3267993
1054165570000, -1.4587462, 0.6105598, 1.3170254
1054170547000, -1.493871, 0.6200282, 1.2663237
1054175493000, -1.493871, 0.63285637, 1.2116512
1054180526000, -1.4996742, 0.6420194, 1.1520919
1054185532000, -1.5488489, 0.68386364, 1.1264355
1054190494000, -1.5836681, 0.7641924, 1.070236
1054195561000, -1.6551393, 0.80573124, 1.0051788
1054200520000, -1.6927075, 0.70157874, 0.9822713
1054205619000, -1.6227635, 0.5919284, 0.9236283
1054210519000, -1.4648548, 0.5684101, 0.8417723
1054215565000, -1.3038919, 0.5873469, 0.7703011
1054220550000, -1.1343768, 0.59620446, 0.72204274
1054225491000, -0.96791595, 0.56199604, 0.66889745
1054230549000, -0.79626286, 0.48502702, 0.61911196
1054235464000, -0.6377433, 0.42119157, 0.57848936
1054240494000, -0.5119051, 0.4089743, 0.52320606
1054245569000, -0.42180246, 0.4111123, 0.4718934
1054251419000, -0.35216382, 0.40591997, 0.4269948
1054255534000, -0.3005457, 0.4089743, 0.38240165
1054260467000, -0.26389378, 0.43279803, 0.34666604
1054265565000, -0.22968534, 0.45540005, 0.31031954
1054270534000, -0.20189096, 0.4822781, 0.2929099
1054275568000, -0.17104226, 0.54153204, 0.27030787
1054280542000, -0.17470746, 0.5687156, 0.26206118
1054285553000, -0.17806722, 0.61636305, 0.2565634
1054290538000, -0.17684549, 0.66920286, 0.26358834
1054295553000, -0.17348573, 0.73823065, 0.26389378
1054300567000, -0.16920967, 0.8045095, 0.2828306
1054305431000, -0.16493362, 0.86590147, 0.28680122
1054310428000, -0.15699236, 0.93615097, 0.30726522
1054315450000, -0.15760323, 0.9957104, 0.33108896
1054320689000, -0.16249016, 1.0613784, 0.3643811
1054325426000, -0.15424347, 1.1206323, 0.40133846
1054330474000, -0.14508049, 1.1771374, 0.4361578
1054335439000, -0.14996742, 1.2318097, 0.46853364
1054340426000, -0.15027285, 1.2742649, 0.50732356
1054345412000, -0.15454891, 1.3197744, 0.5403103
1054350577000, -0.17256944, 1.3613132, 0.56291234
1054355492000, -0.1826487, 1.4025466, 0.5900958
1054360499000, -0.21380283, 1.434617, 0.6044512
1054365621000, -0.24373524, 1.4391985, 0.61391956
1054370564000, -0.27550024, 1.4318681, 0.61911196
1054375502000, -0.30695978, 1.4214834, 0.6209445
1054380526000, -0.33261612, 1.4001031, 0.6236934
1054385506000, -0.3408628, 1.3698653, 0.6188065
1054390955000, -0.35246924, 1.278541, 0.61361414
1054395576000, -0.33841935, 1.2455542, 0.6035349
1054400656000, -0.32834008, 1.171945, 0.6044512
1054405636000, -0.3036, 1.0845913, 0.6020077
1054410490000, -0.28405234, 0.98624194, 0.59803706
1054415641000, -0.25595254, 0.87781334, 0.6081163
1054420558000, -0.22693644, 0.77121735, 0.6123924
1054425493000, -0.18600847, 0.6765333, 0.61361414
1054430545000, -0.15943582, 0.5571091, 0.6056729
1054435794000, -0.13225232, 0.45051312, 0.61422503
1054440504000, -0.10476339, 0.37812558, 0.61086524
1054445551000, -0.08277224, 0.32834008, 0.6084218
1054450583000, -0.06291912, 0.27214047, 0.59406644
1054455496000, -0.03970624, 0.22693644, 0.5681047
1054460967000, -0.023823744, 0.18784106, 0.55863625
1054465620000, -0.03390302, 0.14569137, 0.5323691
1054470505000, -0.021685716, 0.10903945, 0.5204572
1054475508000, -0.01863139, 0.105068825, 0.48533243
1054480531000, -0.02321288, 0.069027774, 0.47433686
1054485585000, -0.021380283, 0.04734206, 0.44990227
1054490496000, -0.013133603, 0.009162978, 0.42730024
1054495552000, -0.015882496, -0.021991149, 0.40011674
1054500586000, -0.0125227375, -0.069027774, 0.37720928
1054505495000, -0.03145956, -0.09437868, 0.35185838
1054510506000, -0.028099801, -0.12156218, 0.32742378
1054515625000, -0.025350908, -0.14477506, 0.29443705
1054520545000, -0.02443461, -0.15668693, 0.25228736
1054525489000, -0.008552114, -0.17195857, 0.23548855
1054530670000, 0.024740042, -0.16676621, 0.21166481
1054535514000, 0.05222898, -0.15393804, 0.17806722
1054540526000, 0.10567969, -0.124005646, 0.14263703
1054545546000, 0.14905111, -0.11301007, 0.113926366
1054550677000, 0.20799962, -0.094989546, 0.07452556
1054555634000, 0.269697, -0.076358154, 0.03970624
1054560498000, 0.31795537, -0.08582657, -0.0027488936
1054565660000, 0.36896262, -0.119729586, -0.037873644
1054570572000, 0.39736784, -0.18478674, -0.06627888
1054575568000, 0.4266894, -0.23518312, -0.09132435
1054580533000, 0.44043383, -0.36957347, -0.094989546
1054585563000, 0.4615087, -0.5360342, -0.09285152
1054590495000, 0.47861293, -0.689056, -0.09590584
1054595525000, 0.5015204, -0.8378017, -0.09437868
1054600589000, 0.5317582, -0.9297369, -0.101098195
1054605555000, 0.58368176, -0.9440922, -0.12583824
1054610492000, 0.6750061, -0.91354895, -0.13836098
1054615557000, 0.7901542, -0.8579602, -0.1554652
1054620553000, 0.9120218, -0.81214535, -0.16554448
1054625504000, 1.0085385, -0.79717916, -0.19853121
1054630543000, 1.0845913, -0.8029824, -0.21991149
1054635549000, 1.110553, -0.84513205, -0.2406809
1054640500000, 1.1090258, -0.8891144, -0.2660318
1054646218000, 1.0607675, -0.8933904, -0.31398472
1054650569000, 1.0064005, -0.88361657, -0.36346483
1054655598000, 0.945314, -0.895223, -0.40194935
1054660500000, 0.88422745, -0.9334021, -0.4288274
1054665591000, 0.80481493, -0.98715824, -0.44776422
1054670581000, 0.7510588, -0.99112886, -0.44135013
1054675548000, 0.7150178, -0.97127575, -0.43493605
1054680537000, 0.7101309, -0.9147707, -0.44440445
1054685569000, 0.7012733, -0.8585711, -0.4266894
1054690550000, 0.68936145, -0.8414669, -0.38698313
1054695554000, 0.6762278, -0.84574294, -0.3576616
1054700544000, 0.6453791, -0.850019, -0.355829
1054705550000, 0.59864795, -0.82772243, -0.36193767
1054710437000, 0.54550266, -0.8268061, -0.37873647
1054715629000, 0.4978552, -0.80970186, -0.38606682
1054720446000, 0.46700647, -0.77946407, -0.40225476
1054725487000, 0.43951756, -0.7309003, -0.4297437
1054730533000, 0.40744713, -0.65240407, -0.4569272
1054735567000, 0.37201694, -0.58123827, -0.46395215
1054740462000, 0.36346483, -0.4569272, -0.49418998
1054745560000, 0.32253686, -0.3567453, -0.5296202
1054750579000, 0.29749137, -0.35918877, -0.5421429
1054755564000, 0.2742785, -0.39400807, -0.57543504
1054760489000, 0.29810223, -0.41325033, -0.6053675
1054765555000, 0.30787608, -0.38759398, -0.61422503
1054770531000, 0.2968805, -0.37110063, -0.6258314
1054775497000, 0.29840767, -0.36254853, -0.659429
1054780495000, 0.28344148, -0.31337386, -0.73548174
1054786091000, 0.20769419, 0.14874569, -0.7504479
1054790445000, -0.19639318, 0.36254853, -0.7461719
1054795521000, -0.35735616, 0.73975784, -0.7431176
1054800640000, -0.643852, 1.0015136, -0.729984
1054805512000, -0.8350528, 1.1313224, -0.7171558
1054810474000, -0.94042706, 1.1905763, -0.689056
1054815548000, -0.9850202, 1.2583824, -0.5925393
1054820536000, -0.9776898, 1.3295482, -0.46700647
1054825507000, -0.9077458, 1.4257594, -0.35888332
1054830576000, -0.7870999, 1.5091426, -0.2669481
1054835552000, -0.61941737, 1.5647314, -0.1872302
1054840555000, -0.42363504, 1.5986344, -0.07880162
1054845523000, -0.25900686, 1.5674802, 0.03634648
1054850648000, -0.13836098, 1.4871514, 0.112704635
1054855541000, -0.057421334, 1.348485, 0.17959438
1054860505000, -0.002443461, 1.1074986, 0.26633725
1054865579000, 0.05497787, 0.77640975, 0.37934732
1054870544000, 0.14294247, 0.6087272, 0.51068336
1054875507000, 0.18325958, 0.35277468, 0.58001655
1054880530000, 0.22113322, 0.24678956, 0.6826419
1054885593000, 0.1740966, 0.26450464, 0.76052725
1054890500000, 0.05681047, 0.2837469, 0.8127562
1054895534000, -0.043676864, 0.20555615, 0.86742866
1054900594000, -0.07696902, 0.05955936, 0.9071349
1054905506000, -0.0720821, -0.021380283, 0.9071349
1054910488000, -0.07452556, -0.04795292, 0.91446525
1054915547000, -0.09285152, -0.09193522, 0.9034697
1054920554000, -0.08124508, -0.053145275, 0.893085
1054925445000, -0.10720685, 0.03481932, 0.8512407
1054930556000, -0.14813483, 0.08979719, 0.81214535
1054935494000, -0.19853121, 0.076052725, 0.7874053
1054940508000, -0.20250183, -0.0018325958, 0.8032878
1054945547000, -0.17134771, -0.08979719, 0.81245077
1054950650000, -0.106901415, -0.22540927, 0.83077675
1054955642000, -0.018936822, -0.39858958, 0.8399397
1054960500000, 0.062308256, -0.5491679, 0.838718
1054965675000, 0.10873401, -0.7147123, 0.8335256
1054971268000, 0.17348573, -0.79198676, 0.8191703
1054975761000, 0.19730948, -0.9611965, 0.7629707
1054980551000, 0.2574797, -1.070236, 0.75411314
1054985851000, 0.26725355, -1.1252137, 0.75502944
1054990496000, 0.2706133, -1.1133019, 0.7370089
1054995527000, 0.22449298, -1.0204504, 0.68630713
1055000593000, 0.12064589, -0.86437434, 0.63438356
1055005451000, -0.018020526, -0.68966687, 0.58123827
1055010503000, -0.172264, -0.528093, 0.49877146
1055015513000, -0.27885997, -0.40317106, 0.41538838
1055020528000, -0.32925636, -0.30024028, 0.35033122
1055025494000, -0.35430184, -0.2275473, 0.29840767
1055030541000, -0.33658674, -0.19547687, 0.2556471
1055035504000, -0.2941316, -0.19730948, 0.23609942
1055041277000, -0.22968534, -0.19914207, 0.24404067
1055045564000, -0.20647246, -0.20525073, 0.2574797
1055050647000, -0.21960606, -0.18753563, 0.29229903
1055055587000, -0.2489276, -0.124005646, 0.3399465
1055060502000, -0.27091873, -0.031154128, 0.36071593
1055065565000, -0.29016098, 0.014049901, 0.35888332
1055070502000, -0.2864958, 0.102319926, 0.3576616
1055075494000, -0.29046643, 0.16890424, 0.33017266
1055080520000, -0.2919936, 0.2012801, 0.3005457
1055085512000, -0.29168814, 0.23793201, 0.26633725
1055090502000, -0.27855456, 0.2828306, 0.23823744
1055095561000, -0.2669481, 0.31673363, 0.20922135
1055100640000, -0.25717425, 0.3652974, 0.1966986
1055105549000, -0.25595254, 0.3921755, 0.16462818
1055110461000, -0.2510656, 0.4016439, 0.14477506
1055115558000, -0.26267207, 0.3915646, 0.12156218
1055120450000, -0.2828306, 0.3912592, 0.108123146
1055125493000, -0.2929099, 0.40775254, 0.09285152
1055130520000, -0.30879238, 0.44348818, 0.08155051
1055135556000, -0.3200934, 0.473726, 0.07727446
1055140534000, -0.32589662, 0.52106804, 0.06841691
1055145537000, -0.32589662, 0.53023106, 0.06536258
1055150628000, -0.3277292, 0.516792, 0.05955936
1055155504000, -0.30451632, 0.5039638, 0.053145275
1055160445000, -0.32162055, 0.49571714, 0.04795292
1055165581000, -0.3381139, 0.50976706, 0.04550946
1055170551000, -0.36743546, 0.52320606, 0.03726278
1055175503000, -0.4034765, 0.54458636, 0.032070424
1055180823000, -0.43157628, 0.5357288, 0.01038471
1055185553000, -0.47067168, 0.50946164, 0.009468411
1055190489000, -0.5222898, 0.45540005, -0.0061086523
1055195533000, -0.5564982, 0.39828414, -0.008246681
1055200619000, -0.59986967, 0.3213151, -0.007330383
1055205501000, -0.6426302, 0.2782491, -9.162979E-4
1055210492000, -0.66523224, 0.26725355, 0.0015271631
1055215480000, -0.68416905, 0.25717425, 0.009468411
1055220573000, -0.68111473, 0.2669481, 0.005192355
1055225504000, -0.64934975, 0.28924468, 0.009773844
1055230568000, -0.605062, 0.2837469, -0.0018325958
1055235508000, -0.5696318, 0.25900686, -0.013133603
1055240500000, -0.5360342, 0.2302962, -0.01985312
1055245532000, -0.49418998, 0.1731803, -0.024740042
1055250591000, -0.45142943, 0.119729586, -0.03145956
1055255537000, -0.4279111, 0.043982297, -0.038789943
1055260531000, -0.42363504, 0.01038471, -0.052534413
1055265530000, -0.41874814, -0.026572637, -0.061086524
1055270521000, -0.42332962, -0.026572637, -0.08277224
1055275528000, -0.44104472, -0.029626964, -0.09254608
1055280529000, -0.4804455, -0.030543262, -0.11301007
1055285527000, -0.5213735, -0.03604105, -0.12858713
1055290490000, -0.593761, -0.024129177, -0.1301143
1055296346000, -0.6444628, -0.03634648, -0.12308934
1055300495000, -0.6374379, -0.057421334, -0.11178834
1055310576000, -0.60903263, -0.064751714, -0.0693332
1055315506000, -0.6081163, -0.0571159, -0.057421334
1055320500000, -0.6227771, -0.032986723, -0.053145275
1055325494000, -0.63255095, 0.006414085, -0.03726278
1055330516000, -0.63041294, 0.062002823, -0.02107485
1055335545000, -0.6160576, 0.109650314, -0.025045475
1055340487000, -0.6264423, 0.11453723, -0.03970624
1055345566000, -0.6249151, 0.070249505, -0.07880162
1055350618000, -0.63285637, 0.011301007, -0.12095132
1055355486000, -0.6600399, -0.011301007, -0.16737708
1055360479000, -0.6835582, -0.07574729, -0.18478674
1055365697000, -0.711658, -0.12644911, -0.25717425
1055370505000, -0.7519751, -0.15424347, -0.27458394
1055375495000, -0.7883216, -0.19425514, -0.30390546
1055380526000, -0.79168135, -0.25473082, -0.32436943
1055385504000, -0.7834347, -0.3115413, -0.3408628
1055390493000, -0.75991637, -0.34391713, -0.34330627
1055395544000, -0.72204274, -0.36713, -0.32986724
1055401450000, -0.6609562, -0.3817908, -0.30298916
1055405500000, -0.61575216, -0.39461896, -0.2846632
1055410497000, -0.5910121, -0.40408736, -0.29046643
1055415473000, -0.5766568, -0.4016439, -0.3118467
1055420558000, -0.58123827, -0.41996986, -0.34300083
1055425449000, -0.5830709, -0.44012842, -0.38423425
1055430544000, -0.6038403, -0.47036624, -0.41447207
1055435524000, -0.61758476, -0.4999932, -0.4569272
1055440492000, -0.63285637, -0.50335294, -0.5018258
1055445579000, -0.66859204, -0.52290064, -0.5225952
1055450565000, -0.713796, -0.5360342, -0.5476407
1055455617000, -0.7498371, -0.5681047, -0.56779927
1055460509000, -0.7858781, -0.57604593, -0.56596667
1055465621000, -0.8014552, -0.5546656, -0.5714644
1055470958000, -0.82772243, -0.48838675, -0.57757306
1055475514000, -0.8723156, -0.46822822, -0.5693264
1055480558000, -0.8872818, -0.43890667, -0.5589417
1055485508000, -0.92057395, -0.4089743, -0.5513059
1055490508000, -0.9645562, -0.36957347, -0.5497787
1055495793000, -0.98624194, -0.3368922, -0.56596667
1055500595000, -1.0161743, -0.33017266, -0.57360244
1055505442000, -1.0451905, -0.3213151, -0.58093286
1055510404000, -1.0855075, -0.35369098, -0.5891795
1055515523000, -1.1377366, -0.410196, -0.58062744
1055520498000, -1.1856894, -0.49571714, -0.5589417
1055525428000, -1.2458596, -0.5897904, -0.50243664
1055530488000, -1.3142766, -0.70616025, -0.43554693
1055535430000, -1.3267993, -0.8961393, -0.344528
1055540430000, -1.2678508, -1.0797043, -0.25778514
1055545467000, -1.1691961, -1.3121386, -0.17440203
1055551713000, -1.0531317, -1.668273, -0.1441642
1055555442000, -0.9431759, -1.8738291, -0.13958271
1055560569000, -0.8933904, -2.291661, -0.10934488
1055565601000, -0.8374963, -2.6703975, -0.10995574
1055570716000, -0.8622363, -2.9773571, -0.12889257
1055575803000, -0.93584555, -3.1957414, -0.129198
1055580539000, -0.99021256, -3.3276885, -0.10751228
1055585440000, -1.0051788, -3.4767396, -0.13408493
1055590428000, -1.0641272, -3.6593883, -0.2593123
1055595429000, -1.1129965, -3.8502836, -0.39828414
1055600711000, -1.1074986, -4.01369, -0.54092115
1055605439000, -1.0955868, -4.0610323, -0.6630942
1055610404000, -1.063211, -3.980398, -0.7724391
1055615405000, -1.0332786, -3.808745, -0.83016586
1055620416000, -1.0299188, -3.5259142, -0.8332202
1055625401000, -1.0635164, -3.1425962, -0.8060367
1055630430000, -1.1304061, -2.7119362, -0.8032878
1055635415000, -1.2339478, -2.309376, -0.8167268
1055640413000, -1.3613132, -1.9547688, -0.79259765
1055645390000, -1.4611896, -1.65911, -0.72204274
1055650434000, -1.5522085, -1.568091, -0.6374379
1055655411000, -1.6245961, -1.5906931, -0.59773165
1055660413000, -1.6505579, -1.8533652, -0.5513059
1055665456000, -1.6578883, -2.2036965, -0.5186246
1055670416000, -1.5787812, -2.5919013, -0.45478916
1055675417000, -1.4880677, -2.8933632, -0.37232238
1055680424000, -1.3475688, -2.944676, -0.2941316
1055685418000, -1.1187997, -2.745534, -0.23732115
1055690413000, -0.8735373, -2.3698518, -0.16157386
1055695390000, -0.6575964, -1.9117028, -0.048563786
1055700523000, -0.5476407, -1.3949108, 0.032070424
1055705455000, -0.5757405, -0.9456194, 0.081855945
1055710471000, -0.68691796, -0.60231316, 0.09162979
1055715515000, -0.8524625, -0.37323865, 0.09773844
1055720466000, -1.0057896, -0.2415972, 0.1282817
1055725940000, -1.1276573, -0.16982053, 0.16646078
1055730439000, -1.1826351, -0.16035213, 0.19181168
1055735463000, -1.2027937, -0.1863139, 0.19883664
1055740461000, -1.1731668, -0.25320363, 0.16584991
1055745442000, -1.1407908, -0.33108896, 0.112704635
1055750549000, -1.1603385, -0.35613444, 0.035430185
1055755493000, -1.1856894, -0.37751472, -0.002443461
1055760554000, -1.1893547, -0.36163223, -0.06994407
1055765565000, -1.210735, -0.30085114, -0.10842858
1055770488000, -1.2296717, -0.21197024, -0.13103059
1055775527000, -1.271516, -0.18142697, -0.15210545
1055780455000, -1.3100005, -0.22235495, -0.15821409
1055785568000, -1.3814718, -0.34330627, -0.16432275
1055790452000, -1.4413365, -0.49602258, -0.16310102
1055796100000, -1.4581354, -0.66614854, -0.16340645
1055800511000, -1.4437801, -0.8042041, -0.16218472
1055805556000, -1.4153748, -0.91538155, -0.17287487
1055810855000, -1.3683381, -1.003957, -0.15882497
1055815574000, -1.3277156, -1.0445796, -0.13744467
1055820522000, -1.3063353, -1.078788, -0.12034045
1055825498000, -1.2620476, -1.10139, -0.07696902
1055830535000, -1.1985176, -1.0998629, -0.044593163
1055835508000, -1.1774428, -1.0793989, 3.0543262E-4
1055840518000, -1.1606439, -1.0827587, 0.032070424
1055845542000, -1.1349876, -1.0668762, 0.07391469
1055850581000, -1.1267409, -1.0479393, 0.099571034
1055855502000, -1.1319333, -1.0155635, 0.09162979
1055860496000, -1.1429288, -0.9624182, 0.08246681
1055865612000, -1.1954633, -0.93218035, 0.096516706
1055870504000, -1.2318097, -0.8885035, 0.09712757
1055875503000, -1.2864822, -0.83291477, 0.06994407
1055880532000, -1.3451253, -0.79137594, 0.034513887
1055885522000, -1.4013249, -0.75319684, 9.162979E-4
1055891507000, -1.4590516, -0.7305948, -0.029321533
1055895475000, -1.5439619, -0.7174612, -0.0842994
1055900607000, -1.6126842, -0.6618725, -0.11911872
1055905611000, -1.6646078, -0.571159, -0.13713925
1055910511000, -1.6951511, -0.49480084, -0.15699236
1055915538000, -1.7293595, -0.42821655, -0.17104226
1055920504000, -1.7336355, -0.4007276, -0.17531833
1055925494000, -1.7128662, -0.39492437, -0.17073683
1055930548000, -1.6698002, -0.38240165, -0.15851954
1055935474000, -1.6325374, -0.38637227, -0.1441642
1055940506000, -1.6151277, -0.41722095, -0.12308934
1055945550000, -1.5754215, -0.4370741, -0.0852157
1055950594000, -1.5366315, -0.45051312, -0.048563786
1055955469000, -1.5259414, -0.47983465, -0.037873644
1055960494000, -1.4651603, -0.48563787, -0.018936822
1055965572000, -1.3930782, -0.4560109, -0.01863139
1055970503000, -1.3310753, -0.3924809, -0.009773844
1055975502000, -1.2965615, -0.3032946, 0.0070249503
1055980524000, -1.280679, -0.24953845, 0.020463986
1055985895000, -1.2409728, -0.2180789, 0.03481932
1055990494000, -1.1746938, -0.20066923, 0.052839845
1055995541000, -1.1377366, -0.1863139, 0.07880162
1056000584000, -1.142318, -0.17928895, 0.106901415
1056005488000, -1.1508701, -0.15454891, 0.13225232
1056010503000, -1.1481212, -0.11728613, 0.15332718
1056015905000, -1.1236867, -0.09468412, 0.15485434
1056020536000, -1.078788, -0.07513642, 0.17501289
1056025493000, -1.033584, -0.09285152, 0.18081611
1056030470000, -0.990518, -0.14202617, 0.18936823
1056035511000, -0.95111716, -0.17256944, 0.20769419
1056040486000, -0.9315695, -0.20158553, 0.23548855
1056045535000, -0.92271197, -0.21960606, 0.2657264
1056051623000, -0.9111055, -0.25809056, 0.28710666
1056055494000, -0.9034697, -0.25809056, 0.29046643
1056060492000, -0.89827734, -0.27397305, 0.2947425
1056065718000, -0.8906415, -0.28771752, 0.29657507
1056070561000, -0.8875872, -0.29749137, 0.2910773
1056075475000, -0.88239485, -0.31123585, 0.29046643
1056080561000, -0.88208944, -0.31429017, 0.28619036
1056085806000, -0.8900307, -0.35796702, 0.30024028
1056090533000, -0.8927795, -0.3943135, 0.32559118
1056095535000, -0.8894198, -0.44501534, 0.3417791
1056100590000, -0.8863655, -0.4813618, 0.3726278
1056105560000, -0.8885035, -0.50518554, 0.38453966
1056110495000, -0.8875872, -0.52473325, 0.4111123
1056115592000, -0.8894198, -0.5558874, 0.42760566
1056121118000, -0.88178396, -0.5723807, 0.44959682
1056125493000, -0.86742866, -0.5748242, 0.46517387
1056130539000, -0.8546005, -0.5910121, 0.48441613
1056135506000, -0.8472701, -0.6123924, 0.48899764
1056140499000, -0.84696466, -0.6273586, 0.5021312
1056145538000, -0.82863873, -0.6462954, 0.50426924
1056150567000, -0.80909103, -0.6569856, 0.5027421
1056155490000, -0.7648033, -0.66614854, 0.5039638
1056160438000, -0.7476991, -0.70432764, 0.51068336
1056165607000, -0.7302894, -0.7107417, 0.52320606
1056170449000, -0.68691796, -0.7107417, 0.5326745
1056175492000, -0.65179324, -0.72356987, 0.5357288
1056180518000, -0.62125, -0.76083267, 0.52870387
1056185509000, -0.6243043, -0.8054258, 0.52412236
1056190819000, -0.6398814, -0.8341365, 0.5225952
1056195529000, -0.63255095, -0.8371908, 0.52381694
1056200579000, -0.623388, -0.79320854, 0.5198463
1056205497000, -0.6221663, -0.7360926, 0.516792
1056210441000, -0.5858198, -0.65057147, 0.5207626
1056215577000, -0.552833, -0.57635134, 0.51251596
1056220498000, -0.52381694, -0.53023106, 0.5006041
1056225493000, -0.47769663, -0.49357912, 0.4831944
1056230535000, -0.4361578, -0.46181414, 0.47128254
1056235508000, -0.3707952, -0.4578435, 0.4456262
1056240503000, -0.3268129, -0.47036624, 0.40378192
1056245546000, -0.28771752, -0.5109888, 0.3912592
1056250608000, -0.2648101, -0.535118, 0.376293
1056255478000, -0.18295415, -0.537256, 0.37659842
1056260474000, -0.13622294, -0.5564982, 0.3640757
1056265606000, -0.08857546, -0.59528816, 0.3323107
1056270542000, -0.08307768, -0.61483586, 0.34147367
1056275535000, -0.049785517, -0.5910121, 0.36102137
1056280489000, -0.01985312, -0.54336464, 0.36010507
1056285555000, 9.162979E-4, -0.5122105, 0.35979962
1056290545000, 0.015271631, -0.4972443, 0.34300083
1056295561000, -0.025350908, -0.50243664, 0.3323107
1056300577000, -0.052534413, -0.43249258, 0.37934732
1056305476000, -0.03634648, -0.3839288, 0.40225476
1056310472000, -0.01985312, -0.38515055, 0.4111123
1056315454000, -0.028710667, -0.41325033, 0.43096542
1056320427000, -0.04550946, -0.4538729, 0.4541783
1056325425000, -0.03359759, -0.5308419, 0.46700647
1056330415000, -0.053145275, -0.61758476, 0.5030475
1056335428000, -0.09682214, -0.61911196, 0.59864795
1056340491000, -0.12186762, -0.6398814, 0.63255095
1056345407000, -0.1572978, -0.67347896, 0.7107417
1056350571000, -0.2593123, -0.7800749, 0.8017606
1056355472000, -0.3912592, -0.9080512, 0.8765916
1056360474000, -0.5045747, -1.0308352, 0.95417154
1056365489000, -0.6236934, -1.1239921, 1.0219775
1056370479000, -0.7556403, -1.1829406, 1.073901
1056375897000, -0.8729264, -1.1969905, 1.119716
1056380791000, -1.0005972, -1.205848, 1.14018
1056385463000, -1.0955868, -1.2205088, 1.1618657
1056390478000, -1.153619, -1.210735, 1.1725558
1056395453000, -1.1866057, -1.1890492, 1.1768318
1056400586000, -1.1826351, -1.1704178, 1.1771374
1056405605000, -1.1798862, -1.151481, 1.1896601
1056410538000, -1.1685852, -1.1212431, 1.1936307
1056415528000, -1.1404854, -1.0815369, 1.185384
1056420555000, -1.106277, -1.0372492, 1.1850786
1056425805000, -1.0308352, -1.0024298, 1.1823297
1056430545000, -0.93218035, -0.9627236, 1.1838568
1056435451000, -0.86590147, -0.9447031, 1.2043208
1056440500000, -0.82772243, -0.92149025, 1.2165382
1056446078000, -0.7816021, -0.8790351, 1.255328
1056450545000, -0.74281216, -0.86284715, 1.2611313
1056455568000, -0.73975784, -0.83658, 1.2767084
1056460499000, -0.7443393, -0.81153446, 1.2925909
1056465583000, -0.7593055, -0.7892379, 1.2977833
1056470522000, -0.77549344, -0.77579886, 1.3066407
1056475513000, -0.78954333, -0.7657196, 1.3252722
1056480494000, -0.8063421, -0.7367035, 1.3423764
1056485484000, -0.8240572, -0.71929383, 1.3735305
1056490525000, -0.8344419, -0.68111473, 1.3875804
1056495481000, -0.84879726, -0.6750061, 1.4553864
1056500492000, -0.8142834, -0.68508536, 1.5146403
1056505510000, -0.75869465, -0.6954701, 1.5836681
1056510527000, -0.6918049, -0.6765333, 1.6398678
1056515620000, -0.6218608, -0.6239988, 1.6936239
1056520504000, -0.5717699, -0.57848936, 1.740966
1056525492000, -0.5155703, -0.5296202, 1.7910569
1056530471000, -0.4642576, -0.5036584, 1.8307631
1056535481000, -0.41538838, -0.5012149, 1.8930714
1056540465000, -0.3894266, -0.50915617, 1.9168952
1056545492000, -0.3753767, -0.52870387, 1.9651535
1056550539000, -0.37904188, -0.4978552, 1.9938642
1056555547000, -0.36071593, -0.46822822, 2.035403
1056560485000, -0.3643811, -0.44073927, 2.031127
1056565582000, -0.35705075, -0.3924809, 2.0583105
1056570554000, -0.33536503, -0.34330627, 2.0653355
1056575551000, -0.30207285, -0.2519819, 2.0916026
1056580560000, -0.2864958, -0.15363261, 2.1181753
1056585501000, -0.2764165, -0.08093964, 2.1178699
1056590475000, -0.24190263, -0.023823744, 2.087021
1056595480000, -0.20250183, 0.05009095, 2.0561724
1056600831000, -0.2049453, 0.1731803, 2.0470095
1056605559000, -0.22693644, 0.28160888, 2.0766363
1056610446000, -0.2660318, 0.35277468, 2.1484132
1056615528000, -0.29840767, 0.39706242, 2.1224513
1056620451000, -0.2950479, 0.4822781, 2.0631974
1056625535000, -0.28710666, 0.5580254, 2.033876
1056630471000, -0.31978795, 0.5867361, 2.0073032
1056635510000, -0.38606682, 0.65393126, 1.9929478
1056640521000, -0.42149702, 0.70371675, 1.9807305
1056645479000, -0.49571714, 0.7263188, 1.998751
1056650564000, -0.54702985, 0.6966918, 2.0100522
1056655503000, -0.5867361, 0.6065892, 1.9449949
1056660494000, -0.6059783, 0.5476407, 1.8851302
1056665643000, -0.6001751, 0.46975538, 1.8429805
1056670557000, -0.6059783, 0.39522982, 1.8017471
1056675506000, -0.61636305, 0.36285394, 1.7721201
1056680525000, -0.6114761, 0.31978795, 1.7690657
1056685522000, -0.59528816, 0.28710666, 1.7675385
1056690498000, -0.58032197, 0.2574797, 1.7620409
1056695522000, -0.56382865, 0.24953845, 1.7800614
1056700689000, -0.58184916, 0.2706133, 1.7996091
1056705524000, -0.6392705, 0.27000242, 1.7815884
1056710515000, -0.655153, 0.31581733, 1.7507398
1056715495000, -0.66889745, 0.38423425, 1.7214183
1056720502000, -0.6954701, 0.43066, 1.6960673
1056725489000, -0.72173727, 0.45356745, 1.6722436
1056730540000, -0.7657196, 0.4382958, 1.6426166
1056735589000, -0.7812967, 0.4334089, 1.602605
1056740497000, -0.8032878, 0.42546764, 1.5873333
1056745527000, -0.8561276, 0.42302418, 1.5555683
1056750660000, -0.893085, 0.41630468, 1.5189165
1056755573000, -0.9117164, 0.4334089, 1.4899004
1056760496000, -0.9392053, 0.42058071, 1.4556919
1056765557000, -0.97524637, 0.38637227, 1.4165965
1056771101000, -1.0204504, 0.36102137, 1.3784174
1056775469000, -1.0525209, 0.35063666, 1.3426818
1056780519000, -1.0564915, 0.36560285, 1.2944235
1056785482000, -1.031446, 0.376293, 1.2538009
1056790492000, -0.9789116, 0.38362336, 1.2012665
1056795531000, -0.93492925, 0.36651915, 1.1618657
1056800633000, -0.8866709, 0.3304781, 1.1374311
1056805567000, -0.8567385, 0.30879238, 1.1151345
1056810489000, -0.83077675, 0.28924468, 1.0906999
1056815600000, -0.8017606, 0.3036, 1.0622946
1056820503000, -0.7318166, 0.3576616, 1.0341948
1056825491000, -0.6536258, 0.3921755, 0.9993755
1056830486000, -0.5421429, 0.41325033, 0.97585726
1056835571000, -0.4813618, 0.4456262, 0.96486163
1056840557000, -0.3631594, 0.45020768, 0.9392053
1056845485000, -0.2098322, 0.44929138, 0.9059132
1056850674000, -0.055588737, 0.4373795, 0.86467975
1056855531000, 0.09040806, 0.38820487, 0.80664754
1056860443000, 0.23518312, 0.32436943, 0.7583892
1056865619000, 0.37140608, 0.24831672, 0.70524395
1056870489000, 0.46211955, 0.13958271, 0.65118235
1056875502000, 0.5186246, 0.026267206, 0.6026186
1056880554000, 0.5525276, -0.057726767, 0.55741453
1056885506000, 0.5742133, -0.15271631, 0.51007247
1056890494000, 0.61483586, -0.21044308, 0.47525316
1056895480000, 0.67103547, -0.2312125, 0.4447099
1056900585000, 0.7476991, -0.2321288, 0.42180246
1056905619000, 0.8353582, -0.21013765, 0.39553526
1056910589000, 0.9297369, -0.17806722, 0.37904188
1056915594000, 1.02717, -0.17592919, 0.34972036
1056920548000, 1.1178834, -0.16523905, 0.31642818
1056925503000, 1.1924089, -0.16920967, 0.2947425
1056930538000, 1.2705997, -0.18081611, 0.2593123
1056935488000, 1.3115277, -0.18142697, 0.24220806
1056940496000, 1.382999, -0.17287487, 0.19486602
1056945479000, 1.4703526, -0.15577064, 0.15088372
1056950689000, 1.5293012, -0.13072516, 0.103847094
1056955524000, 1.5855007, -0.11881329, 0.062002823
1056960505000, 1.6297885, -0.13194689, 0.02076942
1056965503000, 1.6612481, -0.15027285, -0.02076942
1056970511000, 1.6759088, -0.19608775, -0.06261369
1056975441000, 1.6771306, -0.23243423, -0.10140363
1056980531000, 1.670411, -0.2669481, -0.14813483
1056985450000, 1.640784, -0.30787608, -0.1957823
1056990494000, 1.6175711, -0.38240165, -0.2434298
1056995482000, 1.5928311, -0.4569272, -0.2919936
1057000605000, 1.5445728, -0.4886922, -0.33261612
1057005890000, 1.5005904, -0.49938235, -0.3680463
1057010513000, 1.4639386, -0.4999932, -0.40561453
1057015590000, 1.412015, -0.46883908, -0.43096542
1057020495000, 1.3570372, -0.47494772, -0.44898596
1057025485000, 1.3252722, -0.47219884, -0.45937067
1057030537000, 1.3139712, -0.47616947, -0.44348818
1057035503000, 1.2895365, -0.45814893, -0.4541783
1057040506000, 1.2586879, -0.41905355, -0.4886922
1057045472000, 1.1878275, -0.3924809, -0.50335294
1057050592000, 1.1313224, -0.37782016, -0.5137377
1057055539000, 1.0525209, -0.36926803, -0.54000485
1057060491000, 0.98471475, -0.37293324, -0.5674938
1057065610000, 0.9056077, -0.34605515, -0.59437186
1057070492000, 0.8304713, -0.3277292, -0.6453791
1057075498000, 0.768163, -0.32070425, -0.66889745
1057080460000, 0.7162395, -0.32803464, -0.6942484
1057085505000, 0.68416905, -0.3155119, -0.7125743
1057090440000, 0.68203104, -0.29993483, -0.7049385
1057096181000, 0.7128797, -0.27122417, -0.72021013
1057100567000, 0.7632761, -0.25900686, -0.7339546
1057105505000, 0.8060367, -0.28771752, -0.74006325
1057110469000, 0.8436049, -0.3200934, -0.75228053
1057115560000, 0.8503244, -0.37690386, -0.7473936
1057120726000, 0.8191703, -0.4615087, -0.74220127
1057125497000, 0.7797695, -0.5002986, -0.7360926
1057130947000, 0.7538077, -0.61300325, -0.72112644
1057135512000, 0.6835582, -0.65179324, -0.7150178
1057140443000, 0.65118235, -0.6976081, -0.6966918
1057145489000, 0.5876524, -0.70402217, -0.6783658
1057150605000, 0.5357288, -0.68477994, -0.66675943
1057155568000, 0.47708577, -0.6432411, -0.65026605
1057160498000, 0.46303585, -0.57818395, -0.63713247
1057166112000, 0.44501534, -0.505491, -0.6310238
1057170506000, 0.44135013, -0.43279803, -0.6105598
1057175496000, 0.44898596, -0.37140608, -0.5879578
1057180596000, 0.47311515, -0.33750305, -0.569021
1057185478000, 0.49235737, -0.28863382, -0.5693264
1057190494000, 0.5305365, -0.24037547, -0.5674938
1057195480000, 0.5564982, -0.20677789, -0.5674938
1057200622000, 0.54428095, -0.16279559, -0.56077427
1057205577000, 0.4810564, -0.12675454, -0.53786683
1057210490000, 0.36743546, -0.17470746, -0.5030475
1057215551000, 0.18875736, -0.27397305, -0.45234573
1057220556000, -0.060170226, -0.36285394, -0.42302418
1057225483000, -0.3222314, -0.39278635, -0.4166101
1057230478000, -0.4474588, -0.39736784, -0.39400807
1057235564000, -0.6954701, -0.35888332, -0.38789943
1057240495000, -0.9092729, -0.33169982, -0.3998113
1057245969000, -1.01312, -0.33383787, -0.40469822
1057250588000, -1.0088439, -0.35246924, -0.4111123
1057255531000, -0.958753, -0.37293324, -0.43310347
1057260495000, -0.8885035, -0.39614612, -0.44868052
1057265525000, -0.8384125, -0.45540005, -0.45234573
1057270492000, -0.81336707, -0.516792, -0.45112398
1057275593000, -0.7724391, -0.5662721, -0.45937067
1057280531000, -0.72601336, -0.61544675, -0.45723262
1057285576000, -0.6536258, -0.62796944, -0.45081854
1057290523000, -0.5558874, -0.61483586, -0.4437936
1057295546000, -0.43493605, -0.57604593, -0.42913285
1057300567000, -0.30024028, -0.5207626, -0.41263947
1057320440000, 0.018325957, -0.22999077, -0.24220806
1057325424000, 0.0290161, -0.00580322, -0.15699236
1057330410000, 0.007941248, 0.16920967, -0.05955936
1057335434000, -0.008857546, 0.2938262, 0.02687807
1057340429000, -0.0580322, 0.398895, 0.060170226
1057345404000, -0.110872045, 0.46670106, 0.05955936
1057351034000, -0.15943582, 0.5174029, 0.048563786
1057355441000, -0.22052236, 0.5338962, 0.008552114
1057360443000, -0.269697, 0.5119051, -0.024740042
1057365501000, -0.3210097, 0.45570546, -0.0571159
1057370593000, -0.355829, 0.40591997, -0.07452556
1057375454000, -0.3631594, 0.36865717, -0.08368854
1057380601000, -0.36041048, 0.31887165, -0.0888809
1057385458000, -0.36132678, 0.27580565, -0.08155051
1057390506000, -0.34330627, 0.23854288, -0.07666359
1057395476000, -0.32559118, 0.20830505, -0.059864793
1057400594000, -0.3136793, 0.20219639, -0.071776666
1057405501000, -0.30695978, 0.1881465, -0.07666359
1057410482000, -0.29077184, 0.17928895, -0.08155051
1057415597000, -0.28771752, 0.16737708, -0.0842994
1057421192000, -0.26847526, 0.16218472, -0.07727446
1057425500000, -0.25228736, 0.16187929, -0.0693332
1057430555000, -0.24678956, 0.14019357, -0.05589417
1057435475000, -0.226631, 0.11453723, -0.051923547
1057440502000, -0.21380283, 0.0888809, -0.046731193
1057445486000, -0.20555615, 0.04886922, -0.05131268
1057450700000, -0.204029, -9.162979E-4, -0.0421497
1057455704000, -0.1994475, -0.049480084, -0.03604105
1057460497000, -0.1853976, -0.09040806, -0.027488936
1057465546000, -0.15851954, -0.12705997, -0.021380283
1057470559000, -0.13805555, -0.17867808, -0.016187929
1057475494000, -0.112399206, -0.20555615, -0.018325957
1057480531000, -0.081855945, -0.25411993, -0.02565634
1057485451000, -0.029932396, -0.29168814, -0.04153884
1057491087000, 0.0070249503, -0.31306845, -0.06994407
1057495487000, 0.036957346, -0.32834008, -0.09865474
1057500601000, 0.060170226, -0.31887165, -0.084910266
1057505721000, 0.089186326, -0.3118467, -0.06536258
1057510502000, 0.09987647, -0.27030787, -0.057421334
1057515556000, 0.10629055, -0.24740042, -0.03756821
1057520499000, 0.09773844, -0.18295415, -0.03481932
1057525445000, 0.09162979, -0.11759156, -0.032375857
1057530541000, 0.08155051, -0.05131268, -0.027794369
1057535524000, 0.06505715, 0.011911872, -0.019547688
1057540515000, 0.04184427, 0.06047566, -0.02565634
1057545522000, 0.027794369, 0.11148291, -0.020463986
1057550613000, 0.003970624, 0.16065755, -0.021380283
1057555566000, -0.005192355, 0.19181168, -0.007330383
1057560761000, -0.02565634, 0.20250183, 0.0021380284
1057565563000, -0.041233405, 0.22052236, -3.0543262E-4
1057570494000, -0.06627888, 0.23548855, 9.162979E-4
1057575562000, -0.08735373, 0.2510656, -3.0543262E-4
1057580543000, -0.09132435, 0.28313604, 0.025961773
1057585567000, -0.1255328, 0.321926, 0.06780604
1057590901000, -0.15271631, 0.37507126, 0.10170906
1057595501000, -0.17684549, 0.45478916, 0.1142318
1057600533000, -0.1994475, 0.5140431, 0.12614368
1057605502000, -0.226631, 0.5546656, 0.1301143
1057610479000, -0.24251351, 0.5705481, 0.14477506
1057615572000, -0.24617869, 0.5674938, 0.14477506
1057620555000, -0.24281894, 0.5198463, 0.14630222
1057625560000, -0.24495697, 0.44012842, 0.13652839
1057630490000, -0.2406809, 0.33475417, 0.12156218
1057635478000, -0.22235495, 0.2275473, 0.099571034
1057640513000, -0.21197024, 0.13713925, 0.069027774
1057645471000, -0.19120082, 0.061391957, 0.03756821
1057650709000, -0.17531833, -0.01160644, 0.0143553335
1057655529000, -0.16065755, -0.06566802, -0.021991149
1057660504000, -0.13713925, -0.10262536, -0.025045475
1057665487000, -0.115453534, -0.10170906, -0.026267206
1057670506000, -0.101098195, -0.102319926, -0.03268129
1057675495000, -0.08460484, -0.09896017, -0.031154128
1057680529000, -0.07422013, -0.082161374, -0.03756821
1057685493000, -0.053145275, -0.06352998, -0.038179077
1057690484000, -0.045814894, -0.056199603, -0.04062254
1057695456000, -0.03390302, -0.03268129, -0.034513887
1057700612000, -0.022602014, -0.024129177, -0.03359759
1057705448000, -0.031154128, -0.017104227, -0.032986723
1057710547000, -0.03145956, -0.013439035, -0.03481932
1057715455000, -0.032375857, -0.003970624, -0.02443461
1057720578000, -0.034513887, -0.003970624, -0.030848695
1057725447000, -0.040317107, -0.0018325958, -0.02687807
1057730534000, -0.03940081, 0.0018325958, -0.023823744
1057735786000, -0.04153884, 0.004886922, -0.022602014
1057740655000, -0.038789943, 0.010995574, -0.012217305
1057746060000, -0.04184427, 0.01160644, -0.014966198
1057750606000, -0.04917465, 0.02107485, -0.009773844
1057755544000, -0.065973446, 0.023823744, -0.0021380284
1057760499000, -0.061086524, 0.04062254, -0.004886922
1057765590000, -0.058643065, 0.057421334, 0.005192355
1057770570000, -0.061086524, 0.08124508, 0.014049901
1057775567000, -0.06352998, 0.09590584, 0.019242255
1057780547000, -0.063224554, 0.112704635, 0.028405234
1057785541000, -0.05467244, 0.12583824, 0.04184427
1057790545000, -0.05100725, 0.13255776, 0.04734206
1057795515000, -0.059253927, 0.1337795, 0.053450707
1057800573000, -0.03481932, 0.14080444, 0.056199603
1057805564000, -0.049480084, 0.14049901, 0.06811147
1057810503000, -0.04062254, 0.13469578, 0.076052725
1057816229000, -0.03481932, 0.13805555, 0.086437434
1057820525000, -0.035430185, 0.13255776, 0.07696902
1057825536000, -0.029932396, 0.12736541, 0.08368854
1057830480000, -0.016493361, 0.12980886, 0.07880162
1057835535000, -0.015577064, 0.12736541, 0.08979719
1057840556000, -0.0076358155, 0.12064589, 0.09162979
1057845506000, -0.0015271631, 0.12614368, 0.09407325
1057850551000, 0.0070249503, 0.12461651, 0.099571034
1057855570000, 0.018936822, 0.111177474, 0.087659165
1057860482000, 0.02076942, 0.11026118, 0.09560041
1057865555000, 0.015271631, 0.1020145, 0.09407325
1057870456000, 0.028099801, 0.10476339, 0.09315695
1057875495000, 0.038179077, 0.092240654, 0.08674286
1057880516000, 0.05222898, 0.07696902, 0.09590584
1057885826000, 0.054061573, 0.063224554, 0.0842994
1057890490000, 0.060170226, 0.047647487, 0.08552113
1057895499000, 0.055283304, 0.042455133, 0.08155051
1057900543000, 0.051923547, 0.029626964, 0.0870483
1057905544000, 0.046120327, 0.021991149, 0.07788532
1057910495000, 0.034513887, 0.016798794, 0.07880162
1057915547000, 0.033292156, 0.006414085, 0.06780604
1057920497000, 0.027488936, -0.003970624, 0.06414085
1057925498000, 0.027183503, -0.014966198, 0.06383542
1057930488000, 9.162979E-4, -0.01863139, 0.053145275
1057935624000, -0.0033597588, -0.014660766, 0.050396383
1057940448000, -0.008552114, -0.004886922, 0.032070424
1057945477000, -0.014966198, -0.01038471, 0.030848695
1057950958000, -0.020463986, -0.004276057, 0.026572637
1057955502000, -0.028710667, -0.008857546, 0.019242255
1057960437000, -0.029321533, -0.0070249503, 0.0143553335
1057965593000, -0.026267206, -0.0070249503, 0.004581489
1057970447000, -0.028405234, -0.004886922, 6.1086525E-4
1057975571000, -0.038789943, -0.004886922, 0.003970624
1057980454000, -0.03940081, -0.022907447, -0.0076358155
1057985482000, -0.0421497, -0.025045475, -0.0125227375
1057990448000, -0.038179077, -0.027488936, -0.014966198
1057995517000, -0.038789943, -0.030543262, -0.017104227
1058000561000, -0.03573562, -0.048258353, -0.020463986
1058005502000, -0.03726278, -0.04795292, -0.022602014
1058010760000, -0.036957346, -0.062308256, -0.020463986
1058015604000, -0.027488936, -0.06261369, -0.027794369
1058020897000, -0.034513887, -0.06047566, -0.03390302
1058025500000, -0.030543262, -0.062308256, -0.032070424
1058030479000, -0.028710667, -0.062308256, -0.029321533
1058035607000, -0.028405234, -0.047036625, -0.034513887
1058040623000, -0.03940081, -0.049480084, -0.027794369
1058045485000, -0.04550946, -0.043676864, -0.023823744
1058050577000, -0.051923547, -0.03268129, -0.015577064
1058055499000, -0.03848451, -0.018020526, -0.017715093
1058060492000, -0.039095376, -0.009468411, -0.0125227375
1058065564000, -0.04428773, -6.1086525E-4, -0.019242255
1058071083000, -0.03940081, 0.0012217305, -0.0143553335
1058075438000, -0.044898596, 0.007941248, -0.0067195175
1058080488000, -0.035430185, 0.002443461, -0.009773844
1058085552000, -0.037873644, 0.005192355, -0.004276057
1058090495000, -0.030848695, 0.004581489, -0.002443461
1058095469000, -0.0290161, -0.0076358155, -0.00580322
1058100588000, -0.029626964, -0.0061086523, -0.004886922
1058105575000, -0.014966198, -0.0067195175, -0.0036651916
1058110500000, -0.016493361, -0.016187929, -0.0033597588
1058115575000, -0.01740966, -0.015271631, -0.004581489
1058120478000, -0.009773844, -0.017715093, -0.012217305
1058125491000, -0.01038471, -0.014966198, -0.004276057
1058130477000, -0.010995574, -0.01863139, -0.0030543262
1058135476000, -0.013133603, -0.025350908, 0.0018325958
1058141187000, -0.010079277, -0.024740042, -0.009162978
1058145531000, -0.0036651916, -0.013744468, -0.009162978
1058150543000, -0.0061086523, -0.0106901415, 0.0012217305
1058155568000, -0.0143553335, -0.011911872, -0.0021380284
1058160436000, -0.014966198, -0.011911872, 0.009773844
1058165556000, -0.021685716, -0.011301007, 0.00580322
1058170449000, -0.022296581, -0.004276057, 0.011301007
1058175493000, -0.037873644, -0.005192355, 0.011911872
1058180515000, -0.02687807, -0.009162978, 0.011911872
1058185576000, -0.03145956, -0.006414085, 0.01160644
1058190478000, -0.03268129, -0.0070249503, 0.011301007
1058195598000, -0.033292156, -0.005497787, 0.014049901
1058200667000, -0.042760566, -0.004581489, 0.011911872
1058205535000, -0.04184427, -0.00580322, 0.015271631
1058210866000, -0.03848451, 0.003970624, 0.004581489
1058215555000, -0.047036625, 0.008552114, 0.013439035
1058220562000, -0.044898596, 0.018020526, 0.011911872
1058225495000, -0.042455133, 0.015271631, 0.01160644
1058230489000, -0.03390302, 0.024740042, 0.012217305
1058235508000, -0.036957346, 0.029626964, 0.010079277
1058240514000, -0.029626964, 0.033292156, 0.009773844
1058245590000, -0.021380283, 0.038179077, 0.0143553335
1058250584000, -0.03940081, 0.03268129, 0.011301007
1058255603000, -0.028710667, 0.04520403, 0.020463986
1058260541000, -0.03726278, 0.042455133, 0.014660766
1058265537000, -0.028405234, 0.04520403, 0.009468411
1058270527000, -0.026267206, 0.03970624, 0.013439035
1058275669000, -0.041233405, 0.035124753, 0.007330383
1058280660000, -0.03268129, 0.03970624, 0.013133603
1058285451000, -0.02565634, 0.036651913, 0.013133603
1058290572000, -0.026572637, 0.04795292, 0.0143553335
1058295449000, -0.024740042, 0.049480084, 0.011301007
1058300561000, -0.02321288, 0.044898596, 0.014660766
1058305470000, -0.038789943, 0.040927973, 0.009468411
1058310509000, -0.03268129, 0.034513887, 0.009468411
1058315550000, -0.025961773, 0.037873644, 0.01740966
1058320503000, -0.032986723, 0.04153884, 0.014049901
1058325491000, -0.03390302, 0.033292156, 0.016493361
1058330544000, -0.039095376, 0.034208454, 0.021685716
1058335850000, -0.045814894, 0.038179077, 0.013133603
1058340490000, -0.047647487, 0.033292156, 0.016798794
1058346434000, -0.05467244, 0.036651913, 0.016493361
1058350615000, -0.046731193, 0.036957346, 0.01985312
1058355492000, -0.05100725, 0.042455133, 0.01740966
1058360498000, -0.049480084, 0.036651913, 0.018325957
1058365878000, -0.05467244, 0.035124753, 0.020463986
1058370507000, -0.034513887, 0.042760566, 0.014049901
1058375490000, -0.03940081, 0.041233405, 0.012217305
1058380488000, -0.03726278, 0.03940081, 0.01282817
1058385532000, -0.030848695, 0.03390302, 0.015577064
1058390499000, -0.03481932, 0.03756821, 0.015882496
1058395539000, -0.032070424, 0.033292156, 0.007330383
1058400871000, -0.02565634, 0.028405234, 0.009162978
1058405580000, -0.03481932, 0.02107485, 0.007330383
1058410496000, -0.020463986, 0.01740966, 0.0106901415
1058415676000, -0.021380283, 0.013439035, 0.008246681
1058420564000, -0.021685716, 0.015271631, 0.01160644
1058425550000, -0.021685716, 0.01160644, 0.0021380284
1058430594000, -0.020158553, 0.01160644, 0.004886922
1058435559000, -0.02321288, -0.003970624, 0.0076358155
1058440542000, -0.02687807, -0.0030543262, 0.008552114
1058445514000, -0.014966198, -0.0076358155, 0.009162978
1058450679000, -0.01985312, -0.008552114, 0.0070249503
1058455406000, -0.013744468, -0.005497787, 0.006414085
1058460441000, -0.010995574, -0.005497787, 0.00580322
1058465421000, -0.018936822, -0.0070249503, 0.002443461
1058470441000, -0.0143553335, -0.009162978, 0.005192355
1058475362000, -0.022907447, -6.1086525E-4, 0.009773844
1058480413000, -0.032986723, -0.01160644, 0.0076358155
1058485383000, -0.029626964, -0.010995574, 0.009773844
1058490425000, -0.031154128, -0.0067195175, 0.0070249503
1058495458000, -0.032070424, -0.009162978, 0.008857546
1058500564000, -0.035430185, -0.017715093, 0.004276057
1058505453000, -0.03145956, -0.012217305, 0.009773844
1058510449000, -0.016187929, -0.016187929, 0.008246681
1058515454000, -0.022907447, -0.02321288, 0.011301007
1058520462000, -0.020158553, -0.01985312, 0.0030543262
1058525453000, -0.023823744, -0.018325957, 0.0076358155
1058530450000, -0.018020526, -0.011301007, 0.0036651916
1058535453000, -0.01985312, -0.0106901415, 0.002443461
1058540452000, -0.02107485, -0.01985312, 0.0012217305
1058545492000, -0.018020526, -0.012217305, 0.012217305
1058550557000, -0.024740042, -0.0070249503, 0.009773844
1058555612000, -0.014660766, -0.0076358155, 0.0061086523
1058560494000, -0.013133603, -0.0067195175, 0.006414085
1058565574000, -0.01038471, -0.004581489, 0.004886922
1058570555000, -0.022602014, -0.008552114, 0.011301007
1058575604000, -0.0125227375, -0.004581489, 0.0067195175
1058580475000, -0.019242255, -0.0030543262, 0.010079277
1058585496000, -0.01740966, -9.162979E-4, 0.014660766
1058590494000, -0.015882496, 0.0033597588, 0.015577064
1058595618000, -0.028099801, 0.010995574, 0.017104227
1058600581000, -0.02107485, 0.009162978, 0.013133603
1058605450000, -0.022296581, 0.003970624, 0.016493361
1058610501000, -0.02687807, 6.1086525E-4, 0.016798794
1058615640000, -0.032375857, 0.012217305, 0.010079277
1058620504000, -0.027488936, -0.0033597588, 0.014966198
1058625495000, -0.021991149, 9.162979E-4, 0.011911872
1058630523000, -0.01740966, 0.016187929, 0.016493361
1058635501000, -0.044593163, -0.011301007, 0.008857546
1058640499000, -0.02076942, -0.007330383, 0.014660766
1058645554000, -0.01985312, 0.004276057, 0.02076942
1058650660000, -0.035430185, 0.014660766, 0.015271631
1058655515000, -0.032375857, 0.011301007, 0.015577064
1058660504000, -0.03145956, 0.011301007, 0.016187929
1058665600000, -0.025961773, 0.018936822, 0.016493361
1058670502000, -0.018936822, 0.024740042, 0.02321288
1058675491000, -0.024740042, 0.0290161, 0.015271631
1058680481000, -0.026572637, 0.02687807, 0.022296581
1058685508000, -0.03604105, 0.018020526, 0.015271631
1058690504000, -0.016187929, 0.017715093, 0.007941248
1058695576000, -0.02076942, 0.015271631, 0.011301007
1058700702000, -0.021685716, 0.005192355, 0.004581489
1058705503000, -0.012217305, -0.0012217305, 0.004581489
1058710480000, -0.019547688, 0.004581489, 0.0070249503
1058715579000, -0.02107485, -0.004581489, 0.008552114
1058720471000, -0.017715093, -0.009468411, -0.0012217305
1058725494000, -0.014966198, -0.005192355, 0.0018325958
1058730784000, -0.023518313, -0.0067195175, 0.011911872
1058735584000, -0.013133603, -0.006414085, 0.007330383
1058740525000, -0.0143553335, -0.006414085, 0.004581489
1058745554000, -0.020463986, -0.013744468, 0.0027488936
1058750591000, -0.028405234, -0.014660766, 0.0061086523
1058755524000, -0.01985312, -0.008857546, 0.004581489
1058760443000, -0.0290161, -0.006414085, 0.00580322
1058765551000, -0.022296581, -0.019242255, 0.005192355
1058770464000, -0.024129177, -0.015577064, 0.005192355
1058775492000, -0.03604105, -0.02107485, 0.0070249503
1058780855000, -0.031154128, -0.025350908, 0.007330383
1058785505000, -0.02565634, -0.02321288, 9.162979E-4
1058790617000, -0.021991149, -0.02107485, 0.008552114
1058795499000, -0.03359759, -0.027794369, -9.162979E-4
1058800636000, -0.02443461, -0.029321533, 0.0036651916
1058805511000, -0.021685716, -0.027488936, 9.162979E-4
1058810443000, -0.027488936, -0.030543262, 0.005192355
1058815526000, -0.02321288, -0.026572637, -6.1086525E-4
1058820451000, -0.024129177, -0.021685716, 6.1086525E-4
1058825506000, -0.01740966, -0.02107485, -0.0018325958
1058830493000, -0.022907447, -0.014660766, -0.0030543262
1058835571000, -0.015882496, -0.013439035, -0.009162978
1058840508000, -0.022907447, -0.009162978, -0.002443461
1058845517000, -0.015271631, -0.01038471, -0.0033597588
1058850652000, -0.01985312, -0.0027488936, -0.004886922
1058855634000, -0.0076358155, 0.0021380284, -0.007941248
1058860554000, -0.022296581, -0.003970624, -0.004276057
1058865559000, -0.017715093, -9.162979E-4, -0.0021380284
1058870558000, -0.033292156, 0.008857546, 0.0067195175
1058875512000, -0.024129177, 0.0018325958, 0.008246681
1058880501000, -0.02443461, -0.0036651916, 0.003970624
1058885519000, -0.03023783, -0.0067195175, 0.0067195175
1058890553000, -0.034208454, -0.003970624, 0.011911872
1058895527000, -0.028710667, 0.0021380284, 0.013744468
1058900604000, -0.037873644, -9.162979E-4, 0.010079277
1058905515000, -0.018936822, 0.007941248, 0.018936822
1058910562000, -0.03481932, 0.007941248, 0.014966198
1058915550000, -0.024740042, 0.017715093, 0.018325957
1058920583000, -0.02687807, 0.01740966, 0.015577064
1058925493000, -0.021991149, 0.016493361, 0.016798794
1058930499000, -0.020463986, 0.022907447, 0.01863139
1058935532000, -0.034513887, 0.027183503, 0.019242255
1058940566000, -0.036957346, 0.03359759, 0.01985312
1058945525000, -0.028405234, 0.028405234, 0.016798794
1058950613000, -0.034513887, 0.027488936, 0.01740966
1058955507000, -0.029321533, 0.02107485, 0.016493361
1058960548000, -0.025045475, 0.018020526, 0.015882496
1058965509000, -0.01740966, 0.03023783, 0.022602014
1058970583000, -0.027488936, 0.024740042, 0.01985312
1058975509000, -0.032986723, 0.020158553, 0.02107485
1058980543000, -0.02687807, 0.027794369, 0.022296581
1058985513000, -0.03359759, 0.030848695, 0.018325957
1058990553000, -0.02321288, 0.028710667, 0.0106901415
1058995524000, -0.02687807, 0.028405234, 0.013744468
1059000607000, -0.03145956, 0.038179077, 0.01985312
1059005494000, -0.025961773, 0.03023783, 0.01038471
1059010554000, -0.019547688, 0.027183503, 0.0106901415
1059015466000, -0.027183503, 0.01740966, 0.013439035
1059020562000, -0.026267206, 0.01740966, 0.012217305
1059025435000, -0.028405234, 0.005497787, 0.017104227
1059030497000, -0.022907447, 0.0027488936, 0.009773844
1059035508000, -0.021380283, 0.0027488936, 0.006414085
1059040550000, -0.023823744, 3.0543262E-4, 0.008857546
1059045476000, -0.032070424, 0.0015271631, 0.004581489
1059050625000, -0.02321288, -0.005497787, 0.0033597588
1059055542000, -0.022907447, -0.009162978, -0.005192355
1059060533000, -0.01282817, -0.015577064, 0.003970624
1059065505000, -0.036957346, 9.162979E-4, 0.01160644
1059070565000, -0.040011674, -0.009162978, 0.006414085
1059075550000, -0.03604105, -0.0067195175, 0.008857546
1059080528000, -0.03023783, 0.004276057, 0.003970624
1059085555000, -0.039095376, -0.0076358155, 0.005497787
1059090588000, -0.030543262, 0.0027488936, 0.009468411
1059095514000, -0.037873644, 0.008246681, 0.005192355
1059100621000, -0.032375857, 0.012217305, 0.007330383
1059105519000, -0.044593163, 0.008552114, 0.0067195175
1059110508000, -0.039095376, 0.0067195175, 0.005497787
1059115527000, -0.028405234, 0.0027488936, 0.00580322
1059120567000, -0.026572637, 0.012217305, 0.009773844
1059125472000, -0.030848695, 0.0033597588, 0.0076358155
1059130495000, -0.031154128, -0.002443461, 0.0027488936
1059135847000, -0.028710667, 0.006414085, 0.008552114
1059140556000, -0.029321533, 0.0027488936, 0.0106901415
1059145659000, -0.025961773, 0.0036651916, 0.006414085
1059150558000, -0.022602014, -0.007941248, 0.0076358155
1059155761000, -0.01740966, -0.0012217305, 0.01160644
1059160487000, -0.028405234, -0.010079277, 0.007330383
1059165482000, -0.023518313, -0.004886922, 0.0061086523
1059170548000, -0.017715093, -0.004886922, 0.0030543262
1059175470000, -0.016187929, -0.0012217305, 0.0021380284
1059180477000, -0.01985312, 6.1086525E-4, 0.0036651916
1059185496000, -0.02107485, 0.0076358155, 0.0036651916
1059190497000, -0.033292156, 0.008246681, 0.007330383
1059195447000, -0.025961773, 0.0125227375, 0.0143553335
1059200656000, -0.03145956, 0.00580322, 0.0106901415
1059205445000, -0.02076942, 0.00580322, 0.013439035
1059210513000, -0.016493361, 0.011911872, 0.01282817
1059215461000, -0.019547688, 0.019242255, 0.010995574
1059220562000, -0.015882496, 0.013744468, 0.01160644
