#Rate of rotation around the x y z axes (Angular velocity).
#timestamp(ns),x,y,z(rad/s)
#Datetime: 14/05/2015 16:14:03
##########################################
#Activity: 8 - CSI - Car-Step in - 6s
#Subject ID: 52
#First Name: sub52
#Last Name: sub52
#Age: 20
#Height(cm): 179
#Weight(kg): 79
#Gender: Male
##########################################

@DATA
4612701284000, -0.035124753, 0.063224554, 9.162979E-4
4612706271000, -0.038789943, 0.06536258, -0.004581489
4612711290000, -0.033292156, 0.0711658, -0.0027488936
4612716283000, -0.03176499, 0.07269296, -3.0543262E-4
4612721261000, -0.03481932, 0.071776666, 3.0543262E-4
4612726302000, -0.038179077, 0.06688975, -0.009162978
4612731287000, -0.021685716, 0.06719518, -0.0030543262
4612736296000, -0.024740042, 0.06719518, -0.003970624
4612741322000, -0.02076942, 0.06505715, -0.0067195175
4612746291000, -0.010995574, 0.0580322, -0.00580322
4612751294000, -0.023518313, 0.06352998, -0.0076358155
4612756270000, -0.019547688, 0.056199603, -0.0076358155
4612761289000, -0.015577064, 0.06078109, -0.009162978
4612766285000, -0.013439035, 0.058337633, -0.009468411
4612771251000, -0.01863139, 0.05222898, -0.013133603
4612776303000, -0.02076942, 0.047036625, -0.0106901415
4612781285000, -0.007941248, 0.060170226, -0.009773844
4612786299000, -0.015882496, 0.05589417, -0.014049901
4612791333000, -0.012217305, 0.053145275, -0.013744468
4612796382000, -0.01863139, 0.057726767, -0.008857546
4612801287000, -0.020158553, 0.063224554, -0.008246681
4612806264000, -0.021685716, 0.06078109, -0.007330383
4612811289000, -0.027794369, 0.06841691, -0.009773844
4612816284000, -0.025961773, 0.07544186, -0.010995574
4612821271000, -0.027488936, 0.08307768, -0.004276057
4612826388000, -0.029932396, 0.0852157, -0.005497787
4612831303000, -0.028710667, 0.07788532, -0.016798794
4612836275000, -0.014966198, 0.083383106, -0.0076358155
4612841327000, -0.017104227, 0.08582657, -0.004276057
4612846380000, -0.018325957, 0.083383106, -0.0036651916
4612851287000, -0.0106901415, 0.08277224, -0.01282817
4612856268000, -0.015271631, 0.086437434, -0.002443461
4612861293000, -0.007330383, 0.08552113, -0.0070249503
4612866984000, -0.013744468, 0.0842994, -0.007330383
4612871251000, 0.0018325958, 0.0852157, -0.0018325958
4612876292000, -0.006414085, 0.089186326, -0.0012217305
4612881285000, -0.012217305, 0.09010262, 0.0027488936
4612886294000, -0.01863139, 0.090713486, 3.0543262E-4
4612891288000, -0.01160644, 0.09010262, -0.002443461
4612896293000, -0.017715093, 0.0983493, -0.0027488936
4612901283000, -0.016493361, 0.10323623, -9.162979E-4
4612906268000, -0.022907447, 0.0983493, 0.0021380284
4612911286000, -0.021685716, 0.1133155, -0.0021380284
4612916294000, -0.01038471, 0.106595986, -0.0036651916
4612921261000, -0.013133603, 0.11453723, -0.0070249503
4612926353000, -0.014966198, 0.11789699, -0.0076358155
4612931282000, -0.01038471, 0.11148291, -0.007330383
4612937091000, -0.014660766, 0.10567969, -0.0067195175
4612941316000, -0.0021380284, 0.11148291, -0.011301007
4612946291000, -0.011911872, 0.10476339, -0.0033597588
4612951284000, -0.002443461, 0.1001819, -0.006414085
4612956266000, -0.012217305, 0.09162979, -0.010995574
4612961286000, -0.012217305, 0.08857546, -0.007330383
4612966284000, -0.0030543262, 0.090713486, -0.007941248
4612971275000, -0.008857546, 0.08582657, -0.007941248
4612976347000, 0.002443461, 0.08674286, -0.0021380284
4612981281000, 0.002443461, 0.07666359, -0.011301007
4612986281000, 0.0030543262, 0.07513642, -0.014966198
4612991324000, -0.0015271631, 0.086437434, -0.01740966
4612996290000, -0.004886922, 0.07819075, -0.022296581
4613001287000, -0.0106901415, 0.086132, -0.016798794
4613006867000, -0.013439035, 0.0870483, -0.025350908
4613011294000, -0.007941248, 0.08582657, -0.027488936
4613016286000, -0.009162978, 0.093462385, -0.024129177
4613021260000, -0.016187929, 0.0983493, -0.013744468
4613026311000, -0.023823744, 0.093462385, -0.024740042
4613031291000, -0.01740966, 0.093767814, -0.018936822
4613036287000, -0.022602014, 0.10262536, -0.021991149
4613041308000, -0.021380283, 0.10354166, -0.015577064
4613046291000, -0.033292156, 0.10293079, -0.008857546
4613051281000, -0.027183503, 0.094989546, -0.01160644
4613056279000, -0.01863139, 0.09162979, -0.004276057
4613061273000, -0.027488936, 0.08399397, 0.003970624
4613066286000, -0.03573562, 0.090713486, 0.011911872
4613071287000, -0.043982297, 0.116980694, 0.024740042
4613076631000, -0.049480084, 0.12583824, 0.02107485
4613081307000, -0.04337143, 0.13194689, 0.018936822
4613086324000, -0.053145275, 0.13133603, 0.020158553
4613091302000, -0.06291912, 0.1337795, 0.021685716
4613096290000, -0.06078109, 0.13561209, 0.02107485
4613101285000, -0.07147124, 0.13775012, 0.022907447
4613106264000, -0.07880162, 0.1441642, 0.029321533
4613111289000, -0.087964594, 0.1695151, 0.031154128
4613116283000, -0.10629055, 0.19058995, 0.02687807
4613121257000, -0.1160644, 0.2171626, 0.027183503
4613126357000, -0.13591751, 0.22540927, 0.022602014
4613131306000, -0.14935656, 0.22540927, 0.019242255
4613136306000, -0.15577064, 0.22724187, 0.0070249503
4613141306000, -0.15699236, 0.22937989, -0.0015271631
4613146281000, -0.1591304, 0.24098633, -0.004581489
4613151285000, -0.15577064, 0.24984388, -0.0125227375
4613156270000, -0.13591751, 0.24801129, -0.013744468
4613161289000, -0.108123146, 0.25900686, -0.010079277
4613166280000, -0.1001819, 0.26908615, -0.0036651916
4613171306000, -0.06963864, 0.2828306, -0.0036651916
4613176426000, -0.061086524, 0.3032946, -0.0015271631
4613181354000, -0.052534413, 0.31031954, 0.007330383
4613186279000, -0.038789943, 0.29779682, 0.009162978
4613192162000, -0.03481932, 0.29779682, 9.162979E-4
4613196325000, -0.03359759, 0.28955013, -0.0036651916
4613201285000, -0.031154128, 0.2837469, -0.008857546
4613206276000, -0.027794369, 0.28038713, -0.0070249503
4613211270000, -0.021380283, 0.2602286, -0.008552114
4613216275000, -0.043982297, 0.24373524, -0.004276057
4613221261000, -0.03940081, 0.2415972, 0.0015271631
4613226295000, -0.04886922, 0.23243423, -0.005192355
4613231283000, -0.04428773, 0.23426682, 6.1086525E-4
4613236319000, -0.05222898, 0.2275473, 0.004886922
4613241301000, -0.06414085, 0.21899518, 0.0061086523
4613246290000, -0.06352998, 0.21227567, 0.01863139
4613251285000, -0.07360926, 0.19486602, 0.028405234
4613256270000, -0.069027774, 0.18997909, 0.040927973
4613262056000, -0.064751714, 0.1881465, 0.045814894
4613266290000, -0.056199603, 0.17898351, 0.06078109
4613271264000, -0.0571159, 0.18448131, 0.07086037
4613276330000, -0.03726278, 0.15821409, 0.06872234
4613281284000, -0.01282817, 0.14966199, 0.07574729
4613286307000, 0.0027488936, 0.14263703, 0.087964594
4613291298000, 0.012217305, 0.108123146, 0.10140363
4613296291000, 0.03268129, 0.09865474, 0.100792766
4613301284000, 0.03726278, 0.08124508, 0.10445796
4613306269000, 0.043066, 0.07452556, 0.108123146
4613311281000, 0.05375614, 0.06872234, 0.10140363
4613316282000, 0.06047566, 0.06811147, 0.10598512
4613321241000, 0.06719518, 0.06536258, 0.09896017
4613326295000, 0.0720821, 0.08032878, 0.092240654
4613331819000, 0.069027774, 0.08857546, 0.08674286
4613336313000, 0.06566802, 0.09315695, 0.07788532
4613341333000, 0.0729984, 0.099265605, 0.067500606
4613346289000, 0.057421334, 0.110872045, 0.05375614
4613351269000, 0.04642576, 0.10751228, 0.03970624
4613356268000, 0.034208454, 0.08460484, 0.024129177
4613361249000, 0.016493361, 0.050396383, 0.0012217305
4613366294000, -0.016493361, 0.0015271631, -0.025045475
4613371278000, -0.028710667, -0.025045475, -0.04428773
4613376401000, -0.071776666, -0.06169739, -0.06627888
4613381325000, -0.11484267, -0.0888809, -0.089186326
4613386297000, -0.1469131, -0.118507855, -0.12461651
4613391319000, -0.17928895, -0.11942416, -0.15485434
4613396282000, -0.20708331, -0.13164146, -0.16676621
4613401313000, -0.22204952, -0.13072516, -0.20219639
4613406250000, -0.27091873, -0.13225232, -0.23854288
4613411293000, -0.29565877, -0.12889257, -0.28955013
4613416281000, -0.32253686, -0.113926366, -0.32559118
4613421260000, -0.36285394, -0.116675265, -0.3744604
4613426305000, -0.41172317, -0.109650314, -0.42577308
4613431300000, -0.44532076, -0.098043874, -0.47647488
4613436306000, -0.4877759, -0.08368854, -0.5296202
4613441312000, -0.51251596, -0.06414085, -0.5867361
4613446243000, -0.54153204, -0.044898596, -0.643852
4613451247000, -0.5723807, -0.026572637, -0.713796
4613456502000, -0.6075055, -0.008857546, -0.7855727
4613461301000, -0.62888575, 0.00580322, -0.86315256
4613466623000, -0.66706485, 0.018936822, -0.93370754
4613471347000, -0.6969972, 0.01038471, -1.0067059
4613476289000, -0.7296785, 0.0143553335, -1.0958922
4613481321000, -0.7733554, -0.0030543262, -1.174083
4613486242000, -0.8167268, -0.0067195175, -1.2589933
4613496243000, -0.87995136, -0.090713486, -1.3778065
4613501302000, -0.9285152, -0.14813483, -1.4669929
4613506333000, -0.97249746, -0.22113322, -1.5344934
4613511211000, -1.02717, -0.30268374, -1.6056592
4613516216000, -1.0735956, -0.3820962, -1.6789632
4613521189000, -1.1365148, -0.49571714, -1.7324139
4613526195000, -1.1896601, -0.61208695, -1.7806722
4613531217000, -1.212262, -0.7113526, -1.8255708
4613536213000, -1.244638, -0.8179486, -1.8671097
4613541239000, -1.2476922, -0.91721416, -1.8952094
4613546203000, -1.2611313, -0.98563105, -1.9037615
4613551205000, -1.2855659, -1.0283916, -1.9242256
4613556200000, -1.3374895, -1.0732902, -1.9474384
4613561223000, -1.4266758, -1.0919216, -1.9779817
4613566210000, -1.5121969, -1.0919216, -2.008525
4613571193000, -1.6157386, -1.0177015, -2.0015
4613576214000, -1.7024814, -0.88789266, -1.9926424
4613581208000, -1.7944167, -0.7104363, -2.0039434
4613586512000, -1.8738291, -0.623388, -2.0442605
4613591203000, -1.9037615, -0.46517387, -2.0842721
4613596213000, -1.9361374, -0.29260445, -2.159714
4613601225000, -1.9553796, -0.116675265, -2.2342396
4613606216000, -1.981036, 0.06658431, -2.3011293
4613611232000, -1.9782871, 0.24190263, -2.3374758
4613616240000, -1.949271, 0.3399465, -2.339614
4613621217000, -1.8606955, 0.31978795, -2.300824
4613626267000, -1.7421877, 0.22296582, -2.250122
4613631188000, -1.6218473, 0.10048734, -2.172237
4613636275000, -1.4975362, -0.07849618, -2.0906863
4613641227000, -1.385137, -0.3191771, -1.9859229
4613646245000, -1.271516, -0.59528816, -1.8872682
4613651211000, -1.1753048, -0.84665924, -1.7953329
4613657007000, -1.0235047, -1.0103711, -1.7107282
4613661275000, -0.84665924, -1.0873401, -1.6340646
4613666285000, -0.66737026, -1.1230757, -1.5604553
4613671495000, -0.4877759, -1.1016954, -1.466382
4613676328000, -0.33353242, -1.0784826, -1.3796391
4613681688000, -0.22571471, -1.070236, -1.2797627
4613686298000, -0.14110987, -1.074512, -1.1908818
4613691344000, -0.09987647, -1.0876455, -1.1520919
4613696307000, -0.048258353, -1.1068878, -1.0864239
4613701260000, -0.015577064, -1.0943651, -1.026559
4613706262000, 0.039095376, -1.0604621, -0.9618073
4613711339000, 0.10140363, -1.0057896, -0.89736104
4613716281000, 0.16218472, -0.98868537, -0.82711154
4613721890000, 0.22143865, -0.9746355, -0.7501425
4613726930000, 0.2883284, -0.96791595, -0.64873886
4613731455000, 0.34788775, -0.9645562, -0.5503896
4613736304000, 0.41905355, -0.9621128, -0.4465425
4613741286000, 0.47983465, -0.9773844, -0.34697145
4613746288000, 0.54092115, -0.979217, -0.23579398
4613751261000, 0.6047566, -0.9773844, -0.13744467
4613756258000, 0.68233645, -0.96791595, -0.037873644
4613761255000, 0.745561, -0.95172805, 0.058643065
4613766279000, 0.79534656, -0.95172805, 0.15027285
4613771240000, 0.85154617, -0.95111716, 0.2321288
4613776278000, 0.9275989, -0.9462303, 0.33750305
4613781227000, 0.9828822, -0.956615, 0.42730024
4613786313000, 1.0073168, -0.99021256, 0.47067168
4613791337000, 1.0567969, -0.9950995, 0.5635232
4613796285000, 1.1087204, -0.9859365, 0.63713247
4613801286000, 1.149343, -0.98929626, 0.72295904
4613806261000, 1.1817188, -0.9630291, 0.8246681
4613811293000, 1.2012665, -0.9260717, 0.9034697
4613816283000, 1.2278391, -0.8775079, 0.9761627
4613821292000, 1.2479976, -0.8228355, 1.0601566
4613826301000, 1.2812898, -0.78893244, 1.144456
4613831291000, 1.3026701, -0.7519751, 1.2370021
4613836291000, 1.3219124, -0.68936145, 1.3191634
4613841322000, 1.3411547, -0.58032197, 1.3982705
4613846285000, 1.3652838, -0.47036624, 1.4902058
4613851285000, 1.4043792, -0.35888332, 1.5873333
4613856237000, 1.4468343, -0.25289822, 1.6869044
4613861346000, 1.4792101, -0.12705997, 1.7938058
4613866253000, 1.4944818, 0.008857546, 1.885741
4613871658000, 1.4978416, 0.13408493, 1.964848
4613876348000, 1.4782939, 0.24953845, 2.0152445
4613881864000, 1.4602734, 0.33078352, 2.0363193
4613886333000, 1.4337007, 0.36682457, 2.0357084
4613891319000, 1.4092661, 0.42577308, 2.0073032
4613896276000, 1.3475688, 0.45814893, 1.9303342
4613901330000, 1.258077, 0.4718934, 1.8099937
4613906290000, 1.1297953, 0.45906523, 1.6581937
4613911958000, 0.9630291, 0.45845437, 1.4630222
4613916283000, 0.7678576, 0.45234573, 1.2293663
4613921243000, 0.54519725, 0.45204028, 0.9611965
4613926373000, 0.36254853, 0.47158796, 0.68539083
4613931279000, 0.21502456, 0.5552765, 0.4251622
4613936316000, 0.118507855, 0.66156703, 0.2012801
4613941340000, 0.06261369, 0.8014552, -0.009468411
4613946282000, 0.021380283, 0.94134337, -0.18387043
4613951285000, -3.0543262E-4, 1.0479393, -0.32345316
4613956259000, -0.023823744, 1.102001, -0.39370266
4613961290000, -0.055283304, 1.0647382, -0.42913285
4613966281000, -0.0852157, 0.93126404, -0.42424592
4613971268000, -0.12705997, 0.7495316, -0.37812558
4613976299000, -0.14782938, 0.5748242, -0.27977628
4613982090000, -0.1432479, 0.45448375, -0.12003502
4613986314000, -0.14172074, 0.4025602, -0.030543262
4613991310000, -0.14385876, 0.2761111, 0.13805555
4613996286000, -0.124311075, 0.053450707, 0.27397305
4614001286000, -0.06291912, -0.28221974, 0.36193767
4614006236000, -0.026267206, -0.6414085, 0.39522982
4614011300000, -0.071776666, -0.9578367, 0.34269542
4614016214000, -0.23823744, -1.2165382, 0.24617869
4614021271000, -0.48716503, -1.4101825, 0.105374254
4614026289000, -0.6930266, -1.4874569, -0.04062254
4614031292000, -0.7825184, -1.4263704, -0.2125811
4614036334000, -0.6808093, -1.2476922, -0.39736784
4614041298000, -0.46089783, -0.98715824, -0.5006041
4614046221000, -0.21777347, -0.6783658, -0.5305365
4614051242000, 0.008246681, -0.43218717, -0.5552765
4614056239000, 0.1554652, -0.30451632, -0.56505036
4614061302000, 0.21471913, -0.23823744, -0.5546656
4614066267000, 0.20250183, -0.21105394, -0.5143485
4614071345000, 0.10842858, -0.16890424, -0.4474588
4614076295000, -0.06169739, -0.14630222, -0.36560285
4614081290000, -0.3115413, -0.07086037, -0.33444872
4614086283000, -0.44532076, -0.092240654, -0.28771752
4614091296000, -0.7370089, -0.3295618, -0.26725355
4614096284000, -1.0461067, -0.56382865, -0.2556471
4614101285000, -1.2788464, -0.62858033, -0.23518312
4614106312000, -1.4239268, -0.5207626, -0.22724187
4614111302000, -1.4828753, -0.28008172, -0.23518312
4614116341000, -1.4272866, -0.010995574, -0.26389378
4614121408000, -1.1759156, 0.19730948, -0.31795537
4614126343000, -0.7733554, 0.41447207, -0.38148534
4614131314000, -0.3594942, 0.7452556, -0.4437936
4614136341000, -0.069027774, 1.0882565, -0.4709771
4614141356000, 0.09865474, 1.2556335, -0.47708577
4614146341000, 0.2284636, 1.2003502, -0.44593164
4614151318000, 0.33475417, 1.0253373, -0.41447207
4614156270000, 0.40622538, 0.88086766, -0.3827071
4614161298000, 0.43554693, 0.70463306, -0.36254853
4614166282000, 0.3933972, 0.43096542, -0.40622538
4614171287000, 0.33169982, 0.36193767, -0.49388456
4614176317000, 0.31887165, 0.3857614, -0.52015173
4614181287000, 0.32436943, 0.45356745, -0.52839845
4614186889000, 0.30970868, 0.50793445, -0.57787853
4614191316000, 0.26419923, 0.5140431, -0.6072
4614196290000, 0.23365596, 0.54611355, -0.6747007
4614201267000, 0.17989981, 0.70616025, -0.754724
4614206257000, 0.115453534, 0.9960158, -0.8396343
4614211261000, 0.026572637, 1.314582, -0.93126404
4614216286000, -0.1020145, 1.5158621, -1.006095
4614221237000, -0.23640485, 1.5711454, -1.058324
4614226294000, -0.3735441, 1.5161675, -1.0848967
4614231218000, -0.5366451, 1.3677273, -1.0705414
4614237084000, -0.72295904, 1.0906999, -1.0228939
4614241335000, -0.9083566, 0.74372846, -0.9593639
4614246286000, -1.0216721, 0.46303585, -0.8729264
4614251381000, -1.056186, 0.36468655, -0.7629707
4614256258000, -1.063211, 0.43768495, -0.657291
4614261263000, -1.058324, 0.6151413, -0.5375614
4614266283000, -1.0341948, 0.8671232, -0.42210788
4614271268000, -0.9957104, 0.977079, -0.32589662
4614276341000, -0.9077458, 1.1594223, -0.28924468
4614281251000, -0.86590147, 1.2889256, -0.22479841
4614286308000, -0.79473567, 1.3658947, -0.17073683
4614291313000, -0.70432764, 1.4056009, -0.15668693
4614296283000, -0.65576386, 1.4184291, -0.15882497
4614301286000, -0.63407815, 1.412015, -0.18387043
4614307025000, -0.65301496, 1.428203, -0.22418754
4614311296000, -0.66431594, 1.4718798, -0.27916542
4614316279000, -0.6713409, 1.466382, -0.34972036
4614321268000, -0.65118235, 1.3921618, -0.41080686
4614326336000, -0.6261369, 1.2996159, -0.45814893
4614331289000, -0.59773165, 1.1768318, -0.49418998
4614336376000, -0.56046885, 1.0635164, -0.52564955
4614341296000, -0.5329799, 0.9221011, -0.5384777
4614346285000, -0.50335294, 0.7623598, -0.5375614
4614351285000, -0.4654793, 0.589485, -0.5320636
4614356229000, -0.43401974, 0.44532076, -0.5296202
4614361292000, -0.42852196, 0.28893927, -0.52503866
4614366231000, -0.3924809, 0.105374254, -0.52534413
4614371267000, -0.36163223, 0.009468411, -0.52412236
4614376994000, -0.36193767, -0.23701571, -0.52198434
4614381286000, -0.3371976, -0.2996294, -0.50915617
4614386433000, -0.34208453, -0.37965274, -0.49571714
4614391307000, -0.35430184, -0.40042216, -0.46303585
4614396263000, -0.3747658, -0.39278635, -0.41172317
4614401286000, -0.37873647, -0.33628133, -0.36285394
4614406283000, -0.3811799, -0.267559, -0.29810223
4614411292000, -0.37843102, -0.18295415, -0.23182335
4614416215000, -0.38515055, -0.07880162, -0.17287487
4614421265000, -0.3921755, 0.014966198, -0.11759156
4614426331000, -0.42332962, 0.094989546, -0.080634214
4614431269000, -0.43554693, 0.15821409, -0.05955936
4614436221000, -0.4541783, 0.19150625, -0.05955936
4614441337000, -0.47342056, 0.19975294, -0.08307768
4614446465000, -0.50640726, 0.172264, -0.10903945
4614451243000, -0.52778757, 0.1600467, -0.1469131
4614456303000, -0.54092115, 0.1554652, -0.18387043
4614461299000, -0.54428095, 0.14172074, -0.22510384
4614466294000, -0.5662721, 0.124311075, -0.2593123
4614471292000, -0.5681047, 0.10903945, -0.27885997
4614476306000, -0.5671884, 0.09101892, -0.30818152
4614481304000, -0.59131753, 0.090713486, -0.3381139
4614486307000, -0.6206391, 0.11301007, -0.36468655
4614496307000, -0.6927212, 0.19486602, -0.39095375
4614501335000, -0.7119634, 0.2828306, -0.39767328
4614506201000, -0.7296785, 0.43218717, -0.4156938
4614511193000, -0.763887, 0.55741453, -0.43279803
4614516206000, -0.7458665, 0.64812803, -0.4569272
4614521195000, -0.7431176, 0.69027776, -0.47403142
4614526210000, -0.7461719, 0.7119634, -0.4868596
4614531202000, -0.7675522, 0.73456544, -0.49449542
4614536201000, -0.8078693, 0.7516697, -0.4868596
4614541230000, -0.8594874, 0.7467828, -0.4831944
4614546203000, -0.9098838, 0.72784597, -0.473726
4614551249000, -0.9388999, 0.72082096, -0.4615087
4614556264000, -0.9388999, 0.7165449, -0.462425
4614561273000, -0.9263771, 0.6774496, -0.47403142
4614566283000, -0.8979719, 0.6618725, -0.48930305
4614571224000, -0.8915578, 0.65393126, -0.4990769
4614576343000, -0.8903361, 0.6392705, -0.5290093
4614581251000, -0.9266826, 0.64568454, -0.5488624
4614586288000, -0.9633345, 0.66523224, -0.5842926
4614591265000, -1.003957, 0.7825184, -0.6423248
4614596895000, -1.0393872, 0.8042041, -0.7079928
4614601295000, -1.1194105, 0.6872234, -0.6985244
4614606266000, -1.1969905, 0.63438356, -0.61941737
4614611268000, -1.2754866, 0.66828656, -0.5366451
4614616279000, -1.3497068, 0.7657196, -0.46395215
4614621232000, -1.3933836, 0.8374963, -0.4083634
4614626337000, -1.4245378, 0.8753699, -0.37690386
4614631361000, -1.4825699, 0.8772025, -0.3622431
4614636316000, -1.5589281, 0.82986045, -0.38056904
4614641247000, -1.6123788, 0.75502944, -0.42943826
4614646303000, -1.6194037, 0.6872234, -0.5027421
4614651308000, -1.5836681, 0.5946773, -0.57726765
4614656254000, -1.570229, 0.4474588, -0.6444628
4614661313000, -1.5580118, 0.35643986, -0.70554936
4614666876000, -1.568702, 0.39736784, -0.7339546
4614671263000, -1.577254, 0.43310347, -0.73426
4614676357000, -1.5769486, 0.45265114, -0.7281514
4614681290000, -1.5561792, 0.4560109, -0.7119634
4614686283000, -1.5259414, 0.43371433, -0.71685034
4614691275000, -1.4865406, 0.36957347, -0.7275405
4614696286000, -1.452943, 0.3109304, -0.75319684
4614701287000, -1.4382823, 0.31856623, -0.7706065
4614706251000, -1.4382823, 0.4071417, -0.763887
4614711293000, -1.459357, 0.48655418, -0.7535023
4614716280000, -1.4996742, 0.52778757, -0.7086037
4614721264000, -1.5454891, 0.50671273, -0.6588182
4614726269000, -1.5787812, 0.4382958, -0.61361414
4614731288000, -1.604743, 0.33536503, -0.57635134
4614736673000, -1.6148223, 0.2275473, -0.5693264
4614741288000, -1.6102408, 0.17715092, -0.58459806
4614746223000, -1.5711454, 0.1853976, -0.59986967
4614751285000, -1.5134187, 0.21471913, -0.623388
4614756227000, -1.4541647, 0.22266038, -0.6444628
4614761295000, -1.389413, 0.22968534, -0.66248333
4614766227000, -1.3347405, 0.24678956, -0.66828656
4614771269000, -1.3005321, 0.25503623, -0.6808093
4614776636000, -1.2596041, 0.22510384, -0.68233645
4614781298000, -1.2473868, 0.27366763, -0.6817256
4614786245000, -1.2699889, 0.22907446, -0.66920286
4614791317000, -1.3332134, 0.09193522, -0.6719518
4614796290000, -1.4391985, 0.05375614, -0.65118235
4614801286000, -1.5790867, 0.019547688, -0.65484756
4614806257000, -1.7198911, -0.02687807, -0.67164636
4614811263000, -1.8344283, -0.0870483, -0.70280045
4614816289000, -1.9608774, -0.18203785, -0.72143185
4614821243000, -2.069917, -0.25778514, -0.72234815
4614826310000, -2.1704042, -0.27855456, -0.72051555
4614831228000, -2.2476788, -0.23151793, -0.68936145
4614836317000, -2.2739458, -0.10995574, -0.6407976
4614841266000, -2.3087652, 0.043676864, -0.5861252
4614846287000, -2.3393085, 0.1255328, -0.5305365
4614851301000, -2.3835962, 0.122478485, -0.5140431
4614856278000, -2.434298, 0.0888809, -0.5152648
4614861261000, -2.4749205, 0.053450707, -0.5500842
4614866289000, -2.4788911, -0.05100725, -0.5684101
4614871269000, -2.436436, -0.14172074, -0.59406644
4614876357000, -2.3848178, -0.22999077, -0.6236934
4614881613000, -2.3109033, -0.28680122, -0.6249151
4614886284000, -2.262034, -0.32711834, -0.6264423
4614891273000, -2.2043073, -0.3631594, -0.62949663
4614896288000, -2.1792617, -0.38637227, -0.63163465
4614901220000, -2.166739, -0.39492437, -0.6432411
4614906256000, -2.173764, -0.40042216, -0.6704246
4614911295000, -2.169488, -0.4025602, -0.69913524
4614916280000, -2.1679606, -0.43585235, -0.7302894
4614921292000, -2.143526, -0.47555858, -0.7516697
4614926305000, -2.1316142, -0.569021, -0.7672467
4614931302000, -2.1355848, -0.61361414, -0.8188649
4614936283000, -2.1200078, -0.53969944, -0.83291477
4614941330000, -2.084883, -0.4868596, -0.8723156
4614946282000, -2.046704, -0.40133846, -0.9147707
4614951285000, -1.9947804, -0.31612277, -0.94897914
4614956258000, -1.949271, -0.27550024, -0.9837985
4614961271000, -1.9474384, -0.20311269, -1.001819
4614966226000, -1.9498819, -0.16584991, -1.029308
4614971300000, -1.9236146, -0.14538592, -1.0476339
4614976258000, -1.8942931, -0.14966199, -1.0531317
4614981291000, -1.8371773, -0.13408493, -1.0580186
4614986214000, -1.7614299, -0.109650314, -1.0650436
4614992012000, -1.707063, -0.08155051, -1.063211
4614996218000, -1.6523905, -0.064751714, -1.0629056
4615001285000, -1.6310102, -0.04428773, -1.0491611
4615006263000, -1.6129897, -0.03176499, -1.0274754
4615011265000, -1.5952746, -0.024740042, -0.98868537
4615016253000, -1.5268577, 0.0061086523, -0.9492846
4615021331000, -1.4330899, 0.07696902, -0.8949176
4615026481000, -1.3060299, 0.1554652, -0.86284715
4615031288000, -1.1688906, 0.2171626, -0.8323039
4615036631000, -1.0571023, 0.27091873, -0.8078693
4615041267000, -0.95539325, 0.2669481, -0.77671516
4615046289000, -0.8756753, 0.23335053, -0.73884153
4615051284000, -0.8179486, 0.19853121, -0.70463306
4615056263000, -0.77488256, 0.18295415, -0.6658431
4615061786000, -0.75686204, 0.12583824, -0.6249151
4615066283000, -0.6759224, 0.11636983, -0.60994893
4615071266000, -0.64568454, 0.09712757, -0.5687156
4615076288000, -0.57543504, 0.0842994, -0.54092115
4615081264000, -0.5155703, 0.067500606, -0.50946164
4615086285000, -0.45112398, 0.08582657, -0.48502702
4615091296000, -0.3903429, 0.12705997, -0.44348818
4615096278000, -0.3481932, 0.15577064, -0.40591997
4615101332000, -0.3145956, 0.18234327, -0.34697145
4615106269000, -0.29810223, 0.2012801, -0.30085114
4615111273000, -0.28955013, 0.20586158, -0.2501493
4615116286000, -0.27366763, 0.22876903, -0.20311269
4615122081000, -0.27458394, 0.26236662, -0.15302174
4615126318000, -0.27366763, 0.31795537, -0.10720685
4615131428000, -0.2779437, 0.4034765, -0.076358154
4615136281000, -0.28252518, 0.4746423, -0.046120327
4615141278000, -0.25809056, 0.5647449, -0.04642576
4615146320000, -0.22021692, 0.643852, -0.049480084
4615151308000, -0.18906279, 0.72387534, -0.05589417
4615156279000, -0.15088372, 0.7556403, -0.06078109
4615161332000, -0.13133603, 0.8188649, -0.07727446
4615166319000, -0.1001819, 0.88697636, -0.09590584
4615171307000, -0.083383106, 0.9596693, -0.118202426
4615176369000, -0.048258353, 1.0836749, -0.14446963
4615181425000, -0.01038471, 1.244638, -0.18478674
4615186315000, 0.044593163, 1.4004086, -0.23671028
4615191343000, 0.09040806, 1.5045611, -0.29046643
4615196304000, 0.081855945, 1.5143349, -0.3359759
4615201323000, 0.013133603, 1.4608842, -0.37782016
4615206301000, -0.10842858, 1.3716979, -0.42332962
4615211339000, -0.25442538, 1.3069462, -0.46395215
4615216314000, -0.39920044, 1.2528846, -0.50793445
4615221289000, -0.5015204, 1.2089024, -0.5653558
4615226280000, -0.5729916, 1.1615603, -0.63346726
4615231386000, -0.64660084, 1.0586295, -0.6914995
4615236214000, -0.74097955, 0.9297369, -0.7360926
4615241349000, -0.84665924, 0.84665924, -0.78954333
4615246222000, -0.9254609, 0.8304713, -0.8481864
4615251310000, -0.95814216, 0.8402451, -0.91446525
4615256672000, -0.9786061, 0.88514376, -0.97524637
4615261413000, -1.0170907, 0.88208944, -0.9941832
4615266292000, -1.0430524, 0.8729264, -1.0372492
4615271280000, -1.0900891, 0.8350528, -1.078788
4615276393000, -1.1417072, 0.81245077, -1.1181889
4615281275000, -1.1869112, 0.81397796, -1.16492
4615286349000, -1.2113458, 0.8350528, -1.1960741
4615291296000, -1.2021828, 0.8170323, -1.2174544
4615296546000, -1.1734722, 0.75136423, -1.2241739
4615301324000, -1.1533136, 0.66798115, -1.2226468
4615306287000, -1.1450669, 0.61086524, -1.2244794
4615311292000, -1.1322387, 0.57696223, -1.2373075
4615316706000, -1.1157454, 0.55924714, -1.2464706
4615321285000, -1.1169671, 0.5002986, -1.2596041
4615326337000, -1.1102476, 0.38637227, -1.2745703
4615331288000, -1.1194105, 0.2602286, -1.2852604
4615336302000, -1.1349876, 0.15057829, -1.3096951
4615341374000, -1.1023064, 0.0888809, -1.3356569
4615346330000, -1.0818423, 0.067500606, -1.3765849
4615351307000, -1.0363328, 0.06841691, -1.4278975
4615356261000, -1.0213667, 0.07788532, -1.4581354
4615361247000, -0.9828822, 0.08277224, -1.5103643
4615366283000, -0.93401295, 0.102319926, -1.5683966
4615371299000, -0.87995136, 0.095294975, -1.6178766
4615376293000, -0.84788096, 0.06383542, -1.6667458
4615381287000, -0.8155051, 0.01985312, -1.7116444
4615386897000, -0.77640975, -0.03634648, -1.7412714
4615391297000, -0.7266242, -0.07666359, -1.7803668
4615396327000, -0.6649268, -0.1282817, -1.8225164
4615401320000, -0.62125, -0.18051068, -1.8689423
4615406259000, -0.5696318, -0.21533, -1.9181169
4615411257000, -0.5354234, -0.25961772, -1.960572
4615416281000, -0.50243664, -0.30634892, -2.0042489
4615421276000, -0.49754974, -0.33750305, -2.0448713
4615426291000, -0.48808134, -0.34880406, -2.0824397
4615431315000, -0.46028697, -0.344528, -2.1273382
4615436313000, -0.4025602, -0.32895094, -2.1725423
4615441319000, -0.3417791, -0.312763, -2.2101104
4615446244000, -0.28038713, -0.30940324, -2.244319
4615451242000, -0.22113322, -0.2947425, -2.2574525
4615456539000, -0.19333886, -0.27091873, -2.3075435
4615461300000, -0.1459968, -0.21288654, -2.325564
4615467531000, -0.118507855, -0.1328632, -2.3600779
4615471284000, -0.07727446, -0.13133603, -2.3628268
4615476286000, -0.063224554, -0.12614368, -2.3515258
4615481269000, -0.055588737, -0.13622294, -2.341141
4615486294000, -0.06261369, -0.14294247, -2.3118196
4615491408000, -0.084910266, -0.110872045, -2.269059
4615496308000, -0.09437868, -0.058643065, -2.2269092
4615511170000, -0.1386664, -0.06780604, -2.1835377
4615516224000, -0.14874569, -0.0888809, -2.1655173
4615521169000, -0.16218472, -0.08979719, -2.1303926
4615526230000, -0.16035213, -0.033292156, -2.096184
4615531150000, -0.15118915, 0.060170226, -2.067168
4615536222000, -0.13897185, 0.1328632, -2.053118
4615541179000, -0.1133155, 0.16065755, -2.044566
4615546214000, -0.06261369, 0.17012598, -2.0393736
4615551175000, -0.040927973, 0.15393804, -2.0280726
4615556231000, -0.021991149, 0.13041973, -2.0131063
4615561268000, -0.0106901415, 0.15760323, -1.9825631
4615566255000, 0.0021380284, 0.17715092, -1.9394971
4615571262000, 0.0067195175, 0.20647246, -1.9089539
4615576264000, 0.008552114, 0.26083946, -1.8829921
4615581267000, 0.004886922, 0.3005457, -1.8524488
4615586256000, 0.016798794, 0.32375857, -1.8185458
4615591258000, 0.029321533, 0.33292156, -1.7843374
4615596267000, 0.035430185, 0.29443705, -1.752267
4615601259000, 0.04520403, 0.23732115, -1.7321084
4615606286000, 0.06078109, 0.14263703, -1.700038
4615611298000, 0.061391957, 0.084910266, -1.6465873
4615616277000, 0.062002823, 0.03726278, -1.6105462
4615621280000, 0.05467244, -6.1086525E-4, -1.5589281
4615626362000, 0.04642576, -0.026267206, -1.50731
4615631262000, 0.029932396, -0.042760566, -1.4416419
4615636285000, 0.023518313, -0.06352998, -1.3750577
4615641742000, 0.007941248, -0.08032878, -1.2993103
4615646287000, 0.0021380284, -0.100792766, -1.2666291
4615651281000, -0.009773844, -0.08735373, -1.1930199
4615656251000, -0.008246681, -0.070554934, -1.1047498
4615661278000, 0.004886922, -0.0580322, -1.0155635
4615666357000, 0.020463986, -0.0729984, -0.9437868
4615671316000, 0.027183503, -0.08277224, -0.8594874
4615676526000, 0.025045475, -0.09254608, -0.7834347
4615681330000, 0.038179077, -0.07238753, -0.70188415
4615686277000, 0.047036625, -0.04886922, -0.63316184
4615691272000, 0.05681047, -0.03023783, -0.5522222
4615696271000, 0.06505715, -0.009773844, -0.464563
4615701284000, 0.07666359, 0.005192355, -0.3726278
4615706313000, 0.07574729, 0.01740966, -0.28955013
4615711966000, 0.07391469, 0.048563786, -0.21197024
4615716365000, 0.055588737, 0.080634214, -0.12980886
4615721285000, 0.0729984, 0.106901415, -0.06261369
4615726351000, 0.09621128, 0.1459968, 6.1086525E-4
4615731282000, 0.124311075, 0.17470746, 0.059864793
4615736286000, 0.16493362, 0.2049453, 0.11636983
4615741281000, 0.20433442, 0.21380283, 0.15821409
4615746294000, 0.21533, 0.26175576, 0.1872302
4615751248000, 0.25289822, 0.2959642, 0.23457226
4615756272000, 0.29871312, 0.31642818, 0.28191432
4615761374000, 0.3381139, 0.3463606, 0.321926
4615766284000, 0.3659083, 0.3622431, 0.36865717
4615771287000, 0.41172317, 0.38331795, 0.4147775
4615776283000, 0.44257188, 0.38973203, 0.45265114
4615781680000, 0.48472157, 0.3817908, 0.49418998
4615786286000, 0.5180137, 0.37568212, 0.52473325
4615791290000, 0.5571091, 0.3726278, 0.54061574
4615796300000, 0.6035349, 0.37720928, 0.5222898
4615801268000, 0.6435465, 0.3866777, 0.5131268
4615806290000, 0.6765333, 0.3921755, 0.49571714
4615811277000, 0.7281514, 0.38423425, 0.46853364
4615816284000, 0.7892379, 0.364992, 0.43982297
4615821277000, 0.8350528, 0.35155296, 0.40622538
4615826328000, 0.906524, 0.3475823, 0.3662137
4615831290000, 0.9761627, 0.34483343, 0.3481932
4615836282000, 1.0500773, 0.3659083, 0.3417791
4615841299000, 1.1236867, 0.3912592, 0.34025195
4615846291000, 1.1682798, 0.4370741, 0.33750305
4615851287000, 1.2425, 0.49632803, 0.34391713
4615856406000, 1.3252722, 0.54519725, 0.36071593
4615861379000, 1.3988814, 0.55955255, 0.3839288
4615866609000, 1.4538593, 0.53023106, 0.38820487
4615871327000, 1.484708, 0.48166725, 0.3735441
4615876289000, 1.5021176, 0.43799037, 0.35094208
4615881318000, 1.5131133, 0.38728857, 0.30634892
4615886219000, 1.5286902, 0.30543262, 0.26939157
4615891335000, 1.5607607, 0.24220806, 0.22449298
4615896269000, 1.5632042, 0.18173242, 0.16218472
4615901285000, 1.5775595, 0.15149458, 0.11911872
4615906275000, 1.582141, 0.14508049, 0.095294975
4615911240000, 1.5494597, 0.14844026, 0.07422013
4615916294000, 1.5286902, 0.15332718, 0.06811147
4615921286000, 1.5082263, 0.14019357, 0.076052725
4615926330000, 1.5015068, 0.112704635, 0.08460484
4615931402000, 1.5054774, 0.063224554, 0.111177474
4615936288000, 1.5183055, 0.05131268, 0.14782938
4615941260000, 1.5457945, 0.0061086523, 0.16187929
4615946301000, 1.5473217, 0.003970624, 0.19394971
4615951285000, 1.5378532, 0.009773844, 0.23823744
4615956282000, 1.5531249, 0.003970624, 0.2742785
4615961265000, 1.5415184, -0.005497787, 0.31429017
4615966854000, 1.496009, -0.026267206, 0.34697145
4615971280000, 1.4376713, -0.040317107, 0.38606682
4615976262000, 1.3460416, -0.06383542, 0.43157628
4615981292000, 1.241889, -0.101098195, 0.46273044
4615986282000, 1.1612549, -0.1255328, 0.4981606
4615991267000, 1.0839803, -0.12217305, 0.52687126
4615996293000, 1.0549643, -0.10751228, 0.56169057
4616001388000, 1.0231993, -0.09468412, 0.5879578
4616006276000, 0.99021256, -0.10629055, 0.6178902
4616011285000, 0.95172805, -0.14049901, 0.6435465
4616016213000, 0.9074403, -0.1863139, 0.66798115
4616021278000, 0.8720101, -0.22479841, 0.68569624
4616026250000, 0.82772243, -0.24495697, 0.70341134
4616031291000, 0.77213365, -0.31490102, 0.6985244
4616036851000, 0.7012733, -0.3811799, 0.69974613
4616041313000, 0.61269784, -0.40011674, 0.70921457
4616046218000, 0.5684101, -0.40194935, 0.7458665
4616051308000, 0.49174652, -0.3436117, 0.77854776
4616056282000, 0.43982297, -0.23976462, 0.806953
4616061297000, 0.38637227, -0.09712757, 0.81306165
4616066265000, 0.32436943, 0.056505036, 0.8045095
4616071264000, 0.25625798, 0.16401732, 0.76083267
4616076330000, 0.16340645, 0.2434298, 0.6814202
4616081295000, 0.05681047, 0.27550024, 0.6056729
4616086266000, -0.052534413, 0.2959642, 0.50426924
4616091290000, -0.1685988, 0.32162055, 0.38331795
4616096274000, -0.29565877, 0.36560285, 0.24709499
4616101325000, -0.41172317, 0.34666604, 0.11728613
4616106407000, -0.49754974, 0.2855795, -0.016493361
4616111265000, -0.55833083, 0.31031954, -0.124005646
4616116550000, -0.56779927, 0.4089743, -0.20341812
4616121264000, -0.52442783, 0.54367006, -0.22632557
4616126615000, -0.40378192, 0.6762278, -0.20799962
4616131270000, -0.25992316, 0.7247916, -0.18509217
4616136267000, -0.12614368, 0.79290307, -0.1704314
4616141286000, -0.06872234, 0.83016586, -0.17195857
4616146219000, -0.013133603, 0.8136725, -0.17837265
4616151283000, -0.01282817, 0.74097955, -0.15974127
4616156252000, -0.0290161, 0.6768387, -0.1142318
4616161296000, -0.059253927, 0.64934975, -0.037873644
4616166218000, -0.06841691, 0.569021, 0.064446285
4616171287000, -0.060170226, 0.39187005, 0.14721853
4616176556000, -0.026267206, 0.2012801, 0.16798794
4616181311000, 0.038789943, 0.084910266, 0.1685988
4616186319000, 0.09590584, 0.06078109, 0.14660765
4616191332000, 0.1518, 0.13897185, 0.13744467
4616196313000, 0.14813483, 0.29016098, 0.1328632
4616201333000, 0.13164146, 0.44532076, 0.12461651
4616206266000, 0.080634214, 0.55771995, 0.11728613
4616211289000, 0.011301007, 0.591623, 0.12370021
4616216285000, -0.051618114, 0.573297, 0.12614368
4616221291000, -0.09468412, 0.52778757, 0.12003502
4616226292000, -0.11789699, 0.48899764, 0.105374254
4616231298000, -0.099571034, 0.49357912, 0.09193522
4616236296000, -0.07513642, 0.49113566, 0.076358154
4616241280000, -0.052534413, 0.48441613, 0.04917465
4616246479000, 3.0543262E-4, 0.49602258, 0.039095376
4616251314000, 0.048563786, 0.5213735, 0.01740966
4616256265000, 0.06658431, 0.5384777, 0.008246681
4616261318000, 0.08368854, 0.56779927, -0.004886922
4616266299000, 0.06963864, 0.60994893, -0.028405234
4616271286000, 0.057726767, 0.634689, -0.044898596
4616276321000, 0.05467244, 0.6429357, -0.054061573
4616281284000, 0.03176499, 0.61911196, -0.054367006
4616286216000, 0.03176499, 0.6035349, -0.04795292
4616292024000, 0.032375857, 0.59650993, -0.044593163
4616296248000, 0.040317107, 0.5888741, -0.03726278
4616301283000, 0.04642576, 0.5766568, -0.034208454
4616306269000, 0.039095376, 0.5543602, -0.011301007
4616311261000, 0.032070424, 0.5158757, 0.004886922
4616316290000, 0.020463986, 0.4728097, 0.039095376
4616321280000, 0.017104227, 0.42088616, 0.05589417
4616326498000, 0.019547688, 0.37323865, 0.081855945
4616331333000, -0.006414085, 0.35277468, 0.109650314
4616336283000, -0.016798794, 0.32375857, 0.124005646
4616341283000, -0.0421497, 0.3100141, 0.14202617
4616346290000, -0.065973446, 0.29657507, 0.17104226
4616351490000, -0.09712757, 0.28924468, 0.19181168
4616356260000, -0.13103059, 0.28496864, 0.21563543
4616361886000, -0.1563815, 0.28588495, 0.21960606
4616366282000, -0.18448131, 0.301462, 0.2321288
4616371268000, -0.22510384, 0.31856623, 0.22266038
4616376276000, -0.23915374, 0.3359759, 0.22540927
4616381281000, -0.26053402, 0.35033122, 0.22204952
4616386280000, -0.28588495, 0.3494149, 0.21868975
4616391319000, -0.29810223, 0.35216382, 0.22021692
4616396287000, -0.29993483, 0.35918877, 0.204029
4616401285000, -0.31764993, 0.33322698, 0.20005837
4616406309000, -0.3155119, 0.31520647, 0.20219639
4616411266000, -0.30879238, 0.2959642, 0.18387043
4616416264000, -0.31215215, 0.26939157, 0.16829337
4616421303000, -0.32589662, 0.21838433, 0.16065755
4616426286000, -0.32528573, 0.19333886, 0.1469131
4616431408000, -0.33108896, 0.13530666, 0.13469578
4616436283000, -0.3368922, 0.08093964, 0.12889257
4616441301000, -0.3381139, 0.04337143, 0.11148291
4616446289000, -0.34391713, 0.016493361, 0.09437868
4616451274000, -0.32803464, 0.016493361, 0.07971791
4616456235000, -0.3051272, 0.019242255, 0.07696902
4616461307000, -0.2843578, 0.023518313, 0.062002823
4616466226000, -0.2733622, 0.026267206, 0.051923547
4616471300000, -0.2507602, 0.03573562, 0.045814894
4616476234000, -0.23060162, 0.03604105, 0.036651913
4616481313000, -0.19425514, 0.022602014, 0.031154128
4616486235000, -0.19822577, 0.010079277, 0.023823744
4616491314000, -0.17470746, -0.0033597588, 0.014966198
4616496282000, -0.16279559, -0.026267206, 0.0070249503
4616501415000, -0.14049901, -0.046731193, -0.0030543262
4616506314000, -0.12614368, -0.070249505, -0.014966198
4616511318000, -0.1160644, -0.09193522, -0.021380283
4616516361000, -0.11056661, -0.11759156, -0.033292156
4616521297000, -0.09743301, -0.13103059, -0.040317107
4616526285000, -0.086437434, -0.14538592, -0.048258353
4616531258000, -0.07941248, -0.15210545, -0.048258353
4616536286000, -0.076052725, -0.15485434, -0.050396383
4616541329000, -0.07238753, -0.15027285, -0.05009095
4616546252000, -0.070554934, -0.14019357, -0.056505036
4616551306000, -0.06688975, -0.12767084, -0.051923547
4616556311000, -0.06811147, -0.13622294, -0.05009095
4616561301000, -0.07147124, -0.14019357, -0.04886922
4616566312000, -0.0870483, -0.14966199, -0.05131268
4616571278000, -0.07941248, -0.1563815, -0.052534413
4616576290000, -0.0870483, -0.18692477, -0.052534413
4616581292000, -0.099265605, -0.22388211, -0.05100725
4616586282000, -0.09621128, -0.25503623, -0.058643065
4616591318000, -0.10567969, -0.2864958, -0.059253927
4616596292000, -0.09712757, -0.30115658, -0.06872234
4616601281000, -0.09712757, -0.30085114, -0.07727446
4616606274000, -0.10262536, -0.30848694, -0.08124508
4616611275000, -0.095294975, -0.3115413, -0.087964594
4616616970000, -0.08002335, -0.30818152, -0.093767814
4616621263000, -0.06627888, -0.31245756, -0.0983493
4616626294000, -0.059253927, -0.3200934, -0.102319926
4616631237000, -0.05222898, -0.30757064, -0.09773844
4616636284000, -0.047036625, -0.30879238, -0.089491755
4616641270000, -0.02565634, -0.30879238, -0.08735373
4616646291000, -0.02687807, -0.30604348, -0.082161374
4616651303000, -0.015577064, -0.3005457, -0.06627888
4616656294000, -0.0106901415, -0.27916542, -0.061086524
4616661285000, -0.0033597588, -0.2666427, -0.05955936
4616666294000, -0.011301007, -0.25289822, -0.04428773
4616671271000, -9.162979E-4, -0.23335053, -0.03145956
4616676308000, 3.0543262E-4, -0.21899518, -0.022296581
4616681282000, 0.01038471, -0.204029, -0.01985312
4616686989000, 0.017715093, -0.19975294, -0.02321288
4616691251000, 0.022602014, -0.20280726, -0.022296581
4616696311000, 0.02443461, -0.20433442, -0.02565634
4616701279000, 0.022907447, -0.20861048, -0.032070424
4616706270000, 0.028099801, -0.2125811, -0.029626964
4616712330000, 0.025961773, -0.2171626, -0.03481932
4616716283000, 0.014049901, -0.2302962, -0.036651913
4616721366000, 0.01282817, -0.22693644, -0.037873644
4616726288000, 0.013439035, -0.22296582, -0.04184427
4616731299000, 0.018936822, -0.226631, -0.046120327
4616736283000, 0.010079277, -0.22113322, -0.04428773
4616741291000, 3.0543262E-4, -0.19761491, -0.05222898
4616746316000, 0.002443461, -0.18784106, -0.05467244
4616751285000, 0.011301007, -0.1777618, -0.058337633
4616756813000, -0.0027488936, -0.17867808, -0.056505036
4616761298000, -0.0070249503, -0.19150625, -0.047036625
4616766280000, -0.01863139, -0.2049453, -0.039095376
4616771322000, -0.021380283, -0.22113322, -0.028099801
4616776311000, -0.032986723, -0.22876903, -0.027183503
4616781287000, -0.032070424, -0.23854288, -0.03023783
4616786283000, -0.03145956, -0.24831672, -0.027794369
4616791309000, -0.04337143, -0.25961772, -0.03176499
4616796285000, -0.03940081, -0.267559, -0.021685716
4616801285000, -0.033292156, -0.2657264, -0.025961773
4616806264000, -0.04062254, -0.25503623, -0.014660766
4616811292000, -0.036957346, -0.258396, -0.0015271631
4616816217000, -0.032375857, -0.24862215, 0.0067195175
4616821268000, -0.032986723, -0.24404067, 0.0030543262
4616826689000, -0.03848451, -0.22999077, 0.016187929
4616831300000, -0.034208454, -0.22357668, 0.0143553335
4616836251000, -0.034208454, -0.20708331, 0.015271631
4616841293000, -0.030543262, -0.18600847, 0.01985312
4616846225000, -0.03604105, -0.16737708, 0.019547688
4616851286000, -0.052534413, -0.15149458, 0.016187929
4616856282000, -0.048258353, -0.13958271, 0.022296581
4616861303000, -0.05375614, -0.12980886, 0.01985312
4616866284000, -0.058337633, -0.122783914, 0.019547688
4616871300000, -0.04886922, -0.11728613, 0.024129177
4616876343000, -0.06047566, -0.10995574, 0.013744468
4616881285000, -0.06078109, -0.10476339, 0.018325957
4616886284000, -0.05131268, -0.108123146, 0.004886922
4616891278000, -0.05222898, -0.087659165, 0.008246681
4616896297000, -0.046731193, -0.08674286, 0.006414085
4616901279000, -0.033292156, -0.07819075, 0.0070249503
4616906266000, -0.04153884, -0.0729984, -0.0033597588
4616911271000, -0.02443461, -0.04917465, -0.0036651916
4616916282000, -0.02443461, -0.043066, -0.01160644
4616921277000, -0.0076358155, -0.036957346, -0.009773844
4616926291000, -3.0543262E-4, -0.024740042, -0.009162978
4616931287000, -0.0015271631, -0.010079277, -0.003970624
4616936306000, 0.010995574, -0.0076358155, -9.162979E-4
4616941312000, 0.009468411, 0.0030543262, 3.0543262E-4
4616946257000, 0.007330383, 0.015882496, 0.0015271631
4616951287000, 0.010995574, 0.03359759, -0.0015271631
4616956265000, 0.010995574, 0.049785517, -9.162979E-4
4616961268000, 0.007941248, 0.051618114, -9.162979E-4
4616966287000, 9.162979E-4, 0.058643065, 0.0012217305
4616971292000, -0.0106901415, 0.0720821, 0.004886922
4616976367000, -0.0036651916, 0.08155051, 0.006414085
4616981353000, -0.0027488936, 0.09285152, 0.0021380284
4616986283000, -0.014966198, 0.10751228, 0.0067195175
4616991269000, -0.017715093, 0.10629055, 0.016187929
4616996292000, -0.020158553, 0.11911872, 0.021991149
4617001273000, -0.027183503, 0.129198, 0.026267206
4617006264000, -0.025961773, 0.12980886, 0.0290161
4617011777000, -0.027183503, 0.12217305, 0.032986723
4617016281000, -0.02107485, 0.12217305, 0.027488936
4617021662000, -0.02687807, 0.12308934, 0.036651913
4617026310000, -0.03023783, 0.13164146, 0.034208454
4617031219000, -0.030848695, 0.12797627, 0.032375857
4617036307000, -0.047036625, 0.118507855, 0.042455133
4617041255000, -0.04428773, 0.116675265, 0.035430185
4617046323000, -0.04795292, 0.124005646, 0.041233405
4617051286000, -0.038789943, 0.12339478, 0.041233405
4617056316000, -0.049480084, 0.116675265, 0.040317107
4617061295000, -0.05131268, 0.11728613, 0.052839845
4617066273000, -0.05589417, 0.1160644, 0.04337143
4617071271000, -0.058643065, 0.116675265, 0.050701816
4617076663000, -0.067500606, 0.11209377, 0.056199603
4617081885000, -0.061086524, 0.09987647, 0.06078109
4617086237000, -0.06169739, 0.09865474, 0.05467244
4617091281000, -0.06261369, 0.0888809, 0.05681047
4617096224000, -0.052534413, 0.089186326, 0.058337633
4617101282000, -0.06261369, 0.0870483, 0.054061573
4617106279000, -0.062002823, 0.09407325, 0.05589417
4617111372000, -0.0693332, 0.087659165, 0.05375614
4617116301000, -0.0580322, 0.087659165, 0.051923547
4617121275000, -0.059253927, 0.081855945, 0.0571159
4617126431000, -0.06383542, 0.084910266, 0.05375614
4617131359000, -0.05467244, 0.074830994, 0.05131268
4617136281000, -0.064751714, 0.077579886, 0.051618114
4617141275000, -0.056505036, 0.06505715, 0.051923547
4617146291000, -0.058337633, 0.06291912, 0.05222898
4617151235000, -0.058643065, 0.0580322, 0.045814894
4617156265000, -0.06078109, 0.061086524, 0.04428773
4617161277000, -0.0580322, 0.046731193, 0.048258353
4617166284000, -0.0571159, 0.03848451, 0.045814894
4617171287000, -0.0571159, 0.025045475, 0.05100725
4617176369000, -0.0580322, 0.028710667, 0.04153884
4617181246000, -0.053145275, 0.023823744, 0.04550946
4617186287000, -0.03970624, 0.023823744, 0.044593163
4617191278000, -0.038789943, 0.023518313, 0.044898596
4617196289000, -0.043066, 0.016798794, 0.03481932
4617201300000, -0.035124753, 0.01160644, 0.038789943
4617206267000, -0.034513887, 0.0125227375, 0.033292156
4617211426000, -0.03145956, 0.018325957, 0.03604105
4617216281000, -0.02565634, 0.01863139, 0.03481932
4617221290000, -0.03145956, 0.011911872, 0.03176499
4617226316000, -0.01985312, 0.023823744, 0.025350908
4617231268000, -0.019547688, 0.019547688, 0.03359759
4617236317000, -0.028710667, 0.022296581, 0.033292156
4617241291000, -0.025350908, 0.026267206, 0.026572637
4617246291000, -0.015882496, 0.022602014, 0.028099801
4617251282000, -0.02321288, 0.034208454, 0.02107485
4617256224000, -0.02565634, 0.023823744, 0.019242255
4617261292000, -0.019547688, 0.025961773, 0.01038471
4617266255000, -0.014049901, 0.024740042, 0.011301007
4617271282000, -0.015882496, 0.02107485, 0.008857546
4617276279000, -0.010079277, 0.019242255, 0.008857546
4617281290000, -0.020463986, 0.01863139, 0.0125227375
4617286215000, -0.019242255, 0.0018325958, 0.006414085
4617291300000, -0.021991149, 3.0543262E-4, 0.007941248
4617296291000, -0.014049901, 0.004581489, 0.005497787
4617301351000, -0.013133603, 0.0036651916, 0.006414085
4617306262000, -0.01740966, -0.002443461, 0.009162978
4617311295000, -0.021685716, 9.162979E-4, 0.0076358155
4617316283000, -0.020158553, 0.004581489, 0.009468411
4617321280000, -0.020158553, -0.0106901415, 0.0015271631
4617326314000, -0.0106901415, -0.019547688, 0.010995574
4617331286000, -0.025045475, -0.025350908, 0.007941248
4617336832000, -0.021685716, -0.023518313, 0.0033597588
4617341267000, -0.021991149, -0.018936822, -0.004886922
4617346287000, -0.021685716, -0.011911872, -9.162979E-4
4617351284000, -0.021685716, -0.019547688, -0.003970624
4617356294000, -0.021380283, -0.016798794, -0.0030543262
4617361284000, -0.009773844, -0.017104227, 6.1086525E-4
4617366303000, -0.015882496, -0.0030543262, -0.006414085
4617371349000, -0.01863139, -0.009773844, -0.005192355
4617376265000, -0.025045475, -0.021380283, -0.0030543262
4617381275000, -0.01985312, -0.022602014, -0.0027488936
4617386245000, -0.013439035, -0.014049901, 6.1086525E-4
4617391336000, -0.007941248, -0.02076942, -0.0033597588
4617396258000, -0.014966198, -0.025961773, -0.0015271631
4617401320000, -0.008552114, -0.02443461, -0.00580322
4617406214000, -0.008246681, -0.021991149, -0.005497787
4617411303000, -0.009162978, -0.029626964, -0.003970624
4617416230000, -0.010079277, -0.031154128, 9.162979E-4
4617421219000, -0.007330383, -0.036957346, 0.0061086523
4617426246000, 0.0036651916, -0.043676864, 9.162979E-4
4617431409000, -0.004581489, -0.03940081, -9.162979E-4
4617436210000, -0.005497787, -0.0421497, -0.00580322
4617441203000, -0.009162978, -0.03604105, -0.004276057
4617446205000, -0.00580322, -0.037873644, 0.013744468
4617451203000, 0.0070249503, -0.042760566, 0.005497787
4617456189000, 0.0030543262, -0.035430185, 0.0067195175
4617461178000, 0.01038471, -0.034208454, 0.0061086523
4617466222000, 0.008246681, -0.039095376, 0.006414085
4617471221000, 0.0021380284, -0.03634648, 0.0027488936
4617476265000, 0.0021380284, -0.030848695, 0.0033597588
4617481211000, 0.0018325958, -0.034513887, 0.003970624
4617486198000, 0.0033597588, -0.030543262, -0.009162978
4617491216000, -0.006414085, -0.04337143, -0.0015271631
4617496200000, -9.162979E-4, -0.030848695, -0.003970624
4617501387000, 0.0061086523, -0.0290161, -0.008857546
4617506233000, 0.007330383, -0.029932396, -0.00580322
4617511222000, 0.0125227375, -0.030848695, -0.004581489
4617516263000, 0.0106901415, -0.03390302, -6.1086525E-4
4617521246000, 0.02107485, -0.03390302, -0.009773844
4617526306000, 0.024129177, -0.029321533, -0.004581489
4617531259000, 0.017104227, -0.028710667, -0.004581489
4617536276000, 0.016798794, -0.034208454, -0.01160644
4617541248000, 0.02076942, -0.022907447, -0.009773844
4617546264000, 0.020463986, -0.0076358155, -0.004581489
4617551262000, 0.022296581, -0.007330383, -0.009162978
4617556254000, 0.01863139, -0.0030543262, -0.0067195175
4617561297000, 0.019242255, -0.003970624, -0.01038471
4617566280000, 0.0067195175, 0.011911872, -0.0125227375
4617571273000, 0.0067195175, 0.012217305, -0.013439035
4617576331000, 0.0030543262, 0.013439035, -0.013744468
4617581318000, -0.008552114, 0.005192355, -0.0030543262
4617586219000, 0.003970624, 0.010079277, -0.005192355
4617591292000, -0.0033597588, 0.016798794, -0.010995574
4617596218000, -0.003970624, 0.010079277, -0.007941248
4617601279000, 0.0067195175, 0.011911872, -0.004276057
4617606238000, 0.0067195175, 0.013744468, -0.0012217305
4617611299000, 0.0018325958, 0.030543262, -0.0015271631
4617616239000, -0.022907447, 0.026572637, 0.0030543262
4617621288000, -0.010995574, 0.01985312, 0.0015271631
4617626354000, -0.012217305, 0.0125227375, -0.002443461
4617631335000, -0.013744468, 0.021380283, 0.0036651916
4617636468000, -0.018020526, 0.014660766, 0.005192355
4617641287000, -0.016493361, 0.025350908, 0.0143553335
4617647081000, -0.02565634, 0.014049901, 0.018020526
4617651283000, -0.026267206, 0.016493361, 0.0143553335
4617656264000, -0.025350908, 0.025350908, 0.01985312
4617661319000, -0.031154128, 0.029321533, 0.0143553335
4617666218000, -0.032375857, 0.028405234, 0.01863139
4617671272000, -0.030848695, 0.024129177, 0.014660766
4617676287000, -0.029626964, 0.029626964, 0.018936822
4617681349000, -0.023518313, 0.027183503, 0.015577064
4617686290000, -0.021380283, 0.041233405, 0.021685716
4617691310000, -0.028405234, 0.044898596, 0.022296581
4617696290000, -0.02443461, 0.04062254, 0.020158553
4617701282000, -0.025961773, 0.04153884, 0.016187929
4617706259000, -0.020463986, 0.030848695, 0.01985312
4617711295000, -0.018325957, 0.028405234, 0.021991149
4617716272000, -0.02076942, 0.01740966, 0.017715093
4617721267000, -0.025961773, 0.01740966, 0.019547688
4617726315000, -0.024740042, 0.023518313, 0.0143553335
4617731285000, -0.025350908, 0.021991149, 0.010995574
4617736279000, -0.03268129, 0.008857546, 0.014966198
4617741286000, -0.021380283, 0.0076358155, 0.008246681
4617746291000, -0.027794369, 0.0030543262, 0.01863139
4617751269000, -0.02443461, 0.0076358155, 0.009773844
4617756259000, -0.016798794, 0.0061086523, 0.011911872
4617761243000, -0.02107485, -0.00580322, 0.0125227375
4617766281000, -0.018020526, 0.005192355, 0.010995574
4617771268000, -0.011911872, 0.002443461, 0.01160644
4617776302000, -0.011301007, 0.005497787, 0.008857546
4617781337000, -0.018325957, 0.0018325958, 0.007330383
4617786281000, -0.0143553335, 3.0543262E-4, 0.0106901415
4617791284000, -0.013744468, 9.162979E-4, 0.0021380284
4617796292000, -0.01160644, 9.162979E-4, 0.00580322
4617801333000, 0.0012217305, 0.0027488936, 0.011911872
4617806264000, 0.0012217305, -0.004886922, 0.0015271631
4617811595000, -3.0543262E-4, 0.0030543262, 0.0015271631
4617816285000, -0.0036651916, -0.009162978, 0.014049901
4617821273000, 0.002443461, -0.0061086523, 0.003970624
4617826311000, 0.004886922, 6.1086525E-4, -0.0015271631
4617831224000, 0.005192355, -0.0106901415, 0.0027488936
4617836282000, 0.017715093, -0.003970624, 0.004276057
4617841285000, 0.019242255, -0.004886922, -0.0018325958
4617846282000, 0.0076358155, -0.008246681, -0.0018325958
4617851283000, 0.018020526, -0.022602014, -0.0033597588
4617856227000, 0.018020526, -0.013439035, -9.162979E-4
4617861331000, 0.024740042, -0.01282817, -0.014049901
4617866240000, 0.02687807, -0.02076942, -0.016187929
4617871259000, 0.029932396, -0.027794369, -0.017104227
4617876258000, 0.03145956, -0.0290161, -0.021685716
4617881261000, 0.04153884, -0.029626964, -0.018936822
4617886282000, 0.0421497, -0.028710667, -0.018325957
4617891277000, 0.042760566, -0.026267206, -0.023518313
4617896279000, 0.03023783, -0.029932396, -0.022907447
4617901284000, 0.032986723, -0.026572637, -0.025961773
4617906263000, 0.041233405, -0.026267206, -0.024740042
4617911295000, 0.03359759, -0.03145956, -0.01985312
4617916281000, 0.033292156, -0.029321533, -0.02687807
4617921268000, 0.033292156, -0.029321533, -0.024740042
4617926377000, 0.038179077, -0.029932396, -0.027183503
4617931294000, 0.023518313, -0.021991149, -0.014049901
4617936315000, 0.024740042, -0.018325957, -0.01863139
4617941275000, 0.018936822, -0.02076942, -0.025961773
4617946290000, 0.031154128, -0.02443461, -0.024740042
4617951279000, 0.01985312, -0.02076942, -0.016493361
4617956296000, 0.015271631, -0.01863139, -0.020463986
4617961232000, 0.016187929, -0.024740042, -0.02321288
4617966318000, 0.014966198, -0.0290161, -0.025045475
4617971275000, 0.0070249503, -0.024129177, -0.019242255
4617976299000, 0.003970624, -0.025045475, -0.03023783
4617981552000, 0.0027488936, -0.022296581, -0.020158553
4617986280000, 9.162979E-4, -0.030543262, -0.01985312
4617991291000, -0.007941248, -0.018020526, -0.025045475
4617996242000, -0.0106901415, -0.010079277, -0.022602014
4618001286000, -0.0061086523, -0.024129177, -0.023518313
4618006226000, -0.007330383, -0.029321533, -0.02076942
4618011292000, -0.013744468, -0.028405234, -0.0143553335
4618016209000, -0.008552114, -0.024129177, -0.0033597588
4618021275000, -0.015271631, -0.021380283, -0.0015271631
4618026283000, -0.028405234, -0.017104227, -0.0018325958
4618031305000, -0.025350908, -0.019242255, 0.008246681
4618036285000, -0.02687807, -0.0143553335, 0.004276057
4618041324000, -0.035430185, -0.021991149, 0.0033597588
4618046255000, -0.034513887, -0.013744468, 0.007330383
4618051285000, -0.036957346, -0.0033597588, 0.00580322
4618056300000, -0.031154128, -3.0543262E-4, 0.015271631
4618061317000, -0.031154128, 0.002443461, 0.015271631
4618066377000, -0.0290161, 0.0030543262, 0.018936822
4618071266000, -0.03023783, 0.0012217305, 0.015271631
4618076271000, -0.030848695, -0.0015271631, 0.017715093
4618081329000, -0.033292156, -0.003970624, 0.01863139
4618086255000, -0.032070424, 0.00580322, 0.021991149
4618091288000, -0.033292156, 0.013133603, 0.025045475
4618096293000, -0.036957346, 0.011301007, 0.02321288
4618101286000, -0.03023783, 0.013133603, 0.016493361
4618106259000, -0.032375857, 0.010995574, 0.022907447
4618111243000, -0.038789943, 0.018020526, 0.025045475
4618116281000, -0.03268129, 0.021991149, 0.020463986
4618121270000, -0.023823744, 0.020158553, 0.022296581
4618126316000, -0.027794369, 0.02076942, 0.0290161
4618131341000, -0.03481932, 0.01985312, 0.023518313
4618136282000, -0.030848695, 0.016798794, 0.027488936
4618141364000, -0.03268129, 0.02076942, 0.023823744
4618146285000, -0.02443461, 0.018020526, 0.025350908
4618151636000, -0.036957346, 0.017104227, 0.024129177
4618156260000, -0.032375857, 0.01985312, 0.019547688
4618161228000, -0.0290161, 0.024740042, 0.021380283
4618166279000, -0.032375857, 0.016493361, 0.02076942
4618171261000, -0.02107485, 0.01160644, 0.020158553
4618176322000, -0.026267206, 0.016798794, 0.019242255
4618181273000, -0.023518313, 0.0125227375, 0.010995574
4618186276000, -0.016493361, 0.02107485, 0.018020526
4618191292000, -0.01282817, 0.021991149, 0.01863139
4618196281000, -0.014660766, 0.025045475, 0.01863139
4618201283000, -0.02443461, 0.028099801, 0.013744468
4618206267000, -0.025045475, 0.025350908, 0.009773844
4618211274000, -0.020158553, 0.016187929, 0.016798794
4618216279000, -0.023823744, 0.020463986, 0.012217305
4618221267000, -0.018936822, 0.01863139, 0.012217305
4618226388000, -0.014049901, 0.014660766, 0.0021380284
4618231321000, -0.010995574, 0.011301007, 0.004276057
4618236311000, -0.019547688, 0.0067195175, 0.008857546
4618241287000, -0.02107485, 0.009773844, 0.01038471
4618246281000, -0.018020526, 0.01160644, 0.008857546
4618251282000, -0.015271631, 0.0061086523, 0.01160644
4618256246000, -0.020158553, 0.006414085, 0.008246681
4618261346000, -0.02687807, 0.0070249503, 0.009468411
4618266267000, -0.025961773, 6.1086525E-4, 0.008552114
4618271270000, -0.021685716, 9.162979E-4, 0.006414085
4618276269000, -0.022602014, 0.0018325958, 0.006414085
4618281302000, -0.019242255, 0.0012217305, 0.009468411
4618286215000, -0.02076942, -0.005192355, 0.013744468
4618291320000, -0.019242255, -0.004886922, 0.011911872
4618296261000, -0.021380283, -0.008246681, 0.01282817
4618301284000, -0.022907447, -0.013133603, 0.0033597588
4618306277000, -0.018020526, -0.015577064, 0.007941248
4618311268000, -0.018325957, -0.0027488936, 0.013133603
4618316270000, -0.008246681, -0.0015271631, 0.01282817
4618321266000, -0.012217305, -3.0543262E-4, 0.008246681
4618326416000, -0.015882496, 0.0033597588, 0.0067195175
4618331311000, -0.02321288, 0.0018325958, 0.01282817
4618336282000, -0.019547688, 0.009162978, 0.0143553335
4618341355000, -0.025045475, 0.0076358155, 0.007941248
4618346290000, -0.0290161, 0.0018325958, 0.011301007
4618351285000, -0.021685716, 6.1086525E-4, 0.014049901
4618356261000, -0.021685716, 0.0030543262, 0.015882496
4618361299000, -0.018020526, 0.009162978, 0.01863139
4618366283000, -0.03023783, 0.0125227375, 0.018936822
4618371268000, -0.027183503, 0.013133603, 0.01160644
4618376324000, -0.023518313, 0.017104227, 0.015882496
4618381273000, -0.027183503, 0.013133603, 0.017104227
4618386291000, -0.027183503, 0.015271631, 0.017715093
4618391272000, -0.032375857, 0.01985312, 0.017104227
4618396288000, -0.026572637, 0.0076358155, 0.016187929
4618401284000, -0.024740042, 0.02076942, 0.02076942
4618406260000, -0.02687807, 0.023518313, 0.018020526
