#Rate of rotation around the x y z axes (Angular velocity).
#timestamp(ns),x,y,z(rad/s)
#Datetime: 02/04/2015 17:36:42
##########################################
#Activity: 8 - CSI - Car-Step in - 6s
#Subject ID: 42
#First Name: sub42
#Last Name: sub42
#Age: 22
#Height(cm): 173
#Weight(kg): 73
#Gender: Male
##########################################

@DATA
1171000917000, -0.016187929, 0.004276057, 0.013133603
1171005852000, -0.022907447, 0.002443461, 0.01282817
1171010934000, -0.032070424, 0.002443461, 0.017104227
1171015807000, -0.025045475, -0.009468411, 0.019242255
1171020854000, -0.029932396, -0.0018325958, 0.02076942
1171026004000, -0.03573562, -0.004886922, 0.022602014
1171030780000, -0.04062254, -0.006414085, 0.029932396
1171035804000, -0.043066, -0.017104227, 0.032070424
1171040803000, -0.053450707, -6.1086525E-4, 0.023518313
1171045818000, -0.059864793, -0.012217305, 0.023823744
1171050909000, -0.056505036, -0.0030543262, 0.02443461
1171055829000, -0.055283304, -0.0061086523, 0.02076942
1171061301000, -0.054061573, -0.015882496, 0.021380283
1171065808000, -0.056505036, -0.016187929, 0.022296581
1171070806000, -0.04886922, -0.022907447, 0.022907447
1171075798000, -0.038789943, -0.018325957, 0.021991149
1171080780000, -0.034208454, -0.016187929, 0.02321288
1171085805000, -0.02443461, -0.017715093, 0.011301007
1171090799000, -0.020158553, -0.01740966, 0.016187929
1171095768000, -0.014049901, -0.03023783, 0.00580322
1171100881000, -0.008552114, -0.03481932, 0.012217305
1171105842000, -0.01038471, -0.029626964, 0.009468411
1171110874000, -0.006414085, -0.025045475, 0.004581489
1171115787000, -0.005192355, -0.017104227, 0.0125227375
1171120799000, 0.004581489, -0.024740042, 0.002443461
1171125791000, -0.008552114, -0.026572637, 0.0036651916
1171131266000, -0.008857546, -0.013439035, 0.003970624
1171136099000, -0.004581489, -0.018325957, 0.0033597588
1171140797000, -0.0125227375, -0.0143553335, 0.016187929
1171145770000, -0.015577064, -0.002443461, 0.006414085
1171150866000, -0.027488936, -0.0070249503, 0.0067195175
1171155838000, -0.040927973, -0.004276057, 0.009773844
1171160870000, -0.04917465, 0.0033597588, 0.01038471
1171165863000, -0.050701816, 0.0061086523, 0.01038471
1171170818000, -0.036651913, 0.00580322, 0.008246681
1171175830000, -0.040317107, 0.01038471, 0.0030543262
1171180834000, -0.048258353, 0.01740966, 0.008857546
1171185841000, -0.035124753, 0.019242255, 0.005497787
1171190821000, -0.044898596, 0.021380283, 0.004276057
1171195842000, -0.02076942, 0.03726278, 0.0018325958
1171201228000, -0.021380283, 0.04184427, 0.004581489
1171205870000, -0.02076942, 0.054061573, 0.0018325958
1171210877000, -0.014660766, 0.048258353, -0.0021380284
1171215831000, -0.016493361, 0.053450707, 0.0021380284
1171220845000, -0.01282817, 0.05222898, 0.00580322
1171225846000, -0.01160644, 0.049480084, 0.0027488936
1171230832000, -0.02107485, 0.04886922, 0.0076358155
1171235838000, -0.031154128, 0.03756821, 0.007941248
1171240834000, -0.025961773, 0.04153884, 0.021685716
1171245842000, -0.04062254, 0.04337143, 0.011911872
1171250866000, -0.04062254, 0.042455133, 0.019547688
1171255850000, -0.04520403, 0.043982297, 0.018936822
1171260890000, -0.053145275, 0.051923547, 0.022296581
1171265883000, -0.051618114, 0.053450707, 0.020158553
1171270767000, -0.051618114, 0.049480084, 0.023823744
1171275833000, -0.059253927, 0.042455133, 0.020463986
1171280822000, -0.058643065, 0.04642576, 0.015882496
1171285838000, -0.05497787, 0.053450707, 0.013744468
1171290824000, -0.042455133, 0.05375614, 0.004276057
1171295829000, -0.037873644, 0.052839845, 0.008246681
1171300916000, -0.03634648, 0.051923547, 0.004276057
1171305839000, -0.028710667, 0.037873644, -0.002443461
1171310830000, -0.01863139, 0.03176499, -0.0021380284
1171316758000, -0.009773844, 0.021685716, -0.0027488936
1171320840000, -0.013744468, 0.009773844, -0.007941248
1171325817000, -0.009468411, -0.0027488936, -0.0076358155
1171330822000, -0.002443461, -0.013439035, 6.1086525E-4
1171335797000, 0.005192355, -0.013439035, 6.1086525E-4
1171340837000, -0.005192355, -0.015271631, -0.008246681
1171345808000, -0.01282817, -0.01863139, 0.0018325958
1171350847000, -0.012217305, -0.021380283, -0.005497787
1171355836000, -0.0106901415, -0.01863139, 0.0067195175
1171360877000, -0.023518313, -0.021380283, 0.01160644
1171365806000, -0.03634648, -0.008857546, 0.004581489
1171370806000, -0.049480084, -0.0070249503, 0.006414085
1171375797000, -0.038179077, -6.1086525E-4, 0.002443461
1171380773000, -0.050701816, 0.013133603, -0.004886922
1171386470000, -0.06047566, 0.014660766, 0.0036651916
1171390801000, -0.06841691, 0.008552114, 3.0543262E-4
1171395775000, -0.06688975, -0.0027488936, 0.006414085
1171400804000, -0.05009095, -0.01282817, 0.01038471
1171405800000, -0.052839845, -0.01740966, 0.011301007
1171410784000, -0.054061573, -0.02443461, 0.016187929
1171415924000, -0.05222898, -0.031154128, 0.021991149
1171420767000, -0.040927973, -0.042455133, 0.027794369
1171425774000, -0.033292156, -0.04642576, 0.024740042
1171430790000, -0.025350908, -0.04886922, 0.021685716
1171435865000, -0.017715093, -0.038789943, 0.02107485
1171440859000, -0.02321288, -0.04428773, 0.022907447
1171445780000, -0.018020526, -0.043066, 0.02076942
1171450892000, -0.018325957, -0.039095376, 0.018020526
1171455917000, -0.018020526, -0.03940081, 0.014660766
1171460717000, -0.018325957, -0.04520403, 0.009773844
1171465755000, -0.021991149, -0.038789943, 0.012217305
1171470716000, -0.016493361, -0.03268129, -0.004581489
1171475714000, -0.014660766, -0.032070424, -0.009162978
1171480700000, -0.008857546, -0.028710667, -0.009773844
1171485722000, -0.012217305, -0.03145956, -0.014049901
1171490715000, -0.0036651916, -0.03145956, -0.012217305
1171495701000, -0.011911872, -0.03145956, -0.010995574
1171500882000, -0.008246681, -0.038179077, -0.01282817
1171505803000, -0.0018325958, -0.044898596, 0.004581489
1171510794000, 0.012217305, -0.04734206, 0.004886922
1171515853000, 0.0030543262, -0.046120327, 0.005192355
1171520803000, 0.014966198, -0.04184427, 0.0125227375
1171525964000, 0.0143553335, -0.04886922, 0.0061086523
1171530769000, 0.01282817, -0.05131268, 0.0125227375
1171535770000, 6.1086525E-4, -0.056505036, 0.01160644
1171540797000, 0.00580322, -0.04734206, 0.018020526
1171545780000, 0.013744468, -0.05100725, 0.019242255
1171550872000, 0.016187929, -0.040317107, 0.01863139
1171555896000, 0.022602014, -0.035430185, 0.020463986
1171560787000, 0.022296581, -0.032986723, 0.023518313
1171565813000, 0.012217305, -0.04734206, 0.02443461
1171570801000, 0.018936822, -0.054367006, 0.022296581
1171575806000, 0.02321288, -0.065973446, 0.025045475
1171580809000, 0.029321533, -0.07574729, 0.02687807
1171585837000, 0.018325957, -0.084910266, 0.023518313
1171590836000, 0.009468411, -0.095294975, 0.015882496
1171595824000, -0.015271631, -0.11178834, 0.015271631
1171600913000, -0.007941248, -0.11636983, 0.01863139
1171605838000, 0.0067195175, -0.115453534, 0.022296581
1171610835000, 0.009162978, -0.1151481, 0.024129177
1171615835000, 0.023823744, -0.12461651, 0.020158553
1171620842000, 0.036957346, -0.12156218, 0.018936822
1171625836000, 0.041233405, -0.13683382, 0.021685716
1171630824000, 0.04428773, -0.14294247, 0.01282817
1171635838000, 0.046120327, -0.1459968, 0.0106901415
1171641577000, 0.04550946, -0.14813483, -0.0021380284
1171645830000, 0.064446285, -0.1563815, -0.002443461
1171650885000, 0.0711658, -0.14019357, -0.00580322
1171655836000, 0.07452556, -0.1255328, -0.0143553335
1171660831000, 0.083383106, -0.10323623, -0.01282817
1171665866000, 0.086437434, -0.09010262, -0.014660766
1171670825000, 0.087964594, -0.08124508, -0.027183503
1171675833000, 0.080634214, -0.07788532, -0.038179077
1171680825000, 0.06688975, -0.07880162, -0.042455133
1171685839000, 0.048563786, -0.090713486, -0.04734206
1171690843000, 0.038789943, -0.098043874, -0.042760566
1171695833000, 0.021380283, -0.09254608, -0.04520403
1171700946000, 0.010079277, -0.089186326, -0.043676864
1171705834000, -0.0015271631, -0.10354166, -0.060170226
1171711605000, -0.0076358155, -0.118507855, -0.055283304
1171715854000, -0.014966198, -0.13775012, -0.05009095
1171720845000, -0.02321288, -0.1386664, -0.05497787
1171725826000, -0.023823744, -0.122478485, -0.06078109
1171730830000, -0.02076942, -0.10170906, -0.05131268
1171735749000, -0.023518313, -0.08857546, -0.05375614
1171740810000, -0.0036651916, -0.076052725, -0.05375614
1171745738000, 0.0070249503, -0.0571159, -0.06169739
1171750818000, 0.02687807, -0.03390302, -0.0693332
1171755786000, 0.036957346, -0.011911872, -0.07238753
1171760733000, 0.057421334, -0.0012217305, -0.07391469
1171765717000, 0.08307768, 0.015271631, -0.06994407
1171770706000, 0.09010262, 0.014660766, -0.070249505
1171775722000, 0.09987647, 0.010079277, -0.06291912
1171780725000, 0.12064589, 0.0030543262, -0.05497787
1171785762000, 0.12461651, 0.004886922, -0.05222898
1171790738000, 0.116980694, 9.162979E-4, -0.046120327
1171795736000, 0.12156218, -0.012217305, -0.050396383
1171800754000, 0.124005646, -0.015882496, -0.042455133
1171805748000, 0.108123146, -0.008246681, -0.0421497
1171810737000, 0.105374254, -0.009773844, -0.0421497
1171815768000, 0.11026118, 0.004581489, -0.04550946
1171820739000, 0.08277224, -3.0543262E-4, -0.04337143
1171825741000, 0.07391469, -6.1086525E-4, -0.047647487
1171830751000, 0.048258353, 0.014966198, -0.044593163
1171835772000, 0.028099801, 0.015882496, -0.049480084
1171840737000, 0.010995574, 0.015882496, -0.046731193
1171845720000, 0.009468411, 0.021685716, -0.049785517
1171850831000, 0.0030543262, 0.021991149, -0.050396383
1171855841000, 0.0125227375, 0.03481932, -0.057726767
1171860832000, 0.0021380284, 0.048258353, -0.061086524
1171865870000, 0.014660766, 0.059864793, -0.07788532
1171870816000, 0.018325957, 0.07880162, -0.0852157
1171875843000, 0.03176499, 0.106595986, -0.09773844
1171880808000, 0.043066, 0.12675454, -0.1001819
1171885855000, 0.059253927, 0.13591751, -0.10781772
1171890834000, 0.06811147, 0.14966199, -0.10415252
1171895846000, 0.08857546, 0.15607607, -0.1133155
1171900856000, 0.089491755, 0.15882497, -0.11759156
1171905952000, 0.110872045, 0.16982053, -0.12583824
1171910829000, 0.1133155, 0.17562376, -0.12644911
1171915800000, 0.11942416, 0.17440203, -0.12186762
1171920797000, 0.11178834, 0.16768251, -0.12461651
1171925836000, 0.113926366, 0.17104226, -0.13103059
1171930740000, 0.10781772, 0.17104226, -0.13622294
1171935796000, 0.09315695, 0.16920967, -0.13683382
1171940731000, 0.057726767, 0.16493362, -0.14110987
1171945795000, 0.04734206, 0.16737708, -0.13561209
1171950858000, 0.031154128, 0.16310102, -0.12675454
1171955849000, 0.0036651916, 0.16523905, -0.11453723
1171960742000, -0.038179077, 0.16065755, -0.10629055
1171965798000, -0.06841691, 0.1685988, -0.10751228
1171970765000, -0.090713486, 0.17989981, -0.10170906
1171975798000, -0.13103059, 0.18173242, -0.087964594
1171980790000, -0.16982053, 0.17256944, -0.07269296
1171985807000, -0.2125811, 0.17654006, -0.05497787
1171990779000, -0.2507602, 0.17928895, -0.043066
1171995793000, -0.29016098, 0.18845193, -0.016798794
1172000778000, -0.3381139, 0.20005837, 0.0021380284
1172005798000, -0.37507126, 0.204029, 0.0290161
1172010726000, -0.41874814, 0.19150625, 0.055283304
1172015811000, -0.45662177, 0.18448131, 0.09010262
1172020803000, -0.49480084, 0.18753563, 0.12705997
1172025797000, -0.5323691, 0.17898351, 0.16798794
1172030770000, -0.5580254, 0.160963, 0.21044308
1172036591000, -0.58459806, 0.15332718, 0.26083946
1172040797000, -0.6081163, 0.1423316, 0.28252518
1172045775000, -0.61819565, 0.109650314, 0.32559118
1172050891000, -0.6392705, 0.06719518, 0.37568212
1172055828000, -0.6407976, 0.034208454, 0.42852196
1172060805000, -0.6771441, -0.003970624, 0.47861293
1172065806000, -0.6945538, -0.01863139, 0.5311473
1172070807000, -0.7150178, -0.037873644, 0.58184916
1172075792000, -0.7296785, -0.032986723, 0.62949663
1172080767000, -0.7324274, -0.007941248, 0.6768387
1172085775000, -0.74189585, 0.032070424, 0.71685034
1172090835000, -0.7644979, 0.07574729, 0.7464773
1172095814000, -0.7657196, 0.13591751, 0.7779369
1172100893000, -0.7901542, 0.21594086, 0.8136725
1172106460000, -0.8249735, 0.29810223, 0.83199847
1172110839000, -0.88178396, 0.3481932, 0.8536842
1172115838000, -0.9593639, 0.36285394, 0.870483
1172120848000, -1.0638218, 0.364992, 0.88025683
1172125753000, -1.1530081, 0.37751472, 0.89675015
1172130820000, -1.2519683, 0.37201694, 0.8875872
1172135746000, -1.3405437, 0.35246924, 0.88331115
1172140833000, -1.3921618, 0.28955013, 0.8588765
1172145749000, -1.4706581, 0.21991149, 0.8338311
1172150957000, -1.5280794, 0.13255776, 0.7883216
1172155800000, -1.5601498, 0.082161374, 0.7348709
1172160836000, -1.5848899, 0.06414085, 0.6951646
1172165766000, -1.5781704, 0.08155051, 0.64873886
1172170828000, -1.5531249, 0.15821409, 0.61391956
1172175839000, -1.5289958, 0.29657507, 0.58062744
1172180770000, -1.4862351, 0.45631635, 0.5696318
1172185802000, -1.4269812, 0.5726862, 0.5458081
1172190798000, -1.3558154, 0.65209866, 0.52534413
1172195792000, -1.2660183, 0.6914995, 0.49449542
1172200801000, -1.1713341, 0.7131852, 0.49021935
1172205771000, -1.0680978, 0.7458665, 0.46700647
1172210799000, -0.9584476, 0.7892379, 0.44898596
1172215815000, -0.8567385, 0.87109387, 0.4370741
1172220802000, -0.75625116, 0.9596693, 0.43463063
1172225823000, -0.66950834, 1.0332786, 0.4382958
1172230837000, -0.600786, 1.108415, 0.4279111
1172235779000, -0.5320636, 1.1462886, 0.4343252
1172240837000, -0.5009095, 1.2211196, 0.4361578
1172245902000, -0.4636467, 1.2950343, 0.4370741
1172250968000, -0.43799037, 1.3338243, 0.4447099
1172255804000, -0.40500367, 1.3692545, 0.44806966
1172260837000, -0.37568212, 1.3961325, 0.44959682
1172265773000, -0.36254853, 1.3967434, 0.43860126
1172270834000, -0.35216382, 1.3906348, 0.42394048
1172275729000, -0.34300083, 1.3652838, 0.40286562
1172280832000, -0.32711834, 1.3264939, 0.3885103
1172285732000, -0.2950479, 1.3017539, 0.37293324
1172290836000, -0.2773328, 1.2651019, 0.35643986
1172295749000, -0.24129178, 1.2412782, 0.3371976
1172300949000, -0.19975294, 1.2144, 0.31764993
1172305740000, -0.1469131, 1.1856894, 0.30268374
1172310833000, -0.09682214, 1.1695015, 0.2761111
1172315815000, -0.036651913, 1.1533136, 0.25503623
1172320807000, 0.0061086523, 1.1297953, 0.23762658
1172325802000, 0.06078109, 1.1304061, 0.21930063
1172330776000, 0.10629055, 1.1349876, 0.20219639
1172335841000, 0.12858713, 1.119716, 0.19272798
1172340837000, 0.16493362, 1.1081096, 0.17959438
1172345851000, 0.2125811, 1.0894781, 0.16737708
1172350856000, 0.25625798, 1.0641272, 0.1432479
1172355841000, 0.30970868, 1.0317514, 0.13805555
1172361292000, 0.3475823, 0.9963212, 0.12705997
1172365823000, 0.3817908, 0.97035944, 0.11759156
1172370804000, 0.4269948, 0.9434814, 0.09101892
1172375798000, 0.46609017, 0.92485, 0.067500606
1172380775000, 0.51159966, 0.9138544, 0.056199603
1172385800000, 0.5537493, 0.91904676, 0.044898596
1172390831000, 0.6032294, 0.94134337, 0.032375857
1172395817000, 0.64965516, 0.9816604, 0.017104227
1172401017000, 0.6921103, 1.0189233, 0.0021380284
1172405882000, 0.7510588, 1.0647382, -0.024740042
1172410842000, 0.81397796, 1.1016954, -0.04337143
1172415901000, 0.8732319, 1.1490375, -0.076052725
1172420843000, 0.9202685, 1.1667526, -0.090713486
1172425835000, 0.97402465, 1.180497, -0.10720685
1172431589000, 1.024421, 1.1707232, -0.13347405
1172435848000, 1.0665708, 1.1563679, -0.13927728
1172440788000, 1.0830641, 1.1395692, -0.16401732
1172445820000, 1.0955868, 1.1050552, -0.19242255
1172450923000, 1.1047498, 1.061073, -0.21227567
1172455841000, 1.102001, 1.0149527, -0.23273966
1172460735000, 1.0793989, 0.9398162, -0.24740042
1172465878000, 1.0711522, 0.8717047, -0.2507602
1172470768000, 1.0430524, 0.8054258, -0.2602286
1172475836000, 1.0225884, 0.7266242, -0.2593123
1172480785000, 1.0036516, 0.62888575, -0.26511553
1172485843000, 0.9972375, 0.550695, -0.25381452
1172490772000, 0.96669424, 0.4636467, -0.24373524
1172495823000, 0.9569204, 0.37995818, -0.22937989
1172501212000, 0.9334021, 0.30115658, -0.2003638
1172505845000, 0.89675015, 0.20250183, -0.17867808
1172510796000, 0.8472701, 0.108123146, -0.1423316
1172515813000, 0.7812967, -0.01160644, -0.103847094
1172520734000, 0.6808093, -0.14996742, -0.071776666
1172525804000, 0.58459806, -0.21105394, -0.030848695
1172530748000, 0.45570546, -0.31429017, -0.02565634
1172535779000, 0.40408736, -0.398895, -0.0076358155
1172540734000, 0.29840767, -0.44623706, 0.005497787
1172545818000, 0.24923302, -0.45845437, 0.015271631
1172550823000, 0.27030787, -0.4202753, 0.014966198
1172555796000, 0.32620203, -0.3848451, -0.008857546
1172560753000, 0.4007276, -0.4025602, -0.05222898
1172565809000, 0.5021312, -0.46761733, -0.12644911
1172570992000, 0.6001751, -0.5513059, -0.19181168
1172575800000, 0.6924158, -0.61178154, -0.27458394
1172580781000, 0.7806858, -0.6078109, -0.34025195
1172585802000, 0.8335256, -0.52442783, -0.38423425
1172590802000, 0.82527894, -0.39003745, -0.3885103
1172595779000, 0.77182823, -0.2443461, -0.35918877
1172600919000, 0.6979135, -0.101098195, -0.31123585
1172605835000, 0.6301075, 0.052839845, -0.26389378
1172610839000, 0.5647449, 0.1591304, -0.22296582
1172615868000, 0.49602258, 0.19792034, -0.19211712
1172620849000, 0.41508293, 0.18173242, -0.17745635
1172625831000, 0.35277468, 0.15943582, -0.15118915
1172630827000, 0.31673363, 0.09437868, -0.14049901
1172635842000, 0.31703907, 0.025350908, -0.112399206
1172640839000, 0.35063666, -0.019242255, -0.055283304
1172645831000, 0.41508293, -0.077579886, 0.0106901415
1172650873000, 0.52442783, -0.080634214, 0.062308256
1172655814000, 0.61941737, -0.020463986, 0.07880162
1172660827000, 0.6469063, 0.02687807, 0.077579886
1172665796000, 0.61666846, 0.030543262, 0.06627888
1172670808000, 0.573297, 0.0106901415, 0.06078109
1172675791000, 0.4822781, -0.0030543262, 0.03573562
1172680786000, 0.37965274, -0.081855945, 0.015577064
1172686526000, 0.30604348, -0.15515977, 0.021380283
1172690802000, 0.2611449, -0.21074851, 0.02687807
1172695806000, 0.25137106, -0.22021692, 0.024129177
1172700816000, 0.23396139, -0.21930063, -0.022907447
1172705778000, 0.20922135, -0.19150625, -0.07788532
1172710803000, 0.17623462, -0.12644911, -0.1151481
1172715786000, 0.112399206, -0.04886922, -0.17012598
1172720791000, 0.05375614, 0.015271631, -0.22999077
1172725766000, -0.01740966, 0.028710667, -0.2678644
1172730799000, -0.050701816, 0.063224554, -0.33414328
1172735967000, -0.084910266, 0.09743301, -0.39950588
1172740765000, -0.12034045, 0.14844026, -0.43004912
1172745761000, -0.1151481, 0.1863139, -0.4373795
1172750762000, -0.09101892, 0.20555615, -0.45570546
1172756475000, -0.049480084, 0.2144137, -0.46761733
1172760769000, -0.039095376, 0.26633725, -0.49480084
1172765772000, -0.053145275, 0.34422258, -0.4801401
1172770766000, -0.055588737, 0.41141775, -0.42913285
1172775781000, -0.06811147, 0.43066, -0.3399465
1172780825000, -0.0711658, 0.37965274, -0.23701571
1172785809000, -0.061391957, 0.28802297, -0.112399206
1172790777000, 0.004581489, 0.17959438, 0.03390302
1172795806000, 0.10567969, 0.032375857, 0.18448131
1172800914000, 0.2657264, -0.10903945, 0.32253686
1172805720000, 0.40011674, -0.25595254, 0.47739118
1172810719000, 0.5109888, -0.39950588, 0.6188065
1172815742000, 0.56199604, -0.5271767, 0.74372846
1172820718000, 0.55741453, -0.5815437, 0.81336707
1172825895000, 0.51068336, -0.6404922, 0.8396343
1172830714000, 0.44165558, -0.59864795, 0.8338311
1172835728000, 0.41080686, -0.52564955, 0.8045095
1172840716000, 0.33108896, -0.4605924, 0.7678576
1172845694000, 0.22388211, -0.3827071, 0.75502944
1172850905000, 0.12705997, -0.3222314, 0.7489208
1172855796000, 0.059864793, -0.25381452, 0.7535023
1172861131000, 0.0033597588, -0.20555615, 0.77121735
1172865801000, -9.162979E-4, -0.18906279, 0.7806858
1172870784000, 0.005192355, -0.18387043, 0.8014552
1172875798000, 0.012217305, -0.20586158, 0.81214535
1172880776000, 0.040317107, -0.21410827, 0.82894415
1172885803000, 0.06627888, -0.21991149, 0.840856
1172890733000, 0.09315695, -0.3659083, 0.8026769
1172895797000, 0.16126843, -0.61483586, 0.7480045
1172900776000, 0.26908615, -0.70249504, 0.68233645
1172905802000, 0.2968805, -0.6908886, 0.6151413
1172910733000, 0.27183503, -0.66859204, 0.53878313
1172915792000, 0.19242255, -0.66156703, 0.44623706
1172920752000, 0.100792766, -0.6753115, 0.36102137
1172925795000, 0.06719518, -0.7315111, 0.32406402
1172930814000, 0.005497787, -0.79809546, 0.2660318
1172935837000, -0.061086524, -0.8677341, 0.21624629
1172940799000, -0.11362094, -0.93523467, 0.20738874
1172945831000, -0.15424347, -0.97433007, 0.1908954
1172950847000, -0.17195857, -0.9783007, 0.2125811
1172955837000, -0.18509217, -0.96486163, 0.22510384
1172960817000, -0.19058995, -0.9443977, 0.2443461
1172965856000, -0.18967366, -0.9468411, 0.26908615
1172970802000, -0.17654006, -0.95294976, 0.2950479
1172975819000, -0.15821409, -0.9550878, 0.3286455
1172980810000, -0.16371189, -0.9431759, 0.34483343
1172985843000, -0.19242255, -0.8970556, 0.35705075
1172990830000, -0.2443461, -0.86101454, 0.36010507
1172995817000, -0.28252518, -0.8381071, 0.37782016
1173000813000, -0.33444872, -0.79412484, 0.37751472
1173005825000, -0.3652974, -0.7495316, 0.38148534
1173011271000, -0.41996986, -0.6936375, 0.3717115
1173015816000, -0.42943826, -0.61483586, 0.35338554
1173020821000, -0.44073927, -0.5696318, 0.33964106
1173025799000, -0.44684792, -0.4908302, 0.3286455
1173030743000, -0.4578435, -0.43554693, 0.3023783
1173035807000, -0.47739118, -0.40378192, 0.27885997
1173040727000, -0.49846604, -0.38789943, 0.26206118
1173046434000, -0.50610185, -0.3903429, 0.23518312
1173050823000, -0.5012149, -0.37995818, 0.22143865
1173055801000, -0.5158757, -0.38912117, 0.20463985
1173060755000, -0.52656585, -0.36377025, 0.18570304
1173065800000, -0.5702427, -0.37995818, 0.17104226
1173070740000, -0.61086524, -0.4120286, 0.17134771
1173075802000, -0.6392705, -0.45051312, 0.15393804
1173080861000, -0.63804877, -0.47739118, 0.14508049
1173085840000, -0.61575216, -0.50335294, 0.13194689
1173090826000, -0.59406644, -0.5213735, 0.10293079
1173095833000, -0.5726862, -0.528093, 0.06414085
1173100866000, -0.54641896, -0.52656585, 0.02076942
1173105825000, -0.5213735, -0.5342017, -0.017104227
1173110833000, -0.48747048, -0.55680364, -0.053450707
1173116498000, -0.4636467, -0.59742624, -0.089491755
1173120827000, -0.43279803, -0.61666846, -0.129198
1173125835000, -0.4120286, -0.6630942, -0.14508049
1173130828000, -0.3820962, -0.7086037, -0.16584991
1173135830000, -0.35124752, -0.768163, -0.18692477
1173140841000, -0.3408628, -0.8231409, -0.19364429
1173145834000, -0.33383787, -0.8680395, -0.1994475
1173150895000, -0.32253686, -0.9111055, -0.20799962
1173155835000, -0.321926, -0.9419542, -0.19517145
1173160821000, -0.3042109, -0.95447695, -0.18570304
1173165855000, -0.28985557, -0.93828905, -0.1853976
1173170811000, -0.30543262, -0.9193522, -0.1826487
1173175830000, -0.32742378, -0.90194255, -0.17898351
1173180811000, -0.3549127, -0.8872818, -0.18203785
1173186217000, -0.3930918, -0.88361657, -0.183565
1173190840000, -0.43066, -0.86284715, -0.17348573
1173195780000, -0.45631635, -0.83199847, -0.19058995
1173200851000, -0.48716503, -0.80970186, -0.22510384
1173205752000, -0.52320606, -0.79534656, -0.24984388
1173210842000, -0.5323691, -0.77854776, -0.2837469
1173215791000, -0.54458636, -0.7626653, -0.32162055
1173220755000, -0.54550266, -0.7425067, -0.3417791
1173225802000, -0.5555819, -0.70341134, -0.36743546
1173230771000, -0.58001655, -0.6814202, -0.3820962
1173235802000, -0.59406644, -0.6649268, -0.38087448
1173240799000, -0.61300325, -0.66981375, -0.3924809
1173245816000, -0.61911196, -0.6789767, -0.3866777
1173250826000, -0.6230826, -0.6985244, -0.37965274
1173255817000, -0.593761, -0.6963864, -0.37018433
1173260836000, -0.55924714, -0.66675943, -0.35063666
1173265791000, -0.5164866, -0.59712076, -0.3387248
1173270800000, -0.5018258, -0.5170974, -0.3182608
1173275801000, -0.4822781, -0.42577308, -0.2742785
1173280781000, -0.49327368, -0.3408628, -0.2302962
1173285809000, -0.51068336, -0.26297748, -0.18661933
1173290806000, -0.5161811, -0.21746802, -0.13622294
1173295797000, -0.537256, -0.20799962, -0.06566802
1173300791000, -0.54244834, -0.23304509, -0.051618114
1173305797000, -0.5540548, -0.27214047, -0.05009095
1173310763000, -0.6178902, -0.3286455, -0.05009095
1173315838000, -0.71593404, -0.3555236, -0.04337143
1173320754000, -0.81153446, -0.41141775, -0.044593163
1173325796000, -0.8576548, -0.48655418, -0.038179077
1173330751000, -0.9324858, -0.5488624, -0.02443461
1173335939000, -0.9941832, -0.61941737, -0.0106901415
1173340733000, -1.0390818, -0.70005155, 0.0061086523
1173345778000, -1.0861185, -0.7846564, 0.0027488936
1173350805000, -1.1453724, -0.8753699, -0.0106901415
1173355865000, -1.2012665, -0.95417154, -0.02687807
1173360829000, -1.2244794, -1.02717, -0.05955936
1173365833000, -1.2498302, -1.103528, -0.111177474
1173371451000, -1.2663237, -1.1636983, -0.1441642
1173375833000, -1.282817, -1.1826351, -0.14202617
1173380813000, -1.282817, -1.1749994, -0.12034045
1173385841000, -1.2721269, -1.1508701, -0.06872234
1173390976000, -1.2757921, -1.0867293, -0.01282817
1173395818000, -1.2861768, -0.9443977, 0.03023783
1173400834000, -1.2950343, -0.7611381, 0.054061573
1173406077000, -1.3213016, -0.58123827, 0.065973446
1173410806000, -1.3814718, -0.4529566, 0.06536258
1173415814000, -1.4126259, -0.4071417, 0.07849618
1173420795000, -1.427592, -0.36743546, 0.09712757
1173425771000, -1.4691309, -0.43799037, 0.1142318
1173430785000, -1.4844025, -0.6270532, 0.14721853
1173435770000, -1.4801265, -0.874759, 0.19150625
1173441480000, -1.4220943, -1.0974194, 0.23609942
1173445839000, -1.3249667, -1.2819008, 0.24251351
1173450872000, -1.1982121, -1.4056009, 0.25411993
1173455839000, -1.072374, -1.4654657, 0.26908615
1173460800000, -0.9447031, -1.4902058, 0.30085114
1173465920000, -0.8402451, -1.4410311, 0.34422258
1173470827000, -0.7648033, -1.3472633, 0.39706242
1173475816000, -0.7476991, -1.1847731, 0.44684792
1173480857000, -0.75411314, -0.9593639, 0.50579643
1173485824000, -0.82863873, -0.75228053, 0.5696318
1173490821000, -0.9401216, -0.6075055, 0.6114761
1173495838000, -1.0989466, -0.5170974, 0.6398814
1173500875000, -1.2757921, -0.50946164, 0.6575964
1173505846000, -1.4480561, -0.5500842, 0.6808093
1173511360000, -1.5662584, -0.70616025, 0.68691796
1173515959000, -1.6719382, -0.9868528, 0.6728681
1173520851000, -1.7476854, -1.1771374, 0.6575964
1173525820000, -1.7620409, -1.5861117, 0.62980205
1173530799000, -1.7437148, -1.9336939, 0.5919284
1173535840000, -1.6450601, -2.0967948, 0.55680364
1173540821000, -1.493871, -2.0476203, 0.5299256
1173545784000, -1.3475688, -1.7916678, 0.5177083
1173550936000, -1.2449434, -1.4083499, 0.51893
1173555795000, -1.2342533, -1.0268645, 0.5360342
1173560834000, -1.2779301, -0.59528816, 0.5519168
1173565800000, -1.3704761, -0.18661933, 0.54092115
1173570886000, -1.4608842, 0.10262536, 0.54153204
1173575738000, -1.5146403, 0.23060162, 0.5525276
1173580955000, -1.5115861, 0.2556471, 0.55924714
1173585736000, -1.4306464, 0.21960606, 0.58062744
1173590824000, -1.3219124, 0.15699236, 0.5751296
1173595747000, -1.2076806, 0.121256754, 0.5299256
1173600879000, -1.1279627, 0.12339478, 0.44776422
1173605909000, -1.0754282, 0.21594086, 0.35888332
1173610840000, -1.0537425, 0.28588495, 0.3036
1173615814000, -1.0403035, 0.36254853, 0.28955013
1173620831000, -1.0345002, 0.35643986, 0.2846632
1173625846000, -1.0262536, 0.31795537, 0.31887165
1173630826000, -1.01312, 0.3109304, 0.39584067
1173635813000, -1.0118983, 0.25686884, 0.48655418
1173640793000, -0.98990715, 0.1591304, 0.5491679
1173645794000, -1.01312, 0.044593163, 0.5907067
1173650803000, -1.0418307, -0.08857546, 0.6188065
1173655836000, -1.0433578, -0.26053402, 0.6209445
1173660783000, -1.0516045, -0.46914452, 0.59956425
1173665880000, -1.0387764, -0.64873886, 0.5626069
1173670776000, -1.028697, -0.7104363, 0.49968776
1173675834000, -1.0320568, -0.66675943, 0.42852196
1173680795000, -1.0861185, -0.5684101, 0.3539964
1173685824000, -1.1566733, -0.47555858, 0.27458394
1173690820000, -1.2095132, -0.39706242, 0.1957823
1173695801000, -1.2339478, -0.3539964, 0.10842858
1173700871000, -1.2544118, -0.30726522, 0.018325957
1173705842000, -1.2437216, -0.22602014, -0.051923547
1173710811000, -1.239751, -0.15760323, -0.11362094
1173715854000, -1.2330315, -0.03023783, -0.14538592
1173721174000, -1.2479976, 0.09987647, -0.20311269
1173725842000, -1.2754866, 0.13164146, -0.2134974
1173730828000, -1.2822062, 0.14996742, -0.226631
1173735790000, -1.2974777, 0.13591751, -0.21197024
1173740784000, -1.3121386, 0.12583824, -0.18875736
1173745820000, -1.323745, 0.11759156, -0.1432479
1173750832000, -1.3228287, 0.10140363, -0.100792766
1173755810000, -1.3249667, 0.09132435, -0.083383106
1173760788000, -1.3341297, 0.059864793, -0.07666359
1173766506000, -1.359786, -0.020463986, -0.070554934
1173770897000, -1.3933836, -0.13622294, -0.042455133
1173775719000, -1.4074335, -0.21197024, -0.032986723
1173780714000, -1.4205672, -0.2415972, -0.022296581
1173785723000, -1.4795157, -0.35124752, -0.021991149
1173790701000, -1.4770721, -0.4465425, -0.01740966
1173795694000, -1.457219, -0.4822781, -0.012217305
1173801184000, -1.4883732, -0.56199604, 0.010995574
1173805732000, -1.5488489, -0.6062838, 0.022296581
1173810871000, -1.5900823, -0.6737844, 0.029932396
1173815773000, -1.6181821, -0.73639804, 0.026572637
1173820695000, -1.6310102, -0.74281216, 0.03604105
1173825730000, -1.649947, -0.66950834, 0.05222898
1173830692000, -1.67316, -0.5305365, 0.071776666
1173835750000, -1.7033978, -0.3753767, 0.07849618
1173840677000, -1.7605137, -0.21991149, 0.08674286
1173845709000, -1.8380935, -0.09285152, 0.08460484
1173850879000, -1.88849, 0.02565634, 0.08155051
1173855798000, -1.921782, 0.11575896, 0.06872234
1173860760000, -1.9416351, 0.1600467, 0.030543262
1173865795000, -1.9532416, 0.17531833, -0.004276057
1173870798000, -1.9828686, 0.129198, -0.04642576
1173875797000, -2.0167716, 0.12308934, -0.079107046
1173880781000, -2.0576997, 0.18967366, -0.11759156
1173885797000, -2.1184807, 0.32650748, -0.13805555
1173890834000, -2.1691825, 0.48472157, -0.16126843
1173895807000, -2.2269092, 0.59437186, -0.16126843
1173900843000, -2.2809708, 0.591623, -0.15332718
1173906168000, -2.3185391, 0.5308419, -0.1518
1173910825000, -2.3338106, 0.47769663, -0.15393804
1173915916000, -2.3283129, 0.42485678, -0.16829337
1173920845000, -2.324953, 0.41813725, -0.18661933
1173925820000, -2.357329, 0.42332962, -0.21319197
1173930819000, -2.3832908, 0.45906523, -0.24801129
1173935801000, -2.408947, 0.4978552, -0.2782491
1173940839000, -2.4162774, 0.5137377, -0.2938262
1173945766000, -2.4092526, 0.49021935, -0.28527406
1173950842000, -2.384207, 0.43982297, -0.2761111
1173955798000, -2.36863, 0.38148534, -0.2855795
1173960821000, -2.3576343, 0.31887165, -0.27091873
1173965809000, -2.3338106, 0.2770274, -0.26206118
1173970813000, -2.2864685, 0.23365596, -0.23915374
1173975790000, -2.223244, 0.17531833, -0.23060162
1173980827000, -2.144137, 0.11484267, -0.2012801
1173985797000, -2.0809124, 0.048563786, -0.18020524
1173990839000, -2.024102, -0.010995574, -0.14844026
1173995837000, -1.9654589, -0.061086524, -0.13713925
1174000853000, -1.9187278, -0.103847094, -0.11759156
1174005871000, -1.8796324, -0.12095132, -0.09712757
1174010821000, -1.847562, -0.15668693, -0.09101892
1174015825000, -1.8161024, -0.19028452, -0.07238753
1174020803000, -1.750129, -0.22235495, -0.06352998
1174025795000, -1.6856827, -0.22021692, -0.059864793
1174030782000, -1.6239853, -0.18997909, -0.0720821
1174035766000, -1.5656476, -0.2012801, -0.09712757
1174040797000, -1.5415184, -0.25992316, -0.14049901
1174045792000, -1.4972308, -0.34238997, -0.16584991
1174050808000, -1.4740179, -0.42821655, -0.17867808
1174055811000, -1.4596626, -0.49205196, -0.17928895
1174060796000, -1.4446963, -0.50762904, -0.1777618
1174065832000, -1.4263704, -0.49266282, -0.16737708
1174070803000, -1.4138476, -0.46273044, -0.15332718
1174075794000, -1.3848315, -0.44806966, -0.14019357
1174080796000, -1.3402383, -0.44104472, -0.10873401
1174085805000, -1.2819008, -0.47708577, -0.08032878
1174091294000, -1.20371, -0.54305923, -0.0421497
1174095783000, -1.1224649, -0.63713247, 0.01160644
1174100863000, -1.0329732, -0.73548174, 0.0711658
1174105826000, -0.9605856, -0.77488256, 0.15454891
1174110797000, -0.9077458, -0.852157, 0.20250183
1174115822000, -0.8222246, -0.9071349, 0.28252518
1174120799000, -0.74464476, -0.91751957, 0.36193767
1174125944000, -0.68477994, -0.89888823, 0.41172317
1174130774000, -0.6478226, -0.86834496, 0.44073927
1174135805000, -0.6218608, -0.8579602, 0.44776422
1174140777000, -0.5907067, -0.8512407, 0.44532076
1174145780000, -0.57360244, -0.86009824, 0.42943826
1174150856000, -0.5296202, -0.87109387, 0.41386122
1174155873000, -0.48838675, -0.8582657, 0.39950588
1174161378000, -0.47433686, -0.81000733, 0.37507126
1174165817000, -0.51893, -0.6805039, 0.34697145
1174170735000, -0.6444628, -0.5338962, 0.31673363
1174175795000, -0.79168135, -0.38331795, 0.26450464
1174180802000, -0.9392053, -0.3032946, 0.22876903
1174185771000, -1.0317514, -0.2837469, 0.21227567
1174190757000, -1.0705414, -0.30848694, 0.23732115
1174195778000, -1.0677924, -0.35979962, 0.2919936
1174200860000, -1.0235047, -0.44868052, 0.3567453
1174205807000, -0.97097033, -0.4886922, 0.3839288
1174210810000, -0.95172805, -0.569021, 0.43035457
1174215821000, -0.9251554, -0.6591236, 0.47678033
1174220771000, -0.92087936, -0.7968737, 0.48258355
1174225798000, -0.94042706, -0.83658, 0.4596761
1174231236000, -1.0268645, -0.8246681, 0.43310347
1174235805000, -1.1407908, -0.8042041, 0.41630468
1174241046000, -1.207986, -0.8035932, 0.41447207
1174245778000, -1.2290609, -0.83658, 0.42332962
1174250790000, -1.207986, -0.9068295, 0.45723262
1174255800000, -1.1392636, -0.95630956, 0.50946164
1174260730000, -1.0714576, -0.95356065, 0.5705481
1174265815000, -1.0571023, -0.9114109, 0.6429357
1174270853000, -1.0903945, -0.81245077, 0.6762278
1174275797000, -1.1603385, -0.70096785, 0.66828656
1174280784000, -1.2449434, -0.6044512, 0.6627888
1174285802000, -1.2843442, -0.5195409, 0.6640105
1174290800000, -1.2904528, -0.46486846, 0.6924158
1174295783000, -1.2476922, -0.47036624, 0.73426
1174300853000, -1.1670581, -0.49327368, 0.799928
1174305853000, -1.0769554, -0.571159, 0.8332202
1174310796000, -1.0259482, -0.6945538, 0.9101892
1174315810000, -0.9419542, -0.8576548, 1.0180069
1174320805000, -0.8781188, -1.0005972, 1.1591167
1174325798000, -0.82650065, -1.0928379, 1.3213016
1174330803000, -0.77549344, -1.1826351, 1.4361442
1174335809000, -0.7626653, -1.2852604, 1.5082263
1174340798000, -0.745561, -1.3426818, 1.5427402
1174345778000, -0.7315111, -1.3640621, 1.5467108
1174350794000, -0.70616025, -1.3148874, 1.5387696
1174355797000, -0.70707655, -1.2678508, 1.5317446
1174360798000, -0.7122689, -1.258077, 1.5314392
1174365788000, -0.69027776, -1.2388347, 1.5289958
1174370807000, -0.64568454, -1.2177598, 1.529912
1174375798000, -0.61208695, -1.1942415, 1.5283848
1174380878000, -0.589485, -1.1542299, 1.5164729
1174385763000, -0.57604593, -1.0891727, 1.5393804
1174390799000, -0.5665775, -1.040609, 1.5604553
1174395781000, -0.54244834, -0.97310835, 1.5824465
1174400828000, -0.50823987, -0.9306532, 1.5766432
1174405853000, -0.49510628, -0.8582657, 1.566564
1174410799000, -0.48258355, -0.7724391, 1.5549575
1174416988000, -0.45814893, -0.6169739, 1.5164729
1174420806000, -0.48563787, -0.56505036, 1.5054774
1174425798000, -0.4908302, -0.46975538, 1.491733
1174430778000, -0.5152648, -0.42363504, 1.5042557
1174435807000, -0.535118, -0.40103304, 1.5271631
1174440801000, -0.51923543, -0.355829, 1.5622878
1174445774000, -0.50946164, -0.312763, 1.6203201
1174450984000, -0.5021312, -0.3213151, 1.676825
1174455810000, -0.48808134, -0.35918877, 1.6859881
1174460728000, -0.46731192, -0.38973203, 1.6673567
1174465769000, -0.47952923, -0.3747658, 1.6175711
1174470736000, -0.52870387, -0.3539964, 1.5430456
1174475797000, -0.57879484, -0.28313604, 1.4963144
1174480757000, -0.6084218, -0.18295415, 1.4553864
1174486481000, -0.6093381, -0.095294975, 1.4446963
1174490741000, -0.5842926, -0.03604105, 1.434617
1174495777000, -0.5476407, -0.013133603, 1.4178182
1174500827000, -0.4908302, -0.020158553, 1.4034629
1174505793000, -0.4605924, -0.07819075, 1.3888022
1174510887000, -0.40011674, -0.15821409, 1.3701707
1174515832000, -0.3109304, -0.21227567, 1.3903292
1174520816000, -0.24281894, -0.21013765, 1.4312572
1174525803000, -0.21074851, -0.19547687, 1.4633276
1174530837000, -0.18448131, -0.17440203, 1.4984524
1174535830000, -0.19058995, -0.102319926, 1.5561792
1174540837000, -0.22204952, -0.0076358155, 1.6022996
1174545828000, -0.25625798, 0.06688975, 1.6209309
1174550874000, -0.27672195, 0.14782938, 1.6316211
1174555781000, -0.30390546, 0.21380283, 1.6230689
1174560815000, -0.31703907, 0.2724459, 1.5766432
1174565882000, -0.32742378, 0.29749137, 1.5509869
1174570909000, -0.35185838, 0.3463606, 1.5036448
1174575873000, -0.4288274, 0.38973203, 1.4330899
1174580826000, -0.48991394, 0.41691554, 1.3649784
1174585795000, -0.54702985, 0.42332962, 1.294118
1174590822000, -0.59528816, 0.42455134, 1.2348641
1174595831000, -0.6252206, 0.40683624, 1.169807
1174601065000, -0.6462954, 0.31031954, 1.0995574
1174605735000, -0.64934975, 0.26206118, 1.0684034
1174610734000, -0.6386596, 0.19181168, 1.0033462
1174615848000, -0.63255095, 0.12675454, 0.93279123
1174620791000, -0.6206391, 0.09743301, 0.89858276
1174625722000, -0.6035349, 0.084910266, 0.8353582
1174630752000, -0.5910121, 0.092240654, 0.75716746
1174635690000, -0.5748242, 0.09437868, 0.7049385
1174640700000, -0.58246, 0.115453534, 0.6545421
1174645727000, -0.5696318, 0.14110987, 0.59559363
1174650799000, -0.5693264, 0.16676621, 0.5345071
1174655680000, -0.55741453, 0.19028452, 0.48288897
1174660702000, -0.52320606, 0.17348573, 0.4437936
1174665710000, -0.5027421, 0.23182335, 0.3295618
1174670682000, -0.4746423, 0.24465153, 0.28038713
1174675676000, -0.43249258, 0.21899518, 0.24373524
1174680711000, -0.38362336, 0.16707164, 0.204029
1174685678000, -0.33169982, 0.13255776, 0.16584991
1174690686000, -0.28130344, 0.12034045, 0.14172074
1174695712000, -0.24312437, 0.08857546, 0.13194689
1174700732000, -0.17562376, 0.077579886, 0.12889257
1174705711000, -0.09468412, 0.057726767, 0.105374254
1174710702000, -0.010995574, 0.04642576, 0.09315695
1174715726000, 0.07574729, 0.040011674, 0.07574729
1174720694000, 0.15118915, 0.032070424, 0.057421334
1174725703000, 0.23396139, 0.045814894, 0.032375857
1174730692000, 0.29993483, 0.05467244, 0.011301007
1174735677000, 0.37201694, 0.061086524, -0.028710667
1174740970000, 0.4269948, 0.070554934, -0.0711658
1174745689000, 0.4746423, 0.100792766, -0.09865474
1174750743000, 0.48533243, 0.0983493, -0.17470746
1174755718000, 0.5015204, 0.08827003, -0.22724187
1174760703000, 0.5128214, 0.12370021, -0.2611449
1174765722000, 0.48563787, 0.14996742, -0.29718593
1174770702000, 0.44806966, 0.14721853, -0.33567044
1174775698000, 0.42485678, 0.17104226, -0.36926803
1174780715000, 0.39828414, 0.22357668, -0.3894266
1174785710000, 0.40103304, 0.301462, -0.4034765
1174790702000, 0.42180246, 0.32467487, -0.40378192
1174795695000, 0.44073927, 0.3930918, -0.39400807
1174800794000, 0.51923543, 0.45631635, -0.3717115
1174805750000, 0.59620446, 0.5177083, -0.34330627
1174811177000, 0.6930266, 0.56321776, -0.31581733
1174815786000, 0.7837401, 0.5751296, -0.28802297
1174820758000, 0.8744536, 0.5693264, -0.27030787
1174825756000, 0.9477574, 0.5494733, -0.26633725
1174830738000, 1.0219775, 0.50640726, -0.2489276
1174835756000, 1.1093313, 0.46120325, -0.2434298
1174840756000, 1.151481, 0.453262, -0.24037547
1174845738000, 1.1661417, 0.45845437, -0.23823744
1174850840000, 1.1743884, 0.47128254, -0.23060162
1174855798000, 1.1426234, 0.50518554, -0.22724187
1174860797000, 1.087951, 0.5174029, -0.21197024
1174865795000, 1.0381655, 0.5335908, -0.19761491
1174870803000, 0.98746365, 0.5009095, -0.17806722
1174875799000, 0.96791595, 0.4550946, -0.16646078
1174881275000, 0.9776898, 0.3652974, -0.13744467
1174885770000, 1.0238101, 0.22296582, -0.115453534
1174890797000, 1.0803152, 0.1554652, -0.084910266
1174895787000, 1.1670581, 0.047647487, -0.06872234
1174900801000, 1.2067643, -0.037873644, -0.04550946
1174905859000, 1.2605205, -0.10903945, -0.037873644
1174910836000, 1.2809844, -0.15943582, -0.0421497
1174915862000, 1.2428054, -0.16340645, -0.05467244
1174920799000, 1.1893547, -0.12950343, -0.076052725
1174925819000, 1.1261301, -0.06536258, -0.08002335
1174930766000, 1.0680978, 0.0033597588, -0.07513642
1174935842000, 1.0332786, 0.07666359, -0.076358154
1174940729000, 0.9767735, 0.11759156, -0.073303826
1174945809000, 0.9486737, 0.16187929, -0.06169739
1174951180000, 0.895223, 0.15393804, -0.055283304
1174955860000, 0.86345804, 0.13897185, -0.048563786
1174960819000, 0.86590147, 0.098043874, -0.027488936
1174965869000, 0.88270026, 0.076358154, -0.022907447
1174970803000, 0.9138544, 0.048563786, -0.018936822
1174975832000, 0.94042706, 0.01985312, -0.011911872
1174980832000, 0.9669997, 0.004276057, -0.027183503
1174985841000, 0.97066486, -0.010079277, -0.055588737
1174990990000, 0.9660834, 0.01038471, -0.093462385
1174995819000, 0.9272934, 0.047647487, -0.116980694
1175000809000, 0.8906415, 0.12583824, -0.16554448
1175005888000, 0.86193085, 0.23335053, -0.1966986
1175010732000, 0.8793405, 0.31612277, -0.19914207
1175015874000, 0.90377516, 0.31764993, -0.17959438
1175020780000, 0.9324858, 0.2724459, -0.15363261
1175025836000, 0.9309586, 0.18875736, -0.13469578
1175030793000, 0.87689704, 0.08399397, -0.10048734
1175035835000, 0.7996226, -0.014966198, -0.074830994
1175040776000, 0.700357, -0.07238753, -0.06780604
1175045835000, 0.59040123, -0.12095132, -0.089491755
1175050935000, 0.49021935, -0.15118915, -0.106595986
1175055936000, 0.39461896, -0.14385876, -0.12644911
1175060835000, 0.31703907, -0.11362094, -0.1414153
1175066546000, 0.23671028, -0.08155051, -0.15821409
1175070817000, 0.13988814, -0.04886922, -0.16615535
1175075830000, 0.033292156, 0.02687807, -0.17623462
1175080823000, -0.09987647, 0.09773844, -0.17623462
1175085822000, -0.19364429, 0.14263703, -0.17837265
1175090838000, -0.258396, 0.172264, -0.16768251
1175095832000, -0.2687807, 0.24465153, -0.1563815
1175100883000, -0.23090707, 0.15821409, -0.172264
1175105790000, -0.16768251, 0.025961773, -0.20586158
1175110822000, -0.077579886, -0.056505036, -0.21746802
1175115896000, 0.03268129, -0.11789699, -0.22143865
1175120836000, 0.16065755, -0.13194689, -0.20738874
1175125839000, 0.29443705, -0.12705997, -0.19486602
1175130831000, 0.40439278, -0.1282817, -0.18478674
1175136508000, 0.48258355, -0.13072516, -0.17989981
1175140838000, 0.52748215, -0.12889257, -0.19730948
1175145834000, 0.5152648, -0.108123146, -0.21197024
1175150846000, 0.45906523, -0.099571034, -0.24617869
1175155847000, 0.34422258, -0.102319926, -0.29138273
1175160838000, 0.21410827, -0.14874569, -0.34269542
1175165833000, 0.10995574, -0.18417588, -0.3924809
1175170866000, 0.056199603, -0.21166481, -0.4352415
1175175752000, 0.03634648, -0.2501493, -0.4831944
1175180853000, 0.038179077, -0.2938262, -0.52381694
1175185758000, 0.026267206, -0.32711834, -0.5549711
1175190813000, 0.027488936, -0.40286562, -0.5766568
1175195792000, 0.009773844, -0.49541172, -0.59773165
1175200984000, 0.0021380284, -0.57879484, -0.6200282
1175205909000, -0.008857546, -0.6606508, -0.6258314
1175210716000, -0.008246681, -0.7305948, -0.61361414
1175215739000, 0.0015271631, -0.7519751, -0.5849035
1175220719000, 0.013133603, -0.7067711, -0.5739079
1175225715000, 0.005497787, -0.6927212, -0.550695
1175230703000, 0.025961773, -0.70616025, -0.50732356
1175235718000, 0.048563786, -0.7360926, -0.4578435
1175240717000, 0.08552113, -0.8145888, -0.38759398
1175245710000, 0.15424347, -0.8671232, -0.29016098
1175250919000, 0.1957823, -0.9074403, -0.19883664
1175255775000, 0.22327125, -0.9465357, -0.10567969
1175260796000, 0.2434298, -0.9660834, -0.02076942
1175266289000, 0.2666427, -0.94806284, 0.04886922
1175270799000, 0.27122417, -0.9392053, 0.10323623
1175276028000, 0.24801129, -0.9147707, 0.13469578
1175280783000, 0.23915374, -0.8866709, 0.17256944
1175285737000, 0.22052236, -0.8546005, 0.18936823
1175290799000, 0.20463985, -0.79168135, 0.22174409
1175295779000, 0.16432275, -0.7089091, 0.23976462
1175300810000, 0.12186762, -0.60994893, 0.25625798
1175305776000, 0.0720821, -0.5180137, 0.24923302
1175310796000, 0.01985312, -0.4456262, 0.24617869
1175315846000, -0.024129177, -0.3735441, 0.24098633
1175320798000, -0.07391469, -0.30115658, 0.23915374
1175325795000, -0.116980694, -0.23243423, 0.25411993
1175330776000, -0.16646078, -0.18661933, 0.2733622
1175335802000, -0.23365596, -0.15332718, 0.29779682
1175340799000, -0.2950479, -0.1328632, 0.3277292
1175345816000, -0.34788775, -0.1160644, 0.35063666
1175350860000, -0.39614612, -0.10445796, 0.38362336
1175355852000, -0.408058, -0.06291912, 0.40133846
1175360799000, -0.39553526, -0.009162978, 0.41141775
1175365790000, -0.35430184, 0.053450707, 0.4175264
1175370803000, -0.29016098, 0.1133155, 0.4382958
1175375798000, -0.22235495, 0.16646078, 0.44868052
1175380774000, -0.16829337, 0.19150625, 0.46883908
1175385810000, -0.12736541, 0.24495697, 0.47586402
1175390750000, -0.10934488, 0.3100141, 0.47311515
1175395782000, -0.11881329, 0.36774087, 0.47861293
1175400853000, -0.13469578, 0.44043383, 0.47616947
1175405885000, -0.1563815, 0.49510628, 0.47128254
1175410728000, -0.18478674, 0.5213735, 0.4529566
1175415787000, -0.19883664, 0.5045747, 0.42271876
1175420735000, -0.20555615, 0.44318274, 0.36774087
1175425800000, -0.21533, 0.35277468, 0.29932398
1175430776000, -0.24495697, 0.29046643, 0.24831672
1175435809000, -0.2864958, 0.24831672, 0.18051068
1175440789000, -0.3481932, 0.20861048, 0.1337795
1175445784000, -0.4129449, 0.1872302, 0.10842858
1175451161000, -0.47250426, 0.15149458, 0.055588737
1175455799000, -0.5222898, 0.11759156, 0.009162978
1175461246000, -0.57848936, 0.07360926, -0.025961773
1175465791000, -0.59864795, 0.008552114, -0.06078109
1175470738000, -0.59864795, -0.056199603, -0.105068825
1175475801000, -0.5861252, -0.112704635, -0.13775012
1175480763000, -0.57787853, -0.14905111, -0.16768251
1175485776000, -0.5681047, -0.19792034, -0.18295415
1175490751000, -0.5335908, -0.21777347, -0.20463985
1175495901000, -0.516792, -0.24098633, -0.23243423
1175500807000, -0.49388456, -0.23335053, -0.26847526
1175505796000, -0.49693888, -0.20341812, -0.29229903
1175510787000, -0.516792, -0.16157386, -0.30543262
1175515788000, -0.5476407, -0.118507855, -0.30665436
1175520817000, -0.58246, -0.064751714, -0.29871312
1175525796000, -0.6209445, -0.004581489, -0.28099802
1175531393000, -0.6533204, 0.04428773, -0.2706133
1175535838000, -0.6762278, 0.08277224, -0.258396
1175540836000, -0.6963864, 0.076052725, -0.24129178
1175545812000, -0.70646566, 0.058948494, -0.21777347
1175550841000, -0.72418076, 0.046120327, -0.20372356
1175555840000, -0.7312057, 0.045814894, -0.18845193
1175560834000, -0.72204274, 0.03573562, -0.16126843
1175565834000, -0.6945538, 0.021380283, -0.13805555
1175570822000, -0.6731735, 0.0106901415, -0.121256754
1175575816000, -0.6084218, 0.009162978, -0.12339478
1175580831000, -0.5213735, 0.01863139, -0.12186762
1175585828000, -0.45478916, 0.047647487, -0.12370021
1175590835000, -0.42119157, 0.0870483, -0.13744467
1175595801000, -0.33567044, 0.1432479, -0.15882497
1175601419000, -0.26725355, 0.19730948, -0.18967366
1175605904000, -0.17562376, 0.23640485, -0.20586158
1175610842000, -0.1423316, 0.2565634, -0.2302962
1175615798000, -0.09621128, 0.28527406, -0.26511553
1175620834000, -0.06872234, 0.30879238, -0.27885997
1175625749000, -0.039095376, 0.30543262, -0.30909783
1175630829000, -0.041233405, 0.27580565, -0.32253686
1175635818000, -0.06505715, 0.24190263, -0.33017266
1175640839000, -0.06658431, 0.20769419, -0.34055737
1175645760000, -0.073303826, 0.15851954, -0.35124752
1175650861000, -0.08399397, 0.11178834, -0.3567453
1175655761000, -0.09437868, 0.063224554, -0.35705075
1175660832000, -0.11728613, 0.004886922, -0.35796702
1175665786000, -0.10842858, -0.053450707, -0.36865717
1175670838000, -0.11178834, -0.09896017, -0.36865717
1175675774000, -0.096516706, -0.1255328, -0.36163223
1175680824000, -0.08307768, -0.16218472, -0.3539964
1175685804000, -0.07971791, -0.18173242, -0.3378085
1175690823000, -0.05375614, -0.1853976, -0.32498032
1175695820000, -0.014660766, -0.17806722, -0.3036
1175700869000, 0.036651913, -0.14996742, -0.3036
1175705832000, 0.06811147, -0.108123146, -0.28619036
1175710855000, 0.10781772, -0.064446285, -0.26542094
1175715833000, 0.13408493, -0.0076358155, -0.25992316
1175720805000, 0.13988814, 0.064751714, -0.25411993
1175725794000, 0.12980886, 0.11911872, -0.23487769
1175730859000, 0.1001819, 0.17379116, -0.22540927
1175735828000, 0.073303826, 0.23426682, -0.20708331
1175740819000, 0.027488936, 0.28680122, -0.20311269
1175745824000, -0.020158553, 0.33261612, -0.17562376
1175751008000, -0.07544186, 0.39828414, -0.14385876
1175755861000, -0.119729586, 0.4896085, -0.109650314
1175760890000, -0.19425514, 0.5910121, -0.064446285
1175765756000, -0.27458394, 0.6649268, -0.019547688
1175770730000, -0.3182608, 0.6908886, 0.027794369
1175775740000, -0.3717115, 0.7049385, 0.076052725
1175780729000, -0.37507126, 0.6951646, 0.081855945
1175785935000, -0.37690386, 0.61422503, 0.09407325
1175790738000, -0.34666604, 0.5030475, 0.070249505
1175795729000, -0.301462, 0.35521814, 0.021991149
1175800757000, -0.23243423, 0.25411993, -0.009773844
1175805731000, -0.19150625, 0.16249016, -0.0106901415
1175810740000, -0.13775012, 0.06811147, -0.025350908
1175815755000, -0.093767814, -0.007330383, -0.03848451
1175820762000, -0.070249505, -0.04062254, -0.043982297
1175825742000, -0.0711658, -0.0983493, -0.021991149
1175830715000, -0.0711658, -0.11453723, -0.015271631
1175835843000, -0.09040806, -0.14905111, 0.0125227375
1175840797000, -0.11575896, -0.15974127, 0.021991149
1175845778000, -0.14263703, -0.1685988, 0.047036625
1175850884000, -0.17806722, -0.15790866, 0.061391957
1175855926000, -0.18753563, -0.1563815, 0.11026118
1175860818000, -0.20311269, -0.122478485, 0.13072516
1175865880000, -0.22479841, -0.09132435, 0.16310102
1175870770000, -0.24923302, -0.06994407, 0.20830505
1175875830000, -0.26358834, -0.030848695, 0.23396139
1175880776000, -0.2968805, 0.03726278, 0.24831672
1175885836000, -0.30940324, 0.1151481, 0.27855456
1175890725000, -0.3155119, 0.1994475, 0.3145956
1175895835000, -0.34147367, 0.2874121, 0.35002577
1175900835000, -0.3549127, 0.36896262, 0.36560285
1175905869000, -0.37782016, 0.45112398, 0.38759398
1175910732000, -0.38056904, 0.5149594, 0.41630468
1175915881000, -0.38881573, 0.5717699, 0.41080686
1175920732000, -0.40011674, 0.593761, 0.3817908
1175925842000, -0.41355577, 0.5907067, 0.36285394
1175930781000, -0.408058, 0.56077427, 0.34666604
1175935846000, -0.4083634, 0.5299256, 0.31581733
1175940808000, -0.40286562, 0.49296826, 0.28344148
1175945835000, -0.37904188, 0.45265114, 0.25045475
1175950823000, -0.3539964, 0.3930918, 0.20861048
1175955884000, -0.32498032, 0.3182608, 0.16646078
1175960793000, -0.26267207, 0.24007004, 0.13439035
1175965845000, -0.20463985, 0.17379116, 0.102319926
1175970778000, -0.17287487, 0.15454891, 0.07513642
1175975829000, -0.1432479, 0.11148291, 0.06291912
1175980741000, -0.1414153, 0.087964594, 0.05497787
1175985840000, -0.10445796, 0.089186326, 0.05100725
1175990727000, -0.07147124, 0.09315695, 0.041233405
1175995831000, -0.04550946, 0.09285152, 0.025961773
1176000827000, -0.018936822, 0.089186326, 0.026572637
1176005895000, 0.0070249503, 0.076358154, 0.021685716
1176010795000, 0.03481932, 0.04795292, 0.023518313
1176015821000, 0.03940081, 0.01740966, 0.030543262
1176020805000, 0.04642576, 0.009468411, 0.040927973
1176025836000, 0.0580322, -0.0021380284, 0.050396383
1176030842000, 0.05375614, -0.010079277, 0.0580322
1176035834000, 0.061086524, -0.011911872, 0.064751714
1176040854000, 0.050701816, -0.0143553335, 0.070554934
1176045835000, 0.048258353, -0.0033597588, 0.08032878
1176050908000, 0.029932396, -0.005192355, 0.08093964
1176055852000, 0.027488936, 0.0015271631, 0.0852157
1176060833000, 0.025350908, 0.010079277, 0.08368854
1176065842000, 0.030543262, 0.013439035, 0.0888809
1176070821000, 0.02076942, 0.008246681, 0.09162979
1176075829000, 0.029932396, 0.027488936, 0.09040806
1176080831000, 0.030848695, 0.030848695, 0.087659165
1176085839000, 0.031154128, 0.036651913, 0.08857546
1176090836000, 0.025045475, 0.07544186, 0.094989546
1176095833000, 0.026572637, 0.087964594, 0.10567969
1176100851000, 0.021380283, 0.110872045, 0.10751228
1176105877000, 0.026267206, 0.129198, 0.11178834
1176110838000, -0.004581489, 0.13041973, 0.10354166
1176115839000, -0.010079277, 0.12797627, 0.11148291
1176120839000, -0.022296581, 0.12583824, 0.110872045
1176125837000, -0.035124753, 0.12034045, 0.10140363
1176130839000, -0.041233405, 0.10995574, 0.090713486
1176135833000, -0.050396383, 0.105068825, 0.08674286
1176140829000, -0.06566802, 0.087659165, 0.08307768
1176145821000, -0.062308256, 0.07544186, 0.076052725
1176150865000, -0.070554934, 0.08246681, 0.07452556
1176155833000, -0.07819075, 0.06963864, 0.06872234
1176160837000, -0.08827003, 0.065973446, 0.054367006
1176165825000, -0.089186326, 0.04734206, 0.04795292
1176170824000, -0.094989546, 0.045814894, 0.048258353
1176175811000, -0.0870483, 0.0106901415, 0.047036625
1176180823000, -0.087964594, -0.019242255, 0.044593163
1176185732000, -0.07513642, -0.04795292, 0.037873644
1176190834000, -0.06383542, -0.07360926, 0.032375857
1176195749000, -0.055588737, -0.09468412, 0.02565634
1176200839000, -0.044898596, -0.12034045, 0.016493361
1176205804000, -0.04520403, -0.13652839, 0.021685716
1176210841000, -0.04795292, -0.1459968, 0.02076942
1176215755000, -0.03390302, -0.13927728, 0.009468411
1176220849000, -0.043676864, -0.12583824, 0.016798794
1176225726000, -0.04520403, -0.1337795, 0.015271631
1176230829000, -0.037873644, -0.12186762, 0.015577064
1176235765000, -0.03604105, -0.109650314, 0.011301007
1176240837000, -0.024129177, -0.09162979, 0.01160644
1176245802000, -0.016798794, -0.07147124, 0.004886922
1176250833000, -0.013133603, -0.06627888, -0.005192355
1176255843000, -0.008857546, -0.050701816, -0.0033597588
1176260796000, -0.003970624, -0.036651913, -0.014049901
1176265789000, -0.004581489, -0.021991149, -0.011301007
1176270801000, -0.020463986, -0.017104227, -0.013133603
1176275822000, -0.029932396, -0.0027488936, -0.011301007
1176280771000, -0.03390302, 0.026267206, -0.0033597588
1176285776000, -0.05375614, 0.056199603, -0.0143553335
1176290795000, -0.08735373, 0.07574729, -0.020463986
1176295783000, -0.09560041, 0.08674286, -0.015882496
1176300878000, -0.112399206, 0.113926366, -0.009773844
1176305792000, -0.13072516, 0.1441642, -0.009162978
1176310793000, -0.13652839, 0.15241088, -0.008552114
1176315757000, -0.13439035, 0.15485434, -0.022602014
1176320804000, -0.13622294, 0.14782938, -0.02443461
1176325730000, -0.12980886, 0.13530666, -0.036651913
1176330755000, -0.089491755, 0.12736541, -0.04062254
1176335757000, -0.07147124, 0.108123146, -0.03970624
1176340793000, -0.049480084, 0.087964594, -0.045814894
1176345753000, -0.030848695, 0.07238753, -0.05589417
1176350885000, -0.01282817, 0.058948494, -0.049785517
1176355820000, -0.0018325958, 0.047036625, -0.05467244
1176360792000, 0.0125227375, 0.026267206, -0.057726767
1176365749000, 0.005192355, 0.02076942, -0.05222898
1176370799000, 6.1086525E-4, 0.009468411, -0.055283304
1176375768000, 0.00580322, 0.0021380284, -0.0571159
1176380819000, 0.00580322, -0.008246681, -0.059864793
1176385791000, -0.003970624, -0.014660766, -0.058948494
1176390830000, -6.1086525E-4, -0.023823744, -0.0571159
1176395820000, -0.005497787, -0.03268129, -0.057421334
1176400936000, -0.01282817, -0.042760566, -0.054367006
1176405913000, -0.013744468, -0.061391957, -0.046731193
1176410831000, 9.162979E-4, -0.08460484, -0.051923547
1176415815000, 0.012217305, -0.09101892, -0.04428773
1176420840000, 0.019242255, -0.118507855, -0.04795292
1176425836000, 0.025045475, -0.13927728, -0.046731193
1176430769000, 0.0421497, -0.14844026, -0.051618114
1176435804000, 0.058948494, -0.16646078, -0.04886922
1176440797000, 0.06566802, -0.18020524, -0.048563786
1176445779000, 0.07269296, -0.18020524, -0.046120327
1176450857000, 0.074830994, -0.17654006, -0.046731193
1176455853000, 0.06811147, -0.17073683, -0.052839845
1176460786000, 0.06719518, -0.17715092, -0.053145275
1176465802000, 0.06078109, -0.1704314, -0.054367006
1176470757000, 0.05100725, -0.15760323, -0.051618114
1176475797000, 0.053145275, -0.15210545, -0.053145275
1176480739000, 0.041233405, -0.14935656, -0.052839845
1176485808000, 0.026267206, -0.14935656, -0.057421334
1176490724000, 0.027794369, -0.15057829, -0.061391957
1176495778000, 0.010079277, -0.15577064, -0.06352998
1176500815000, 0.007330383, -0.15454891, -0.061391957
1176505847000, -0.004886922, -0.1554652, -0.074830994
1176510774000, -0.004581489, -0.15577064, -0.0693332
1176515780000, -0.0143553335, -0.13958271, -0.064751714
1176520791000, -0.024129177, -0.13225232, -0.06811147
1176525796000, -0.032375857, -0.118507855, -0.064446285
1176531132000, -0.03023783, -0.103847094, -0.0580322
1176535770000, -0.04184427, -0.08674286, -0.048563786
1176541060000, -0.04917465, -0.08155051, -0.04520403
1176545800000, -0.047036625, -0.06047566, -0.04062254
1176550822000, -0.04153884, -0.054061573, -0.032986723
1176555810000, -0.040927973, -0.03573562, -0.016798794
1176560725000, -0.036651913, -0.027183503, -0.014049901
1176565783000, -0.03756821, -0.020463986, -6.1086525E-4
1176570805000, -0.040011674, -6.1086525E-4, 0.0033597588
1176575792000, -0.030543262, 0.01863139, 0.011911872
1176580786000, -0.039095376, 0.027794369, 0.02565634
1176585802000, -0.04520403, 0.028405234, 0.035430185
1176590819000, -0.05100725, 0.04550946, 0.037873644
1176595814000, -0.05955936, 0.044593163, 0.047036625
1176600807000, -0.059864793, 0.03940081, 0.043676864
1176605798000, -0.058337633, 0.040011674, 0.040317107
1176610794000, -0.06627888, 0.032986723, 0.037873644
1176615783000, -0.07238753, 0.028710667, 0.032986723
1176620801000, -0.07574729, 0.016798794, 0.025045475
1176625796000, -0.061086524, 0.030848695, 0.02076942
1176630770000, -0.07238753, 0.013744468, 0.008246681
1176635805000, -0.063224554, 0.019242255, 0.016493361
1176640797000, -0.07086037, 0.0143553335, 0.007330383
1176645778000, -0.0711658, 0.015882496, 0.005497787
1176650837000, -0.07391469, 0.02321288, 0.0033597588
1176655840000, -0.07513642, 0.02443461, -9.162979E-4
1176660792000, -0.06719518, 0.026267206, -0.0018325958
1176665774000, -0.062308256, 0.036957346, -0.0018325958
1176670801000, -0.07238753, 0.04917465, -0.0061086523
1176675795000, -0.064446285, 0.05497787, -0.0012217305
1176680774000, -0.05955936, 0.06383542, 0.0018325958
1176685793000, -0.057421334, 0.06383542, -0.00580322
1176690794000, -0.060170226, 0.06688975, -0.009468411
1176695778000, -0.05100725, 0.06047566, -0.0070249503
1176700857000, -0.052534413, 0.061391957, -3.0543262E-4
1176705863000, -0.04642576, 0.061086524, 0.005497787
