#Rate of rotation around the x y z axes (Angular velocity).
#timestamp(ns),x,y,z(rad/s)
#Datetime: 02/04/2015 17:33:52
##########################################
#Activity: 8 - CSI - Car-Step in - 6s
#Subject ID: 42
#First Name: sub42
#Last Name: sub42
#Age: 22
#Height(cm): 173
#Weight(kg): 73
#Gender: Male
##########################################

@DATA
1000702385000, -0.010995574, 0.06414085, -0.009162978
1000706619000, -0.008857546, 0.05131268, 0.0015271631
1000711613000, -0.014049901, 0.043676864, 0.009162978
1000716636000, -0.023518313, 0.037873644, 0.0143553335
1000721627000, -0.030848695, 0.029932396, 0.02107485
1000726596000, -0.025045475, 0.028405234, 0.026267206
1000731570000, -0.02321288, 0.0143553335, 0.039095376
1000736586000, -0.030543262, 0.005192355, 0.04153884
1000741653000, -0.029321533, -6.1086525E-4, 0.04886922
1000746652000, -0.03756821, -0.005497787, 0.051618114
1000751682000, -0.03848451, -0.0076358155, 0.046731193
1000756657000, -0.043066, -0.018325957, 0.04153884
1000761653000, -0.043676864, -0.013133603, 0.03634648
1000766686000, -0.053450707, -0.0076358155, 0.028710667
1000772102000, -0.043982297, 0.005497787, 0.018936822
1000776660000, -0.040927973, -0.0106901415, 0.016493361
1000781619000, -0.04062254, -0.008857546, 0.01282817
1000786702000, -0.032070424, -0.013133603, 0.004886922
1000791656000, -0.028099801, -0.004581489, 0.0027488936
1000796708000, -0.020158553, -0.0036651916, -0.0076358155
1000801701000, -0.019547688, 0.012217305, -0.01282817
1000806656000, -0.015577064, 0.018020526, -0.01863139
1000811665000, -0.01282817, 0.0106901415, -0.015577064
1000818280000, -0.023518313, 0.014660766, -0.009468411
1000821668000, -0.01863139, 0.020463986, -0.0076358155
1000826651000, -0.01985312, 0.029321533, -0.0061086523
1000831641000, -0.030848695, 0.041233405, -9.162979E-4
1000836653000, -0.03268129, 0.040927973, -6.1086525E-4
1000841706000, -0.03848451, 0.03390302, 0.00580322
1000846655000, -0.037873644, 0.034208454, 0.010079277
1000851669000, -0.043676864, 0.029321533, 0.013744468
1000856653000, -0.047036625, 0.013744468, 0.0125227375
1000861647000, -0.048258353, 0.007941248, 0.027183503
1000866614000, -0.035124753, -0.003970624, 0.032986723
1000871624000, -0.044898596, -0.024129177, 0.04062254
1000876615000, -0.040317107, -0.035430185, 0.044898596
1000881593000, -0.046731193, -0.033292156, 0.046731193
1000886623000, -0.043066, -0.04153884, 0.04917465
1000891616000, -0.040317107, -0.035430185, 0.056199603
1000896605000, -0.0421497, -0.016493361, 0.051618114
1000901657000, -0.0421497, 0.005192355, 0.05222898
1000906613000, -0.05467244, 0.01985312, 0.040927973
1000911644000, -0.05222898, 0.040011674, 0.03268129
1000916611000, -0.06352998, 0.056505036, 0.025045475
1000921628000, -0.07086037, 0.058643065, 0.01863139
1000926613000, -0.06841691, 0.059864793, 0.009773844
1000931574000, -0.073303826, 0.047036625, 0.004886922
1000936624000, -0.06872234, 0.01740966, -0.0012217305
1000941612000, -0.060170226, -0.014966198, -0.0012217305
1000946605000, -0.06261369, -0.034513887, 6.1086525E-4
1000951624000, -0.0580322, -0.069027774, -0.0070249503
1000956616000, -0.03848451, -0.089186326, -0.005192355
1000961618000, -0.025961773, -0.10048734, -0.005192355
1000966616000, -0.013744468, -0.10873401, 0.0018325958
1000971618000, -0.0033597588, -0.11209377, 0.002443461
1000976610000, -3.0543262E-4, -0.11209377, -0.004886922
1000981609000, 0.0067195175, -0.10995574, -0.0012217305
1000986633000, 0.030543262, -0.10873401, -0.0070249503
1000991614000, 0.027183503, -0.101098195, 6.1086525E-4
1000996610000, 0.034208454, -0.08307768, -0.0012217305
1001001661000, 0.042455133, -0.056505036, -0.002443461
1001006677000, 0.03390302, -0.036957346, -0.0036651916
1001011616000, 0.042455133, -0.03176499, -0.004581489
1001016650000, 0.03940081, -0.023823744, -0.002443461
1001021627000, 0.042455133, -0.010995574, -0.01985312
1001027273000, 0.039095376, -0.02107485, -0.031154128
1001031600000, 0.036651913, -0.020158553, -0.026267206
1001036633000, 0.029932396, -0.026267206, -0.026572637
1001041616000, 0.02443461, -0.031154128, -0.02687807
1001046611000, 0.01160644, -0.01740966, -0.035430185
1001051694000, 0.011301007, -0.014660766, -0.040011674
1001056617000, -0.007941248, -0.009468411, -0.034513887
1001061616000, -0.022296581, 0.0021380284, -0.034208454
1001066630000, -0.05009095, 0.023518313, -0.043982297
1001071621000, -0.062308256, 0.04550946, -0.05497787
1001076614000, -0.0693332, 0.06414085, -0.055588737
1001081596000, -0.08552113, 0.07452556, -0.051618114
1001086623000, -0.09590584, 0.073303826, -0.048563786
1001091613000, -0.112399206, 0.08032878, -0.046120327
1001097411000, -0.11056661, 0.08307768, -0.037873644
1001101658000, -0.12675454, 0.08277224, -0.035430185
1001106654000, -0.12522738, 0.08093964, -0.028710667
1001111612000, -0.13072516, 0.08552113, -0.022296581
1001116605000, -0.12980886, 0.08460484, -0.019242255
1001121631000, -0.118507855, 0.06994407, -0.010995574
1001126615000, -0.12308934, 0.05589417, 6.1086525E-4
1001131599000, -0.106595986, 0.04550946, 0.01282817
1001136626000, -0.1001819, 0.04337143, 0.015882496
1001141619000, -0.08246681, 0.049785517, 0.026267206
1001146610000, -0.09132435, 0.04642576, 0.021685716
1001151626000, -0.08674286, 0.049480084, 0.02687807
1001156622000, -0.08827003, 0.044593163, 0.029626964
1001161615000, -0.084910266, 0.04642576, 0.019547688
1001166701000, -0.09865474, 0.03359759, 0.015271631
1001171619000, -0.095294975, 0.018325957, 0.01038471
1001176613000, -0.09315695, 0.023823744, -0.00580322
1001181587000, -0.09621128, 0.028099801, -0.01985312
1001186624000, -0.09865474, 0.037873644, -0.035124753
1001191625000, -0.0888809, 0.054061573, -0.055283304
1001196632000, -0.106901415, 0.063224554, -0.064446285
1001201664000, -0.10751228, 0.0711658, -0.073303826
1001206655000, -0.098043874, 0.08582657, -0.087659165
1001211638000, -0.09193522, 0.089491755, -0.10170906
1001216606000, -0.101098195, 0.10048734, -0.1020145
1001221626000, -0.10567969, 0.10781772, -0.10323623
1001226617000, -0.10629055, 0.1160644, -0.116980694
1001231596000, -0.111177474, 0.13103059, -0.12583824
1001236623000, -0.116980694, 0.1441642, -0.12705997
1001241652000, -0.12461651, 0.15668693, -0.13622294
1001246654000, -0.14202617, 0.17592919, -0.13347405
1001251726000, -0.16126843, 0.18203785, -0.13744467
1001256760000, -0.17256944, 0.1863139, -0.13408493
1001261658000, -0.1908954, 0.18936823, -0.118202426
1001266705000, -0.2180789, 0.17959438, -0.105068825
1001271660000, -0.22113322, 0.18875736, -0.09590584
1001276652000, -0.23548855, 0.19425514, -0.08093964
1001281613000, -0.2602286, 0.19394971, -0.06963864
1001286649000, -0.2733622, 0.19242255, -0.04795292
1001291650000, -0.3042109, 0.17837265, -0.021380283
1001296656000, -0.32650748, 0.16249016, 0.0070249503
1001301696000, -0.34483343, 0.1441642, 0.02107485
1001306643000, -0.3643811, 0.112704635, 0.05009095
1001311657000, -0.40408736, 0.0888809, 0.08124508
1001316743000, -0.4120286, 0.06352998, 0.09560041
1001321662000, -0.464563, 0.034513887, 0.11881329
1001326650000, -0.50915617, 0.013439035, 0.14019357
1001331585000, -0.5390886, 0.00580322, 0.15577064
1001336653000, -0.59040123, 0.004581489, 0.16829337
1001341697000, -0.64568454, 0.0076358155, 0.1863139
1001346628000, -0.6957755, 0.011301007, 0.18417588
1001352438000, -0.754724, 0.01740966, 0.18417588
1001356620000, -0.8185594, 0.028099801, 0.17745635
1001361648000, -0.8671232, 0.032375857, 0.1731803
1001366631000, -0.9111055, 0.032986723, 0.16829337
1001371621000, -0.9434814, 0.032375857, 0.16401732
1001376621000, -0.9728029, 0.0290161, 0.16249016
1001381587000, -0.9984592, 0.03634648, 0.15485434
1001386628000, -1.0421361, 0.050396383, 0.15088372
1001391611000, -1.0900891, 0.04734206, 0.13103059
1001396590000, -1.1499538, 0.05131268, 0.13469578
1001401623000, -1.2339478, 0.052534413, 0.13652839
1001406624000, -1.3151928, 0.063224554, 0.14019357
1001411612000, -1.378112, 0.09315695, 0.14538592
1001418340000, -1.416902, 0.13805555, 0.16340645
1001422343000, -1.4727961, 0.23426682, 0.22082779
1001426617000, -1.5402967, 0.269697, 0.23701571
1001431592000, -1.5567901, 0.34972036, 0.2751948
1001436585000, -1.5784758, 0.43004912, 0.3368922
1001441567000, -1.5971072, 0.49877146, 0.39828414
1001446612000, -1.5885551, 0.5531385, 0.47983465
1001452292000, -1.6157386, 0.60139686, 0.56016344
1001456570000, -1.6392568, 0.64751714, 0.634689
1001461565000, -1.6933185, 0.6786713, 0.7113526
1001466578000, -1.7562376, 0.70463306, 0.7825184
1001471672000, -1.8383989, 0.71929383, 0.8741482
1001476647000, -1.9120082, 0.74128497, 0.97097033
1001481601000, -1.9764545, 0.77304995, 1.0754282
1001486698000, -2.0164661, 0.7840455, 1.1695015
1001492312000, -2.046704, 0.7852673, 1.2702943
1001496646000, -2.0839667, 0.75136423, 1.3469579
1001501663000, -2.0912971, 0.7134906, 1.3814718
1001506667000, -2.087632, 0.70554936, 1.3741413
1001511650000, -2.0790799, 0.70952, 1.3539828
1001516671000, -2.0912971, 0.7199047, 1.3121386
1001521669000, -2.155438, 0.7244862, 1.2406673
1001526654000, -2.2434027, 0.7675522, 1.1670581
1001531617000, -2.320677, 0.8518516, 1.0629056
1001536660000, -2.3448062, 0.96577793, 0.97249746
1001541598000, -2.2950208, 1.106277, 0.8918633
1001546644000, -2.1358902, 1.2479976, 0.83199847
1001551670000, -1.9407189, 1.3264939, 0.77366084
1001556667000, -1.7052304, 1.3585643, 0.71776664
1001561864000, -1.466382, 1.3692545, 0.68325275
1001566620000, -1.2324207, 1.3756685, 0.6554584
1001571626000, -1.0177015, 1.353372, 0.6435465
1001576614000, -0.84238315, 1.303281, 0.63255095
1001581605000, -0.7287622, 1.2654073, 0.63621616
1001586594000, -0.6585127, 1.2293663, 0.6374379
1001591620000, -0.6197228, 1.2483032, 0.6591236
1001596598000, -0.61575216, 1.2302825, 0.6588182
1001601719000, -0.6093381, 1.2147056, 0.64599
1001606634000, -0.61269784, 1.2030991, 0.63132924
1001611621000, -0.6096435, 1.1893547, 0.61178154
1001616664000, -0.61911196, 1.162782, 0.5873469
1001621631000, -0.61208695, 1.1184943, 0.5665775
1001626611000, -0.61727935, 1.0714576, 0.5516113
1001631610000, -0.6093381, 1.0290025, 0.5311473
1001636621000, -0.59650993, 0.97341377, 0.4990769
1001641607000, -0.56016344, 0.91690874, 0.46853364
1001646587000, -0.50854534, 0.8790351, 0.44043383
1001651629000, -0.46028697, 0.8491027, 0.4196644
1001656618000, -0.39858958, 0.82894415, 0.39553526
1001661615000, -0.34208453, 0.8249735, 0.35979962
1001666597000, -0.27488935, 0.8155051, 0.3408628
1001671627000, -0.20708331, 0.80756384, 0.31398472
1001677434000, -0.13652839, 0.79443026, 0.28924468
1001681592000, -0.06811147, 0.7852673, 0.27458394
1001686622000, 0.0021380284, 0.7828238, 0.24709499
1001691616000, 0.06872234, 0.7849618, 0.23854288
1001696589000, 0.11881329, 0.79351395, 0.22876903
1001701634000, 0.17440203, 0.79717916, 0.22540927
1001706655000, 0.24678956, 0.8051204, 0.19883664
1001711648000, 0.2864958, 0.8155051, 0.16798794
1001716668000, 0.34391713, 0.8344419, 0.13744467
1001721662000, 0.42424592, 0.86559606, 0.12339478
1001726661000, 0.4896085, 0.9049969, 0.093462385
1001731642000, 0.5561928, 0.9560041, 0.06505715
1001736656000, 0.61636305, 1.0002918, 0.025045475
1001741651000, 0.66523224, 1.0299188, -0.022907447
1001747492000, 0.7244862, 1.0552697, -0.07147124
1001751674000, 0.78801614, 1.054048, -0.118202426
1001756666000, 0.84207773, 1.0497719, -0.16218472
1001761651000, 0.8854492, 1.0299188, -0.19822577
1001766623000, 0.929126, 0.98899084, -0.2312125
1001771629000, 0.9483683, 0.9245446, -0.24740042
1001776613000, 0.9642508, 0.8402451, -0.25717425
1001781595000, 0.97524637, 0.70249504, -0.27305678
1001786630000, 1.0323622, 0.5500842, -0.27580565
1001791615000, 1.0818423, 0.40225476, -0.27366763
1001796603000, 1.1377366, 0.2843578, -0.27977628
1001801677000, 1.1933253, 0.2406809, -0.28221974
1001806604000, 1.2464706, 0.17440203, -0.2761111
1001811609000, 1.2831224, 0.15332718, -0.2846632
1001818485000, 1.3509285, 0.16737708, -0.29932398
1001821628000, 1.4193454, 0.18784106, -0.29779682
1001826611000, 1.4853189, 0.18997909, -0.2941316
1001831595000, 1.5555683, 0.19058995, -0.30085114
1001836652000, 1.6154331, 0.1563815, -0.29657507
1001841655000, 1.674687, 0.110872045, -0.2828306
1001846646000, 1.6951511, 0.026267206, -0.27672195
1001851704000, 1.676825, -0.06841691, -0.26847526
1001856786000, 1.6264287, -0.17287487, -0.25289822
1001861640000, 1.5393804, -0.27763826, -0.22357668
1001866644000, 1.4428637, -0.33383787, -0.17348573
1001871654000, 1.2770138, -0.39492437, -0.11881329
1001876650000, 1.0601566, -0.44440445, -0.044593163
1001881605000, 0.79290307, -0.49327368, 0.032375857
1001886710000, 0.5177083, -0.5705481, 0.111177474
1001891652000, 0.23365596, -0.659429, 0.18784106
1001896642000, -0.015271631, -0.77549344, 0.27947086
1001901729000, -0.22235495, -0.90102625, 0.36743546
1001906733000, -0.35888332, -0.97310835, 0.4569272
1001911652000, -0.3744604, -1.133155, 0.49021935
1001916674000, -0.29932398, -1.2913691, 0.52320606
1001921655000, -0.16371189, -1.4553864, 0.50610185
1001926650000, -0.013439035, -1.6410894, 0.4196644
1001931640000, 0.12980886, -1.7867808, 0.29535335
1001936657000, 0.27305678, -1.8457294, 0.1685988
1001941634000, 0.38453966, -1.7763962, 0.14202617
1001946651000, 0.4859433, -1.5473217, 0.2321288
1001951688000, 0.58551437, -1.2333369, 0.40103304
1001956726000, 0.6808093, -0.9633345, 0.5717699
1001961602000, 0.7480045, -0.8081747, 0.6927212
1001967070000, 0.7635816, -0.7696902, 0.7302894
1001971608000, 0.691194, -0.80664754, 0.7199047
1001976634000, 0.5308419, -0.8854492, 0.6407976
1001981589000, 0.29901853, -0.9633345, 0.5174029
1001986660000, 0.02321288, -0.99021256, 0.35308012
1001991603000, -0.20097467, -0.86376345, 0.14996742
1001996652000, -0.35705075, -0.49327368, -0.03970624
1002001636000, -0.37934732, -0.23335053, -0.18936823
1002006739000, -0.3378085, 0.34391713, -0.24678956
1002011545000, -0.19700404, 0.79290307, -0.39858958
1002016682000, -0.073303826, 1.0424415, -0.5519168
1002021553000, -0.02321288, 1.1768318, -0.68325275
1002026624000, -0.064446285, 1.3179418, -0.8063421
1002031677000, -0.17989981, 1.45783, -0.91904676
1002036651000, -0.38087448, 1.672549, -1.0338894
1002041603000, -0.6582073, 1.9550742, -1.1472049
1002046997000, -0.9056077, 2.250122, -1.2202033
1002051716000, -1.0436633, 2.4388795, -1.196685
1002056663000, -1.0332786, 2.399784, -1.0778717
1002061725000, -0.92485, 2.0638082, -0.8561276
1002066579000, -0.6979135, 1.5189165, -0.5369505
1002072260000, -0.35521814, 0.8167268, -0.1554652
1002076578000, 0.01863139, 0.070249505, 0.25625798
1002081599000, 0.4111123, -0.47586402, 0.6032294
1002086592000, 0.71593404, -0.8008443, 0.8417723
1002091610000, 0.88789266, -0.9440922, 0.9828822
1002096614000, 0.95142263, -0.9483683, 1.0903945
1002101711000, 0.9425651, -0.8335256, 1.1893547
1002106640000, 0.9257663, -0.78954333, 1.2250903
1002111612000, 0.9053023, -0.81245077, 1.239751
1002116684000, 0.9049969, -0.92149025, 1.2400564
1002121588000, 0.94042706, -0.9786061, 1.2284501
1002126615000, 0.9896017, -0.91813046, 1.1664472
1002131571000, 0.9779953, -0.77518797, 1.0671816
1002136633000, 0.8891144, -0.56291234, 0.92087936
1002141863000, 0.7742717, -0.32253686, 0.77732605
1002146608000, 0.69913524, -0.09712757, 0.6646214
1002151600000, 0.65179324, 0.040927973, 0.59498274
1002156615000, 0.65118235, 0.09285152, 0.57848936
1002161581000, 0.66523224, 0.11636983, 0.5910121
1002166656000, 0.6704246, 0.10048734, 0.6246097
1002171594000, 0.62888575, 0.030543262, 0.655153
1002176613000, 0.5742133, -0.074830994, 0.6969972
1002181700000, 0.5161811, -0.1853976, 0.72112644
1002186660000, 0.44837508, -0.27947086, 0.7174612
1002191588000, 0.36346483, -0.38912117, 0.6924158
1002196603000, 0.28619036, -0.43951756, 0.6591236
1002201757000, 0.24495697, -0.50854534, 0.6032294
1002206723000, 0.13775012, -0.5543602, 0.57818395
1002212087000, 0.10262536, -0.6230826, 0.46761733
1002216700000, 0.04734206, -0.6444628, 0.43157628
1002221775000, 0.037873644, -0.70371675, 0.3707952
1002226616000, 0.032070424, -0.80848014, 0.34574974
1002231703000, 0.044898596, -0.874759, 0.31429017
1002236602000, 0.06414085, -0.883922, 0.2947425
1002241798000, 0.0580322, -0.84757555, 0.2947425
1002246608000, 0.05100725, -0.8054258, 0.31612277
1002251666000, 0.030543262, -0.7510588, 0.3463606
1002256701000, 6.1086525E-4, -0.6560693, 0.33567044
1002261554000, -0.03481932, -0.54092115, 0.34330627
1002266656000, -0.087659165, -0.39461896, 0.34513888
1002271558000, -0.11056661, -0.22937989, 0.35002577
1002276624000, -0.1328632, -0.029321533, 0.36102137
1002281573000, -0.160963, 0.103847094, 0.3576616
1002286595000, -0.1685988, 0.21533, 0.3472769
1002291570000, -0.16493362, 0.29657507, 0.32162055
1002296609000, -0.1441642, 0.33475417, 0.29138273
1002301674000, -0.14385876, 0.36468655, 0.2706133
1002306732000, -0.13408493, 0.38881573, 0.23426682
1002311646000, -0.13316862, 0.3933972, 0.19792034
1002316678000, -0.14935656, 0.36743546, 0.17104226
1002321622000, -0.17134771, 0.31123585, 0.15027285
1002326613000, -0.18509217, 0.20341812, 0.13683382
1002331604000, -0.17684549, 0.07971791, 0.12339478
1002336597000, -0.16249016, -0.05131268, 0.11209377
1002341615000, -0.15607607, -0.14966199, 0.10781772
1002346601000, -0.14782938, -0.23762658, 0.0842994
1002351618000, -0.16035213, -0.2929099, 0.07880162
1002356618000, -0.19272798, -0.3680463, 0.079107046
1002361616000, -0.23671028, -0.43249258, 0.07422013
1002366600000, -0.2678644, -0.49235737, 0.07544186
1002371617000, -0.29871312, -0.5357288, 0.06841691
1002376618000, -0.3268129, -0.5467244, 0.06658431
1002381600000, -0.37110063, -0.5534439, 0.062002823
1002386552000, -0.3943135, -0.5510005, 0.042760566
1002391613000, -0.4541783, -0.54061574, 0.021991149
1002397334000, -0.5204572, -0.5323691, 0.002443461
1002401635000, -0.5665775, -0.5314528, -0.01038471
1002406612000, -0.64751714, -0.5684101, -0.026267206
1002411612000, -0.7431176, -0.627664, -0.052839845
1002416653000, -0.82986045, -0.6927212, -0.07971791
1002421604000, -0.8790351, -0.74036866, -0.1001819
1002426551000, -0.9101892, -0.7684685, -0.14752395
1002431595000, -0.9324858, -0.7696902, -0.20861048
1002436558000, -0.9315695, -0.7296785, -0.2501493
1002441617000, -0.91507614, -0.65209866, -0.29046643
1002446594000, -0.90408057, -0.58001655, -0.3387248
1002451606000, -0.883922, -0.50793445, -0.36743546
1002456586000, -0.838718, -0.4569272, -0.39187005
1002461612000, -0.8026769, -0.4437936, -0.40286562
1002466749000, -0.7861836, -0.44837508, -0.40775254
1002471647000, -0.7834347, -0.46853364, -0.39736784
1002476634000, -0.7635816, -0.464563, -0.3680463
1002481613000, -0.77091193, -0.44990227, -0.33169982
1002486623000, -0.8051204, -0.42913285, -0.2959642
1002491636000, -0.86529064, -0.43493605, -0.26450464
1002496675000, -0.9502009, -0.45204028, -0.24190263
1002501627000, -0.9831876, -0.51343226, -0.20066923
1002506753000, -1.0528263, -0.6056729, -0.15943582
1002511646000, -1.1071932, -0.7257079, -0.12461651
1002516707000, -1.1441506, -0.82527894, -0.08460484
1002521635000, -1.1887437, -0.91599244, -0.052839845
1002526638000, -1.2415836, -0.98899084, -0.02443461
1002531637000, -1.2950343, -1.0626001, 0.004886922
1002536666000, -1.3503176, -1.1572843, 0.028405234
1002541655000, -1.3839152, -1.2589933, 0.04642576
1002546628000, -1.3952162, -1.3585643, 0.054061573
1002551653000, -1.3720033, -1.4486669, 0.05681047
1002556670000, -1.3310753, -1.5063937, 0.052839845
1002561649000, -1.3139712, -1.529912, 0.03756821
1002566700000, -1.3075571, -1.5076154, 0.010079277
1002571924000, -1.3350459, -1.4657712, -0.019242255
1002576651000, -1.3539828, -1.3756685, -0.044898596
1002581587000, -1.38025, -1.2586879, -0.057726767
1002586663000, -1.4376713, -1.1582005, -0.063224554
1002591635000, -1.4880677, -1.1044444, -0.070249505
1002596609000, -1.5415184, -1.0100657, -0.07971791
1002601598000, -1.5662584, -0.8949176, -0.09010262
1002606636000, -1.6062702, -0.7623598, -0.095294975
1002611614000, -1.6609426, -0.6783658, -0.09743301
1002616649000, -1.6985108, -0.66981375, -0.09682214
1002621623000, -1.7327193, -0.7693848, -0.073303826
1002626611000, -1.740966, -0.9416488, -0.037873644
1002631597000, -1.7153096, -1.1481212, 0.002443461
1002636618000, -1.6258179, -1.2932017, 0.03756821
1002641549000, -1.5039502, -1.3692545, 0.060170226
1002646637000, -1.3701707, -1.366811, 0.073303826
1002651612000, -1.2409728, -1.2980887, 0.07849618
1002656661000, -1.138042, -1.1820242, 0.08857546
1002661608000, -1.0635164, -1.0393872, 0.11209377
1002666728000, -1.0118983, -0.87872964, 0.1160644
1002671557000, -0.97249746, -0.60903263, 0.08979719
1002676653000, -0.93676186, -0.29046643, 0.06078109
1002681625000, -0.94806284, 9.162979E-4, 0.02443461
1002686594000, -1.0100657, 0.18295415, -0.025045475
1002691621000, -1.1325442, 0.22266038, -0.07696902
1002696596000, -1.196685, 0.21533, -0.086132
1002701611000, -1.3332134, 0.09896017, -0.0711658
1002706617000, -1.4618006, -0.112704635, -0.021380283
1002711620000, -1.5497651, -0.39095375, 0.038179077
1002716589000, -1.5793921, -0.6246097, 0.12950343
1002721685000, -1.5888605, -0.77091193, 0.22907446
1002726648000, -1.591304, -0.84940815, 0.3036
1002731621000, -1.625207, -0.91996306, 0.36254853
1002736705000, -1.6643023, -1.0381655, 0.40408736
1002741715000, -1.6471981, -1.1823297, 0.42821655
1002746624000, -1.602605, -1.361924, 0.4196644
1002751700000, -1.5366315, -1.5289958, 0.3753767
1002757172000, -1.4199562, -1.6081028, 0.30940324
1002761614000, -1.3005321, -1.5830573, 0.22021692
1002766632000, -1.2092078, -1.398576, 0.13622294
1002771626000, -1.1505647, -1.1114693, 0.057726767
1002776601000, -1.1212431, -0.79901177, -0.0143553335
1002781611000, -1.0910053, -0.5149594, -0.06414085
1002786572000, -1.1432343, -0.4007276, -0.09010262
1002791713000, -1.2131784, -0.23548855, -0.10934488
1002796592000, -1.2754866, -0.13927728, -0.11301007
1002801726000, -1.2993103, -0.081855945, -0.1160644
1002806604000, -1.351234, -0.0421497, -0.10995574
1002811649000, -1.4245378, -0.03940081, -0.124005646
1002816590000, -1.4813483, -0.01985312, -0.1282817
1002821646000, -1.5775595, -0.028099801, -0.11911872
1002827232000, -1.6963727, -0.098043874, -0.109650314
1002831641000, -1.7989981, -0.19425514, -0.076052725
1002836624000, -1.8506162, -0.31703907, -0.025045475
1002841624000, -1.8802432, -0.43799037, 0.008246681
1002846596000, -1.8930714, -0.516792, 0.02076942
1002851625000, -1.8866574, -0.56138515, 0.0021380284
1002856625000, -1.858252, -0.5421429, -0.016187929
1002861618000, -1.8099937, -0.5045747, -0.06872234
1002866600000, -1.7437148, -0.42943826, -0.12644911
1002871617000, -1.6872098, -0.33964106, -0.17348573
1002876614000, -1.6490307, -0.2593123, -0.20861048
1002881584000, -1.6081028, -0.1731803, -0.23518312
1002886648000, -1.5858061, -0.11301007, -0.23518312
1002891556000, -1.5971072, 0.019242255, -0.23457226
1002897083000, -1.6340646, 0.14110987, -0.25503623
1002901563000, -1.7537941, 0.15882497, -0.25289822
1002906603000, -1.7916678, 0.20189096, -0.23823744
1002911551000, -1.8270979, 0.23335053, -0.21319197
1002916610000, -1.8310685, 0.25992316, -0.2049453
1002921610000, -1.8692477, 0.28893927, -0.1994475
1002926618000, -1.93797, 0.28221974, -0.23335053
1002931614000, -2.0234911, 0.24831672, -0.25595254
1002936612000, -2.0916026, 0.1881465, -0.26206118
1002941603000, -2.1300871, 0.08674286, -0.25595254
1002946651000, -2.1230621, -0.005497787, -0.24312437
1002951692000, -2.0732768, -0.11636983, -0.22907446
1002956715000, -1.996613, -0.21502456, -0.21777347
1002961548000, -1.91323, -0.30115658, -0.1777618
1002966687000, -1.8322903, -0.33169982, -0.17073683
1002971557000, -1.7403551, -0.27275133, -0.12675454
1002976656000, -1.676825, -0.23579398, -0.09132435
1002981631000, -1.6285667, -0.1872302, -0.052534413
1002986628000, -1.5867225, -0.16218472, 0.005497787
1002991582000, -1.5641204, -0.08124508, 0.0421497
1002996623000, -1.5357152, -0.058948494, 0.07819075
1003001623000, -1.5039502, -0.054061573, 0.1133155
1003006621000, -1.46852, -0.03023783, 0.14049901
1003011578000, -1.4401149, -0.016798794, 0.15088372
1003016663000, -1.4437801, -0.0290161, 0.15302174
1003021676000, -1.4816537, -0.019242255, 0.14660765
1003026661000, -1.5745052, 0.014966198, 0.15057829
1003031635000, -1.7116444, 0.09010262, 0.16279559
1003036637000, -1.8851302, 0.17134771, 0.22602014
1003041656000, -2.081218, 0.1740966, 0.22418754
1003046752000, -2.1951442, 0.116675265, 0.13713925
1003051694000, -2.228742, 0.10842858, 0.07391469
1003056635000, -2.2950208, 0.101098195, 0.003970624
1003061660000, -2.3845124, 0.118202426, -0.05497787
1003066637000, -2.4636195, 0.15821409, -0.10048734
1003071670000, -2.5515842, 0.17134771, -0.12980886
1003076650000, -2.6196957, 0.19486602, -0.17012598
1003082279000, -2.716823, 0.20219639, -0.20250183
1003086700000, -2.7904325, 0.20586158, -0.21930063
1003091743000, -2.8573222, 0.22357668, -0.22876903
1003096606000, -2.8851166, 0.2452624, -0.25442538
1003101620000, -2.9465084, 0.29871312, -0.25137106
1003106614000, -3.0020971, 0.35033122, -0.23609942
1003111618000, -3.0659328, 0.37598756, -0.2134974
1003116605000, -3.090062, 0.40469822, -0.19456059
1003121629000, -3.1410692, 0.40317106, -0.17073683
1003126567000, -3.1700852, 0.41141775, -0.13836098
1003131608000, -3.2204816, 0.42302418, -0.119729586
1003136549000, -3.2623258, 0.38240165, -0.116980694
1003141629000, -3.3081408, 0.38453966, -0.116675265
1003146617000, -3.381139, 0.33567044, -0.10293079
1003152364000, -3.40649, 0.22968534, -0.07269296
1003156607000, -3.397938, 0.076052725, -0.042760566
1003161653000, -3.3722816, -0.116675265, -0.030848695
1003166568000, -3.3041701, -0.30909783, -0.047036625
1003171619000, -3.2085698, -0.49449542, -0.089186326
1003176594000, -3.0934217, -0.5549711, -0.10048734
1003181608000, -2.9883528, -0.5366451, -0.06505715
1003186586000, -2.879619, -0.43096542, -0.05131268
1003191616000, -2.82403, -0.28221974, 0.0027488936
1003196608000, -2.7149906, -0.17959438, 0.046120327
1003201683000, -2.620001, -0.09590584, 0.070554934
1003206675000, -2.5506678, -0.050396383, 0.08277224
1003211615000, -2.4969118, -0.055588737, 0.11759156
1003218324000, -2.4211645, -0.10720685, 0.13591751
1003222190000, -2.3069327, -0.20005837, 0.1518
1003226615000, -2.1691825, -0.30726522, 0.14996742
1003231596000, -2.0335703, -0.42638394, 0.1572978
1003236599000, -1.9052887, -0.55771995, 0.16523905
1003241621000, -1.7956384, -0.68752885, 0.18234327
1003246603000, -1.6997325, -0.79320854, 0.2003638
1003251614000, -1.6227635, -0.8689558, 0.24556783
1003256622000, -1.5543466, -0.94806284, 0.2968805
1003261617000, -1.4721853, -1.0125091, 0.35246924
1003266614000, -1.3747523, -1.0684034, 0.408058
1003271593000, -1.2657127, -1.0961977, 0.45662177
1003276621000, -1.135904, -1.1236867, 0.5006041
1003281601000, -1.0173961, -1.1511755, 0.5314528
1003286626000, -0.99265605, -1.1743884, 0.5314528
1003291632000, -0.9669997, -1.03786, 0.48808134
1003296596000, -1.022283, -0.85154617, 0.41813725
1003301654000, -1.0916162, -0.8185594, 0.3417791
1003306643000, -1.1221595, -0.95325524, 0.25961772
1003311620000, -1.0977248, -1.0085385, 0.1432479
1003316611000, -1.0693196, -0.94134337, 0.076052725
1003321603000, -1.0806206, -0.9282097, 0.07452556
1003326618000, -1.0830641, -1.0140363, 0.1001819
1003331600000, -1.0629056, -1.0552697, 0.13622294
1003336626000, -1.0687088, -0.98532563, 0.19242255
1003341549000, -1.0848967, -0.8723156, 0.24190263
1003346599000, -1.1398746, -0.77579886, 0.3155119
1003351609000, -1.1991285, -0.7272351, 0.4034765
1003356647000, -1.244638, -0.7464773, 0.52015173
1003361552000, -1.2272283, -0.8206975, 0.6435465
1003366606000, -1.1542299, -0.94134337, 0.77091193
1003371566000, -1.0558805, -1.0671816, 0.89552844
1003376613000, -0.9569204, -1.1294898, 1.01312
1003381606000, -0.90377516, -1.1355985, 1.1160508
1003386631000, -0.89644474, -1.1343768, 1.1646146
1003391636000, -0.8940013, -1.1175779, 1.2461652
1003396599000, -0.91629785, -1.0848967, 1.3078625
1003401647000, -0.9016371, -1.0595458, 1.3497068
1003407324000, -0.90316427, -1.0531317, 1.4043792
1003411618000, -0.8671232, -1.0329732, 1.4535538
1003416645000, -0.82711154, -1.028697, 1.5036448
1003421609000, -0.7779369, -1.0100657, 1.5384641
1003426615000, -0.7486154, -0.9786061, 1.5607607
1003431621000, -0.7180721, -0.95905846, 1.5656476
1003436645000, -0.68600166, -0.9251554, 1.5824465
1003441602000, -0.6411031, -0.9089675, 1.6093245
1003446601000, -0.571159, -0.88300574, 1.6609426
1003451975000, -0.47800204, -0.8949176, 1.7033978
1003456580000, -0.38026363, -0.8732319, 1.7479908
1003461866000, -0.30879238, -0.79901177, 1.7821994
1003466593000, -0.3203988, -0.68875057, 1.7965547
1003471594000, -0.40653083, -0.59773165, 1.7867808
1003477266000, -0.49663344, -0.45906523, 1.7638733
1003481603000, -0.593761, -0.37843102, 1.7510452
1003491597000, -0.7199047, -0.20005837, 1.6911805
1003496595000, -0.7870999, -0.20555615, 1.6404786
1003501645000, -0.84391034, -0.2938262, 1.5714508
1003506541000, -0.86620694, -0.41508293, 1.5036448
1003511487000, -0.8900307, -0.4859433, 1.4358387
1003516544000, -0.94225967, -0.52442783, 1.3771957
1003521487000, -1.0170907, -0.5332854, 1.325883
1003526532000, -1.0900891, -0.5131268, 1.2586879
1003531508000, -1.1499538, -0.46273044, 1.1994339
1003536540000, -1.1841623, -0.376293, 1.1560625
1003541481000, -1.1994339, -0.28955013, 1.1233811
1003546692000, -1.2162327, -0.23365596, 1.0882565
1003551604000, -1.2140946, -0.18387043, 1.0580186
1003556613000, -1.2305881, -0.112704635, 1.042747
1003561573000, -1.2803736, -0.052534413, 1.0461067
1003566607000, -1.3594806, -0.029932396, 1.0173961
1003571574000, -1.4114041, -0.0033597588, 0.97524637
1003576632000, -1.4526376, 0.009468411, 0.95294976
1003581604000, -1.4718798, 0.06780604, 0.9550878
1003586598000, -1.4761559, 0.09896017, 0.93309665
1003591603000, -1.4694363, 0.11453723, 0.90041536
1003596583000, -1.4563028, 0.1414153, 0.85918194
1003601630000, -1.4340062, 0.16584991, 0.81245077
1003606616000, -1.4165965, 0.1731803, 0.7672467
1003611614000, -1.3665055, 0.19150625, 0.7199047
1003618334000, -1.3271047, 0.19211712, 0.6575964
1003621628000, -1.2858714, 0.1563815, 0.600786
1003626610000, -1.2287555, 0.1432479, 0.5332854
1003631599000, -1.1621711, 0.11209377, 0.47891834
1003636625000, -1.0894781, 0.07971791, 0.42638394
1003641616000, -1.0259482, 0.06261369, 0.36865717
1003646599000, -0.94989544, 0.061086524, 0.3295618
1003651740000, -0.8713993, 0.04734206, 0.2919936
1003656694000, -0.8005389, 0.041233405, 0.25625798
1003661609000, -0.70616025, 0.046120327, 0.22204952
1003666610000, -0.59956425, 0.041233405, 0.18325958
1003671627000, -0.5109888, 0.01985312, 0.14019357
1003676635000, -0.4083634, 0.016187929, 0.10842858
1003681598000, -0.28588495, 0.014049901, 0.09468412
1003686603000, -0.23304509, 0.0012217305, 0.06078109
1003691610000, -0.116675265, -0.018020526, 0.03268129
1003696596000, -0.005497787, -0.021380283, 0.018325957
1003701704000, 0.098043874, -0.047036625, -0.00580322
1003706670000, 0.22449298, -0.06261369, 0.0033597588
1003711616000, 0.3454443, -0.049785517, 0.016798794
1003716623000, 0.44959682, -0.03359759, 0.02107485
1003721625000, 0.5513059, -0.0421497, 0.051923547
1003726610000, 0.65148777, -0.0421497, 0.06841691
1003731603000, 0.75777835, -0.0061086523, 0.09193522
1003736582000, 0.8668178, 0.008246681, 0.11301007
1003741615000, 0.9773844, 0.02107485, 0.14172074
1003746599000, 1.1016954, 0.076358154, 0.204029
1003751710000, 1.2263119, 0.10140363, 0.24953845
1003756636000, 1.3374895, 0.09865474, 0.2910773
1003761613000, 1.4498887, 0.06719518, 0.32742378
1003766598000, 1.5460999, 0.05467244, 0.38515055
1003771624000, 1.6401732, 0.051618114, 0.45051312
1003776555000, 1.7253889, 0.033292156, 0.47311515
1003781598000, 1.7687603, -0.028405234, 0.51923543
1003786614000, 1.8573358, -0.07941248, 0.5723807
1003791613000, 1.9233092, -0.11911872, 0.6197228
1003796614000, 1.9792033, -0.108123146, 0.64965516
1003802443000, 2.0091357, -0.028099801, 0.69027776
1003806608000, 2.0027218, 0.0012217305, 0.6921103
1003811614000, 2.0039434, 0.12522738, 0.7174612
1003816656000, 1.9730947, 0.28069258, 0.7492262
1003821631000, 1.9544634, 0.43493605, 0.7693848
1003826842000, 1.964848, 0.6258314, 0.8026769
1003831606000, 1.9486601, 0.7791586, 0.86070913
1003837084000, 1.9602666, 0.84879726, 0.91629785
1003841617000, 2.0039434, 0.86651236, 0.97035944
1003846609000, 2.021964, 0.81061816, 1.0195341
1003851626000, 2.0518963, 0.68936145, 1.0732902
1003856569000, 2.0592268, 0.54519725, 1.1209377
1003861616000, 2.0631974, 0.3830125, 1.1395692
1003866597000, 2.0662518, 0.22327125, 1.1417072
1003872210000, 2.0552561, 0.07880162, 1.1343768
1003876626000, 2.038152, 0.015882496, 1.1255192
1003881586000, 2.0360138, -0.07727446, 1.0751228
1003886633000, 2.006387, -0.13194689, 1.0183123
1003891635000, 1.9694295, -0.14172074, 0.979217
1003896637000, 1.917506, -0.102319926, 0.9275989
1003901660000, 1.8435913, -0.06505715, 0.8561276
1003906664000, 1.7208074, -0.022907447, 0.79137594
1003911655000, 1.6038266, 0.005497787, 0.73731434
1003916653000, 1.466382, 0.102319926, 0.6722572
1003921656000, 1.3341297, 0.2666427, 0.60994893
1003926658000, 1.2596041, 0.4605924, 0.50579643
1003931591000, 1.1985176, 0.5748242, 0.42088616
1003936645000, 1.1453724, 0.6356053, 0.33322698
1003941814000, 1.0714576, 0.58246, 0.26511553
1003946623000, 0.9954049, 0.4822781, 0.2134974
1003951611000, 0.92087936, 0.3827071, 0.14202617
1003956625000, 0.86284715, 0.26542094, 0.057421334
1003961614000, 0.82253003, 0.19425514, -0.03726278
1003966605000, 0.7816021, 0.12370021, -0.13225232
1003971609000, 0.745561, 0.089491755, -0.22785273
1003976616000, 0.6826419, 0.031154128, -0.28038713
1003981584000, 0.65148777, -0.055283304, -0.38912117
1003986597000, 0.5870415, -0.1160644, -0.46578476
1003991553000, 0.50732356, -0.1554652, -0.53878313
1003996638000, 0.4437936, -0.16584991, -0.60994893
1004001572000, 0.3585779, -0.16829337, -0.68294734
1004006673000, 0.30940324, -0.16401732, -0.745561
1004011546000, 0.25686884, -0.18661933, -0.7883216
1004016656000, 0.23518312, -0.21380283, -0.829555
1004021579000, 0.17562376, -0.22235495, -0.874759
1004026637000, 0.113926366, -0.20463985, -0.9098838
1004031595000, 0.034513887, -0.17165314, -0.9410379
1004036704000, -0.038789943, -0.09896017, -0.96486163
1004041595000, -0.11453723, -0.035124753, -0.97341377
1004046631000, -0.17715092, 0.0106901415, -0.9615019
1004051660000, -0.25809056, 0.022907447, -0.95814216
1004056655000, -0.38515055, 0.03970624, -0.9682214
1004061938000, -0.5390886, 0.08307768, -0.97158116
1004066601000, -0.72173727, 0.14294247, -0.97524637
1004071587000, -0.89552844, 0.16584991, -0.98532563
1004076616000, -0.9737192, 0.21380283, -0.9831876
1004081573000, -1.0888673, 0.21991149, -0.98624194
1004086636000, -1.1282681, 0.1853976, -0.9798279
1004091676000, -1.1206323, 0.10415252, -0.981355
1004096624000, -1.0494665, -0.012217305, -0.9486737
1004101705000, -0.94897914, -0.17959438, -0.872621
1004106707000, -0.8384125, -0.3652974, -0.8891144
1004111613000, -0.7770206, -0.42852196, -0.84665924
1004116599000, -0.73426, -0.45478916, -0.786489
1004121623000, -0.6753115, -0.5183192, -0.72112644
1004127131000, -0.5580254, -0.59040123, -0.66553766
1004131592000, -0.40775254, -0.6291912, -0.6123924
1004136640000, -0.26542094, -0.6068946, -0.56413406
1004141615000, -0.13958271, -0.58093286, -0.5204572
1004146641000, -0.04886922, -0.5571091, -0.47128254
1004151732000, 0.02107485, -0.52564955, -0.42730024
1004156645000, 0.06780604, -0.48075095, -0.36651915
1004161659000, 0.087964594, -0.45081854, -0.31306845
1004166583000, 0.10323623, -0.44318274, -0.2611449
1004171625000, 0.09437868, -0.43188173, -0.23884831
1004176596000, 0.089491755, -0.41080686, -0.21319197
1004181593000, 0.064446285, -0.35918877, -0.18142697
1004186752000, 0.03145956, -0.32498032, -0.15027285
1004191619000, 0.01863139, -0.30970868, -0.102319926
1004196640000, 0.005497787, -0.28588495, -0.047647487
1004201653000, -0.018936822, -0.22052236, 0.0061086523
1004206593000, -0.046120327, -0.1853976, 0.05467244
1004211610000, -0.07544186, -0.20341812, 0.10354166
1004216634000, -0.0870483, -0.24495697, 0.15363261
1004221637000, -0.080634214, -0.28619036, 0.18112154
1004226615000, -0.082161374, -0.32253686, 0.19486602
1004231609000, -0.06536258, -0.33750305, 0.19639318
1004236589000, -0.05681047, -0.3484986, 0.19364429
1004241604000, -0.04734206, -0.3378085, 0.20189096
1004246665000, -0.046731193, -0.29565877, 0.19150625
1004251625000, -0.03359759, -0.2489276, 0.21135938
1004256628000, -0.034208454, -0.22876903, 0.22296582
1004261615000, -0.02076942, -0.21777347, 0.2180789
1004266973000, -0.022907447, -0.20922135, 0.22540927
1004271618000, -0.008246681, -0.20097467, 0.21502456
1004276615000, -0.0033597588, -0.21227567, 0.2098322
1004281597000, 0.012217305, -0.19700404, 0.20891592
1004286654000, 0.015271631, -0.17531833, 0.18661933
1004291932000, 0.009468411, -0.15118915, 0.15515977
1004296623000, 0.005192355, -0.13316862, 0.13439035
1004301711000, 0.005192355, -0.11759156, 0.11301007
1004306667000, -0.0036651916, -0.10903945, 0.10354166
1004311599000, -0.004581489, -0.07971791, 0.086437434
1004316595000, -0.01282817, -0.058337633, 0.08032878
1004321622000, -0.021685716, -0.017715093, 0.09193522
1004326611000, -0.03848451, 0.005192355, 0.07238753
1004331589000, -0.060170226, 0.034208454, 0.061391957
1004336712000, -0.07880162, 0.07696902, 0.051923547
1004341617000, -0.10354166, 0.096516706, 0.03481932
1004346655000, -0.124311075, 0.115453534, 0.015577064
1004351627000, -0.15332718, 0.12675454, -0.0030543262
1004356614000, -0.18234327, 0.13500121, -0.023518313
1004361616000, -0.20861048, 0.13133603, -0.03634648
1004366582000, -0.22327125, 0.12461651, -0.05100725
1004371629000, -0.23396139, 0.0870483, -0.05681047
1004376634000, -0.25778514, 0.05222898, -0.06688975
1004381606000, -0.24923302, 0.0021380284, -0.074830994
1004386647000, -0.24404067, -0.03390302, -0.064446285
1004391659000, -0.22510384, -0.05131268, -0.047647487
1004396653000, -0.19853121, -0.052534413, -0.03390302
1004401779000, -0.16646078, -0.026267206, -0.0106901415
1004406594000, -0.14263703, 0.0018325958, 0.011911872
1004411644000, -0.09285152, 0.022907447, 0.027794369
1004418494000, -0.056505036, 0.042760566, 0.046731193
1004421649000, -0.02076942, 0.028710667, 0.05100725
1004426634000, 0.0067195175, -0.0036651916, 0.07666359
1004431599000, 0.008857546, -0.053450707, 0.08399397
1004436587000, 0.008857546, -0.111177474, 0.07941248
1004441594000, -0.01740966, -0.19242255, 0.0870483
1004446636000, -0.055283304, -0.27550024, 0.08674286
1004452224000, -0.10873401, -0.3643811, 0.09560041
1004456597000, -0.17012598, -0.43371433, 0.11942416
1004461590000, -0.20525073, -0.462425, 0.13103059
1004466626000, -0.23548855, -0.4596761, 0.13103059
1004471695000, -0.26175576, -0.40133846, 0.13805555
1004476605000, -0.28924468, -0.3359759, 0.12705997
1004481671000, -0.33108896, -0.25167647, 0.12492194
1004516601000, -0.2828306, 0.25686884, 0.13072516
1004522214000, -0.2657264, 0.23487769, 0.19272798
1004526597000, -0.2678644, 0.22266038, 0.20219639
1004531597000, -0.23365596, 0.20463985, 0.21013765
1004536590000, -0.19456059, 0.16584991, 0.22449298
1004541622000, -0.16401732, 0.1441642, 0.24587326
1004546623000, -0.14905111, 0.12339478, 0.27275133
1004551657000, -0.14172074, 0.12217305, 0.30115658
1004556948000, -0.14110987, 0.13897185, 0.33628133
1004561616000, -0.13775012, 0.14355333, 0.35308012
1004566893000, -0.12064589, 0.19058995, 0.37720928
1004571661000, -0.13072516, 0.20463985, 0.37751472
1004576570000, -0.13347405, 0.21899518, 0.39645153
1004581700000, -0.13836098, 0.22815818, 0.40439278
1004586567000, -0.14477506, 0.226631, 0.4083634
1004592028000, -0.13133603, 0.2284636, 0.4089743
1004596612000, -0.13133603, 0.22021692, 0.40439278
1004601675000, -0.10720685, 0.22021692, 0.3903429
1004606624000, -0.06566802, 0.21135938, 0.38698313
1004611614000, -0.04337143, 0.18753563, 0.37965274
1004616608000, -0.01740966, 0.1704314, 0.36713
1004621624000, 0.0036651916, 0.14172074, 0.3481932
1004626619000, 0.01985312, 0.1337795, 0.3286455
1004631674000, 0.028099801, 0.12522738, 0.30451632
1004636630000, 0.03481932, 0.1160644, 0.28191432
1004641619000, 0.025045475, 0.13103059, 0.24648413
1004646613000, 0.009468411, 0.14782938, 0.22174409
1004651650000, -0.0033597588, 0.15821409, 0.18295415
1004656719000, -0.027183503, 0.1826487, 0.1572978
1004661631000, -0.03390302, 0.18753563, 0.12675454
1004666607000, -0.05131268, 0.2003638, 0.11301007
1004671598000, -0.053145275, 0.21074851, 0.09743301
1004676620000, -0.03390302, 0.21410827, 0.08307768
1004681628000, -0.018325957, 0.21563543, 0.07788532
1004686620000, 0.0143553335, 0.20372356, 0.07696902
1004691623000, 0.043066, 0.204029, 0.07941248
1004696612000, 0.084910266, 0.20280726, 0.089491755
1004701631000, 0.1160644, 0.20066923, 0.09285152
1004706626000, 0.14874569, 0.2012801, 0.1001819
1004711608000, 0.17715092, 0.20738874, 0.106595986
1004716603000, 0.20463985, 0.19394971, 0.11759156
1004722164000, 0.23060162, 0.19456059, 0.13408493
1004726618000, 0.25259277, 0.19425514, 0.14996742
1004731601000, 0.25259277, 0.18600847, 0.17623462
1004736678000, 0.24953845, 0.19303341, 0.19975294
1004741792000, 0.23243423, 0.1863139, 0.21991149
1004746612000, 0.23762658, 0.17867808, 0.2406809
1004751658000, 0.24007004, 0.16523905, 0.25442538
1004756626000, 0.23243423, 0.1572978, 0.2602286
1004761619000, 0.22235495, 0.1469131, 0.2687807
1004766623000, 0.21685717, 0.11301007, 0.2669481
1004771609000, 0.22082779, 0.08460484, 0.26542094
1004777235000, 0.20097467, 0.061391957, 0.24678956
1004781660000, 0.18509217, 0.026267206, 0.23243423
1004786619000, 0.160963, 0.010079277, 0.21533
1004791619000, 0.15515977, -0.008857546, 0.19303341
1004796594000, 0.13041973, -0.016798794, 0.1695151
1004801638000, 0.106901415, -0.025045475, 0.1518
1004806628000, 0.10445796, -0.027488936, 0.13958271
1004811617000, 0.099265605, -0.02107485, 0.13591751
1004816599000, 0.09254608, -0.015577064, 0.122478485
1004821610000, 0.10293079, -0.004581489, 0.11911872
1004826617000, 0.10903945, -0.0030543262, 0.113926366
1004831663000, 0.116980694, 0.013133603, 0.11209377
1004836641000, 0.12889257, 0.03604105, 0.105068825
1004841601000, 0.13255776, 0.059864793, 0.09987647
1004847280000, 0.13988814, 0.07513642, 0.095294975
1004851584000, 0.12186762, 0.08460484, 0.099265605
1004856630000, 0.12644911, 0.08460484, 0.10598512
1004861565000, 0.116675265, 0.089491755, 0.11026118
1004866599000, 0.11881329, 0.082161374, 0.10598512
1004871587000, 0.113926366, 0.06261369, 0.105374254
1004876614000, 0.09285152, 0.055588737, 0.102319926
1004881676000, 0.08277224, 0.04062254, 0.1001819
1004886615000, 0.046120327, 0.025350908, 0.07941248
1004891654000, 0.021685716, -0.011911872, 0.06261369
1004896636000, -0.008246681, -0.024740042, 0.048258353
1004901674000, -0.03634648, -0.04337143, 0.04428773
1004906628000, -0.06688975, -0.059864793, 0.02687807
1004911583000, -0.071776666, -0.07452556, 0.014660766
1004917116000, -0.09040806, -0.08307768, 0.01160644
1004921656000, -0.0888809, -0.07360926, 0.006414085
1004926612000, -0.07941248, -0.052534413, 0.008857546
1004931871000, -0.06383542, -0.030543262, 0.006414085
1004936616000, -0.049480084, -0.002443461, 0.003970624
1004941960000, -0.03726278, 0.02687807, 0.01282817
1004946614000, -0.033292156, 0.040927973, 0.0061086523
1004951674000, -0.017715093, 0.053450707, 0.009162978
1004956624000, -0.02687807, 0.05467244, 0.01038471
1004961949000, -0.022602014, 0.058948494, 0.010995574
1004966603000, -0.03390302, 0.04734206, 0.0125227375
1004971624000, -0.039095376, 0.018936822, 0.014049901
1004976611000, -0.04550946, -0.006414085, 0.023518313
1004981633000, -0.04642576, -0.013133603, 0.027794369
1004986776000, -0.062002823, -0.036651913, 0.035430185
1004991620000, -0.086437434, -0.051923547, 0.032375857
1004996611000, -0.0842994, -0.05100725, 0.02687807
1005001648000, -0.10445796, -0.063224554, 0.023823744
1005006640000, -0.108123146, -0.06719518, 0.013744468
1005011640000, -0.118202426, -0.062308256, 0.004581489
1005016655000, -0.12522738, -0.058337633, -0.012217305
1005021685000, -0.12156218, -0.052839845, -0.02107485
1005026636000, -0.11178834, -0.041233405, -0.034208454
1005031666000, -0.11484267, -0.03848451, -0.049785517
1005036655000, -0.093462385, -0.03726278, -0.052534413
1005041659000, -0.093767814, -0.018325957, -0.07391469
1005046663000, -0.08582657, -0.02107485, -0.07788532
1005051744000, -0.07941248, -0.02687807, -0.08857546
1005056558000, -0.07086037, -0.019547688, -0.09315695
1005061615000, -0.076052725, -0.013744468, -0.098043874
1005066606000, -0.06963864, -0.015271631, -0.10903945
1005071607000, -0.06261369, -0.020463986, -0.113926366
1005076738000, -0.062002823, -0.018325957, -0.11728613
1005081656000, -0.06872234, -0.023823744, -0.12950343
1005087006000, -0.083383106, -0.029321533, -0.13439035
1005091624000, -0.09712757, -0.03940081, -0.13713925
1005096624000, -0.11636983, -0.04734206, -0.13530666
1005101602000, -0.13133603, -0.058643065, -0.13652839
1005106588000, -0.14844026, -0.0693332, -0.14202617
1005111614000, -0.16126843, -0.076052725, -0.13958271
1005116569000, -0.16310102, -0.08246681, -0.13622294
1005121651000, -0.17073683, -0.10170906, -0.13408493
1005126575000, -0.1826487, -0.110872045, -0.13500121
1005131732000, -0.1777618, -0.12308934, -0.12797627
1005136587000, -0.16890424, -0.11759156, -0.13072516
1005141619000, -0.160963, -0.1133155, -0.13775012
1005146617000, -0.14935656, -0.106595986, -0.13103059
1005151664000, -0.14080444, -0.10720685, -0.13133603
1005156627000, -0.115453534, -0.090713486, -0.12095132
1005161615000, -0.10476339, -0.067500606, -0.12186762
1005166592000, -0.09560041, -0.052534413, -0.11942416
1005172312000, -0.07849618, -0.028099801, -0.11759156
1005176616000, -0.06566802, -0.017715093, -0.11484267
1005181685000, -0.061391957, -0.005192355, -0.10873401
1005186613000, -0.069027774, -0.0106901415, -0.115453534
1005191599000, -0.06841691, -0.009468411, -0.102319926
1005196634000, -0.1001819, -0.012217305, -0.10323623
1005201615000, -0.08979719, -0.020158553, -0.095294975
1005206725000, -0.11209377, -0.032375857, -0.086437434
1005211766000, -0.12980886, -0.04734206, -0.08246681
1005216606000, -0.1386664, -0.06688975, -0.07727446
1005221933000, -0.1459968, -0.09193522, -0.06963864
1005226616000, -0.15424347, -0.108123146, -0.06963864
1005231645000, -0.14019357, -0.1328632, -0.07391469
1005236620000, -0.13225232, -0.15302174, -0.084910266
1005242117000, -0.13439035, -0.14660765, -0.092240654
1005246647000, -0.13255776, -0.13805555, -0.103847094
1005251660000, -0.106901415, -0.13561209, -0.1151481
1005256623000, -0.09773844, -0.119729586, -0.11759156
1005261551000, -0.0870483, -0.09101892, -0.12858713
1005266609000, -0.0729984, -0.054367006, -0.13591751
1005271563000, -0.06261369, -0.019242255, -0.13683382
1005276618000, -0.05467244, -0.004276057, -0.13530666
1005281593000, -0.03604105, 0.009468411, -0.13133603
1005286625000, -0.039095376, 0.021991149, -0.12308934
1005291551000, -0.028099801, 0.022602014, -0.11178834
1005296685000, -0.028099801, 0.019242255, -0.09865474
1005301618000, -0.024740042, 0.005192355, -0.090713486
1005306636000, -0.03023783, -0.017715093, -0.07513642
1005311867000, -0.039095376, -0.029321533, -0.06841691
1005316602000, -0.058643065, -0.025045475, -0.06078109
1005321619000, -0.054061573, -0.028099801, -0.053145275
1005326617000, -0.0842994, -0.021685716, -0.051923547
1005331618000, -0.106595986, -0.01160644, -0.053145275
1005336588000, -0.11759156, -0.007330383, -0.059864793
1005341619000, -0.12217305, -0.0021380284, -0.056505036
1005346648000, -0.13713925, -0.006414085, -0.065973446
1005351690000, -0.14844026, -0.00580322, -0.06658431
1005356620000, -0.14630222, -0.008857546, -0.06352998
1005361616000, -0.13744467, -0.005497787, -0.06811147
1005366594000, -0.14263703, 0.0033597588, -0.08032878
1005371623000, -0.1337795, -0.0021380284, -0.0711658
1005376547000, -0.10629055, -0.010079277, -0.07971791
1005381607000, -0.07147124, -0.01160644, -0.09010262
1005386681000, -0.062308256, -0.013439035, -0.08460484
1005391634000, -0.046731193, -0.02443461, -0.08827003
1005396647000, -0.029321533, -0.027488936, -0.09712757
1005401596000, -0.026572637, -0.029932396, -0.10598512
1005406580000, -0.0070249503, -0.013439035, -0.10567969
1005411591000, -0.008857546, -0.0067195175, -0.09285152
1005416696000, -0.008857546, -9.162979E-4, -0.093767814
1005421582000, -0.01985312, 0.0036651916, -0.08827003
1005426573000, -0.028099801, 0.0036651916, -0.08002335
1005431908000, -0.03940081, 0.0036651916, -0.074830994
1005436648000, -0.04642576, -0.010995574, -0.073303826
1005441598000, -0.05589417, -0.027794369, -0.07238753
1005446603000, -0.06505715, -0.03634648, -0.06688975
1005451611000, -0.0720821, -0.039095376, -0.06352998
1005456625000, -0.065973446, -0.046731193, -0.05681047
1005461549000, -0.06566802, -0.05009095, -0.048258353
1005466597000, -0.061086524, -0.056199603, -0.04734206
1005471614000, -0.04886922, -0.05131268, -0.043066
1005476612000, -0.039095376, -0.047647487, -0.031154128
1005481625000, -0.0421497, -0.045814894, -0.035124753
1005486635000, -0.036957346, -0.03604105, -0.031154128
1005491621000, -0.028405234, -0.027794369, -0.021991149
1005496629000, -0.02321288, -0.004886922, -0.017715093
1005501602000, -0.019547688, 0.0070249503, -0.014660766
1005506625000, -0.017715093, 0.013133603, -0.005497787
1005511616000, -0.028405234, 6.1086525E-4, -0.002443461
1005516590000, -0.023823744, 0.01740966, 0.0036651916
1005521623000, -0.03176499, 0.02107485, 0.018325957
1005526614000, -0.03573562, 0.025961773, 0.022602014
1005531631000, -0.04550946, 0.014049901, 0.017715093
1005536595000, -0.03634648, 0.0070249503, 0.020158553
1005541621000, -0.042455133, -0.0021380284, 0.020463986
1005546610000, -0.028099801, -0.010079277, 0.02076942
1005551664000, -0.02443461, -0.009468411, 0.024740042
1005556607000, -0.022602014, -0.0070249503, 0.024129177
1005561612000, -0.023518313, -0.0061086523, 0.02443461
1005566594000, -0.015577064, -0.009773844, 0.015577064
1005571621000, -0.010079277, -0.01282817, 0.010995574
1005576586000, -0.01985312, 0.004886922, 0.0027488936
1005581609000, -0.01740966, 0.005497787, 0.009162978
1005586606000, -0.022296581, 0.01863139, 0.0027488936
1005591621000, -0.02687807, 0.026572637, -0.0012217305
1005596609000, -0.030848695, 0.028710667, -0.002443461
1005601657000, -0.037873644, 0.034513887, -0.0076358155
1005606556000, -0.04184427, 0.050701816, -0.0076358155
1005611613000, -0.06047566, 0.05589417, -0.0015271631
1005616640000, -0.06780604, 0.042760566, -0.007330383
1005621651000, -0.07819075, 0.046731193, -0.010079277
1005626568000, -0.096516706, 0.03756821, -0.007330383
1005631693000, -0.09101892, 0.03481932, -0.018020526
1005636568000, -0.10170906, 0.027794369, -0.011301007
1005641623000, -0.101098195, 0.022907447, -0.021685716
1005646576000, -0.10567969, 0.022907447, -0.022296581
1005651651000, -0.09712757, 0.026267206, -0.02076942
1005656562000, -0.09162979, 0.021991149, -0.022907447
1005661611000, -0.070249505, 0.016187929, -0.01985312
1005666640000, -0.073303826, 0.008246681, -0.019547688
1005671642000, -0.06169739, 0.003970624, -0.025350908
1005676573000, -0.053145275, 0.009773844, -0.022907447
1005681638000, -0.041233405, 0.011911872, -0.02076942
1005686643000, -0.035430185, 0.0030543262, -0.022296581
1005691646000, -0.02565634, -0.003970624, -0.024129177
1005696654000, -0.002443461, -0.0012217305, -0.015271631
1005701700000, 6.1086525E-4, 0.003970624, -0.018936822
1005706656000, -3.0543262E-4, 0.0061086523, -0.01038471
1005711651000, -3.0543262E-4, 0.0070249503, -0.005497787
1005716687000, -0.00580322, 0.0036651916, -0.007330383
1005721658000, -0.0033597588, 0.003970624, -0.010079277
1005726619000, -0.009773844, 0.006414085, -9.162979E-4
1005731627000, -0.011911872, 0.00580322, -0.002443461
1005736601000, -0.0125227375, -0.004276057, 0.0033597588
1005741621000, -0.020463986, -0.0061086523, 0.009773844
1005746621000, -0.0290161, -0.009162978, 0.010995574
1005751596000, -0.029932396, -0.015882496, 0.0076358155
1005756624000, -0.029321533, -0.01985312, 0.009468411
1005761614000, -0.03848451, -0.012217305, 0.015577064
1005766595000, -0.03573562, -0.021380283, 0.0070249503
1005771632000, -0.03573562, -0.024740042, 0.0076358155
1005776613000, -0.039095376, -0.02565634, 0.005497787
1005781637000, -0.041233405, -0.021685716, 0.005192355
1005786622000, -0.03268129, -0.017715093, 0.005192355
1005791900000, -0.038789943, -0.013439035, -0.003970624
1005796626000, -0.029321533, -6.1086525E-4, -0.004581489
1005801723000, -0.028710667, 9.162979E-4, -0.007941248
1005806618000, -0.017104227, 0.0067195175, -0.0027488936
1005811586000, -0.017104227, 0.01740966, -0.007330383
1005816658000, -0.017104227, 0.016493361, -0.008246681
1005821577000, -0.015577064, 0.025350908, -0.004886922
1005826658000, -0.03023783, 0.029626964, -0.011301007
1005831593000, -0.027183503, 0.023518313, -0.006414085
1005836629000, -0.028710667, 0.036957346, -0.003970624
1005841553000, -0.040317107, 0.03634648, -0.011911872
1005846602000, -0.048563786, 0.031154128, -0.013744468
1005851617000, -0.05131268, 0.029626964, -0.01038471
1005856621000, -0.064751714, 0.025045475, -0.008552114
1005861577000, -0.062002823, 0.020463986, -0.014660766
1005866655000, -0.06963864, 0.011301007, -0.01160644
1005871561000, -0.081855945, 0.007330383, -0.017715093
1005876656000, -0.08277224, 0.004886922, -0.015882496
1005881638000, -0.07788532, -0.0021380284, -0.02107485
1005886652000, -0.070554934, -0.0015271631, -0.02443461
1005891590000, -0.07574729, 0.0015271631, -0.02321288
1005896667000, -0.07238753, 0.0018325958, -0.030848695
1005901648000, -0.073303826, 0.0067195175, -0.036651913
1005906656000, -0.0720821, 0.016187929, -0.04062254
1005911662000, -0.06688975, 0.01985312, -0.0421497
1005916654000, -0.069027774, 0.036957346, -0.05009095
1005921686000, -0.07513642, 0.035124753, -0.04520403
1005926612000, -0.074830994, 0.032986723, -0.051923547
1005931636000, -0.08032878, 0.03573562, -0.05131268
1005936649000, -0.080634214, 0.02321288, -0.051618114
1005941622000, -0.086437434, 0.013439035, -0.049480084
1005946621000, -0.083383106, 0.009162978, -0.052534413
1005951680000, -0.08246681, 0.014049901, -0.056199603
1005956618000, -0.07727446, 0.007330383, -0.051618114
1005961614000, -0.08857546, 0.007330383, -0.05589417
1005966649000, -0.071776666, 0.0033597588, -0.059253927
1005971648000, -0.06658431, 0.005497787, -0.04917465
1005976613000, -0.06261369, 0.005192355, -0.04153884
1005981617000, -0.051618114, 0.0033597588, -0.034208454
1005986589000, -0.057421334, 0.0033597588, -0.030543262
1005991620000, -0.05375614, -6.1086525E-4, -0.025045475
1005996633000, -0.03970624, 9.162979E-4, -0.013744468
1006001600000, -0.037873644, -0.002443461, -0.007941248
1006006619000, -0.03604105, -0.0143553335, -0.0036651916
1006011618000, -0.04520403, -0.014660766, 0.0015271631
1006016597000, -0.043982297, -0.018325957, 0.009162978
1006021668000, -0.032986723, -0.023823744, 0.00580322
1006026647000, -0.03023783, -0.019547688, 0.016798794
1006031693000, -0.02321288, -0.025045475, 0.018936822
1006036606000, -0.025350908, -0.017715093, 0.018020526
1006041619000, -0.027183503, -0.016187929, 0.02321288
1006046642000, -0.022907447, -0.016798794, 0.027794369
1006051606000, -0.030543262, -0.0061086523, 0.023823744
1006056618000, -0.027183503, -0.018020526, 0.026572637
1006061612000, -0.014660766, -0.0067195175, 0.025961773
1006066580000, -0.01038471, -0.0067195175, 0.024740042
1006071661000, -0.009162978, 0.0027488936, 0.028405234
1006076554000, -0.01038471, -0.009773844, 0.029321533
1006081608000, -0.0067195175, -0.018936822, 0.03145956
1006086610000, 0.005192355, -0.016187929, 0.03604105
1006091619000, 0.004581489, -0.0067195175, 0.035124753
1006096606000, 0.005497787, -0.013439035, 0.03176499
1006101599000, -6.1086525E-4, -0.018325957, 0.038179077
1006106605000, 0.003970624, -0.022907447, 0.046120327
1006111632000, 0.0033597588, -0.023518313, 0.04153884
1006116599000, 0.0036651916, -0.0290161, 0.034513887
1006121650000, -0.0076358155, -0.032375857, 0.031154128
1006126748000, -0.011911872, -0.028099801, 0.03268129
1006131619000, -3.0543262E-4, -0.028710667, 0.038789943
1006136588000, -3.0543262E-4, -0.015577064, 0.03634648
1006141619000, 3.0543262E-4, -0.016187929, 0.040011674
1006146900000, 0.0021380284, -0.011301007, 0.02687807
1006151602000, -0.0106901415, -0.011911872, 0.030848695
1006157020000, -0.0061086523, -0.010079277, 0.03268129
1006161619000, -0.007941248, -0.0076358155, 0.03023783
1006166596000, -0.0070249503, -0.002443461, 0.027794369
1006171672000, -0.007330383, -0.004276057, 0.018325957
1006176551000, -3.0543262E-4, 0.0015271631, 0.021991149
1006181713000, -0.0067195175, -0.0021380284, 0.0070249503
1006186569000, -0.0106901415, -0.004581489, 0.008857546
1006191641000, -0.00580322, -0.0030543262, 0.009773844
1006196571000, -0.017715093, 3.0543262E-4, 0.0106901415
1006201650000, -0.020158553, 0.007941248, 0.0030543262
1006206560000, -0.019547688, 0.0076358155, -6.1086525E-4
1006211648000, -0.019547688, 0.015577064, 0.011911872
1006216640000, -0.022296581, 0.007330383, 0.01282817
1006221717000, -0.028710667, 0.0033597588, 0.006414085
1006226637000, -0.019547688, 0.005192355, 0.009162978
1006231712000, -0.014966198, -3.0543262E-4, 0.004886922
1006236640000, -0.013133603, -0.004276057, 3.0543262E-4
1006241618000, -0.005497787, -0.0018325958, 0.0070249503
1006246623000, -0.0021380284, 0.0015271631, 0.008246681
1006251644000, -0.015882496, -0.007330383, 0.010079277
1006256647000, -0.0021380284, -0.015882496, 0.011301007
1006261648000, -0.008552114, -0.00580322, 0.0030543262
1006266640000, -0.011911872, -0.0030543262, 0.004276057
1006271688000, -0.007941248, 0.0012217305, 6.1086525E-4
1006276654000, -0.016493361, 0.0021380284, -0.0067195175
1006281616000, -0.015271631, -0.004581489, -0.008857546
1006286670000, -0.0143553335, -0.0033597588, 6.1086525E-4
1006291610000, -0.018936822, -0.006414085, -0.004276057
1006296661000, -0.026572637, -0.008552114, 0.0012217305
1006301605000, -0.027183503, -0.022296581, -0.003970624
1006306648000, -0.02565634, -0.029626964, 0.004276057
1006311573000, -0.025350908, -0.025045475, 0.008857546
1006316651000, -0.03481932, -0.037873644, 0.0021380284
1006321549000, -0.03023783, -0.03848451, -0.005192355
1006326653000, -0.032986723, -0.036651913, -0.002443461
1006331622000, -0.029321533, -0.03970624, -0.0033597588
1006336629000, -0.02107485, -0.032986723, 0.005192355
1006341583000, -0.014660766, -0.041233405, 0.020158553
1006346639000, -0.017715093, -0.01740966, 0.005192355
1006351622000, -0.014049901, -0.0067195175, 0.004581489
1006356656000, -0.012217305, -0.009468411, 0.005497787
1006361731000, -0.0067195175, 0.008246681, 0.009468411
1006366648000, -0.013744468, 0.014049901, 0.01740966
1006371744000, -0.019547688, 0.015577064, 0.025350908
1006376605000, -0.020463986, 0.025350908, 0.026572637
1006382731000, -0.021380283, 0.01985312, 0.028099801
1006386603000, -0.02076942, 0.013133603, 0.032070424
1006391602000, -0.02687807, 0.0012217305, 0.03268129
1006396623000, -0.029321533, -9.162979E-4, 0.03145956
1006401600000, -0.030543262, 0.0012217305, 0.033292156
1006406598000, -0.035430185, 0.0012217305, 0.029932396
