#Rate of rotation around the x y z axes (Angular velocity).
#timestamp(ns),x,y,z(rad/s)
#Datetime: 29/04/2015 14:22:21
##########################################
#Activity: 8 - CSI - Car-Step in - 6s
#Subject ID: 46
#First Name: sub46
#Last Name: sub46
#Age: 23
#Height(cm): 175
#Weight(kg): 68
#Gender: Female
##########################################

@DATA
782272172000, -0.05131268, 0.0021380284, 0.035124753
782277222000, -0.05681047, 0.003970624, 0.028405234
782282271000, -0.051923547, 9.162979E-4, 0.03268129
782287267000, -0.055588737, 0.004581489, 0.029321533
782292176000, -0.040011674, 0.005192355, 0.022296581
782297132000, -0.04184427, 0.0076358155, 0.019547688
782302068000, -0.048563786, 0.008552114, 0.019547688
782307052000, -0.04428773, 0.015882496, 0.025045475
782312050000, -0.04642576, 0.010079277, 0.024740042
782317059000, -0.049480084, 0.014966198, 0.018325957
782322055000, -0.04642576, 0.015271631, 0.018325957
782327064000, -0.040011674, 0.022907447, 0.013133603
782332083000, -0.040317107, 0.027183503, 0.010995574
782337061000, -0.036651913, 0.0290161, 0.007330383
782342061000, -0.03848451, 0.021685716, 0.01160644
782347062000, -0.024740042, 0.02443461, 0.01985312
782352107000, -0.029321533, 0.03573562, 0.004886922
782357107000, -0.022907447, 0.03359759, 0.009468411
782362099000, -0.021685716, 0.039095376, 0.0076358155
782367115000, -0.023823744, 0.034513887, 0.0027488936
782372112000, -0.016493361, 0.032986723, 0.0067195175
782377134000, -0.010995574, 0.043066, 0.011911872
782382833000, -0.028405234, 0.04917465, 0.0033597588
782387111000, -0.022907447, 0.057421334, 0.005497787
782392098000, -0.033292156, 0.049480084, 0.005192355
782397108000, -0.02076942, 0.061086524, 0.011911872
782402175000, -0.021685716, 0.059253927, 0.010995574
782407139000, -0.029932396, 0.07147124, 0.007330383
782412117000, -0.03176499, 0.07574729, 0.010995574
782417115000, -0.028710667, 0.08735373, 0.009773844
782422757000, -0.028099801, 0.093767814, 0.0125227375
782427189000, -0.042760566, 0.096516706, 0.00580322
782432144000, -0.032986723, 0.10598512, 0.01740966
782437152000, -0.05375614, 0.122478485, 0.013744468
782442135000, -0.047647487, 0.1301143, 0.012217305
782447115000, -0.059253927, 0.12858713, 0.009468411
782452777000, -0.061086524, 0.11942416, 0.007330383
782457137000, -0.07086037, 0.11789699, 0.00580322
782462114000, -0.073303826, 0.11911872, 0.013133603
782467170000, -0.07971791, 0.11484267, 0.016187929
782472164000, -0.073303826, 0.12308934, 0.019547688
782477221000, -0.07666359, 0.12736541, 0.028099801
782482222000, -0.080634214, 0.12767084, 0.025961773
782487249000, -0.07360926, 0.13927728, 0.0290161
782492164000, -0.07880162, 0.16035213, 0.016493361
782497126000, -0.06872234, 0.16157386, 0.027794369
782502159000, -0.07819075, 0.15882497, 0.040927973
782507140000, -0.07819075, 0.15027285, 0.038789943
782512126000, -0.07238753, 0.160963, 0.032375857
782517184000, -0.07819075, 0.15363261, 0.03573562
782522349000, -0.077579886, 0.15668693, 0.040011674
782527146000, -0.07544186, 0.14966199, 0.044593163
782532195000, -0.06627888, 0.1441642, 0.03756821
782537153000, -0.067500606, 0.14446963, 0.034513887
782542130000, -0.06658431, 0.12705997, 0.03481932
782547121000, -0.06963864, 0.118507855, 0.032070424
782552127000, -0.067500606, 0.11881329, 0.022602014
782557136000, -0.070554934, 0.10567969, 0.025350908
782562116000, -0.062002823, 0.0983493, 0.018020526
782567148000, -0.06994407, 0.0711658, 0.015577064
782572139000, -0.05681047, 0.0711658, 0.0143553335
782577102000, -0.05955936, 0.058948494, 0.012217305
782582169000, -0.05497787, 0.041233405, 0.010995574
782587140000, -0.0571159, 0.03176499, 0.01282817
782592143000, -0.044593163, 0.01863139, 0.0015271631
782597115000, -0.042760566, 0.005497787, 0.003970624
782602121000, -0.03634648, -0.0027488936, 0.0076358155
782607124000, -0.022602014, -0.014049901, 0.004886922
782612111000, -0.02687807, -0.027488936, 0.009162978
782617203000, -0.01282817, -0.03481932, 0.0018325958
782622637000, -0.004581489, -0.042455133, 0.007330383
782627126000, 0.0033597588, -0.044898596, 0.009162978
782632211000, 0.013133603, -0.062002823, 0.010995574
782637706000, 0.025350908, -0.077579886, 0.014966198
782642139000, 0.03023783, -0.080634214, 0.011301007
782647178000, 0.031154128, -0.08582657, 0.0070249503
782652127000, 0.03726278, -0.08552113, 0.017104227
782657175000, 0.029626964, -0.1020145, 0.008857546
782662133000, 0.034513887, -0.099265605, 0.010079277
782667157000, 0.03176499, -0.1001819, 0.016798794
782672240000, 0.04337143, -0.08735373, 0.013133603
782677120000, 0.028099801, -0.09193522, 0.009773844
782682197000, 0.040927973, -0.08857546, 0.008552114
782687217000, 0.038789943, -0.09101892, 0.009468411
782692167000, 0.04520403, -0.08827003, -0.0061086523
782697130000, 0.051923547, -0.09254608, -0.00580322
782702179000, 0.046731193, -0.090713486, -0.004581489
782707990000, 0.049480084, -0.08307768, -0.021991149
782712157000, 0.049480084, -0.08246681, -0.020463986
782717226000, 0.055588737, -0.08246681, -0.02076942
782722149000, 0.05375614, -0.0842994, -0.03726278
782727234000, 0.053450707, -0.09040806, -0.036651913
782732126000, 0.065973446, -0.108123146, -0.04062254
782737188000, 0.08124508, -0.1133155, -0.03940081
782742066000, 0.09132435, -0.12644911, -0.05131268
782747214000, 0.09773844, -0.14966199, -0.043982297
782752086000, 0.10934488, -0.16768251, -0.046120327
782757179000, 0.11881329, -0.19792034, -0.04520403
782762111000, 0.15057829, -0.1957823, -0.05467244
782767180000, 0.1685988, -0.21074851, -0.059253927
782772114000, 0.18509217, -0.2406809, -0.049785517
782777419000, 0.21471913, -0.26908615, -0.05497787
782782204000, 0.22510384, -0.29138273, -0.06994407
782787250000, 0.23854288, -0.29046643, -0.051618114
782792146000, 0.25992316, -0.30268374, -0.05467244
782797150000, 0.2706133, -0.31123585, -0.06169739
782802166000, 0.28130344, -0.30970868, -0.0693332
782807176000, 0.30818152, -0.3115413, -0.118507855
782812138000, 0.31978795, -0.2929099, -0.1151481
782817110000, 0.32253686, -0.28496864, -0.09773844
782822316000, 0.3387248, -0.31581733, -0.10995574
782827132000, 0.36896262, -0.34300083, -0.12858713
782832180000, 0.3943135, -0.36071593, -0.14782938
782837158000, 0.41386122, -0.37904188, -0.16157386
782842324000, 0.4166101, -0.39278635, -0.18845193
782847223000, 0.42913285, -0.40194935, -0.20341812
782852469000, 0.4334089, -0.42210788, -0.22479841
782857134000, 0.42913285, -0.4202753, -0.24007004
782862470000, 0.4129449, -0.4428773, -0.25717425
782867179000, 0.4034765, -0.45875978, -0.2669481
782872110000, 0.39645153, -0.47250426, -0.28008172
782877133000, 0.39003745, -0.47128254, -0.28344148
782882193000, 0.3659083, -0.45265114, -0.28160888
782887173000, 0.33841935, -0.44501534, -0.27305678
782892060000, 0.3145956, -0.4260785, -0.27305678
782897127000, 0.29535335, -0.39584067, -0.26816985
782902170000, 0.2874121, -0.36254853, -0.24495697
782907135000, 0.258396, -0.33200526, -0.22632557
782912116000, 0.2434298, -0.29871312, -0.20738874
782917152000, 0.24007004, -0.28802297, -0.20433442
782922137000, 0.22113322, -0.24312437, -0.16890424
782927166000, 0.22999077, -0.20616703, -0.15607607
782932190000, 0.22815818, -0.17165314, -0.14202617
782937206000, 0.24098633, -0.1386664, -0.14019357
782942135000, 0.24007004, -0.10048734, -0.12003502
782947120000, 0.22571471, -0.09040806, -0.12095132
782952122000, 0.22418754, -0.099571034, -0.116980694
782957130000, 0.24740042, -0.11148291, -0.112704635
782962118000, 0.24587326, -0.11178834, -0.11636983
782967119000, 0.2510656, -0.093767814, -0.12217305
782972138000, 0.25350907, -0.06352998, -0.1151481
782977115000, 0.24923302, -0.055588737, -0.11759156
782982214000, 0.23579398, -0.064751714, -0.118507855
782987185000, 0.22571471, -0.067500606, -0.12675454
782992124000, 0.22999077, -0.0711658, -0.13530666
782997131000, 0.22113322, -0.07147124, -0.13897185
783002124000, 0.20708331, -0.06291912, -0.14446963
783007100000, 0.18387043, -0.049480084, -0.15668693
783012124000, 0.17012598, -0.0421497, -0.15882497
783017094000, 0.12583824, -0.056199603, -0.1695151
783022716000, 0.118202426, -0.053450707, -0.17379116
783027109000, 0.10170906, -0.020463986, -0.17379116
783032795000, 0.06536258, -0.01038471, -0.16798794
783037148000, 0.022907447, -0.042455133, -0.1591304
783042127000, -0.0012217305, -0.05375614, -0.15485434
783047096000, -0.034208454, -0.048563786, -0.14080444
783077122000, -0.11301007, 0.08735373, 0.07086037
783082128000, -0.12522738, 0.07727446, 0.10781772
783087113000, -0.14477506, 0.08002335, 0.12675454
783092107000, -0.14752395, 0.07880162, 0.16187929
783097120000, -0.160963, 0.05100725, 0.19333886
783102306000, -0.17104226, 0.034208454, 0.21471913
783107227000, -0.16126843, -0.030848695, 0.2180789
783112111000, -0.14110987, -0.07666359, 0.22235495
783117225000, -0.12614368, -0.16798794, 0.1908954
783122137000, -0.0888809, -0.22571471, 0.17867808
783127361000, -0.061086524, -0.29932398, 0.1301143
783132148000, -0.042455133, -0.49235737, 0.03145956
783137371000, -0.0018325958, -0.57696223, -0.043982297
783142131000, 0.057421334, -0.5510005, -0.108123146
783147376000, 0.07574729, -0.5225952, -0.16829337
783152181000, 0.11026118, -0.48899764, -0.24251351
783157117000, 0.13805555, -0.473726, -0.32895094
783162121000, 0.13561209, -0.46761733, -0.41263947
783167148000, 0.12461651, -0.5305365, -0.51923543
783172233000, 0.116675265, -0.5128214, -0.5537493
783177142000, 0.112704635, -0.49632803, -0.59986967
783182141000, 0.09162979, -0.49877146, -0.6273586
783187151000, 0.07971791, -0.4025602, -0.63041294
783192132000, 0.0842994, -0.2724459, -0.6270532
783197150000, 0.044593163, -0.19547687, -0.6450737
783202138000, -0.018020526, -0.16829337, -0.6765333
783207149000, -0.06811147, -0.12156218, -0.68539083
783212111000, -0.12156218, -0.043982297, -0.68966687
783217163000, -0.1518, -0.0290161, -0.68019843
783222629000, -0.18142697, -0.064751714, -0.6826419
783227158000, -0.20097467, -0.061391957, -0.66675943
783232238000, -0.21899518, -0.118507855, -0.64965516
783237145000, -0.20372356, -0.18112154, -0.6270532
783242223000, -0.1908954, -0.2302962, -0.6102544
783247133000, -0.16768251, -0.28069258, -0.57757306
783252149000, -0.14721853, -0.37904188, -0.59773165
783257143000, -0.12064589, -0.48197266, -0.6081163
783262125000, -0.057421334, -0.44318274, -0.5647449
783267190000, -0.022296581, -0.37720928, -0.54336464
783272120000, -0.031154128, -0.4156938, -0.5561928
783277161000, -0.032070424, -0.4465425, -0.5702427
783282126000, -0.021991149, -0.47342056, -0.5717699
783287138000, -0.026267206, -0.51343226, -0.5681047
783292067000, -0.028099801, -0.5384777, -0.5757405
783297117000, -0.035124753, -0.56046885, -0.5671884
783302069000, -0.05589417, -0.61819565, -0.6010914
783307148000, -0.08552113, -0.6844745, -0.61544675
783312385000, -0.058337633, -0.6188065, -0.5717699
783317139000, -0.061086524, -0.5674938, -0.54611355
783322157000, -0.048258353, -0.6056729, -0.5345071
783327163000, 0.016493361, -0.61391956, -0.5036584
783332145000, 0.074830994, -0.63438356, -0.47739118
783337142000, 0.13775012, -0.57757306, -0.44135013
783342134000, 0.16035213, -0.5543602, -0.41630468
783347117000, 0.17654006, -0.5329799, -0.4361578
783352127000, 0.15790866, -0.47861293, -0.40958515
783357916000, 0.13927728, -0.34788775, -0.3640757
783362119000, 0.09132435, -0.2773328, -0.364992
783367202000, 0.047036625, -0.29718593, -0.37323865
783372105000, 0.04886922, -0.28680122, -0.3475823
783377173000, 0.039095376, -0.3100141, -0.355829
783382153000, 0.03756821, -0.2864958, -0.35277468
783387134000, 0.022602014, -0.1994475, -0.3399465
783392477000, -0.010079277, -0.22571471, -0.34422258
783397112000, -0.010079277, -0.2519819, -0.3744604
783402136000, -0.02076942, -0.204029, -0.34147367
783407150000, -0.0061086523, -0.19914207, -0.34238997
783412129000, -0.022602014, -0.1777618, -0.34513888
783417163000, -0.014660766, -0.16126843, -0.34483343
783422073000, -0.0015271631, -0.15118915, -0.34972036
783427909000, 0.016187929, -0.13897185, -0.3463606
783432124000, 0.025045475, -0.13988814, -0.33658674
783437132000, 0.03756821, -0.14110987, -0.32834008
783442063000, 0.04642576, -0.13836098, -0.32467487
783447194000, 0.054367006, -0.14660765, -0.31581733
783452208000, 0.070249505, -0.16646078, -0.2959642
783457190000, 0.09560041, -0.18570304, -0.27763826
783462231000, 0.09682214, -0.20005837, -0.2660318
783467184000, 0.10415252, -0.21746802, -0.24770586
783472149000, 0.109650314, -0.22479841, -0.23396139
783477157000, 0.09743301, -0.21991149, -0.21930063
783482225000, 0.098043874, -0.21655174, -0.18875736
783487282000, 0.0888809, -0.20250183, -0.16218472
783492138000, 0.09315695, -0.18448131, -0.12339478
783498263000, 0.09621128, -0.14508049, -0.06383542
783502139000, 0.10476339, -0.12492194, -0.047647487
783507349000, 0.11453723, -0.09560041, -0.019547688
783512130000, 0.111177474, -0.054061573, 0.012217305
783517146000, 0.11759156, -0.010995574, 0.042760566
783522137000, 0.13591751, -0.0012217305, 0.061391957
783527121000, 0.110872045, 0.03481932, 0.08246681
783532180000, 0.12003502, 0.06627888, 0.0983493
783537071000, 0.12370021, 0.05497787, 0.102319926
783542132000, 0.10629055, 0.055588737, 0.11759156
783547092000, 0.092240654, 0.076052725, 0.12797627
783552144000, 0.084910266, 0.04917465, 0.13164146
783557118000, 0.063224554, 0.042760566, 0.13103059
783562125000, 0.046120327, 0.0580322, 0.13500121
783567445000, 0.03970624, 0.058337633, 0.15974127
783572136000, 0.04642576, 0.04153884, 0.15821409
783577109000, 0.028710667, 0.031154128, 0.17256944
783582239000, 0.0015271631, 0.03359759, 0.19272798
783587119000, 0.012217305, 0.10262536, 0.23671028
783592140000, 0.014049901, -0.024740042, 0.22540927
783597122000, 0.010079277, -0.069027774, 0.23793201
783602140000, 0.02076942, -0.07666359, 0.26175576
783607114000, 0.042455133, -0.12522738, 0.2666427
783612118000, 0.04917465, -0.1600467, 0.27580565
783617237000, 0.073303826, -0.15027285, 0.30115658
783622703000, 0.124005646, -0.18234327, 0.3036
783627135000, 0.15210545, -0.17592919, 0.31031954
783632216000, 0.17562376, -0.14263703, 0.3191771
783637194000, 0.23182335, -0.15363261, 0.31978795
783642321000, 0.2415972, -0.16493362, 0.32162055
783647159000, 0.25992316, -0.13194689, 0.34025195
783652423000, 0.29352075, -0.12614368, 0.33536503
783657144000, 0.28680122, -0.13652839, 0.3378085
783662480000, 0.26511553, -0.12797627, 0.34422258
783667155000, 0.2761111, -0.09896017, 0.36010507
783672107000, 0.28527406, -0.09162979, 0.3640757
783677149000, 0.27122417, -0.103847094, 0.37110063
783682223000, 0.258396, -0.087659165, 0.3998113
783687137000, 0.27977628, -0.09590584, 0.40744713
783692068000, 0.28099802, -0.1160644, 0.41263947
783697126000, 0.28405234, -0.11911872, 0.408058
783702140000, 0.28863382, -0.13225232, 0.4025602
783707141000, 0.28710666, -0.121256754, 0.40225476
783712133000, 0.3118467, -0.12156218, 0.39706242
783717137000, 0.31703907, -0.13347405, 0.39736784
783722151000, 0.32986724, -0.16768251, 0.37904188
783727124000, 0.3408628, -0.14080444, 0.37140608
783732147000, 0.35246924, -0.15118915, 0.36651915
783737138000, 0.3744604, -0.16340645, 0.36285394
783742133000, 0.37293324, -0.15790866, 0.35369098
783747125000, 0.36651915, -0.12889257, 0.3454443
783752910000, 0.37018433, -0.12186762, 0.3417791
783757135000, 0.36896262, -0.11759156, 0.3390302
783762238000, 0.36468655, -0.063224554, 0.3475823
783767205000, 0.38759398, -0.048258353, 0.35888332
783772212000, 0.3979787, -0.020463986, 0.36132678
783777137000, 0.40561453, -0.0061086523, 0.38148534
783782162000, 0.40317106, -0.0012217305, 0.40011674
783787136000, 0.38026363, 0.08674286, 0.41630468
783792133000, 0.3680463, 0.11484267, 0.42943826
783797108000, 0.34605515, 0.13530666, 0.44501534
783802147000, 0.31978795, 0.13041973, 0.46395215
783807131000, 0.2950479, 0.13041973, 0.48533243
783812136000, 0.29626966, 0.112704635, 0.505491
783817162000, 0.2938262, 0.12064589, 0.5103779
783822269000, 0.32375857, 0.08735373, 0.5195409
783827144000, 0.3417791, 0.057421334, 0.5354234
783832165000, 0.3576616, 0.03268129, 0.54519725
783837136000, 0.38423425, 0.02107485, 0.55863625
783842131000, 0.40683624, 0.01863139, 0.571159
783847119000, 0.41783184, 0.008246681, 0.5729916
783852150000, 0.42210788, -0.011301007, 0.58032197
783857108000, 0.4156938, -0.06963864, 0.60139686
783862126000, 0.43035457, -0.0842994, 0.593761
783867162000, 0.45448375, 0.0027488936, 0.5852089
783872182000, 0.47403142, 0.029626964, 0.59498274
783877117000, 0.50610185, 0.015271631, 0.5934556
783882154000, 0.52870387, -0.0067195175, 0.59956425
783887068000, 0.53786683, -0.004581489, 0.59742624
783892423000, 0.54061574, -0.0036651916, 0.59864795
783897083000, 0.5375614, 0.0106901415, 0.6017023
783902144000, 0.5412266, 0.014660766, 0.6160576
783907081000, 0.5467244, 0.012217305, 0.61361414
783912120000, 0.5546656, -0.013133603, 0.6056729
783917155000, 0.5714644, -0.056199603, 0.59742624
783922138000, 0.59223384, -0.14446963, 0.6044512
783927136000, 0.6075055, -0.160963, 0.5555819
783932133000, 0.6243043, -0.20341812, 0.5320636
783937172000, 0.63285637, -0.2828306, 0.50671273
783942133000, 0.6404922, -0.36926803, 0.48655418
783947118000, 0.6453791, -0.4550946, 0.45998153
783952142000, 0.6450737, -0.5748242, 0.47158796
783957067000, 0.6377433, -0.61666846, 0.44043383
783962120000, 0.64904433, -0.61636305, 0.42180246
783967198000, 0.6640105, -0.68539083, 0.3903429
783972228000, 0.7150178, -0.75777835, 0.36193767
783977105000, 0.743423, -0.8512407, 0.34025195
783982151000, 0.7819075, -0.88086766, 0.29810223
783987075000, 0.8268061, -0.906524, 0.26267207
783992133000, 0.8555168, -0.95325524, 0.23273966
783997094000, 0.8753699, -0.9779953, 0.2134974
784002101000, 0.8573494, -1.0036516, 0.19822577
784007100000, 0.8197812, -1.0247264, 0.19058995
784012159000, 0.77396625, -1.0818423, 0.1695151
784017122000, 0.7489208, -1.2388347, 0.2098322
784022669000, 0.7302894, -1.258077, 0.2302962
784027174000, 0.74067414, -1.1209377, 0.13836098
784032160000, 0.73364913, -1.1346822, 0.10323623
784037155000, 0.7309003, -1.146594, 0.071776666
784042156000, 0.7247916, -1.1563679, 0.062308256
784047217000, 0.7257079, -1.2006557, 0.14660765
784052039000, 0.729984, -1.071763, 0.13683382
784057087000, 0.73548174, -0.9599747, 0.09315695
784062066000, 0.7330383, -0.874759, 0.090713486
784067108000, 0.73548174, -0.86529064, 0.09407325
784072075000, 0.7498371, -0.8472701, 0.11148291
784077377000, 0.73731434, -0.7076874, 0.14263703
784082108000, 0.677755, -0.63285637, 0.18509217
784087077000, 0.65179324, -0.80878556, 0.21746802
784092071000, 0.7287622, -0.7812967, 0.17440203
784097069000, 0.7715228, -0.7330383, 0.122478485
784102137000, 0.7626653, -0.72784597, 0.086132
784107165000, 0.73456544, -0.67347896, 0.047647487
784112700000, 0.72326446, -0.61208695, 0.015577064
784117177000, 0.7360926, -0.57787853, -0.029321533
784122167000, 0.7846564, -0.5018258, -0.06719518
784127188000, 0.8051204, -0.45723262, -0.102319926
784132166000, 0.8219192, -0.4266894, -0.12644911
784137180000, 0.86559606, -0.37201694, -0.14263703
784142171000, 0.906524, -0.3594942, -0.1740966
784147200000, 0.95630956, -0.35918877, -0.25045475
784152174000, 1.0088439, -0.33475417, -0.33628133
784157155000, 1.1001683, -0.3472769, -0.4175264
784162159000, 1.1527027, -0.37415496, -0.45570546
784167148000, 1.2492194, -0.34269542, -0.4718934
784172163000, 1.3115277, -0.2782491, -0.33628133
784177191000, 1.3683381, -0.27030787, -0.08277224
784182145000, 1.4104879, -0.40530908, 0.093462385
784187181000, 1.3130548, -0.44440445, 0.23090707
784192132000, 1.1209377, -0.39828414, 0.3145956
784197142000, 1.0436633, -0.3436117, 0.33536503
784202148000, 1.0115929, -0.34391713, 0.3417791
784207174000, 1.0216721, -0.38240165, 0.33261612
784212152000, 1.0852021, -0.36468655, 0.32620203
784217198000, 1.135904, -0.3622431, 0.35521814
784222724000, 1.1737776, -0.30085114, 0.3576616
784227169000, 1.1707232, -0.23762658, 0.3866777
784232148000, 1.1462886, -0.20097467, 0.41813725
784237176000, 1.1242975, -0.13469578, 0.46700647
784242067000, 1.1001683, -0.15607607, 0.4804455
784247176000, 1.1044444, -0.14538592, 0.48716503
784252244000, 1.094976, -0.25992316, 0.5381723
784257172000, 1.1111639, -0.27275133, 0.50579643
784262105000, 1.1114693, -0.30818152, 0.44898596
784267199000, 1.0986412, -0.37293324, 0.43157628
784272105000, 1.0836749, -0.30879238, 0.45020768
784277140000, 1.0360274, -0.41874814, 0.44776422
784282172000, 1.0354166, -0.54061574, 0.4288274
784287135000, 1.070236, -0.6575964, 0.47494772
784292113000, 1.1114693, -0.63591075, 0.44929138
784297118000, 1.1242975, -0.634689, 0.42271876
784302144000, 1.1258247, -0.6542367, 0.42271876
784307131000, 1.1414018, -0.6420194, 0.42394048
784312114000, 1.1658363, -0.5375614, 0.42546764
784317190000, 1.1655309, -0.44929138, 0.4288274
784322145000, 1.1701124, -0.4642576, 0.43401974
784327156000, 1.1808025, -0.48197266, 0.45173484
784332155000, 1.1756102, -0.38912117, 0.5018258
784337136000, 1.1527027, -0.14508049, 0.49938235
784342133000, 1.1108584, 0.0015271631, 0.5015204
784347119000, 1.1582005, 0.021685716, 0.47525316
784352145000, 1.2794572, 0.012217305, 0.4175264
784357136000, 1.3432927, 0.016187929, 0.38148534
784362114000, 1.4624114, 0.0061086523, 0.30726522
784367167000, 1.536326, 0.042455133, 0.2443461
784372144000, 1.5778649, 0.086132, 0.2144137
784377165000, 1.6624697, 0.1563815, 0.21013765
784382165000, 1.7253889, 0.2770274, 0.23426682
784387133000, 1.7641789, 0.39920044, 0.30787608
784392138000, 1.7986927, 0.5684101, 0.30848694
784397103000, 1.8252654, 0.6731735, 0.30726522
784402132000, 1.8576412, 0.77579886, 0.30604348
784407131000, 1.9007072, 0.7678576, 0.31215215
784412113000, 1.9743165, 0.73273283, 0.3182608
784417227000, 2.0470095, 0.7476991, 0.24404067
784422762000, 2.1087067, 0.6814202, 0.17959438
784427145000, 2.187203, 0.5852089, 0.0983493
784432145000, 2.2708917, 0.49449542, -0.0033597588
784437555000, 2.3536637, 0.43188173, -0.090713486
784442135000, 2.4242187, 0.36132678, -0.17195857
784447079000, 2.4740043, 0.34483343, -0.20769419
784452144000, 2.4856107, 0.33169982, -0.21655174
784457068000, 2.5033257, 0.30268374, -0.24678956
784462115000, 2.502104, 0.23884831, -0.29046643
784467130000, 2.497828, 0.15210545, -0.31948254
784472244000, 2.4758368, 0.05009095, -0.32467487
784477101000, 2.4049764, 0.007330383, -0.34880406
784482141000, 2.3393085, 0.00580322, -0.39645153
784487098000, 2.2656991, 0.01160644, -0.38912117
784492134000, 2.2116377, 0.010079277, -0.31337386
784497111000, 2.1499403, 0.03756821, -0.26908615
784502147000, 2.0793853, 0.052839845, -0.27122417
784507653000, 2.0103576, 0.081855945, -0.23793201
784512116000, 1.9651535, 0.07849618, -0.16126843
784517145000, 1.969735, 0.111177474, -0.15821409
784522148000, 1.9850066, 0.09193522, -0.20708331
784527159000, 1.9856175, 0.093462385, -0.22449298
784532140000, 1.9599612, 0.08032878, -0.18081611
784537330000, 1.9352211, 0.12370021, -0.15515977
784542136000, 1.8964312, 0.13469578, -0.13927728
784547392000, 1.8536706, 0.14996742, -0.124311075
784552149000, 1.8408424, 0.16737708, -0.12034045
784557120000, 1.8332067, 0.14844026, -0.07819075
784562114000, 1.8255708, 0.2180789, -0.03359759
784567161000, 1.8048013, 0.22143865, -0.016493361
784572144000, 1.7873917, 0.22968534, 0.02076942
784577346000, 1.7736472, 0.22052236, 0.004886922
784582148000, 1.754405, 0.1386664, 0.014966198
784587110000, 1.7510452, 0.10140363, 0.025045475
784592133000, 1.7699821, 0.09682214, 0.038789943
784597127000, 1.78617, 0.08124508, 0.035124753
784602146000, 1.8038851, 0.0015271631, 0.030543262
784607131000, 1.8020525, 0.0021380284, 0.04734206
784612094000, 1.7669277, 6.1086525E-4, 0.035430185
784617162000, 1.7333301, -0.01985312, -0.018325957
784622104000, 1.6719382, -0.043676864, -0.03970624
784627148000, 1.6340646, -0.06658431, -0.03604105
784632149000, 1.6029104, -0.12767084, -0.03848451
784637135000, 1.5891659, -0.16829337, -0.047647487
784642133000, 1.5800029, -0.18692477, -0.06841691
784647117000, 1.5601498, -0.20647246, -0.069027774
784652135000, 1.5415184, -0.22479841, -0.0693332
784657132000, 1.5317446, -0.2180789, -0.0729984
784662105000, 1.5219707, -0.21380283, -0.082161374
784667165000, 1.5183055, -0.19333886, -0.09010262
784672099000, 1.5042557, -0.22602014, -0.1142318
784677161000, 1.5063937, -0.20769419, -0.12797627
784682112000, 1.498147, -0.2666427, -0.20250183
784687138000, 1.4993688, -0.23548855, -0.2312125
784692068000, 1.4798211, -0.18906279, -0.23945917
784697111000, 1.4639386, -0.15607607, -0.24007004
784702071000, 1.4709635, -0.122478485, -0.24923302
784707131000, 1.4706581, -0.112399206, -0.2751948
784712114000, 1.4553864, -0.11026118, -0.29871312
784717158000, 1.4391985, -0.14385876, -0.3191771
784722129000, 1.4217888, -0.183565, -0.35705075
784727200000, 1.3946054, -0.21991149, -0.4166101
784732130000, 1.3787229, -0.24923302, -0.49663344
784737152000, 1.3671165, -0.34025195, -0.59131753
784742124000, 1.395827, -0.33444872, -0.66431594
784747115000, 1.3967434, -0.3023783, -0.6924158
784752146000, 1.3833044, -0.28160888, -0.7504479
784757133000, 1.378112, -0.27091873, -0.8014552
784762944000, 1.3652838, -0.2510656, -0.87689704
784767151000, 1.3429873, -0.23701571, -0.89888823
784772088000, 1.3313808, -0.23548855, -0.9440922
784777178000, 1.317331, -0.22693644, -0.98990715
784782222000, 1.2690725, -0.1994475, -1.0329732
784787184000, 1.2269229, -0.14508049, -1.0656544
784792071000, 1.1728612, -0.09040806, -1.1200215
784797182000, 1.1267409, -0.056505036, -1.183246
784802076000, 1.0818423, -0.04184427, -1.2431108
784807157000, 1.0729848, 0.024740042, -1.2867876
784812148000, 1.03786, 0.06261369, -1.3359623
784817196000, 1.003957, 0.046731193, -1.3778065
784822113000, 0.97249746, -0.0125227375, -1.4648548
784827192000, 0.95111716, -0.03940081, -1.5460999
784832951000, 0.9086621, -3.0543262E-4, -1.6132951
784837171000, 0.883922, 0.11148291, -1.5940529
784842172000, 0.872621, 0.14172074, -1.5763378
784847161000, 0.874759, 0.08552113, -1.6087136
784852167000, 0.86559606, 0.07452556, -1.6597209
784857171000, 0.7819075, 0.13622294, -1.6132951
784862153000, 0.69974613, 0.18997909, -1.4840971
784867231000, 0.659429, 0.17837265, -1.3814718
784872189000, 0.6603453, 0.19425514, -1.344209
784877177000, 0.65148777, 0.28344148, -1.294118
784882201000, 0.64904433, 0.3680463, -1.2092078
784887167000, 0.6627888, 0.36682457, -1.1432343
784892176000, 0.6805039, 0.34269542, -1.1096367
784897109000, 0.68569624, 0.32895094, -1.1010846
784902489000, 0.70188415, 0.32742378, -1.1001683
784907132000, 0.6817256, 0.32162055, -1.097114
784912171000, 0.6805039, 0.37018433, -1.1184943
784917124000, 0.68019843, 0.39522982, -1.1337659
784922138000, 0.68600166, 0.41447207, -1.1582005
784927071000, 0.68386364, 0.42455134, -1.1618657
784932209000, 0.6768387, 0.43585235, -1.1820242
784937090000, 0.6621779, 0.44715336, -1.1893547
784942161000, 0.6536258, 0.4718934, -1.2003502
784947113000, 0.6200282, 0.5137377, -1.2302825
784952181000, 0.5907067, 0.5045747, -1.2363913
784957121000, 0.571159, 0.48838675, -1.2308935
784962160000, 0.54367006, 0.4636467, -1.2373075
784967148000, 0.5314528, 0.45998153, -1.2140946
784972160000, 0.528093, 0.410196, -1.1774428
784977190000, 0.5170974, 0.35979962, -1.1530081
784982148000, 0.49541172, 0.36010507, -1.1462886
784987106000, 0.4605924, 0.36926803, -1.1508701
784992112000, 0.3848451, 0.3827071, -1.1551461
784997155000, 0.32070425, 0.3680463, -1.1765264
785002126000, 0.28313604, 0.35705075, -1.1914927
785007045000, 0.2593123, 0.35033122, -1.2156218
785012043000, 0.25625798, 0.34147367, -1.2388347
785017106000, 0.2733622, 0.321926, -1.2547172
785022256000, 0.28252518, 0.33933565, -1.2550226
785027051000, 0.27947086, 0.38148534, -1.241889
785032112000, 0.28771752, 0.40103304, -1.2223413
785037109000, 0.2968805, 0.41508293, -1.2076806
785042075000, 0.31398472, 0.43371433, -1.1878275
785047066000, 0.34238997, 0.4474588, -1.1688906
785052173000, 0.364992, 0.46486846, -1.1603385
785057081000, 0.35796702, 0.4633413, -1.1594223
785062054000, 0.3475823, 0.4428773, -1.1701124
785067086000, 0.3210097, 0.4016439, -1.1841623
785072071000, 0.29016098, 0.38056904, -1.1948525
785077081000, 0.2489276, 0.35338554, -1.2012665
785082110000, 0.19639318, 0.32253686, -1.1921035
785087318000, 0.14355333, 0.29077184, -1.1646146
785092080000, 0.099571034, 0.27366763, -1.1337659
785097080000, 0.06841691, 0.26053402, -1.1038336
785102215000, 0.02443461, 0.25961772, -1.0729848
785107166000, -0.0143553335, 0.23151793, -1.0299188
785112172000, -0.05955936, 0.21594086, -0.9831876
785117192000, -0.10567969, 0.18997909, -0.95569867
785122164000, -0.11453723, 0.17195857, -0.9126327
785127238000, -0.12889257, 0.15057829, -0.8875872
785132112000, -0.14874569, 0.13408493, -0.8762862
785137159000, -0.14782938, 0.115453534, -0.87598073
785142119000, -0.16401732, 0.0983493, -0.87689704
785147165000, -0.14782938, 0.06658431, -0.87109387
785152068000, -0.12736541, 0.029932396, -0.8622363
785157769000, -0.11789699, -0.018325957, -0.8414669
785162081000, -0.09560041, -0.05009095, -0.83199847
785167231000, -0.07360926, -0.080634214, -0.8164214
785172068000, -0.056199603, -0.116675265, -0.79320854
785177243000, -0.051923547, -0.15393804, -0.7724391
785182162000, -0.058948494, -0.18173242, -0.73853606
785187265000, -0.07391469, -0.22540927, -0.7156286
785192139000, -0.116980694, -0.27000242, -0.7128797
785197132000, -0.18051068, -0.31581733, -0.7315111
785202171000, -0.24281894, -0.37110063, -0.75686204
785207172000, -0.30970868, -0.43188173, -0.7901542
785212137000, -0.3817908, -0.49877146, -0.84513205
785217222000, -0.44043383, -0.57360244, -0.9025534
785222783000, -0.5174029, -0.63407815, -0.9569204
785227605000, -0.5821546, -0.6933321, -1.0167851
785232171000, -0.6249151, -0.71868294, -1.0693196
785237148000, -0.63713247, -0.7849618, -1.0906999
785242148000, -0.64751714, -0.84665924, -1.149343
785247121000, -0.64568454, -0.9193522, -1.1930199
785252126000, -0.6227771, -0.9975429, -1.2159272
785257131000, -0.5925393, -1.0656544, -1.2363913
785262125000, -0.5525276, -1.1224649, -1.2305881
785267159000, -0.52381694, -1.1664472, -1.2244794
785272140000, -0.47861293, -1.2278391, -1.2009611
785277163000, -0.40591997, -1.2779301, -1.1551461
785285105000, -0.3408628, -1.2980887, -1.0351112
785287133000, -0.26908615, -1.2935071, -0.97494096
785292079000, -0.2489276, -1.2589933, -0.84757555
785300189000, -0.22815818, -1.2272283, -0.7141015
785302157000, -0.2507602, -1.2232577, -0.58368176
785307193000, -0.31306845, -1.1994339, -0.4783075
785312380000, -0.40378192, -1.1661417, -0.3943135
785317175000, -0.5103779, -1.1194105, -0.35094208
785322147000, -0.6206391, -1.1093313, -0.3454443
785327102000, -0.7189884, -1.1139128, -0.34788775
785332238000, -0.7654142, -1.1313224, -0.36193767
785337975000, -0.80848014, -1.108415, -0.4196644
785342124000, -0.8368854, -1.0931433, -0.43463063
785347123000, -0.82894415, -1.106277, -0.49663344
785352115000, -0.8020661, -1.1737776, -0.56596667
785357129000, -0.7516697, -1.2739595, -0.659429
785362156000, -0.6783658, -1.4395039, -0.7626653
785368301000, -0.602924, -1.6163495, -0.8888089
785372247000, -0.537256, -1.6557503, -0.9233228
785377473000, -0.5207626, -1.7479908, -0.9651671
785382188000, -0.5012149, -1.831374, -0.99021256
785387194000, -0.44623706, -1.8753563, -0.9950995
785392116000, -0.40225476, -1.8903224, -0.9618073
785397148000, -0.36132678, -1.8952094, -0.8949176
785402151000, -0.36102137, -1.8817704, -0.8396343
785407086000, -0.37507126, -1.858252, -0.8029824
785412850000, -0.4083634, -1.8032742, -0.7693848
785417222000, -0.45998153, -1.7140878, -0.7284568
785423658000, -0.49418998, -1.5870279, -0.65393126
785427145000, -0.50671273, -1.5183055, -0.57451874
785432170000, -0.5225952, -1.352761, -0.52687126
785437146000, -0.5348125, -1.180497, -0.44318274
785442106000, -0.5335908, -1.0030408, -0.37598756
785447255000, -0.5497787, -0.829555, -0.31856623
785452115000, -0.56169057, -0.64660084, -0.2724459
785457132000, -0.5644395, -0.44806966, -0.226631
785462422000, -0.5891795, -0.24007004, -0.19242255
785467212000, -0.6178902, -0.04795292, -0.16890424
785472118000, -0.6414085, 0.09193522, -0.14966199
785477138000, -0.6432411, 0.17165314, -0.12217305
785482866000, -0.63804877, 0.18875736, -0.108123146
785487148000, -0.6075055, 0.18020524, -0.10873401
785492122000, -0.5644395, 0.18081611, -0.113926366
785497113000, -0.5161811, 0.1966986, -0.11484267
785502148000, -0.46089783, 0.18906279, -0.105374254
785507138000, -0.3811799, 0.14049901, -0.058337633
785512135000, -0.3036, 0.10170906, 0.011301007
785517161000, -0.24190263, 0.064751714, 0.110872045
785522139000, -0.19272798, 0.06688975, 0.24312437
785527071000, -0.15332718, 0.07360926, 0.31703907
785532119000, -0.13683382, 0.08032878, 0.45448375
785537067000, -0.10262536, 0.10354166, 0.5681047
785542133000, -0.06627888, 0.09437868, 0.68661255
785547082000, -0.022296581, -0.0076358155, 0.75808376
785552607000, 0.05100725, -0.0888809, 0.82253003
785557065000, 0.13469578, -0.16829337, 0.8032878
785562123000, 0.19639318, -0.2932153, 0.72112644
785567184000, 0.22235495, -0.4529566, 0.61178154
785572140000, 0.23915374, -0.6209445, 0.4633413
785577091000, 0.24190263, -0.73884153, 0.30970868
785582137000, 0.19608775, -0.7968737, 0.124005646
785587114000, 0.112399206, -0.7504479, -0.04184427
785592130000, 0.008552114, -0.7556403, -0.16554448
785597134000, -0.089186326, -0.7849618, -0.2669481
785602145000, -0.16554448, -0.75869465, -0.3200934
785607140000, -0.22266038, -0.86834496, -0.34238997
785612150000, -0.1994475, -0.7883216, -0.30940324
785617130000, -0.15882497, -0.5216789, -0.21166481
785622080000, -0.15943582, -0.36254853, -0.16157386
785627195000, -0.17073683, -0.10140363, -0.02565634
785632128000, -0.19272798, 0.005192355, 0.08735373
785637159000, -0.1740966, 0.054367006, 0.18997909
785642135000, -0.115453534, 0.09773844, 0.2932153
785647119000, -0.07696902, 0.09896017, 0.3830125
785652143000, -0.07452556, 0.067500606, 0.4392121
785657136000, -0.062002823, 0.019242255, 0.48197266
785662113000, -0.05467244, -0.067500606, 0.4859433
785667165000, -0.019547688, -0.09162979, 0.48075095
785672138000, 0.0030543262, -0.16798794, 0.45204028
785677126000, 0.03359759, -0.25259277, 0.42241332
785682112000, 0.08460484, -0.3222314, 0.3820962
785687142000, 0.11453723, -0.38545597, 0.3463606
785692137000, 0.13255776, -0.45142943, 0.3191771
785697117000, 0.14049901, -0.47525316, 0.31123585
785702141000, 0.12308934, -0.48441613, 0.3203988
785707135000, 0.109650314, -0.43188173, 0.33536503
785712086000, 0.06780604, -0.37323865, 0.3576616
785717183000, 0.028405234, -0.35185838, 0.39187005
785722134000, -0.0030543262, -0.29810223, 0.4089743
785727136000, -0.017104227, -0.21655174, 0.47036624
785732163000, -0.045814894, -0.15027285, 0.52839845
785737826000, -0.051923547, -0.09590584, 0.5684101
785742130000, -0.047647487, -0.061391957, 0.59437186
785747116000, -0.04642576, -0.060170226, 0.60231316
785752174000, -0.051923547, -0.06658431, 0.58123827
785757134000, -0.04917465, -0.0888809, 0.54611355
785762122000, -0.06291912, -0.09712757, 0.49602258
785767211000, -0.05375614, -0.118202426, 0.441961
785772143000, -0.056199603, -0.1423316, 0.3924809
785777133000, -0.04886922, -0.2574797, 0.33353242
785782165000, -0.028710667, -0.27977628, 0.28252518
785787143000, -0.01863139, -0.24098633, 0.25137106
785792121000, -0.049480084, -0.20341812, 0.22449298
785797116000, -0.080634214, -0.15821409, 0.19883664
785802627000, -0.12156218, -0.06627888, 0.17745635
785807891000, -0.17806722, -0.062308256, 0.15118915
785812156000, -0.22082779, -0.043066, 0.1386664
785817239000, -0.25350907, -0.026572637, 0.13072516
785822772000, -0.29229903, 0.022907447, 0.13347405
785827133000, -0.3295618, 0.042760566, 0.13836098
785832185000, -0.33292156, 0.071776666, 0.15760323
785837133000, -0.35155296, 0.11575896, 0.18448131
785842145000, -0.35735616, 0.14996742, 0.21197024
785847107000, -0.3371976, 0.096516706, 0.25228736
785852143000, -0.30787608, -0.04734206, 0.28221974
785857134000, -0.21319197, -0.00580322, 0.2929099
785862107000, -0.1853976, 0.084910266, 0.30207285
785867150000, -0.2134974, 0.13805555, 0.29260445
785872139000, -0.23762658, 0.16401732, 0.27947086
785877713000, -0.26145032, 0.15607607, 0.26297748
785882137000, -0.2687807, 0.129198, 0.24281894
785887136000, -0.26083946, 0.094989546, 0.22815818
785892134000, -0.2519819, 0.06719518, 0.22266038
785897109000, -0.23823744, 0.060170226, 0.21777347
785902144000, -0.21899518, 0.064446285, 0.19975294
785907131000, -0.20250183, 0.073303826, 0.17837265
785912161000, -0.19028452, 0.093462385, 0.16249016
785917172000, -0.17531833, 0.12950343, 0.14569137
785922149000, -0.17104226, 0.14752395, 0.10934488
785927119000, -0.15821409, 0.16982053, 0.07452556
785932181000, -0.1423316, 0.17562376, 0.030543262
785937171000, -0.12064589, 0.13988814, -0.008246681
785942257000, -0.084910266, 0.09773844, -0.043982297
785947222000, -0.064446285, 0.0580322, -0.06780604
785952195000, -0.053450707, 0.047647487, -0.08124508
785957170000, -0.04734206, 0.101098195, -0.105068825
785962159000, -0.06383542, 0.09865474, -0.11178834
785967293000, -0.05955936, 0.08032878, -0.122783914
785972231000, -0.06352998, 0.06627888, -0.1301143
785977142000, -0.046120327, 0.03970624, -0.14202617
785982301000, -0.028405234, 0.053145275, -0.14508049
785987176000, -0.018936822, 0.070249505, -0.14355333
785993003000, -0.022907447, 0.06414085, -0.15577064
785997509000, -0.0021380284, 0.10048734, -0.15790866
786002324000, -0.010995574, 0.10293079, -0.15363261
786007029000, -0.0067195175, 0.08735373, -0.16401732
786012047000, 0.0018325958, 0.087964594, -0.17104226
786017025000, -0.004276057, 0.08246681, -0.17134771
786022244000, 0.004886922, 0.10598512, -0.17715092
786027030000, 0.0030543262, 0.08857546, -0.18173242
786032032000, 0.01160644, 0.10873401, -0.172264
786037055000, 0.015882496, 0.13958271, -0.17256944
786042054000, 0.027488936, 0.1441642, -0.1695151
786047047000, 0.051923547, 0.14355333, -0.1695151
786052072000, 0.074830994, 0.15332718, -0.1685988
786057053000, 0.06963864, 0.10720685, -0.16279559
786062044000, 0.0693332, 0.09437868, -0.16920967
786067097000, 0.06780604, 0.11789699, -0.17684549
786072053000, 0.056505036, 0.13958271, -0.1740966
786077049000, 0.04520403, 0.12186762, -0.17501289
786082089000, 0.040317107, 0.08460484, -0.18875736
786087115000, 0.04428773, 0.10873401, -0.19058995
786092050000, 0.035430185, 0.13591751, -0.20647246
786097118000, 0.014660766, 0.102319926, -0.23457226
786102148000, 0.02076942, 0.05589417, -0.24617869
786107399000, 0.03756821, 0.08979719, -0.2556471
786112136000, 0.034513887, 0.10720685, -0.2660318
786117177000, 0.03268129, 0.112399206, -0.26389378
786122138000, 0.03145956, 0.09987647, -0.27214047
786127063000, 0.053145275, 0.09254608, -0.26419923
786132718000, 0.08979719, 0.08093964, -0.2648101
786137137000, 0.12675454, 0.08399397, -0.2602286
786142131000, 0.15668693, 0.06291912, -0.25045475
786147116000, 0.17348573, 0.064446285, -0.2593123
786152143000, 0.20005837, 0.077579886, -0.2611449
786157137000, 0.20555615, 0.04520403, -0.2687807
786162136000, 0.23335053, 0.012217305, -0.2764165
786167238000, 0.24098633, -0.0033597588, -0.28893927
786172135000, 0.24801129, -0.02107485, -0.3036
786177127000, 0.25289822, -0.05955936, -0.30970868
786182126000, 0.25228736, -0.07696902, -0.31520647
786187140000, 0.2556471, -0.055283304, -0.32406402
786192134000, 0.24037547, -0.053145275, -0.32406402
786197120000, 0.22510384, -0.06627888, -0.31703907
786202732000, 0.2125811, -0.076052725, -0.3182608
786207137000, 0.2125811, -0.08399397, -0.31703907
786212138000, 0.22052236, -0.096516706, -0.31642818
786217197000, 0.23365596, -0.07727446, -0.30909783
786222961000, 0.22968534, -0.04153884, -0.28130344
786227136000, 0.22999077, -0.04153884, -0.26542094
786232141000, 0.23915374, -0.026572637, -0.25625798
786237142000, 0.24801129, -0.022296581, -0.26236662
786242063000, 0.22693644, -0.022296581, -0.2556471
786247108000, 0.21899518, -0.040317107, -0.2452624
786252137000, 0.22632557, -0.07544186, -0.24465153
786257069000, 0.22907446, -0.08582657, -0.2501493
786262104000, 0.21380283, -0.09896017, -0.25992316
786267208000, 0.20463985, -0.095294975, -0.26175576
786272429000, 0.18173242, -0.08460484, -0.26236662
786277107000, 0.1469131, -0.07422013, -0.26633725
786282148000, 0.11789699, -0.07819075, -0.2773328
786287121000, 0.09162979, -0.07513642, -0.2837469
786292133000, 0.06627888, -0.06627888, -0.29077184
786297116000, 0.055283304, -0.04642576, -0.2941316
786302105000, 0.038179077, -0.035124753, -0.2932153
786307098000, 0.03268129, -0.011911872, -0.2929099
786312134000, 0.0290161, 0.011301007, -0.2950479
786317119000, 0.015271631, 0.01038471, -0.2782491
786322139000, 0.020158553, -0.011301007, -0.2666427
786327144000, 0.04428773, -0.016187929, -0.25870144
786332128000, 0.063224554, -0.01282817, -0.2648101
786337158000, 0.08674286, -0.021380283, -0.26267207
786342137000, 0.11911872, -0.0076358155, -0.2510656
786347114000, 0.15332718, 0.014049901, -0.22632557
786352132000, 0.1731803, 0.024129177, -0.19425514
786357138000, 0.19242255, 0.03604105, -0.16035213
786362128000, 0.2125811, 0.0580322, -0.12705997
786367141000, 0.21655174, 0.070554934, -0.08460484
786372106000, 0.22143865, 0.06994407, -0.050396383
786377135000, 0.22602014, 0.03481932, -0.03268129
786382129000, 0.24587326, 0.0076358155, -0.025961773
786387139000, 0.25870144, -0.036651913, -0.01863139
786392133000, 0.26847526, -0.15241088, -0.057421334
786397124000, 0.28710666, -0.21135938, -0.08582657
786402115000, 0.29168814, -0.22785273, -0.10354166
786407138000, 0.26908615, -0.23762658, -0.10629055
786412124000, 0.22968534, -0.23060162, -0.1133155
786417156000, 0.1853976, -0.22449298, -0.111177474
786422687000, 0.14630222, -0.22174409, -0.115453534
786427137000, 0.121256754, -0.23060162, -0.10781772
786432152000, 0.11209377, -0.25625798, -0.10781772
786437159000, 0.10170906, -0.29871312, -0.103847094
786442185000, 0.10476339, -0.33383787, -0.10842858
786447114000, 0.095294975, -0.32589662, -0.10262536
786452150000, 0.081855945, -0.32559118, -0.086132
786457674000, 0.08093964, -0.36010507, -0.079107046
786462150000, 0.11942416, -0.36163223, -0.08552113
786467149000, 0.14782938, -0.3622431, -0.08307768
786472148000, 0.16584991, -0.35308012, -0.080634214
786477131000, 0.16829337, -0.33964106, -0.0720821
786482127000, 0.18112154, -0.30207285, -0.06383542
786487143000, 0.1908954, -0.26297748, -0.042455133
786492300000, 0.1872302, -0.25411993, -0.030543262
786497116000, 0.17959438, -0.24587326, -0.008857546
786502101000, 0.17745635, -0.22602014, -3.0543262E-4
786507135000, 0.16737708, -0.16646078, 0.02107485
786512117000, 0.14355333, -0.11362094, 0.042455133
786517149000, 0.109650314, -0.07941248, 0.042455133
786522134000, 0.070249505, -0.046731193, 0.04184427
786527763000, 0.044898596, -0.04795292, 0.04184427
786532154000, 0.025045475, -0.056505036, 0.04550946
786537157000, 0.020463986, -0.04153884, 0.045814894
786542136000, 0.01740966, -0.031154128, 0.03848451
786547082000, 0.016798794, -0.028099801, 0.035124753
786552172000, 0.022602014, -0.0070249503, 0.02076942
786557133000, 0.028710667, -0.022907447, 0.01863139
786562147000, 0.043982297, -0.012217305, 0.0143553335
786567132000, 0.048563786, -0.0030543262, 0.0106901415
786572147000, 0.056505036, -0.0018325958, 0.0061086523
786577068000, 0.05131268, -9.162979E-4, 0.016798794
786582141000, 0.04734206, -0.006414085, 0.011301007
786587088000, 0.032070424, -0.019547688, 0.01038471
786592133000, 0.032070424, -0.016493361, 0.0106901415
786597472000, 0.023518313, -0.015577064, 0.01282817
786602145000, 0.027183503, -0.014660766, 0.0143553335
786607148000, 0.01740966, -0.0143553335, 0.02443461
786612114000, 0.02107485, -0.009773844, 0.02565634
786617451000, 0.0061086523, 0.004581489, 0.02687807
786622766000, 0.015271631, 0.004581489, 0.03573562
786627368000, 0.013439035, -0.030848695, 0.035124753
786632140000, 0.03359759, 0.0036651916, 0.031154128
786637115000, 0.02107485, 0.016187929, 0.03176499
786642149000, 0.027794369, 0.011911872, 0.028710667
786647128000, 0.015271631, 0.0018325958, 0.028099801
786652178000, 0.022602014, -0.003970624, 0.029626964
786657076000, 0.02565634, -0.034208454, 0.03390302
786662173000, 0.04642576, -0.056505036, 0.03145956
786667226000, 0.06688975, -0.04337143, 0.034208454
786672243000, 0.06169739, -0.023823744, 0.04184427
786677063000, 0.055283304, -0.039095376, 0.044593163
786682155000, 0.05222898, -0.036651913, 0.05589417
786687074000, 0.04550946, -0.042455133, 0.052839845
786692136000, 0.05497787, -0.054061573, 0.05589417
786697093000, 0.047647487, -0.05131268, 0.05467244
786702152000, 0.04734206, -0.04917465, 0.056505036
786707096000, 0.049480084, -0.048563786, 0.06627888
786712138000, 0.04795292, -0.08582657, 0.06566802
786717250000, 0.06261369, -0.07727446, 0.065973446
786722177000, 0.057421334, -0.03390302, 0.06688975
786727111000, 0.042455133, -0.03145956, 0.0693332
786732182000, 0.048258353, -0.027794369, 0.06536258
786737138000, 0.040011674, -0.024740042, 0.059864793
786742129000, 0.03390302, -0.01863139, 0.057421334
786747251000, 0.03970624, -0.014660766, 0.052839845
786752143000, 0.043066, -0.0015271631, 0.05131268
786757142000, 0.03573562, 9.162979E-4, 0.040317107
786762137000, 0.035430185, 0.008552114, 0.04062254
786767257000, 0.04062254, 0.020158553, 0.03848451
786772158000, 0.040011674, 0.031154128, 0.036651913
786777130000, 0.028405234, 0.03023783, 0.0290161
786782800000, 0.020158553, 0.03359759, 0.027794369
786787143000, 0.01160644, 0.038789943, 0.02076942
786792133000, -0.005497787, 0.034208454, 0.02107485
786797120000, 0.0061086523, 0.045814894, 0.02107485
786802137000, -0.005192355, 0.048258353, 0.018936822
786807134000, -0.014660766, 0.03023783, 0.016798794
786812158000, -0.018936822, 0.0290161, 0.0143553335
786817373000, -0.016493361, 0.03176499, 0.006414085
786822741000, -0.032375857, 0.048258353, 0.010995574
786827124000, -0.036651913, 0.032375857, 0.0015271631
786832143000, -0.028710667, 0.034208454, 0.0027488936
786837107000, -0.031154128, 0.03176499, 0.004276057
786842105000, -0.030848695, 0.021991149, 3.0543262E-4
786847141000, -0.02687807, 0.016493361, -0.004886922
786852767000, -0.032986723, 0.028710667, -0.01038471
786857057000, -0.029932396, 0.02443461, -0.005497787
786862039000, -0.020158553, 0.020463986, -0.005192355
786867076000, -0.020463986, 0.0143553335, -6.1086525E-4
786872052000, -0.014660766, 0.009162978, -0.0061086523
786877052000, -0.008552114, 0.013439035, -0.0106901415
786882078000, -0.017715093, 0.005497787, -0.0030543262
786887055000, -0.0106901415, 0.004276057, -0.0030543262
786892048000, -0.016798794, 6.1086525E-4, 0.0030543262
786897063000, -0.009162978, 0.0061086523, 0.013133603
786902189000, -0.013744468, 0.010995574, 0.0067195175
786907128000, -0.009773844, 0.01282817, 0.0106901415
786912138000, -0.010079277, 0.02076942, 0.018325957
786917136000, -0.01160644, 0.018020526, 0.026572637
786922076000, -0.008246681, 0.01160644, 0.026267206
786927197000, -0.002443461, 0.010995574, 0.022907447
786932123000, -9.162979E-4, 0.011301007, 0.026267206
786937141000, -0.005497787, 0.005192355, 0.025045475
786942058000, -0.011911872, 0.0061086523, 0.02321288
786947119000, -0.005192355, 0.0012217305, 0.030848695
786952076000, -0.01282817, -0.0027488936, 0.029626964
786957134000, -0.0018325958, 0.005497787, 0.03176499
786962092000, 0.0015271631, -0.0030543262, 0.03268129
786967200000, 0.004886922, -0.013133603, 0.023518313
786972090000, -3.0543262E-4, -0.021685716, 0.030543262
786977125000, 0.0015271631, -0.018325957, 0.016493361
786982172000, -0.005497787, -0.0125227375, 0.014660766
786987220000, -0.0015271631, -0.01160644, 0.01038471
786992365000, 0.005192355, -0.014966198, 0.021991149
786997117000, 0.003970624, -0.008857546, 0.021991149
787002275000, -0.008246681, -0.024129177, 0.024129177
787007133000, 0.008246681, -0.021685716, 0.022907447
787012115000, 0.01160644, -0.030848695, 0.01863139
787017255000, 0.0030543262, -0.013744468, 0.01863139
787022687000, 0.010079277, -0.0027488936, 0.020463986
787027135000, 0.013439035, 0.015882496, 0.021991149
787032131000, -0.0076358155, -0.0125227375, 0.02565634
787037161000, 0.0012217305, -0.0061086523, 0.027183503
787042066000, 0.0076358155, 0.002443461, 0.024740042
787047164000, 0.008246681, 0.02076942, 0.021991149
787052076000, -0.0018325958, 0.013439035, 0.016187929
787057169000, 0.009468411, 0.03145956, 0.020158553
787062095000, -0.0015271631, 0.029626964, 0.023823744
787067277000, -0.0012217305, 0.012217305, 0.029321533
787072148000, 0.009162978, 0.028710667, 0.025350908
787077156000, 0.004581489, 0.047647487, 0.018020526
787082155000, -0.007941248, 0.027794369, 0.015577064
787087127000, -0.0061086523, 0.022602014, 0.0106901415
787092113000, -0.0106901415, 0.010079277, 0.013744468
787097117000, 0.008857546, 0.022907447, 0.015882496
787102155000, -9.162979E-4, 0.022602014, 0.00580322
787107134000, -0.020463986, 0.050396383, 0.0106901415
787112132000, -0.02076942, 0.029321533, 0.01038471
787117135000, -0.024129177, 0.009162978, 0.004886922
787122141000, -0.0143553335, 0.009162978, 0.007330383
787127130000, -0.014966198, 0.029932396, 0.01740966
787132189000, -0.032070424, 0.015882496, 0.012217305
787137150000, -0.02443461, 0.010079277, 0.009468411
787142193000, -0.011301007, 0.01985312, 0.009468411
787147148000, -0.025350908, 0.008857546, 0.004581489
787152175000, -0.024740042, 0.02076942, 0.014966198
787157155000, -0.020158553, 0.021380283, 0.0106901415
787162166000, -0.028405234, 6.1086525E-4, 0.014049901
787167180000, -0.0143553335, 0.004581489, 0.0036651916
787172159000, -0.018325957, -0.004276057, 0.0021380284
787177164000, -0.0125227375, -0.007941248, 0.004581489
787182193000, -0.008246681, -0.003970624, 0.008552114
787187169000, -0.017104227, -0.0036651916, 0.0067195175
787192164000, -0.019242255, -0.0015271631, 0.007941248
787197108000, -0.022296581, 0.01740966, 0.022602014
787202178000, -0.01985312, -0.007941248, 0.0061086523
787207158000, -0.010995574, 9.162979E-4, 0.004276057
787212173000, -9.162979E-4, 0.0015271631, 6.1086525E-4
787217193000, -0.00580322, -0.008552114, 0.004886922
787222760000, -0.0033597588, -0.004886922, 0.015882496
787227107000, 0.00580322, -0.00580322, 0.019242255
787232221000, 0.0033597588, -0.0021380284, 0.014049901
787237076000, -0.0021380284, -0.006414085, 0.007330383
787242171000, -0.014660766, -0.007330383, 0.017104227
787247086000, -0.0143553335, -0.0021380284, 0.013133603
787252165000, -0.007330383, -0.007941248, 0.0036651916
787257063000, -0.01038471, -0.00580322, 0.011301007
787262161000, -0.015882496, 0.0070249503, 0.014660766
787267146000, -0.015882496, -0.0015271631, 0.01282817
787272172000, -0.021380283, -0.0021380284, 0.010079277
787277109000, -0.018020526, -0.004886922, 0.013744468
787282277000, -0.017715093, -0.0033597588, 0.018020526
787287140000, -0.02321288, -0.002443461, 0.016493361
787292169000, -0.019242255, 0.0036651916, 0.021380283
787297151000, -0.02076942, -0.004581489, 0.012217305
787302164000, -0.014660766, -0.0036651916, 0.016493361
787307141000, -0.017715093, -6.1086525E-4, 0.01282817
787312173000, -0.014966198, -0.0015271631, 0.009468411
787317454000, -0.009773844, 0.005497787, 0.016493361
787322170000, -0.008857546, 0.0143553335, 0.020463986
787327067000, -0.0021380284, 0.0143553335, 0.0061086523
787332264000, -0.009162978, 3.0543262E-4, 0.013744468
787337073000, -0.00580322, -6.1086525E-4, 0.009468411
787342165000, -0.008552114, 0.0033597588, 0.008246681
787347092000, 0.0030543262, 0.010995574, 0.01038471
787352175000, -0.0012217305, 0.0036651916, 0.013133603
787357071000, -0.010079277, -0.0036651916, 0.007941248
787362171000, -0.0012217305, 0.0036651916, 0.01740966
787367178000, -9.162979E-4, 0.003970624, 0.013744468
787372171000, -9.162979E-4, 0.027183503, 0.011301007
787377103000, -0.019242255, 0.025350908, 0.016187929
787382203000, -0.026572637, -0.0036651916, 0.007330383
787387151000, -0.009162978, -0.0012217305, 0.008857546
787392170000, -0.01160644, 0.0067195175, 0.009162978
787397133000, -0.016798794, -0.003970624, 0.010079277
787402171000, -0.019242255, -0.004581489, 0.010995574
787407174000, -0.013744468, -9.162979E-4, 0.016187929
787412174000, -0.009162978, 0.0015271631, 0.013439035
787417223000, -0.014660766, -0.0036651916, 0.01160644
787422743000, -0.014660766, -0.008552114, 0.016187929
787427176000, -0.024129177, 0.0027488936, 0.013133603
787432186000, -0.013133603, -0.0036651916, 0.018936822
787437176000, -0.021991149, -0.009468411, 0.01740966
787442167000, -0.015271631, -0.0076358155, 0.014049901
787447165000, -0.016187929, -0.008552114, 0.0067195175
787452173000, -0.008246681, -0.0125227375, 0.017104227
787457173000, -0.009773844, -0.01038471, 0.005497787
787462157000, -0.008246681, -0.004886922, 0.012217305
787467186000, -0.01038471, -0.010995574, 0.0027488936
787472170000, -0.0106901415, -0.016493361, 0.004886922
787477173000, -0.013439035, -0.0125227375, 0.013744468
787482192000, -0.014049901, -0.0143553335, 0.007330383
787487176000, -0.016187929, -0.022907447, 0.011911872
787492171000, -0.02107485, -0.019242255, 0.0125227375
787497117000, -0.0143553335, -0.019547688, 0.007941248
787502177000, -0.007330383, -0.020463986, 0.0070249503
787507172000, -0.013744468, -0.013133603, 0.0076358155
787512157000, -0.013133603, -0.02107485, 0.016798794
787517205000, -0.009162978, -0.021685716, 0.024129177
787522170000, 0.019547688, 0.010079277, 0.014660766
787527171000, -0.00580322, 0.0106901415, 0.015577064
787532173000, -0.00580322, 0.0125227375, 0.012217305
787537177000, -0.01160644, 0.0061086523, 0.013439035
787542167000, -0.0076358155, 0.017104227, 0.011911872
787547156000, -0.005192355, 0.015882496, 0.009468411
787552172000, -0.0067195175, 0.01863139, 0.008246681
787557173000, -0.0067195175, 0.016187929, 0.016798794
787562129000, -0.01038471, 0.0106901415, 0.006414085
787567193000, -0.010079277, 0.014049901, 0.00580322
787572080000, -0.011911872, 0.032986723, 0.007941248
787577176000, -0.027794369, 0.006414085, 0.008857546
787582122000, -0.02443461, 0.0021380284, 0.008857546
787587173000, -0.005497787, 0.007330383, 0.004886922
787592069000, -0.0125227375, 0.008246681, 0.0036651916
787597121000, -0.02565634, -0.0012217305, 0.004886922
787602079000, -0.02443461, -0.0015271631, 0.00580322
787607173000, -0.022296581, 9.162979E-4, 0.002443461
787612158000, -0.018325957, 0.007941248, 0.007941248
787617218000, -0.016493361, 0.003970624, 0.008246681
787622769000, -0.021685716, 0.004886922, 6.1086525E-4
787627176000, -0.026267206, 0.0030543262, 0.0036651916
787632119000, -0.01985312, 0.007330383, 3.0543262E-4
787637174000, -0.011911872, 0.01038471, 0.0067195175
787642067000, -0.014660766, 0.005192355, 0.01038471
787647165000, -0.011911872, 0.013439035, 0.003970624
787652077000, -0.009162978, 0.0061086523, 0.0070249503
787657173000, -0.01038471, 0.009468411, 0.002443461
787662111000, -0.004581489, 0.0143553335, 0.008857546
787667193000, -0.0018325958, 0.017715093, 0.008246681
787672114000, -9.162979E-4, 0.018325957, 0.005192355
787677169000, -0.004581489, 0.016187929, 0.0070249503
787682219000, -0.01985312, 0.035430185, 0.0125227375
787687174000, -0.012217305, 0.02687807, 0.018020526
787692154000, -0.028405234, 0.009468411, 0.0106901415
787697114000, 6.1086525E-4, 0.019242255, 0.014966198
787702129000, -0.009468411, 0.014660766, 0.014049901
787707074000, -0.005192355, 0.014049901, 0.015882496
787712056000, -0.016187929, 0.007941248, 0.017715093
787717086000, -0.02321288, 0.008552114, 0.015577064
787722075000, -0.010995574, 0.010995574, 0.018325957
787727071000, -0.011911872, 6.1086525E-4, 0.008857546
787732105000, -0.0125227375, 0.0070249503, 0.01038471
787737076000, -0.01282817, 0.008857546, 0.016187929
787742076000, -0.02076942, 0.002443461, 0.008857546
787747066000, -0.016187929, 9.162979E-4, 0.01282817
787752103000, -0.005192355, 0.009468411, 0.007330383
787757163000, -0.010995574, -9.162979E-4, 0.005192355
787762160000, -0.009468411, -0.0012217305, 0.0106901415
787767204000, -0.0106901415, 0.013439035, 0.009773844
787772177000, -0.016493361, 0.021685716, 0.009773844
787777166000, -0.007941248, 0.030543262, 0.01282817
787782191000, -0.019242255, 0.02107485, 0.01160644
787787174000, -0.025045475, 0.0018325958, 0.004581489
787792174000, -0.004886922, 0.0027488936, 0.008246681
787797108000, -0.0021380284, 0.007941248, 0.010079277
787802172000, -0.016798794, 0.012217305, 0.01282817
787807171000, -0.004276057, 0.004276057, 0.011911872
787812164000, -0.010079277, 0.003970624, 0.0076358155
787817199000, -0.013133603, 0.008552114, 0.0018325958
787822763000, -0.010995574, 0.007330383, 0.013133603
787827167000, -0.014660766, 0.0036651916, 0.005497787
787832198000, -0.015882496, 0.0018325958, 0.007941248
787837165000, -0.02076942, -0.0018325958, 0.0027488936
787842169000, -0.025350908, -0.005497787, 0.0076358155
787847155000, -0.014966198, -0.0030543262, 0.003970624
787852173000, -0.017715093, -0.004886922, 0.0067195175
787857166000, -0.015882496, 0.007330383, 0.009773844
787862173000, -0.01863139, -0.004581489, 0.004886922
787867140000, -0.0125227375, -0.004886922, 0.004581489
787872172000, -0.022602014, -0.0061086523, 0.0076358155
787877110000, -0.018936822, -0.0027488936, 0.003970624
787882194000, -0.01160644, 0.007330383, 0.012217305
787887071000, -0.015577064, 0.0027488936, 3.0543262E-4
787892178000, -0.011911872, -0.0033597588, -9.162979E-4
787897084000, -0.016187929, -0.0070249503, 6.1086525E-4
787902171000, -0.022907447, -0.005497787, 0.005497787
787907067000, -0.015271631, -0.0030543262, 0.0036651916
787912158000, -0.01282817, 0.004276057, -0.0012217305
787917114000, -0.011911872, -0.0030543262, 0.0021380284
787922174000, -0.02107485, -0.006414085, 0.004581489
787927101000, -0.021991149, -0.006414085, 0.008857546
787932198000, -0.02443461, -0.011301007, 0.005497787
787937114000, -0.021991149, -0.013744468, 3.0543262E-4
787942168000, -0.017715093, -0.015577064, 0.006414085
787947129000, -0.028099801, -0.020463986, -6.1086525E-4
787952173000, -0.019547688, -0.014966198, -0.0036651916
787957156000, -0.016798794, -0.014966198, 0.0015271631
787962172000, -0.0106901415, -0.0076358155, -0.0030543262
787967150000, -0.021991149, -0.012217305, 0.0015271631
