#Rate of rotation around the x y z axes (Angular velocity).
#timestamp(ns),x,y,z(rad/s)
#Datetime: 07/05/2015 16:47:37
##########################################
#Activity: 8 - CSI - Car-Step in - 6s
#Subject ID: 51
#First Name: sub51
#Last Name: sub51
#Age: 23
#Height(cm): 171
#Weight(kg): 70
#Gender: Male
##########################################

@DATA
23304823078000, 0.13103059, 0.17898351, -0.2929099
23304828083000, 0.10751228, 0.25778514, -0.31245756
23304833080000, 0.083383106, 0.31215215, -0.33658674
23304838863000, 0.07513642, 0.34666604, -0.32895094
23304843152000, 0.10842858, 0.3631594, -0.31337386
23304848119000, 0.16218472, 0.35613444, -0.28527406
23304853122000, 0.19730948, 0.33322698, -0.25686884
23304858147000, 0.24984388, 0.29565877, -0.22296582
23304863158000, 0.2687807, 0.25381452, -0.18753563
23304868127000, 0.28924468, 0.22479841, -0.15790866
23304873100000, 0.29016098, 0.22113322, -0.12370021
23304878128000, 0.28771752, 0.21074851, -0.10567969
23304883093000, 0.27183503, 0.20861048, -0.090713486
23304888065000, 0.2669481, 0.21197024, -0.06963864
23304893101000, 0.24312437, 0.19975294, -0.06078109
23304898083000, 0.22571471, 0.18784106, -0.058643065
23304903097000, 0.20922135, 0.18142697, -0.058643065
23304909009000, 0.19425514, 0.20066923, -0.06047566
23304913086000, 0.18081611, 0.21685717, -0.06047566
23304918079000, 0.17806722, 0.27122417, -0.06566802
23304923069000, 0.16279559, 0.321926, -0.07391469
23304928087000, 0.15699236, 0.37873647, -0.084910266
23304933088000, 0.16340645, 0.43310347, -0.102319926
23304938062000, 0.16126843, 0.4633413, -0.118202426
23304943066000, 0.16554448, 0.48472157, -0.13500121
23304948080000, 0.17806722, 0.4792238, -0.15057829
23304953089000, 0.18051068, 0.46639562, -0.1731803
23304958106000, 0.1826487, 0.4596761, -0.1994475
23304963072000, 0.18845193, 0.4437936, -0.21838433
23304968075000, 0.19150625, 0.42821655, -0.22693644
23304973067000, 0.19333886, 0.4175264, -0.23762658
23304978379000, 0.18325958, 0.40958515, -0.24984388
23304983080000, 0.20952678, 0.4098906, -0.2565634
23304988083000, 0.20555615, 0.41263947, -0.26816985
23304994652000, 0.20891592, 0.43463063, -0.2773328
23304998084000, 0.22418754, 0.44318274, -0.28069258
23305003119000, 0.2321288, 0.46486846, -0.28069258
23305008196000, 0.24312437, 0.48441613, -0.2773328
23305013103000, 0.2706133, 0.50854534, -0.2773328
23305018075000, 0.30787608, 0.5558874, -0.27488935
23305023073000, 0.3631594, 0.60994893, -0.27488935
23305028095000, 0.42058071, 0.6704246, -0.26908615
23305033077000, 0.46639562, 0.74006325, -0.2669481
23305038059000, 0.50946164, 0.78038037, -0.24678956
23305043103000, 0.5299256, 0.7812967, -0.21471913
23305048321000, 0.5299256, 0.7452556, -0.18020524
23305053118000, 0.5152648, 0.6762278, -0.1441642
23305058154000, 0.4636467, 0.5919284, -0.10995574
23305063128000, 0.38148534, 0.4746423, -0.07360926
23305068075000, 0.3051272, 0.35185838, -0.029932396
23305073064000, 0.22907446, 0.29443705, 0.015577064
23305078091000, 0.14721853, 0.16676621, 0.03481932
23305083081000, 0.102319926, 0.05681047, 0.07880162
23305088065000, 0.026267206, -0.03390302, 0.12461651
23305093090000, -0.03176499, -0.11881329, 0.17501289
23305098085000, -0.07696902, -0.22602014, 0.22266038
23305103118000, -0.12095132, -0.34391713, 0.25870144
23305108177000, -0.13439035, -0.46609017, 0.28099802
23305113094000, -0.13927728, -0.57848936, 0.28680122
23305118047000, -0.1386664, -0.6722572, 0.28802297
23305123084000, -0.14172074, -0.75686204, 0.28252518
23305128089000, -0.16249016, -0.82772243, 0.2666427
23305133073000, -0.19120082, -0.87964594, 0.24770586
23305138057000, -0.21899518, -0.8933904, 0.21624629
23305143154000, -0.23823744, -0.8720101, 0.18448131
23305148082000, -0.26053402, -0.8371908, 0.1572978
23305153113000, -0.26145032, -0.7809912, 0.14019357
23305158142000, -0.2678644, -0.6951646, 0.11636983
23305163109000, -0.25228736, -0.59040123, 0.090713486
23305168079000, -0.24373524, -0.46761733, 0.0842994
23305173080000, -0.23701571, -0.4202753, 0.071776666
23305178092000, -0.23182335, -0.30298916, 0.06963864
23305183078000, -0.23365596, -0.2012801, 0.05955936
23305188096000, -0.23823744, -0.124005646, 0.049785517
23305193375000, -0.2556471, -0.06291912, 0.033292156
23305198116000, -0.27977628, -0.0421497, 0.037873644
23305203082000, -0.29443705, -0.052534413, 0.038179077
23305208121000, -0.28313604, -0.07452556, 0.04795292
23305213128000, -0.28985557, -0.09254608, 0.051923547
23305218115000, -0.2959642, -0.10140363, 0.047036625
23305223121000, -0.30757064, -0.08032878, 0.030543262
23305228118000, -0.31764993, -0.059253927, 0.018936822
23305233656000, -0.3182608, -0.034513887, 0.009773844
23305238097000, -0.3313944, 0.0070249503, 0.011301007
23305243149000, -0.3484986, 0.055283304, 0.013133603
23305248118000, -0.36132678, 0.09865474, 0.014660766
23305253144000, -0.3726278, 0.14752395, 0.023518313
23305258145000, -0.38331795, 0.18417588, 0.031154128
23305263164000, -0.3811799, 0.1957823, 0.049480084
23305268079000, -0.37904188, 0.19425514, 0.05955936
23305273083000, -0.3680463, 0.18967366, 0.069027774
23305278078000, -0.3680463, 0.18142697, 0.08093964
23305283090000, -0.36865717, 0.1441642, 0.098043874
23305288065000, -0.3830125, 0.10720685, 0.10262536
23305293095000, -0.39614612, 0.0711658, 0.106595986
23305298077000, -0.41386122, 0.0067195175, 0.12736541
23305303900000, -0.40439278, -0.062002823, 0.13958271
23305308116000, -0.4202753, -0.100792766, 0.1328632
23305313082000, -0.42271876, -0.13836098, 0.13683382
23305318077000, -0.4269948, -0.1872302, 0.14721853
23305323082000, -0.4364632, -0.24770586, 0.15943582
23305328094000, -0.44776422, -0.31673363, 0.17104226
23305333079000, -0.4605924, -0.37568212, 0.17379116
23305338083000, -0.4841107, -0.4382958, 0.17134771
23305343454000, -0.4981606, -0.49388456, 0.17012598
23305348116000, -0.5103779, -0.5516113, 0.15851954
23305353154000, -0.52839845, -0.61758476, 0.14782938
23305358204000, -0.5488624, -0.6908886, 0.12950343
23305363171000, -0.5537493, -0.74464476, 0.12003502
23305368118000, -0.56107974, -0.77854776, 0.122783914
23305373198000, -0.5564982, -0.8249735, 0.12797627
23305378125000, -0.5476407, -0.872621, 0.13683382
23305383078000, -0.50793445, -0.8918633, 0.14905111
23305388109000, -0.48747048, -0.9315695, 0.16157386
23305394730000, -0.4709771, -0.9764681, 0.16493362
23305398128000, -0.45051312, -0.9831876, 0.15699236
23305403109000, -0.4636467, -0.9966267, 0.14844026
23305408205000, -0.46211955, -1.0277808, 0.1459968
23305413152000, -0.43401974, -1.0409144, 0.16218472
23305418114000, -0.4092797, -1.0381655, 0.1740966
23305423121000, -0.36254853, -1.0393872, 0.19425514
23305428117000, -0.32711834, -1.0076222, 0.20372356
23305433116000, -0.2938262, -0.9468411, 0.22235495
23305438093000, -0.2706133, -0.8738427, 0.22143865
23305443089000, -0.26083946, -0.80909103, 0.22174409
23305448118000, -0.28313604, -0.72051555, 0.21044308
23305453118000, -0.30879238, -0.6423248, 0.20799962
23305458230000, -0.312763, -0.57696223, 0.20311269
23305463132000, -0.32620203, -0.5458081, 0.21044308
23305468128000, -0.3475823, -0.5384777, 0.22296582
23305473137000, -0.36010507, -0.5525276, 0.23182335
23305478123000, -0.38545597, -0.5503896, 0.24801129
23305483079000, -0.42241332, -0.43401974, 0.27885997
23305488111000, -0.44012842, -0.33414328, 0.33933565
23305493162000, -0.41386122, -0.2171626, 0.3811799
23305498119000, -0.4089743, -0.15485434, 0.4129449
23305503132000, -0.39858958, -0.15424347, 0.43585235
23305508088000, -0.4202753, -0.1872302, 0.45204028
23305513218000, -0.45356745, -0.24465153, 0.45906523
23305518125000, -0.5012149, -0.30940324, 0.4633413
23305523186000, -0.54825157, -0.37659842, 0.48624873
23305528136000, -0.61391956, -0.39614612, 0.52473325
23305533104000, -0.68111473, -0.3930918, 0.55771995
23305538119000, -0.7180721, -0.4147775, 0.59223384
23305543144000, -0.73456544, -0.40866885, 0.6270532
23305548129000, -0.75441855, -0.3921755, 0.65118235
23305553168000, -0.75441855, -0.37690386, 0.6575964
23305558934000, -0.75991637, -0.41813725, 0.66889745
23305563128000, -0.7666359, -0.4456262, 0.6762278
23305568174000, -0.77488256, -0.47861293, 0.6585127
23305573111000, -0.7828238, -0.5216789, 0.62125
23305578100000, -0.7855727, -0.5235115, 0.5876524
23305583079000, -0.8008443, -0.52442783, 0.54825157
23305588027000, -0.79779, -0.50854534, 0.5140431
23305594349000, -0.81061816, -0.5299256, 0.46578476
23305598013000, -0.81306165, -0.5335908, 0.44806966
23305603003000, -0.8164214, -0.5552765, 0.41172317
23305608011000, -0.8029824, -0.5525276, 0.39553526
23305613024000, -0.7724391, -0.54611355, 0.35888332
23305618018000, -0.74464476, -0.5369505, 0.3359759
23305623003000, -0.72509706, -0.54825157, 0.31795537
23305628312000, -0.6960809, -0.5555819, 0.3100141
23305633021000, -0.679893, -0.56413406, 0.30940324
23305638013000, -0.6423248, -0.5522222, 0.3231477
23305643025000, -0.6209445, -0.5421429, 0.32559118
23305648011000, -0.57726765, -0.50946164, 0.33841935
23305653021000, -0.54733527, -0.5122105, 0.31887165
23305658056000, -0.52931476, -0.50762904, 0.30940324
23305663013000, -0.51343226, -0.49571714, 0.29565877
23305668018000, -0.5122105, -0.47616947, 0.27091873
23305673024000, -0.5015204, -0.44135013, 0.23304509
23305678026000, -0.5012149, -0.39645153, 0.19486602
23305682997000, -0.50976706, -0.364992, 0.16584991
23305688069000, -0.5143485, -0.32803464, 0.13164146
23305693091000, -0.50732356, -0.28802297, 0.10140363
23305698080000, -0.5131268, -0.25870144, 0.064446285
23305703110000, -0.4981606, -0.226631, 0.034513887
23305708109000, -0.48563787, -0.17470746, 0.0021380284
23305713114000, -0.46700647, -0.14630222, -0.031154128
23305718087000, -0.46028697, -0.122478485, -0.03573562
23305723100000, -0.43371433, -0.095294975, -0.03970624
23305728080000, -0.42485678, -0.052839845, -0.048563786
23305733076000, -0.42363504, 0.03268129, -0.0571159
23305738074000, -0.42424592, 0.086437434, -0.059253927
23305743396000, -0.42149702, 0.12705997, -0.055588737
23305748088000, -0.42363504, 0.1881465, -0.043066
23305753105000, -0.43493605, 0.23793201, -0.050396383
23305758118000, -0.43401974, 0.26053402, -0.07666359
23305763074000, -0.44440445, 0.28252518, -0.09101892
23305768080000, -0.453262, 0.3387248, -0.07788532
23305773080000, -0.45051312, 0.36468655, -0.0693332
23305778086000, -0.44501534, 0.36835176, -0.06841691
23305783071000, -0.44226643, 0.36254853, -0.06963864
23305788125000, -0.44348818, 0.37659842, -0.07513642
23305793187000, -0.43127087, 0.3903429, -0.062308256
23305798126000, -0.40683624, 0.4382958, -0.056505036
23305803151000, -0.4007276, 0.4978552, -0.03848451
23305808208000, -0.38820487, 0.52656585, -0.018936822
23305813204000, -0.36957347, 0.56016344, -0.006414085
23305818128000, -0.36102137, 0.6044512, 0.0027488936
23305823109000, -0.37018433, 0.6414085, 0.012217305
23305828116000, -0.36071593, 0.66828656, 0.014049901
23305833111000, -0.37018433, 0.71868294, 0.025045475
23305838102000, -0.38423425, 0.77396625, 0.03145956
23305843129000, -0.39858958, 0.8374963, 0.03940081
23305848111000, -0.42119157, 0.91751957, 0.049480084
23305853158000, -0.43768495, 0.99387777, 0.063224554
23305858195000, -0.45570546, 1.0155635, 0.06505715
23305863123000, -0.45540005, 1.0525209, 0.06688975
23305868118000, -0.4642576, 1.0910053, 0.08093964
23305873114000, -0.47250426, 1.1291844, 0.08979719
23305878126000, -0.49510628, 1.1560625, 0.08674286
23305883827000, -0.5225952, 1.1878275, 0.08979719
23305888105000, -0.5467244, 1.2223413, 0.08674286
23305893138000, -0.5821546, 1.2803736, 0.098043874
23305898120000, -0.6200282, 1.2541064, 0.09468412
23305903169000, -0.63621616, 1.2391402, 0.10354166
23305908176000, -0.679893, 1.2528846, 0.109650314
23305913127000, -0.6960809, 1.269378, 0.118202426
23305918118000, -0.72051555, 1.3191634, 0.13897185
23305923123000, -0.73823065, 1.3768903, 0.14966199
23305928118000, -0.7272351, 1.423316, 0.13958271
23305933114000, -0.698219, 1.4248432, 0.1282817
23305938101000, -0.68233645, 1.4071281, 0.1133155
23305943126000, -0.65668017, 1.3683381, 0.09315695
23305948119000, -0.64599, 1.3338243, 0.087964594
23305953489000, -0.6426302, 1.3326025, 0.06872234
23305958132000, -0.63621616, 1.3405437, 0.069027774
23305963116000, -0.63529986, 1.3319917, 0.06963864
23305968117000, -0.6404922, 1.3509285, 0.06383542
23305973077000, -0.6579019, 1.3875804, 0.06994407
23305978094000, -0.66645396, 1.4355333, 0.076052725
23305983074000, -0.6768387, 1.4905112, 0.079107046
23305988053000, -0.68966687, 1.543351, 0.09560041
23305993240000, -0.7122689, 1.536937, 0.10262536
23305998118000, -0.72051555, 1.518611, 0.11759156
23306003155000, -0.7351763, 1.4902058, 0.13775012
23306008166000, -0.7593055, 1.4349225, 0.1572978
23306013143000, -0.77732605, 1.351234, 0.18661933
23306018120000, -0.77854776, 1.2986995, 0.21135938
23306023328000, -0.7715228, 1.2507466, 0.22174409
23306028138000, -0.7703011, 1.2253957, 0.20952678
23306033113000, -0.79351395, 1.1982121, 0.1853976
23306038103000, -0.8216137, 1.1685852, 0.15302174
23306043140000, -0.850019, 1.1438452, 0.116675265
23306048122000, -0.8707884, 1.1328496, 0.07727446
23306053166000, -0.8756753, 1.0916162, 0.048258353
23306058190000, -0.8885035, 1.0525209, 0.03176499
23306063195000, -0.9126327, 1.0128145, 3.0543262E-4
23306068112000, -0.93187493, 0.97249746, -0.02687807
23306073108000, -0.95417154, 0.93951076, -0.047036625
23306078129000, -0.956615, 0.9101892, -0.05955936
23306083080000, -0.94959, 0.90316427, -0.06872234
23306088108000, -0.9486737, 0.8900307, -0.048258353
23306093071000, -0.93370754, 0.86162543, -0.032375857
23306098126000, -0.93615097, 0.8200866, -0.023823744
23306103165000, -0.9138544, 0.79290307, -0.005497787
23306108231000, -0.895223, 0.7849618, 0.011301007
23306113219000, -0.88270026, 0.8222246, 0.02076942
23306118124000, -0.8481864, 0.850019, 0.033292156
23306123125000, -0.8454375, 0.8784242, 0.043066
23306128119000, -0.82924956, 0.8753699, 0.029626964
23306133104000, -0.79626286, 0.8539896, 0.02565634
23306138097000, -0.77732605, 0.8206975, 0.017104227
23306143089000, -0.7696902, 0.79779, 0.008246681
23306148150000, -0.7724391, 0.784351, 0.0015271631
23306153034000, -0.77640975, 0.7910705, 0.003970624
23306158152000, -0.7816021, 0.81183994, -0.004276057
23306163027000, -0.8005389, 0.83260936, -0.01038471
23306168116000, -0.84849185, 0.8481864, 0.020158553
23306173077000, -0.8924741, 0.88239485, 0.029932396
23306178125000, -0.9092729, 0.8888089, 0.06872234
23306183082000, -0.9184359, 0.8723156, 0.087964594
23306188113000, -0.93126404, 0.8005389, 0.13072516
23306193191000, -0.93676186, 0.7147123, 0.20677789
23306198120000, -0.95172805, 0.49296826, 0.24953845
23306203135000, -0.91324353, 0.25534168, 0.2855795
23306208961000, -0.89461213, 0.076052725, 0.27947086
23306213130000, -0.88086766, -0.022602014, 0.27397305
23306218109000, -0.9071349, -0.12156218, 0.2666427
23306223086000, -0.9306532, -0.25137106, 0.23793201
23306228089000, -0.95325524, -0.39278635, 0.20158553
23306233089000, -0.9825767, -0.5375614, 0.17134771
23306238059000, -1.0170907, -0.68966687, 0.124005646
23306243104000, -1.065349, -0.73792523, 0.070249505
23306248078000, -1.1520919, -0.7910705, 0.03604105
23306253067000, -1.1823297, -0.81306165, -0.029626964
23306258090000, -1.2403619, -0.73884153, -0.03940081
23306263086000, -1.3060299, -0.6942484, -0.018936822
23306268077000, -1.3365731, -0.7672467, -9.162979E-4
23306273084000, -1.3335189, -0.906524, 0.059864793
23306278897000, -1.3521502, -1.0464121, 0.121256754
23306283078000, -1.3494014, -1.0797043, 0.13927728
23306288035000, -1.3603969, -1.0558805, 0.1591304
23306293128000, -1.3487904, -1.0036516, 0.17928895
23306298044000, -1.349096, -0.95539325, 0.1731803
23306303087000, -1.3817772, -0.93218035, 0.13744467
23306308073000, -1.4144585, -0.9263771, 0.11636983
23306313078000, -1.4245378, -0.90469146, 0.12858713
23306318008000, -1.4434745, -0.8393288, 0.18020524
23306323077000, -1.42973, -0.8341365, 0.2125811
23306328012000, -1.3912456, -0.795652, 0.2406809
23306333081000, -1.3652838, -0.6585127, 0.26175576
23306338025000, -1.3567317, -0.56230146, 0.26816985
23306343098000, -1.3637567, -0.5164866, 0.25350907
23306348238000, -1.3732251, -0.43799037, 0.25045475
23306353084000, -1.38025, -0.39858958, 0.24923302
23306358113000, -1.3759739, -0.3735441, 0.25411993
23306363085000, -1.366811, -0.36774087, 0.26175576
23306368091000, -1.3414601, -0.35308012, 0.27000242
23306373070000, -1.3176364, -0.3115413, 0.27977628
23306378099000, -1.3029755, -0.23793201, 0.29138273
23306383078000, -1.2932017, -0.23640485, 0.26816985
23306388359000, -1.3243558, -0.23915374, 0.26206118
23306393459000, -1.3863586, -0.26328292, 0.23915374
23306398077000, -1.4395039, -0.32436943, 0.23304509
23306403101000, -1.4712689, -0.3998113, 0.23548855
23306408124000, -1.4605788, -0.48808134, 0.24556783
23306413083000, -1.4330899, -0.5510005, 0.28130344
23306418024000, -1.4068227, -0.60139686, 0.3200934
23306423067000, -1.389413, -0.6270532, 0.34330627
23306428060000, -1.3759739, -0.6429357, 0.35521814
23306433113000, -1.3603969, -0.65270954, 0.36010507
23306438079000, -1.3304645, -0.6444628, 0.36896262
23306443103000, -1.2953397, -0.6365216, 0.3659083
23306448083000, -1.2873985, -0.65118235, 0.3707952
23306453071000, -1.2605205, -0.6826419, 0.37873647
23306458146000, -1.2373075, -0.6728681, 0.38637227
23306463155000, -1.2168436, -0.6243043, 0.3912592
23306468081000, -1.221425, -0.5861252, 0.39461896
23306473056000, -1.2162327, -0.5458081, 0.40683624
23306478090000, -1.2238685, -0.4718934, 0.441961
23306483078000, -1.2391402, -0.4792238, 0.41905355
23306488058000, -1.2449434, -0.44929138, 0.40653083
23306493085000, -1.2519683, -0.39187005, 0.4083634
23306498079000, -1.2611313, -0.34788775, 0.41233405
23306503039000, -1.260215, -0.31612277, 0.43188173
23306508124000, -1.2822062, -0.30848694, 0.44073927
23306513033000, -1.2907583, -0.32528573, 0.42577308
23306518079000, -1.2910637, -0.3585779, 0.3885103
23306523032000, -1.2892311, -0.4111123, 0.36285394
23306528089000, -1.273654, -0.43951756, 0.35705075
23306533013000, -1.2678508, -0.473726, 0.35979962
23306538061000, -1.2479976, -0.47769663, 0.33750305
23306543112000, -1.2479976, -0.4783075, 0.3295618
23306548093000, -1.25319, -0.45723262, 0.31978795
23306553093000, -1.2605205, -0.46761733, 0.28344148
23306558096000, -1.2501358, -0.49021935, 0.28405234
23306563041000, -1.255328, -0.49327368, 0.27458394
23306568046000, -1.2651019, -0.49113566, 0.2611449
23306573031000, -1.2770138, -0.46822822, 0.2687807
23306578047000, -1.2986995, -0.4361578, 0.2855795
23306583021000, -1.3130548, -0.38331795, 0.26939157
23306588059000, -1.3051136, -0.3304781, 0.2706133
23306594673000, -1.3054191, -0.27855456, 0.2660318
23306598050000, -1.3402383, -0.27000242, 0.25686884
23306603289000, -1.3478742, -0.26633725, 0.23182335
23306607985000, -1.3665055, -0.2501493, 0.20738874
23306613003000, -1.3729197, -0.22082779, 0.19120082
23306617996000, -1.3701707, -0.19853121, 0.16310102
23306623009000, -1.3726143, -0.18051068, 0.15974127
23306628000000, -1.3918564, -0.17959438, 0.1282817
23306632996000, -1.3979651, -0.17073683, 0.12675454
23306637985000, -1.3848315, -0.15210545, 0.12522738
23306643003000, -1.3811663, -0.10629055, 0.13408493
23306647992000, -1.38025, -0.06688975, 0.16798794
23306653079000, -1.3625349, -0.05100725, 0.19914207
23306658115000, -1.3603969, -0.06352998, 0.23335053
23306663182000, -1.357648, -0.09468412, 0.2406809
23306668028000, -1.357648, -0.12950343, 0.22724187
23306673115000, -1.3567317, -0.15943582, 0.20372356
23306678015000, -1.3686435, -0.24556783, 0.19211712
23306683076000, -1.3845261, -0.321926, 0.18570304
23306688080000, -1.3793337, -0.38789943, 0.15118915
23306693115000, -1.382999, -0.38606682, 0.17959438
23306698075000, -1.3704761, -0.39950588, 0.18387043
23306703087000, -1.3518448, -0.43493605, 0.16371189
23306708775000, -1.3371841, -0.43585235, 0.15577064
23306713078000, -1.3478742, -0.47067168, 0.1600467
23306718064000, -1.310306, -0.49938235, 0.1881465
23306723074000, -1.2779301, -0.52748215, 0.20922135
23306728029000, -1.2287555, -0.53786683, 0.23304509
23306733084000, -1.17897, -0.5458081, 0.258396
23306738024000, -1.1670581, -0.55741453, 0.26358834
23306743058000, -1.1246029, -0.55924714, 0.29138273
23306748022000, -1.0809261, -0.5503896, 0.3585779
23306753098000, -0.98899084, -0.62888575, 0.3381139
23306758147000, -0.9575313, -0.6554584, 0.28985557
23306763156000, -1.0088439, -0.56413406, 0.37507126
23306768055000, -0.96669424, -0.6010914, 0.3827071
23306773067000, -0.90102625, -0.6398814, 0.37873647
23306778216000, -0.84971356, -0.6765333, 0.37323865
23306783080000, -0.7684685, -0.691194, 0.36102137
23306788094000, -0.70952, -0.7021896, 0.32742378
23306793069000, -0.6398814, -0.72784597, 0.30268374
23306798096000, -0.552833, -0.7452556, 0.27580565
23306803110000, -0.45234573, -0.70280045, 0.23243423
23306808101000, -0.3753767, -0.66798115, 0.1994475
23306813213000, -0.29443705, -0.61453044, 0.17623462
23306818120000, -0.21655174, -0.59986967, 0.16493362
23306823086000, -0.1386664, -0.62949663, 0.15302174
23306828124000, -0.07727446, -0.68508536, 0.15424347
23306833112000, -0.03756821, -0.7134906, 0.15088372
23306838093000, -0.01282817, -0.75716746, 0.15271631
23306843156000, 0.011301007, -0.79259765, 0.16249016
23306848106000, 0.015577064, -0.8206975, 0.18325958
23306853128000, 0.01740966, -0.8381071, 0.1994475
23306858155000, 0.020158553, -0.82558435, 0.22113322
23306863117000, 0.021991149, -0.81245077, 0.2406809
23306868102000, 0.021380283, -0.7788532, 0.26053402
23306873093000, 0.0027488936, -0.7852673, 0.27366763
23306878126000, -0.016187929, -0.7761043, 0.29077184
23306883077000, -0.03573562, -0.74067414, 0.31642818
23306888086000, -0.06505715, -0.7067711, 0.3549127
23306893072000, -0.12644911, -0.68844515, 0.38545597
23306898091000, -0.19425514, -0.6963864, 0.42271876
23306903035000, -0.2611449, -0.6918049, 0.46731192
23306908102000, -0.3359759, -0.6728681, 0.49235737
23306913018000, -0.41722095, -0.66859204, 0.5164866
23306918083000, -0.46578476, -0.643852, 0.56107974
23306923061000, -0.5225952, -0.6038403, 0.59986967
23306928099000, -0.5525276, -0.5714644, 0.6435465
23306933020000, -0.59681535, -0.5207626, 0.6640105
23306938068000, -0.61422503, -0.48502702, 0.6960809
23306943121000, -0.6743952, -0.4550946, 0.72173727
23306948116000, -0.73853606, -0.42730024, 0.7501425
23306953116000, -0.7788532, -0.4175264, 0.7632761
23306958154000, -0.8216137, -0.3912592, 0.79045963
23306963585000, -0.86009824, -0.3817908, 0.81214535
23306968113000, -0.8888089, -0.3735441, 0.84329945
23306973399000, -0.91324353, -0.37048978, 0.86620694
23306978097000, -0.91446525, -0.36774087, 0.88117313
23306983148000, -0.9221011, -0.35246924, 0.9059132
23306988080000, -0.9401216, -0.3640757, 0.9431759
23306994697000, -0.9602802, -0.38056904, 0.98471475
23306998178000, -0.99204516, -0.38240165, 1.0256428
23307003123000, -1.0418307, -0.37110063, 1.0668762
23307008081000, -1.0873401, -0.3454443, 1.1010846
23307013097000, -1.1523973, -0.2919936, 1.131017
23307018074000, -1.2006557, -0.22999077, 1.1780536
23307023055000, -1.2394456, -0.20066923, 1.2281445
23307028095000, -1.2592987, -0.14477506, 1.2528846
23307033056000, -1.2696834, -0.10629055, 1.2959507
23307038119000, -1.2822062, -0.06078109, 1.3344351
23307043112000, -1.2956452, -0.04062254, 1.3643675
23307048052000, -1.2953397, -0.06047566, 1.4010195
23307053102000, -1.3112222, -0.10354166, 1.4355333
23307058144000, -1.3298537, -0.14172074, 1.5033394
23307063085000, -1.3310753, -0.18753563, 1.568702
23307068037000, -1.3524556, -0.24678956, 1.6288722
23307073053000, -1.350623, -0.32284227, 1.6820174
23307078065000, -1.3405437, -0.32436943, 1.7244726
23307083077000, -1.3365731, -0.26450464, 1.7809776
23307088078000, -1.3206906, -0.1685988, 1.8170186
23307093158000, -1.3130548, -0.046120327, 1.8619173
23307098081000, -1.3093897, 0.0693332, 1.915368
23307103408000, -1.3213016, 0.12461651, 1.9657644
23307108084000, -1.3045027, 0.1469131, 2.005165
23307113097000, -1.2993103, 0.15607607, 2.0317378
23307118075000, -1.2672399, 0.10354166, 2.0793853
23307123058000, -1.2583824, 0.04795292, 2.1224513
23307128059000, -1.260215, -0.070554934, 2.1526892
23307133078000, -1.244638, -0.13530666, 2.2052236
23307138113000, -1.2330315, -0.2406809, 2.232407
23307143157000, -1.1988231, -0.24220806, 2.2730296
23307148155000, -1.1499538, -0.10262536, 2.3356433
23307153133000, -1.1233811, 3.0543262E-4, 2.3738225
23307158141000, -1.1258247, 0.093462385, 2.4242187
23307163118000, -1.1291844, 0.22999077, 2.484389
23307168078000, -1.162782, 0.22968534, 2.4941628
23307173106000, -1.1817188, 0.16707164, 2.4761422
23307178065000, -1.201572, 0.12614368, 2.4645357
23307183083000, -1.2061534, 0.16523905, 2.4770586
23307188036000, -1.2409728, 0.17867808, 2.4825563
23307193712000, -1.2538009, 0.15057829, 2.4718661
23307198011000, -1.2709051, 0.16310102, 2.4834726
23307203143000, -1.2657127, 0.16187929, 2.4782803
23307208083000, -1.278541, 0.14294247, 2.4593434
23307213121000, -1.2910637, 0.07849618, 2.468201
23307218052000, -1.2837334, 0.056505036, 2.452013
23307223111000, -1.282817, 0.05589417, 2.4523184
23307228122000, -1.2782356, 0.069027774, 2.4550674
23307233116000, -1.251052, 0.07727446, 2.4324653
23307238108000, -1.2131784, 0.0580322, 2.43216
23307243132000, -1.1523973, 0.06688975, 2.4165828
23307248118000, -1.0720685, 0.16920967, 2.4288
23307253224000, -1.0345002, 0.160963, 2.411696
23307258153000, -1.0247264, 0.037873644, 2.3683245
23307263101000, -1.0219775, 0.07727446, 2.3738225
23307268117000, -1.0207558, 0.16126843, 2.3625214
23307273094000, -1.0604621, 0.20097467, 2.3215933
23307278128000, -1.0784826, 0.2510656, 2.3038783
23307283081000, -1.1026118, 0.27275133, 2.2547035
23307288633000, -1.1148291, 0.28099802, 2.21683
23307293182000, -1.1047498, 0.30726522, 2.17804
23307298116000, -1.0790935, 0.3118467, 2.1352794
23307303118000, -1.0772609, 0.30879238, 2.0708332
23307308150000, -1.0757337, 0.32070425, 2.014939
23307313118000, -1.0797043, 0.33108896, 1.9529362
23307318120000, -1.0586295, 0.35430184, 1.8784106
23307323099000, -1.0589349, 0.31581733, 1.8387043
23307328120000, -1.0552697, 0.28221974, 1.7913623
23307333091000, -1.0412198, 0.19394971, 1.709201
23307338113000, -1.0054842, 0.15454891, 1.6163495
23307343078000, -0.99173975, 0.1414153, 1.5253305
23307348117000, -0.9841039, 0.14446963, 1.4489723
23307353072000, -0.95325524, 0.12583824, 1.3762794
23307358920000, -0.93370754, 0.09712757, 1.3295482
23307363010000, -0.8750645, 0.08582657, 1.2669345
23307368114000, -0.84421575, 0.06414085, 1.1942415
23307373025000, -0.8035932, 0.06169739, 1.1389582
23307378124000, -0.75808376, 0.07941248, 1.1047498
23307383019000, -0.6957755, 0.12339478, 1.0815369
23307388111000, -0.6450737, 0.13775012, 1.0445796
23307393811000, -0.59773165, 0.119729586, 1.0079277
23307398117000, -0.54000485, 0.09682214, 0.9605856
23307403115000, -0.47952923, 0.077579886, 0.9101892
23307408142000, -0.42577308, 0.03634648, 0.86193085
23307413075000, -0.37232238, 0.015271631, 0.7858781
23307418119000, -0.31215215, -0.013133603, 0.6973027
23307423118000, -0.28588495, -0.050396383, 0.65668017
23307428442000, -0.23518312, -0.09162979, 0.5198463
23307433290000, -0.17012598, -0.12950343, 0.46303585
23307438109000, -0.14813483, -0.1591304, 0.38606682
23307443137000, -0.10354166, -0.19914207, 0.3042109
23307448116000, -0.0693332, -0.23548855, 0.22815818
23307453125000, -0.024129177, -0.2611449, 0.15363261
23307458137000, 0.028405234, -0.28985557, 0.07971791
23307463021000, 0.074830994, -0.32406402, 0.009468411
23307468113000, 0.14782938, -0.36102137, -0.058643065
23307473029000, 0.21227567, -0.37384954, -0.12980886
23307478121000, 0.28985557, -0.3903429, -0.19456059
23307483077000, 0.35033122, -0.40042216, -0.2489276
23307488108000, 0.4034765, -0.364992, -0.30543262
23307493180000, 0.46761733, -0.30665436, -0.37018433
23307498100000, 0.5357288, -0.23945917, -0.42149702
23307503140000, 0.6533204, -0.18906279, -0.48380527
23307508134000, 0.7452556, -0.22388211, -0.54702985
23307513121000, 0.84329945, -0.26083946, -0.6215554
23307518105000, 0.9437868, -0.36835176, -0.6453791
23307523115000, 0.9923506, -0.48472157, -0.6939429
23307528134000, 1.0793989, -0.59559363, -0.74220127
23307533129000, 1.1447614, -0.66431594, -0.7965683
23307538125000, 1.1856894, -0.6966918, -0.8381071
23307543189000, 1.207986, -0.6719518, -0.8857546
23307548197000, 1.205848, -0.6356053, -0.9260717
23307553166000, 1.20371, -0.57818395, -0.93279123
23307558147000, 1.1969905, -0.50243664, -0.91629785
23307563172000, 1.2125676, -0.42271876, -0.8750645
23307568034000, 1.2385293, -0.3484986, -0.79626286
23307573109000, 1.2608259, -0.2947425, -0.7156286
23307578165000, 1.2846496, -0.25228736, -0.6407976
23307583069000, 1.312444, -0.19639318, -0.5531385
23307588026000, 1.3518448, -0.13103059, -0.47739118
23307594676000, 1.3933836, -0.058337633, -0.42485678
23307598021000, 1.4398094, -0.017715093, -0.39522982
23307603078000, 1.4877623, 0.023518313, -0.3744604
23307623108000, 1.5882497, 0.26419923, -0.32620203
23307628068000, 1.6157386, 0.2950479, -0.32284227
23307633104000, 1.6633861, 0.34483343, -0.3210097
23307638508000, 1.7003434, 0.34483343, -0.33353242
23307643192000, 1.7174476, 0.25870144, -0.34055737
23307648223000, 1.6988163, 0.1001819, -0.3390302
23307653163000, 1.6588045, -0.09101892, -0.33567044
23307658118000, 1.5882497, -0.2864958, -0.3286455
23307663083000, 1.5109752, -0.46395215, -0.30879238
23307668145000, 1.4398094, -0.61391956, -0.29229903
23307673060000, 1.4071281, -0.75747293, -0.2855795
23307678124000, 1.427592, -0.8454375, -0.29810223
23307683647000, 1.4807373, -0.93126404, -0.3222314
23307688231000, 1.539075, -0.9767735, -0.34483343
23307693170000, 1.5916094, -0.9981538, -0.3594942
23307698071000, 1.5958854, -0.9728029, -0.3827071
23307703173000, 1.5479325, -0.872621, -0.39858958
23307708127000, 1.4618006, -0.80481493, -0.41722095
23307713118000, 1.3469579, -0.65668017, -0.41172317
23307718015000, 1.2904528, -0.51159966, -0.39950588
23307723116000, 1.201572, -0.4071417, -0.37659842
23307728026000, 1.1191051, -0.3481932, -0.35094208
23307733112000, 1.0479393, -0.3210097, -0.310625
23307738026000, 0.9981538, -0.30573806, -0.2828306
23307743148000, 0.94806284, -0.28802297, -0.26206118
23307748058000, 0.9098838, -0.3051272, -0.25778514
23307753558000, 0.8698721, -0.35613444, -0.26908615
23307758135000, 0.8332202, -0.41905355, -0.28038713
23307763112000, 0.79320854, -0.49296826, -0.29168814
23307768104000, 0.75869465, -0.5448918, -0.30024028
23307773113000, 0.73364913, -0.5867361, -0.30298916
23307778150000, 0.72051555, -0.605062, -0.2941316
23307783082000, 0.7162395, -0.5928447, -0.2855795
23307788108000, 0.7098254, -0.5571091, -0.29168814
23307793852000, 0.7031059, -0.49846604, -0.310625
23307798102000, 0.6966918, -0.44929138, -0.3313944
23307803186000, 0.63132924, -0.4361578, -0.3744604
23307808131000, 0.48502702, -0.44257188, -0.4092797
23307813122000, 0.39095375, -0.43066, -0.42119157
23307818117000, 0.13958271, -0.35613444, -0.4437936
23307823173000, -0.1414153, -0.267559, -0.45845437
23307828121000, -0.42271876, -0.1704314, -0.48899764
23307833111000, -0.65668017, -0.12797627, -0.5366451
23307838119000, -0.7849618, -0.10751228, -0.5885687
23307843176000, -0.84849185, -0.13744467, -0.6392705
23307848100000, -0.8008443, -0.18936823, -0.6747007
23307853195000, -0.72509706, -0.27000242, -0.71929383
23307858128000, -0.6450737, -0.38026363, -0.73792523
23307863114000, -0.5540548, -0.50885075, -0.7330383
23307868105000, -0.4718934, -0.6435465, -0.7110472
23307873097000, -0.40103304, -0.7510588, -0.69027776
23307878133000, -0.33536503, -0.79045963, -0.6411031
23307883078000, -0.2706133, -0.7687739, -0.57696223
23307888097000, -0.20189096, -0.6414085, -0.50640726
23307893163000, -0.15393804, -0.41691554, -0.41325033
23307898207000, -0.1441642, -0.1695151, -0.31612277
23307903007000, -0.17867808, -0.05009095, -0.27885997
23307908168000, -0.18875736, 0.14935656, -0.21746802
23307913018000, -0.22021692, 0.269697, -0.14569137
23307918113000, -0.23518312, 0.2770274, -0.059253927
23307923068000, -0.23732115, 0.20647246, 0.014966198
23307928129000, -0.21410827, 0.06688975, 0.057726767
23307933053000, -0.18997909, -0.05497787, 0.03268129
23307938762000, -0.15607607, -0.15332718, 0.03268129
23307943178000, -0.09040806, -0.23518312, -0.036651913
23307948115000, -0.034513887, -0.28771752, -0.08002335
23307953119000, 0.029626964, -0.31642818, -0.12308934
23307958139000, 0.074830994, -0.3136793, -0.16707164
23307963061000, 0.108123146, -0.3155119, -0.20463985
23307968118000, 0.14630222, -0.3387248, -0.24709499
23307973054000, 0.17104226, -0.36346483, -0.24770586
23307978124000, 0.18661933, -0.3894266, -0.23182335
23307983017000, 0.20799962, -0.40225476, -0.20219639
23307988108000, 0.20189096, -0.39767328, -0.1695151
23307993133000, 0.19853121, -0.37232238, -0.12797627
23307998118000, 0.1872302, -0.29901853, -0.07513642
23308003128000, 0.15851954, -0.2556471, -0.054367006
23308008839000, 0.1432479, -0.10781772, 0.007330383
23308013123000, 0.10567969, -0.038179077, 0.030848695
23308018081000, 0.0983493, 0.07971791, 0.06688975
23308023114000, 0.076358154, 0.21746802, 0.093767814
23308028092000, 0.064751714, 0.31642818, 0.109650314
23308033118000, 0.034513887, 0.40194935, 0.1301143
23308038056000, 9.162979E-4, 0.464563, 0.13164146
23308043212000, -0.040317107, 0.49418998, 0.14660765
23308048112000, -0.070249505, 0.5009095, 0.1563815
23308053093000, -0.0842994, 0.49266282, 0.15424347
23308058157000, -0.10629055, 0.4841107, 0.17104226
23308063118000, -0.12614368, 0.47800204, 0.1685988
23308068112000, -0.15515977, 0.4801401, 0.14538592
23308073110000, -0.18845193, 0.4605924, 0.13775012
23308078520000, -0.21746802, 0.44623706, 0.124311075
23308083082000, -0.2302962, 0.4166101, 0.12614368
23308088082000, -0.22937989, 0.4120286, 0.124311075
23308093182000, -0.23884831, 0.44135013, 0.105374254
23308098062000, -0.2593123, 0.46120325, 0.09437868
23308103141000, -0.26297748, 0.537256, 0.09132435
23308108041000, -0.2706133, 0.6270532, 0.08307768
23308113088000, -0.29229903, 0.6948592, 0.0720821
23308118010000, -0.29779682, 0.7675522, 0.06627888
23308123070000, -0.30634892, 0.83291477, 0.06414085
23308128032000, -0.32070425, 0.8775079, 0.064751714
23308133080000, -0.35094208, 0.91446525, 0.06811147
23308138072000, -0.3659083, 0.94897914, 0.084910266
23308143152000, -0.38606682, 0.97158116, 0.09315695
23308148547000, -0.40286562, 1.0125091, 0.102319926
23308153077000, -0.39400807, 1.0534371, 0.112704635
23308158086000, -0.39003745, 1.0778717, 0.13194689
23308163084000, -0.3885103, 1.0815369, 0.160963
23308168030000, -0.39003745, 1.061073, 0.20433442
23308173062000, -0.37568212, 1.0369438, 0.24404067
23308178055000, -0.3594942, 1.0009027, 0.28221974
23308183083000, -0.3295618, 0.99387777, 0.32528573
23308188073000, -0.31520647, 0.9978484, 0.36071593
23308194069000, -0.2938262, 1.0021244, 0.40194935
23308198080000, -0.28221974, 1.0015136, 0.41630468
23308203074000, -0.26725355, 0.98868537, 0.46120325
23308208110000, -0.2574797, 1.0009027, 0.5009095
23308213091000, -0.23762658, 0.9993755, 0.528093
23308218118000, -0.21655174, 1.0213667, 0.5558874
23308223100000, -0.20799962, 1.0253373, 0.58459806
23308228121000, -0.1853976, 1.0351112, 0.63132924
23308233112000, -0.15851954, 1.0021244, 0.6774496
23308238081000, -0.12522738, 0.981355, 0.7309003
23308243232000, -0.09712757, 0.9392053, 0.7984009
23308248146000, -0.06780604, 0.9071349, 0.87598073
23308253117000, -0.03268129, 0.8622363, 0.93218035
23308258092000, 0.013744468, 0.7834347, 0.9804387
23308263769000, 0.052534413, 0.7031059, 1.0299188
23308268079000, 0.10293079, 0.61727935, 1.0729848
23308273057000, 0.1518, 0.54428095, 1.1151345
23308278067000, 0.1957823, 0.4886922, 1.1523973
23308283082000, 0.2452624, 0.46395215, 1.1704178
23308288066000, 0.29871312, 0.4343252, 1.2009611
23308293162000, 0.35124752, 0.4428773, 1.2134838
23308298142000, 0.39553526, 0.4636467, 1.2180653
23308303075000, 0.43066, 0.50426924, 1.2333369
23308308084000, 0.4822781, 0.559858, 1.2421945
23308313080000, 0.54305923, 0.6356053, 1.2525792
23308318077000, 0.5910121, 0.700357, 1.2498302
23308323055000, 0.6221663, 0.7602218, 1.2394456
23308328092000, 0.64934975, 0.8347474, 1.2229522
23308333758000, 0.6609562, 0.93737274, 1.1841623
23308338076000, 0.64476824, 1.0302242, 1.1472049
23308343111000, 0.61911196, 1.0690142, 1.128879
23308348087000, 0.6001751, 1.1163563, 1.0809261
23308353059000, 0.5882632, 1.1542299, 1.0152581
23308358085000, 0.5714644, 1.1664472, 0.97005403
23308363029000, 0.5714644, 1.1673635, 0.90041536
23308368167000, 0.59498274, 1.16492, 0.82986045
23308373025000, 0.59528816, 1.1362094, 0.74372846
23308378099000, 0.605062, 1.1071932, 0.6414085
23308383012000, 0.5842926, 1.0390818, 0.5369505
23308388101000, 0.5644395, 0.9074403, 0.4373795
23308394505000, 0.5552765, 0.7696902, 0.36468655
23308398116000, 0.53969944, 0.70524395, 0.33200526
23308403583000, 0.5332854, 0.5531385, 0.24312437
23308408123000, 0.46853364, 0.5177083, 0.22693644
23308413025000, 0.44043383, 0.4269948, 0.21594086
23308418101000, 0.4071417, 0.3231477, 0.20922135
23308423034000, 0.3933972, 0.22052236, 0.20708331
23308428121000, 0.3915646, 0.12950343, 0.16035213
23308433016000, 0.36926803, 0.014660766, 0.10048734
23308438098000, 0.3399465, -0.10323623, 0.04795292
23308443080000, 0.31764993, -0.18967366, 0.04795292
23308448101000, 0.29138273, -0.28344148, -0.05131268
23308453014000, 0.2828306, -0.35094208, -0.08460484
23308458141000, 0.27366763, -0.44073927, -0.13347405
23308463090000, 0.30848694, -0.5558874, -0.17837265
23308468101000, 0.32589662, -0.68630713, -0.226631
23308473327000, 0.37568212, -0.7687739, -0.2706133
23308478127000, 0.41172317, -0.8127562, -0.29840767
23308483087000, 0.43676865, -0.8378017, -0.32803464
23308488100000, 0.44684792, -0.8393288, -0.34422258
23308493182000, 0.43004912, -0.8555168, -0.3481932
23308498118000, 0.43371433, -0.89736104, -0.3652974
23308503112000, 0.40683624, -0.9459248, -0.41355577
23308508117000, 0.3747658, -0.9850202, -0.46486846
23308513120000, 0.3387248, -1.031446, -0.5366451
23308518098000, 0.29352075, -1.0763446, -0.6224717
23308523104000, 0.2489276, -1.1160508, -0.7315111
23308528122000, 0.20799962, -1.1481212, -0.8509353
23308533139000, 0.1459968, -1.1585059, -0.9737192
23308538100000, 0.08093964, -1.1233811, -1.0961977
23308543202000, 0.015271631, -1.104139, -1.2140946
23308548172000, -0.04886922, -1.0900891, -1.3109168
23308553117000, -0.105374254, -1.0598512, -1.3857478
23308558123000, -0.12186762, -1.0274754, -1.4318681
23308563073000, -0.12889257, -1.0057896, -1.4330899
23308568086000, -0.10781772, -0.9288206, -1.4205672
23308573119000, -0.11881329, -0.8332202, -1.391551
23308578079000, -0.14538592, -0.7425067, -1.3515394
23308583041000, -0.183565, -0.70432764, -1.303281
23308588075000, -0.22693644, -0.66675943, -1.2776246
23308594766000, -0.24648413, -0.7855727, -1.2104294
23308598065000, -0.27458394, -0.8539896, -1.1979067
23308603105000, -0.27397305, -0.9944886, -1.1780536
23308607973000, -0.2764165, -1.146594, -1.1548407
23308613013000, -0.2846632, -1.2757921, -1.1264355
23308617944000, -0.28038713, -1.3710871, -1.1133019
23308623056000, -0.29565877, -1.4114041, -1.1246029
23308627944000, -0.32620203, -1.3854424, -1.1365148
23308633009000, -0.36254853, -1.2858714, -1.1566733
23308637965000, -0.42058071, -1.112691, -1.174083
23308643023000, -0.50885075, -0.92271197, -1.1899655
23308647965000, -0.5867361, -0.7266242, -1.2018774
23308653020000, -0.6575964, -0.5525276, -1.2040154
23308658233000, -0.7284568, -0.39950588, -1.2232577
23308663019000, -0.78038037, -0.23273966, -1.2269229
23308667979000, -0.83016586, -0.0693332, -1.2134838
23308673054000, -0.8793405, 0.08093964, -1.1859949
23308678063000, -0.9059132, 0.25381452, -1.1252137
23308683001000, -0.9492846, 0.3549127, -1.0955868
23308688110000, -0.97585726, 0.5225952, -1.0170907
23308693223000, -1.0097603, 0.6435465, -0.9224065
23308698056000, -1.028697, 0.7086037, -0.8222246
23308703102000, -1.02717, 0.72601336, -0.7134906
23308708131000, -1.01312, 0.67103547, -0.5907067
23308713123000, -0.98654735, 0.535118, -0.45478916
23308718017000, -0.94806284, 0.40378192, -0.32986724
23308723113000, -0.9202685, 0.2864958, -0.19303341
23308728661000, -0.8903361, 0.20463985, -0.04550946
23308733115000, -0.87689704, 0.16401732, 0.093767814
23308738125000, -0.86070913, 0.14477506, 0.22907446
23308743150000, -0.8536842, 0.105374254, 0.34238997
23308748117000, -0.8405506, 0.043982297, 0.45051312
23308753115000, -0.8219192, -0.042760566, 0.54000485
23308758117000, -0.8194757, -0.14660765, 0.61911196
23308763116000, -0.8023715, -0.26725355, 0.68691796
23308768115000, -0.7837401, -0.3930918, 0.74189585
23308773083000, -0.75533485, -0.53023106, 0.7816021
23308778127000, -0.700357, -0.65301496, 0.8368854
23308783079000, -0.64965516, -0.70402217, 0.84788096
23308788108000, -0.61544675, -0.7812967, 0.88086766
23308794042000, -0.53878313, -0.82650065, 0.9059132
23308798392000, -0.44868052, -0.80939645, 0.9126327
23308803114000, -0.419359, -0.77304995, 0.90316427
23308808129000, -0.34788775, -0.7101309, 0.8775079
23308813115000, -0.28405234, -0.6282749, 0.8542951
23308818121000, -0.22052236, -0.5561928, 0.8170323
23308823090000, -0.16340645, -0.51923543, 0.7770206
23308828132000, -0.10720685, -0.48288897, 0.7315111
23308833116000, -0.06688975, -0.44226643, 0.6933321
23308838086000, -0.036957346, -0.3894266, 0.64843345
23308843193000, 9.162979E-4, -0.3387248, 0.6123924
23308848162000, 0.008552114, -0.28619036, 0.59559363
23308853111000, 0.01038471, -0.21746802, 0.5644395
23308858141000, -3.0543262E-4, -0.15088372, 0.54519725
23308863100000, -0.012217305, -0.07696902, 0.52290064
23308868118000, -0.030848695, -0.008857546, 0.49877146
23308873083000, -0.057421334, 0.035430185, 0.46639562
23308878131000, -0.056505036, 0.053450707, 0.43585235
23308883013000, -0.070249505, 0.0888809, 0.41874814
23308888138000, -0.076358154, 0.10751228, 0.39400807
23308893111000, -0.08460484, 0.13836098, 0.37690386
23308898119000, -0.09773844, 0.1414153, 0.3454443
23308903311000, -0.103847094, 0.14477506, 0.31031954
23308908146000, -0.106595986, 0.14721853, 0.25534168
23308913020000, -0.12583824, 0.14721853, 0.19517145
23308918116000, -0.11942416, 0.13897185, 0.13561209
23308923097000, -0.106901415, 0.10598512, 0.089186326
23308928121000, -0.083383106, 0.07452556, 0.03634648
23308933118000, -0.060170226, 0.019547688, -0.008552114
23308938121000, -0.02687807, -0.044898596, -0.05681047
23308943230000, -0.004886922, -0.08857546, -0.1001819
23308948205000, 0.014966198, -0.113926366, -0.13622294
23308953113000, 0.03481932, -0.13652839, -0.17165314
23308958111000, 0.038179077, -0.14172074, -0.20097467
23308963126000, 0.03023783, -0.15760323, -0.21991149
23308968098000, 0.02321288, -0.16401732, -0.22540927
23308973110000, 0.02687807, -0.16218472, -0.23518312
23308978124000, 0.01740966, -0.15241088, -0.24281894
23308983657000, 0.015577064, -0.14446963, -0.24373524
23308988109000, 0.007941248, -0.11148291, -0.24678956
23308993754000, 0.008857546, -0.09254608, -0.24465153
23308998102000, -0.010079277, -0.079107046, -0.24678956
23309003106000, -0.015577064, -0.09132435, -0.2489276
23309008118000, -0.01038471, -0.11484267, -0.23732115
23309013128000, -0.008552114, -0.14966199, -0.22937989
23309018093000, 0.007330383, -0.19303341, -0.22052236
23309023069000, 0.01038471, -0.23640485, -0.21746802
23309028062000, 0.024129177, -0.2666427, -0.2125811
23309033103000, 0.016187929, -0.2843578, -0.22357668
23309038052000, 0.022296581, -0.28252518, -0.22021692
23309043113000, 0.01740966, -0.2883284, -0.22357668
23309048061000, 0.0106901415, -0.30818152, -0.22479841
23309053692000, 0.004581489, -0.32528573, -0.22479841
23309058091000, 0.007330383, -0.35369098, -0.21960606
23309063088000, 0.01740966, -0.3866777, -0.21105394
23309068070000, 0.021685716, -0.39706242, -0.2125811
23309073058000, 0.015882496, -0.410196, -0.20463985
23309078329000, 0.0106901415, -0.41050145, -0.18906279
23309083076000, 0.007330383, -0.4092797, -0.18692477
23309088089000, 0.010079277, -0.38881573, -0.17898351
23309093231000, -0.0027488936, -0.37415496, -0.17928895
23309098093000, -0.0036651916, -0.3494149, -0.19517145
23309103114000, -0.01038471, -0.31429017, -0.20433442
23309108186000, -0.02565634, -0.25411993, -0.21227567
23309113091000, -0.05009095, -0.18203785, -0.2284636
23309118094000, -0.07574729, -0.12156218, -0.24770586
23309123458000, -0.106595986, -0.08552113, -0.24984388
23309128225000, -0.12736541, -0.064446285, -0.2415972
23309133082000, -0.11636983, -0.05222898, -0.24220806
23309138075000, -0.12095132, -0.0421497, -0.24037547
23309143082000, -0.13500121, -0.042455133, -0.23945917
23309148030000, -0.116675265, -0.047036625, -0.23273966
23309153078000, -0.10934488, -0.046120327, -0.2275473
23309158053000, -0.11362094, -0.067500606, -0.2125811
23309163083000, -0.098043874, -0.079107046, -0.20097467
23309168048000, -0.09193522, -0.09010262, -0.19608775
23309173069000, -0.09193522, -0.08735373, -0.1908954
23309178093000, -0.0870483, -0.08552113, -0.18387043
23309183079000, -0.09468412, -0.08155051, -0.17623462
23309188102000, -0.08552113, -0.0720821, -0.17134771
23309193477000, -0.09162979, -0.06291912, -0.15974127
23309198078000, -0.10567969, -0.03726278, -0.15332718
23309203016000, -0.09865474, -0.02107485, -0.14905111
23309208105000, -0.10720685, -0.007941248, -0.15057829
23309213013000, -0.1001819, 0.011911872, -0.14294247
23309218083000, -0.10598512, 0.029626964, -0.1441642
23309223049000, -0.10415252, 0.063224554, -0.14935656
23309228093000, -0.094989546, 0.08124508, -0.15515977
23309233050000, -0.09865474, 0.089186326, -0.15271631
23309238082000, -0.08979719, 0.100792766, -0.1572978
23309243136000, -0.07422013, 0.106595986, -0.16157386
23309248081000, -0.064751714, 0.11301007, -0.16249016
23309253062000, -0.06291912, 0.105374254, -0.16340645
23309258075000, -0.07544186, 0.093767814, -0.16462818
23309263069000, -0.076052725, 0.10140363, -0.16187929
23309268099000, -0.06688975, 0.10934488, -0.16035213
23309273036000, -0.057421334, 0.1001819, -0.1572978
23309278123000, -0.059864793, 0.09254608, -0.15118915
23309283014000, -0.05955936, 0.08155051, -0.14721853
23309288110000, -0.052839845, 0.073303826, -0.13836098
23309293164000, -0.049480084, 0.08032878, -0.14263703
23309298115000, -0.042760566, 0.084910266, -0.14019357
23309303054000, -0.050396383, 0.07574729, -0.13927728
23309308806000, -0.04642576, 0.058948494, -0.1337795
23309313080000, -0.029626964, 0.062002823, -0.13194689
23309318110000, -0.032986723, 0.060170226, -0.124311075
23309323108000, -0.03268129, 0.047036625, -0.118507855
23309328116000, -0.03756821, 0.025045475, -0.12034045
23309333118000, -0.02443461, 0.02076942, -0.112399206
23309338117000, -0.026267206, 0.022907447, -0.11484267
23309343371000, -0.014660766, 0.016798794, -0.10720685
23309348117000, -0.024129177, 0.015577064, -0.109650314
23309353101000, -0.029321533, 3.0543262E-4, -0.1133155
23309358120000, -0.021380283, -0.0018325958, -0.122783914
23309363122000, -0.0106901415, -0.007941248, -0.11881329
23309368109000, -0.003970624, 6.1086525E-4, -0.124311075
23309373102000, -0.0067195175, 0.0070249503, -0.11911872
23309378750000, -0.014049901, -0.0021380284, -0.13988814
23309383080000, -0.008552114, -0.008857546, -0.15088372
23309388108000, -0.00580322, -0.027183503, -0.17592919
23309393118000, -0.009773844, -0.12675454, -0.1994475
23309398104000, -0.019547688, -0.37384954, -0.20463985
23309403145000, 0.010995574, -0.30268374, -0.25717425
23309408123000, -0.027794369, -0.12583824, -0.2996294
23309413072000, -0.116980694, 0.005497787, -0.30695978
23309418048000, -0.17928895, 0.14049901, -0.2950479
23309423066000, -0.23732115, 0.27580565, -0.2770274
23309428108000, -0.2666427, 0.35063666, -0.26206118
23309433088000, -0.2764165, 0.37232238, -0.22632557
23309438048000, -0.2666427, 0.3408628, -0.2098322
23309443102000, -0.22449298, 0.2864958, -0.19028452
23309448466000, -0.18081611, 0.19547687, -0.17806722
23309453077000, -0.12797627, 0.13347405, -0.16829337
23309458117000, -0.09132435, 0.12705997, -0.15271631
23309463054000, -0.07574729, 0.10720685, -0.15699236
23309468059000, -0.07422013, 0.037873644, -0.16676621
23309473068000, -0.069027774, 0.028710667, -0.17440203
23309478058000, -0.06352998, 0.05009095, -0.18570304
23309483082000, -0.05467244, 0.10415252, -0.1881465
23309488089000, -0.058337633, 0.19394971, -0.13591751
23309493123000, -0.04184427, 0.18997909, -0.1133155
23309498015000, -0.028710667, 0.1423316, -0.14385876
23309503112000, -0.032070424, 0.13347405, -0.17165314
23309508081000, -0.049480084, 0.12858713, -0.20250183
23309513094000, -0.058337633, 0.1414153, -0.20586158
23309518170000, -0.058948494, 0.19120082, -0.19883664
23309523062000, -0.09101892, 0.22052236, -0.20891592
23309528023000, -0.11056661, 0.23151793, -0.25167647
23309533119000, -0.12614368, 0.20189096, -0.2883284
23309538139000, -0.14385876, 0.15363261, -0.310625
23309543123000, -0.14966199, 0.10629055, -0.30848694
23309548078000, -0.15088372, 0.04917465, -0.3155119
23309553052000, -0.14202617, 0.017104227, -0.31642818
23309558193000, -0.15210545, -0.038179077, -0.30634892
23309563078000, -0.13775012, -0.059253927, -0.3118467
23309568117000, -0.1282817, -0.10048734, -0.312763
23309573129000, -0.10415252, -0.12095132, -0.30176744
23309578127000, -0.07819075, -0.10934488, -0.28496864
23309583078000, -0.06352998, -0.079107046, -0.26847526
23309588115000, -0.056505036, -0.059253927, -0.25625798
23309593172000, -0.043676864, -0.0571159, -0.24129178
23309598122000, -0.03726278, -0.047647487, -0.22540927
23309603109000, -0.029626964, -0.029932396, -0.2003638
23309608076000, -0.03481932, -0.010995574, -0.17898351
23309613091000, -0.030848695, -6.1086525E-4, -0.15515977
23309618076000, -0.039095376, 0.01282817, -0.12217305
23309623065000, -0.0421497, 0.020158553, -0.09590584
23309628096000, -0.032986723, 0.02687807, -0.06414085
23309633303000, -0.035430185, 0.04886922, -0.035124753
23309638106000, -0.029626964, 0.061086524, -0.012217305
23309643080000, -0.01160644, 0.06291912, 0.0125227375
23309648119000, -0.016187929, 0.07147124, 0.034513887
23309653105000, -0.009773844, 0.077579886, 0.057421334
23309658134000, 0.0030543262, 0.090713486, 0.067500606
23309663084000, 0.009468411, 0.08399397, 0.07544186
23309668073000, 0.0067195175, 0.08277224, 0.09682214
23309673048000, 0.015271631, 0.0852157, 0.11209377
23309678095000, 0.021685716, 0.070554934, 0.12583824
23309683082000, 0.016798794, 0.064751714, 0.1301143
23309688087000, 0.0125227375, 0.050701816, 0.13469578
23309693129000, 0.010079277, 0.03970624, 0.14110987
23309698178000, 0.01282817, 0.025045475, 0.13958271
23309703036000, 0.0070249503, 0.011911872, 0.14752395
23309708153000, 0.003970624, 0.0021380284, 0.1518
23309713010000, -0.0027488936, -0.0061086523, 0.14263703
23309718072000, -0.00580322, -6.1086525E-4, 0.1518
23309723026000, -0.017104227, -9.162979E-4, 0.1563815
23309728094000, -0.0067195175, 0.00580322, 0.15790866
23309733009000, -0.0106901415, 0.01740966, 0.16584991
23309738063000, -0.021991149, 0.020158553, 0.16371189
23309743080000, -0.02076942, 0.046731193, 0.16584991
23309748084000, -0.021685716, 0.064446285, 0.16890424
23309753034000, -0.025961773, 0.06688975, 0.1777618
23309758124000, -0.0290161, 0.07513642, 0.17348573
23309763410000, -0.026572637, 0.09896017, 0.16737708
23309768076000, -0.033292156, 0.100792766, 0.17165314
23309773080000, -0.03940081, 0.10781772, 0.17073683
23309778089000, -0.04153884, 0.10262536, 0.15821409
23309783013000, -0.040011674, 0.10629055, 0.14508049
23309788101000, -0.051923547, 0.096516706, 0.13225232
23309793679000, -0.051618114, 0.07880162, 0.12583824
23309798080000, -0.043676864, 0.06994407, 0.11484267
23309803084000, -0.04917465, 0.050701816, 0.102319926
23309808145000, -0.04184427, 0.04153884, 0.09132435
23309813114000, -0.029321533, 0.029321533, 0.08307768
23309818078000, -0.03848451, 0.027794369, 0.07086037
23309823062000, -0.038789943, 0.027183503, 0.05955936
23309828088000, -0.03390302, 0.02107485, 0.05100725
23309833081000, -0.01985312, 0.025045475, 0.040317107
23309838066000, -0.023518313, 0.030848695, 0.034513887
23309843091000, -0.02076942, 0.048258353, 0.026572637
23309848077000, -0.015271631, 0.053145275, 0.023823744
23309853078000, -0.016493361, 0.05375614, 0.020158553
23309858133000, -0.021685716, 0.06536258, 0.019242255
23309863091000, -0.022907447, 0.074830994, 0.01740966
23309868073000, -0.028710667, 0.069027774, 0.017715093
23309873065000, -0.032986723, 0.07971791, 0.02107485
23309878089000, -0.03390302, 0.09101892, 0.01160644
23309883079000, -0.044593163, 0.09285152, 0.011911872
23309888087000, -0.046731193, 0.08368854, 0.0143553335
23309893095000, -0.054061573, 0.08307768, 0.021991149
23309898079000, -0.052839845, 0.077579886, 0.01740966
23309903077000, -0.05009095, 0.06291912, 0.0125227375
23309908081000, -0.04428773, 0.062002823, 0.004276057
23309913089000, -0.046731193, 0.059253927, 0.009468411
23309918077000, -0.04337143, 0.044898596, 0.005192355
23309923069000, -0.03604105, 0.03756821, 0.00580322
23309928087000, -0.04062254, 0.02321288, 0.0021380284
23309933083000, -0.03390302, 0.013744468, -0.007941248
23309938104000, -0.028099801, 0.005497787, -0.016798794
23309943090000, -0.022296581, -0.009773844, -0.013439035
23309948082000, -0.027183503, -0.018325957, -0.013439035
23309953079000, -0.015577064, -0.01985312, -0.014660766
23309958097000, -0.01740966, -0.021685716, -0.014966198
23309963082000, -0.017715093, -0.02076942, -0.016187929
23309968075000, -0.016493361, -0.014660766, -0.011911872
23309973061000, -0.019242255, -0.009773844, -0.02076942
23309978089000, -0.010079277, -0.018936822, -0.02321288
23309983082000, -0.018325957, -0.017715093, -0.013439035
23309988114000, -0.021685716, -0.0290161, -0.020463986
23309994053000, -0.013439035, -0.030848695, -0.023518313
23309998084000, -0.008552114, -0.03481932, -0.021991149
23310003080000, -0.013744468, -0.046731193, -0.02076942
23310008114000, -0.015271631, -0.058948494, -0.022296581
23310013091000, -9.162979E-4, -0.05497787, -0.02076942
23310018083000, -0.0027488936, -0.062002823, -0.0076358155
23310023069000, 0.0030543262, -0.07269296, -0.010079277
23310028071000, -0.004886922, -0.080634214, -0.013439035
23310033075000, -0.0027488936, -0.087659165, -0.011301007
23310038068000, -9.162979E-4, -0.08155051, -0.009468411
23310043056000, 0.007941248, -0.087659165, -0.010995574
23310048089000, 0.013744468, -0.089491755, -0.0061086523
23310053076000, 0.0036651916, -0.09712757, -0.005497787
23310058104000, 0.015271631, -0.09865474, -0.0027488936
23310063090000, 0.009162978, -0.087964594, -0.007330383
23310068081000, 0.009773844, -0.087659165, -0.012217305
23310073051000, 0.008246681, -0.08674286, -0.01038471
23310078091000, 0.01038471, -0.08002335, -0.014660766
23310083048000, 0.011301007, -0.070249505, -0.018325957
23310088065000, 0.0067195175, -0.0711658, -0.019242255
23310093088000, 0.0070249503, -0.06505715, -0.013133603
23310098116000, 0.011301007, -0.0571159, -0.021380283
23310103041000, -0.005192355, -0.055588737, -0.019547688
23310108206000, 0.0021380284, -0.0421497, -0.022907447
23310113058000, -0.0012217305, -0.032986723, -0.02687807
23310118111000, -0.0033597588, -0.033292156, -0.022907447
23310123041000, -0.0030543262, -0.03634648, -0.02107485
23310128069000, -0.014049901, -0.027183503, -0.021380283
23310133061000, -0.01038471, -0.019242255, -0.02107485
23310138072000, -0.007330383, -0.016187929, -0.014049901
23310143090000, -0.029932396, -0.004886922, -0.014049901
23310148091000, -0.034208454, -0.0033597588, -0.009773844
23310153047000, -0.026572637, 0.0076358155, -0.01038471
23310158090000, -0.035124753, 0.014049901, -0.011911872
23310163119000, -0.039095376, 0.022602014, -0.007941248
23310168076000, -0.051618114, 0.03176499, -0.0021380284
23310173398000, -0.051618114, 0.03634648, -0.0021380284
23310178078000, -0.05222898, 0.044593163, -0.002443461
23310183271000, -0.050701816, 0.059253927, 0.004581489
23310188072000, -0.054061573, 0.067500606, 0.0018325958
23310193076000, -0.04734206, 0.07574729, 0.0076358155
23310198083000, -0.04153884, 0.08277224, 0.007941248
23310203047000, -0.043982297, 0.08827003, 0.0076358155
23310208094000, -0.050701816, 0.09162979, 0.013133603
23310213080000, -0.051923547, 0.09101892, 0.013744468
23310218110000, -0.052534413, 0.10293079, 0.020158553
23310223112000, -0.047647487, 0.1151481, 0.027794369
23310228119000, -0.05497787, 0.112399206, 0.036651913
23310233116000, -0.062308256, 0.11178834, 0.03573562
23310238118000, -0.06291912, 0.10903945, 0.039095376
23310243131000, -0.067500606, 0.11148291, 0.039095376
23310248113000, -0.058948494, 0.12064589, 0.038179077
23310253115000, -0.057726767, 0.12003502, 0.039095376
23310258137000, -0.057726767, 0.12186762, 0.052534413
23310263123000, -0.06261369, 0.12522738, 0.049785517
23310268109000, -0.062308256, 0.13408493, 0.04520403
23310273116000, -0.06811147, 0.13316862, 0.05100725
23310278124000, -0.06841691, 0.13408493, 0.055588737
23310283081000, -0.06841691, 0.1301143, 0.06261369
23310288132000, -0.07147124, 0.122478485, 0.055283304
23310293131000, -0.0693332, 0.12767084, 0.061086524
23310298115000, -0.06994407, 0.12308934, 0.06291912
23310303117000, -0.06658431, 0.10751228, 0.06383542
23310308116000, -0.07147124, 0.10903945, 0.06078109
23310313140000, -0.06352998, 0.09621128, 0.062002823
23310318113000, -0.06780604, 0.08093964, 0.058948494
23310323109000, -0.05589417, 0.073303826, 0.06352998
23310328117000, -0.053145275, 0.063224554, 0.058948494
23310333114000, -0.052839845, 0.04917465, 0.06078109
23310338120000, -0.036957346, 0.036651913, 0.0580322
23310343142000, -0.040317107, 0.023823744, 0.05009095
23310348103000, -0.03940081, 0.019547688, 0.047647487
23310353115000, -0.027488936, 0.008857546, 0.048563786
23310358106000, -0.02565634, 0.003970624, 0.04917465
23310363122000, -0.029626964, -0.0070249503, 0.043982297
23310368097000, -0.029932396, -0.010079277, 0.03604105
23310373102000, -0.02687807, -0.02443461, 0.03573562
23310378064000, -0.010079277, -0.03481932, 0.03726278
23310383085000, -0.012217305, -0.035430185, 0.038179077
23310388077000, -0.021380283, -0.03848451, 0.034513887
23310393895000, -0.01282817, -0.040927973, 0.02076942
23310398009000, -0.009773844, -0.04642576, 0.029321533
23310403113000, 0.0012217305, -0.049785517, 0.03176499
23310408053000, -0.003970624, -0.04520403, 0.02076942
23310413127000, -0.0067195175, -0.05100725, 0.024129177
23310418014000, -0.0036651916, -0.0571159, 0.013439035
23310423115000, -0.0015271631, -0.054061573, 0.019547688
23310428050000, 0.01038471, -0.049785517, 0.014966198
23310433114000, 0.0012217305, -0.043676864, 0.0106901415
23310438101000, -0.0036651916, -0.047647487, 0.014049901
23310443235000, -0.0012217305, -0.050701816, 0.0018325958
23310448106000, 0.0012217305, -0.05222898, 6.1086525E-4
23310453115000, -0.0030543262, -0.04917465, -0.0036651916
23310458120000, -0.0030543262, -0.052534413, -0.008246681
23310463095000, -0.014660766, -0.044898596, -0.015577064
23310468068000, -0.0033597588, -0.04337143, -0.018325957
23310473072000, -0.014049901, -0.04062254, -0.02565634
23310478032000, -0.0033597588, -0.04795292, -0.028710667
23310483083000, -0.0033597588, -0.04642576, -0.04153884
23310488117000, -0.009468411, -0.047036625, -0.037873644
23310493100000, -0.01160644, -0.03848451, -0.035124753
23310498091000, -0.013439035, -0.037873644, -0.041233405
23310503082000, -0.01863139, -0.03390302, -0.048258353
23310508107000, -0.013744468, -0.034208454, -0.04917465
23310513091000, -0.0143553335, -0.03481932, -0.056199603
23310518081000, -0.008552114, -0.021685716, -0.051923547
23310523056000, -0.020158553, -0.022602014, -0.055588737
23310528066000, -0.014049901, -0.016187929, -0.057726767
