#Rate of rotation around the x y z axes (Angular velocity).
#timestamp(ns),x,y,z(rad/s)
#Datetime: 22/04/2015 16:14:50
##########################################
#Activity: 8 - CSI - Car-Step in - 6s
#Subject ID: 47
#First Name: sub47
#Last Name: sub47
#Age: 21
#Height(cm): 180
#Weight(kg): 85
#Gender: Male
##########################################

@DATA
13327477571000, -0.033292156, -0.019547688, 0.024129177
13327482570000, -0.04153884, -0.014966198, 0.02107485
13327487580000, -0.03145956, -0.018020526, 0.02107485
13327492717000, -0.038179077, -0.007330383, 0.020158553
13327497576000, -0.03481932, -0.013744468, 0.023823744
13327502560000, -0.037873644, -0.015882496, 0.01985312
13327507637000, -0.03573562, -0.0018325958, 0.022602014
13327512555000, -0.044593163, -0.005192355, 0.023518313
13327517576000, -0.037873644, -0.004276057, 0.01740966
13327522687000, -0.04062254, 0.011911872, 0.021685716
13327527591000, -0.048563786, 0.013133603, 0.016798794
13327532575000, -0.040011674, 0.030848695, 0.01863139
13327537571000, -0.05009095, 0.029321533, 0.011911872
13327542592000, -0.052534413, 0.027183503, 0.018020526
13327547573000, -0.05375614, 0.038789943, 0.023518313
13327552516000, -0.042455133, 0.03970624, 0.025961773
13327557624000, -0.03940081, 0.042455133, 0.024740042
13327562545000, -0.043676864, 0.05131268, 0.030848695
13327567583000, -0.04337143, 0.048258353, 0.032375857
13327572677000, -0.039095376, 0.036651913, 0.027794369
13327577605000, -0.03634648, 0.022602014, 0.027488936
13327582574000, -0.03634648, 0.026572637, 0.024129177
13327587570000, -0.03176499, 0.024740042, 0.025045475
13327592576000, -0.03634648, 0.011911872, 0.018936822
13327597570000, -0.036651913, 0.015271631, 0.025961773
13327602563000, -0.03023783, 0.00580322, 0.022296581
13327608295000, -0.032986723, -3.0543262E-4, 0.022602014
13327612562000, -0.031154128, -0.00580322, 0.018936822
13327617598000, -0.01985312, -0.0061086523, 0.014660766
13327622545000, -0.02443461, -0.01160644, 0.011911872
13327627543000, -0.028405234, -0.017715093, 0.01038471
13327632519000, -0.02687807, -0.01985312, 0.01160644
13327637621000, -0.019547688, -0.026267206, 0.013439035
13327642547000, -0.021991149, -0.03481932, 0.01863139
13327647554000, -0.023823744, -0.03176499, 0.0015271631
13327652503000, -0.018936822, -0.03970624, -3.0543262E-4
13327657670000, -0.016187929, -0.04550946, -0.0021380284
13327662569000, -0.021380283, -0.04734206, 0.004276057
13327667626000, -0.014660766, -0.04520403, 6.1086525E-4
13327672560000, -0.0030543262, -0.036651913, 0.0015271631
13327678356000, -0.009162978, -0.03481932, 0.0030543262
13327682537000, -0.015271631, -0.034513887, 0.013133603
13327687527000, -0.021380283, -0.030543262, 0.009468411
13327692604000, -0.018325957, -0.021685716, 0.008857546
13327697567000, -0.008857546, -0.019242255, 0.0021380284
13327702592000, -0.009468411, -0.020158553, 0.009773844
13327707703000, -0.0070249503, -0.0143553335, 0.0067195175
13327712587000, -0.011911872, -0.004276057, 0.013133603
13327717573000, -0.0070249503, -0.0061086523, 0.008857546
13327722670000, -0.005497787, -0.009162978, 0.014049901
13327727610000, -0.008857546, -0.0027488936, 0.009162978
13327732577000, -0.02076942, -0.0143553335, 0.009468411
13327737578000, -0.013744468, -0.0027488936, 0.0070249503
13327742578000, -0.010995574, -0.004886922, 9.162979E-4
13327747841000, -0.008857546, -0.013439035, -9.162979E-4
13327752540000, -0.01740966, -0.0143553335, 0.005192355
13327757561000, -0.019547688, -0.0143553335, 0.004276057
13327762538000, -0.021991149, -0.015882496, -0.0015271631
13327767595000, -0.025350908, -0.034513887, -0.0015271631
13327772577000, -0.02443461, -0.035430185, -3.0543262E-4
13327777581000, -0.029932396, -0.034513887, -0.004581489
13327782555000, -0.03756821, -0.024129177, -0.009468411
13327787582000, -0.04917465, -0.02687807, -0.02076942
13327792570000, -0.05955936, -0.019547688, -0.031154128
13327797558000, -0.069027774, -0.02076942, -0.03481932
13327802555000, -0.06780604, -0.02076942, -0.035430185
13327807588000, -0.09101892, -0.009773844, -0.043066
13327812556000, -0.10598512, 0.0015271631, -0.056199603
13327817790000, -0.11759156, 0.0033597588, -0.064751714
13327822543000, -0.13927728, 0.025045475, -0.06780604
13327827542000, -0.1600467, 0.04520403, -0.07269296
13327832528000, -0.1826487, 0.054061573, -0.07544186
13327837525000, -0.20372356, 0.055283304, -0.08582657
13327842567000, -0.22540927, 0.05467244, -0.07391469
13327847554000, -0.24281894, 0.06963864, -0.071776666
13327852483000, -0.27152961, 0.07941248, -0.0729984
13327857618000, -0.28985557, 0.09468412, -0.0693332
13327862466000, -0.32620203, 0.09896017, -0.059864793
13327867617000, -0.35002577, 0.083383106, -0.03848451
13327872645000, -0.36743546, 0.098043874, -0.044898596
13327877470000, -0.3848451, 0.11362094, -0.04795292
13327882568000, -0.40133846, 0.11881329, -0.049785517
13327887502000, -0.40378192, 0.1337795, -0.043676864
13327892580000, -0.40958515, 0.15027285, -0.044898596
13327897492000, -0.4098906, 0.16920967, -0.042455133
13327902565000, -0.41783184, 0.18081611, -0.04428773
13327907555000, -0.419359, 0.20189096, -0.03634648
13327912559000, -0.4120286, 0.21563543, -0.028710667
13327917554000, -0.41508293, 0.24678956, -0.020463986
13327922541000, -0.4260785, 0.26725355, -0.024740042
13327927519000, -0.43218717, 0.27947086, -0.0027488936
13327932530000, -0.441961, 0.28955013, 0.010079277
13327937513000, -0.46089783, 0.29352075, 0.02076942
13327942530000, -0.46639562, 0.2941316, 0.034208454
13327947532000, -0.4972443, 0.29718593, 0.04642576
13327952514000, -0.52931476, 0.28924468, 0.04917465
13327957554000, -0.55680364, 0.28924468, 0.06291912
13327962536000, -0.57971114, 0.29626966, 0.076052725
13327967513000, -0.6114761, 0.30787608, 0.087659165
13327972605000, -0.64996064, 0.3203988, 0.1001819
13327977558000, -0.6957755, 0.32284227, 0.112704635
13327982573000, -0.72784597, 0.35338554, 0.12889257
13327987573000, -0.75716746, 0.36896262, 0.14538592
13327992563000, -0.77671516, 0.37965274, 0.16371189
13327997716000, -0.8032878, 0.41538838, 0.18234327
13328003051000, -0.82253003, 0.45448375, 0.19608775
13328007521000, -0.8222246, 0.49968776, 0.21563543
13328012540000, -0.8378017, 0.5390886, 0.24129178
13328017516000, -0.83108217, 0.57696223, 0.27122417
13328022545000, -0.84574294, 0.6032294, 0.30543262
13328027556000, -0.8323039, 0.64568454, 0.3390302
13328032534000, -0.8313876, 0.6750061, 0.37293324
13328037495000, -0.838718, 0.6805039, 0.42241332
13328042539000, -0.8136725, 0.6927212, 0.46792278
13328047467000, -0.8063421, 0.7113526, 0.5158757
13328052517000, -0.79076505, 0.7296785, 0.5644395
13328057563000, -0.7806858, 0.7367035, 0.61911196
13328062533000, -0.75808376, 0.73884153, 0.66523224
13328067544000, -0.7254025, 0.7473936, 0.71959925
13328073156000, -0.6936375, 0.743423, 0.7635816
13328077528000, -0.6560693, 0.75502944, 0.8222246
13328082532000, -0.61636305, 0.77518797, 0.8762862
13328087526000, -0.5723807, 0.7834347, 0.9477574
13328092508000, -0.528093, 0.8155051, 0.9789116
13328097543000, -0.5039638, 0.8491027, 1.040609
13328102534000, -0.4578435, 0.88025683, 1.1016954
13328107625000, -0.4129449, 0.9095783, 1.1636983
13328112534000, -0.36560285, 0.9502009, 1.2235631
13328117565000, -0.2947425, 0.9978484, 1.2699889
13328122591000, -0.23640485, 1.0433578, 1.3069462
13328127579000, -0.16065755, 1.07665, 1.3274102
13328132565000, -0.101098195, 1.1224649, 1.3399329
13328137548000, -0.03390302, 1.1594223, 1.3542882
13328142613000, 0.028710667, 1.2095132, 1.3435981
13328147579000, 0.09590584, 1.2366967, 1.3353515
13328152539000, 0.15149458, 1.2479976, 1.3222178
13328157639000, 0.21105394, 1.2421945, 1.3264939
13328162565000, 0.2611449, 1.2342533, 1.3136657
13328167581000, 0.32803464, 1.2110404, 1.2983941
13328172709000, 0.37598756, 1.2052372, 1.2858714
13328177594000, 0.3979787, 1.2241739, 1.271516
13328182564000, 0.42424592, 1.2608259, 1.2528846
13328187559000, 0.42760566, 1.2901474, 1.2275337
13328192571000, 0.44440445, 1.3588698, 1.2073752
13328197569000, 0.4364632, 1.4278975, 1.1753048
13328202557000, 0.43279803, 1.4923438, 1.1643091
13328207571000, 0.42821655, 1.5745052, 1.1545353
13328212519000, 0.41905355, 1.666135, 1.144456
13328217550000, 0.44409904, 1.7171422, 1.1530081
13328222530000, 0.49418998, 1.7302758, 1.1710287
13328227547000, 0.56779927, 1.711339, 1.2055426
13328232519000, 0.6783658, 1.674687, 1.2617421
13328237556000, 0.80481493, 1.6423112, 1.3179418
13328242543000, 0.93218035, 1.6291776, 1.3509285
13328247571000, 1.0714576, 1.6157386, 1.3790283
13328252549000, 1.1759156, 1.638646, 1.3652838
13328257551000, 1.273654, 1.6902641, 1.3219124
13328262537000, 1.3405437, 1.7605137, 1.2644911
13328267570000, 1.4092661, 1.8408424, 1.2082914
13328272847000, 1.4575244, 1.9349157, 1.1407908
13328277478000, 1.4831808, 1.999362, 1.0989466
13328282443000, 1.484708, 2.0308216, 1.0876455
13328287474000, 1.4654657, 2.123673, 1.0919216
13328292452000, 1.450805, 2.2064452, 1.073901
13328297447000, 1.428203, 2.2498167, 0.96852684
13328302482000, 1.3710871, 2.295937, 0.90194255
13328307555000, 1.3148874, 2.3252585, 0.8924741
13328312790000, 1.2556335, 2.3472497, 0.8622363
13328317520000, 1.2186762, 2.3289237, 0.820392
13328322609000, 1.181108, 2.2834144, 0.7672467
13328327922000, 1.1218541, 2.221717, 0.72692966
13328332858000, 1.0650436, 2.112372, 0.6627888
13328337513000, 1.0118983, 2.0027218, 0.6270532
13328342865000, 0.9624182, 1.8603901, 0.589485
13328347528000, 0.9257663, 1.7333301, 0.5345071
13328352550000, 0.88025683, 1.5738943, 0.46883908
13328357644000, 0.8445212, 1.4340062, 0.42332962
13328362519000, 0.81000733, 1.3057245, 0.36651915
13328367527000, 0.7641924, 1.1753048, 0.30207285
13328372590000, 0.72082096, 1.0403035, 0.23426682
13328377616000, 0.6737844, 0.9431759, 0.16798794
13328382564000, 0.62858033, 0.8781188, 0.099265605
13328387521000, 0.59773165, 0.8524625, 0.06383542
13328392549000, 0.57604593, 0.7996226, -0.01740966
13328397900000, 0.52656585, 0.7492262, -0.14110987
13328402510000, 0.4813618, 0.69058317, -0.18142697
13328407582000, 0.47525316, 0.6377433, -0.24587326
13328412543000, 0.4465425, 0.59650993, -0.30818152
13328417532000, 0.4373795, 0.54092115, -0.36377025
13328422649000, 0.4352415, 0.5180137, -0.39920044
13328427651000, 0.4147775, 0.4877759, -0.44165558
13328432570000, 0.38728857, 0.48380527, -0.46822822
13328437564000, 0.3399465, 0.47678033, -0.51068336
13328442561000, 0.26939157, 0.5039638, -0.537256
13328447572000, 0.18784106, 0.5705481, -0.5516113
13328452566000, 0.05131268, 0.66859204, -0.55741453
13328457581000, -0.10751228, 0.76174897, -0.5522222
13328462568000, -0.28619036, 0.8738427, -0.5213735
13328467537000, -0.42241332, 0.9388999, -0.48258355
13328472595000, -0.5155703, 0.947452, -0.4437936
13328477500000, -0.56138515, 0.9288206, -0.3848451
13328482576000, -0.5522222, 0.9108001, -0.32284227
13328487556000, -0.51251596, 0.84604836, -0.2855795
13328492572000, -0.48991394, 0.79229224, -0.20922135
13328497515000, -0.45478916, 0.7519751, -0.1441642
13328502561000, -0.4025602, 0.73456544, -0.087964594
13328507564000, -0.3576616, 0.6948592, -0.047647487
13328512556000, -0.30604348, 0.6649268, -0.0021380284
13328517490000, -0.27183503, 0.6640105, 0.03848451
13328522685000, -0.2660318, 0.627664, 0.06414085
13328527522000, -0.28344148, 0.59559363, 0.084910266
13328532575000, -0.312763, 0.5946773, 0.1020145
13328537582000, -0.37232238, 0.6105598, 0.092240654
13328542580000, -0.46853364, 0.66737026, 0.073303826
13328547538000, -0.60231316, 0.7101309, 0.061086524
13328552517000, -0.7156286, 0.7281514, 0.054061573
13328557624000, -0.77457714, 0.7788532, 0.057421334
13328562540000, -0.818254, 0.85154617, 0.06383542
13328567671000, -0.84971356, 0.95356065, 0.07727446
13328572585000, -0.84879726, 1.0781772, 0.11209377
13328577507000, -0.8405506, 1.1395692, 0.17898351
13328582532000, -0.82253003, 1.2315043, 0.2443461
13328587529000, -0.80878556, 1.2977833, 0.26450464
13328592542000, -0.7877107, 1.3130548, 0.31123585
13328597465000, -0.7715228, 1.2733486, 0.35643986
13328602515000, -0.71776664, 1.2458596, 0.4071417
13328607617000, -0.6704246, 1.255328, 0.44806966
13328612535000, -0.6215554, 1.2049317, 0.4550946
13328617488000, -0.5849035, 1.1753048, 0.42760566
13328622541000, -0.593761, 1.1139128, 0.37659842
13328627472000, -0.63041294, 1.0296134, 0.34330627
13328632538000, -0.6618725, 0.8885035, 0.2947425
13328637529000, -0.691194, 0.752586, 0.24281894
13328642547000, -0.71776664, 0.6719518, 0.2125811
13328647510000, -0.75686204, 0.58246, 0.20097467
13328653275000, -0.77396625, 0.4972443, 0.21197024
13328657579000, -0.7706065, 0.4071417, 0.2406809
13328662577000, -0.7583892, 0.37598756, 0.2733622
13328667548000, -0.7275405, 0.3903429, 0.30665436
13328672542000, -0.6640105, 0.40500367, 0.33964106
13328677503000, -0.59773165, 0.4092797, 0.38362336
13328682533000, -0.5497787, 0.43371433, 0.39858958
13328687532000, -0.5170974, 0.49541172, 0.4156938
13328692542000, -0.47952923, 0.54275376, 0.41813725
13328697531000, -0.43371433, 0.5751296, 0.41355577
13328702513000, -0.39675698, 0.64996064, 0.40744713
13328707615000, -0.37201694, 0.7058548, 0.39522982
13328712533000, -0.3381139, 0.73823065, 0.3753767
13328717545000, -0.30879238, 0.7501425, 0.37048978
13328723418000, -0.29077184, 0.7272351, 0.36071593
13328727534000, -0.25381452, 0.689056, 0.36896262
13328732527000, -0.21013765, 0.6612616, 0.37018433
13328737530000, -0.18234327, 0.6389651, 0.3640757
13328742536000, -0.16920967, 0.6224717, 0.36102137
13328747541000, -0.13775012, 0.6218608, 0.36560285
13328752516000, -0.116675265, 0.59406644, 0.36651915
13328757559000, -0.1001819, 0.55955255, 0.36010507
13328762535000, -0.092240654, 0.49877146, 0.36896262
13328767551000, -0.108123146, 0.43249258, 0.37751472
13328772551000, -0.12095132, 0.36102137, 0.38148534
13328777551000, -0.12736541, 0.3378085, 0.3903429
13328782512000, -0.13133603, 0.2828306, 0.38240165
13328787529000, -0.12736541, 0.22021692, 0.3817908
13328792703000, -0.13958271, 0.16187929, 0.3903429
13328797535000, -0.15607607, 0.11911872, 0.40530908
13328802733000, -0.18570304, 0.063224554, 0.41355577
13328807582000, -0.21197024, 0.010079277, 0.43157628
13328812827000, -0.23976462, -0.004886922, 0.4578435
13328817573000, -0.2507602, 0.0027488936, 0.47128254
13328822512000, -0.26450464, 0.011911872, 0.47800204
13328827541000, -0.27916542, 0.041233405, 0.49449542
13328832462000, -0.2864958, 0.05009095, 0.49693888
13328837518000, -0.31581733, 0.06536258, 0.48441613
13328842478000, -0.34116822, 0.10262536, 0.46731192
13328847532000, -0.36835176, 0.13897185, 0.44226643
13328852528000, -0.39920044, 0.16737708, 0.44073927
13328857627000, -0.42730024, 0.20525073, 0.441961
13328862511000, -0.464563, 0.20952678, 0.43676865
13328867540000, -0.505491, 0.22999077, 0.4251622
13328872588000, -0.5317582, 0.26542094, 0.3998113
13328877534000, -0.5571091, 0.2843578, 0.37995818
13328882529000, -0.57848936, 0.3191771, 0.37110063
13328887531000, -0.61208695, 0.3454443, 0.3481932
13328892541000, -0.6545421, 0.3640757, 0.33658674
13328897593000, -0.6795876, 0.37232238, 0.3191771
13328902507000, -0.7049385, 0.37323865, 0.2932153
13328907527000, -0.7272351, 0.38087448, 0.2770274
13328912558000, -0.7452556, 0.3662137, 0.25595254
13328917490000, -0.76052725, 0.34880406, 0.23823744
13328922601000, -0.7812967, 0.31429017, 0.21533
13328927471000, -0.8002335, 0.28008172, 0.19120082
13328932578000, -0.8063421, 0.258396, 0.17898351
13328937491000, -0.8414669, 0.22174409, 0.16371189
13328942569000, -0.8695667, 0.20097467, 0.14172074
13328947540000, -0.89552844, 0.22632557, 0.1301143
13328952559000, -0.9104946, 0.26511553, 0.12034045
13328957672000, -0.9462303, 0.30940324, 0.10720685
13328962602000, -0.9822713, 0.36132678, 0.108123146
13328967570000, -1.0134255, 0.39400807, 0.11942416
13328972541000, -1.0360274, 0.3943135, 0.10598512
13328977811000, -1.0955868, 0.39736784, 0.095294975
13328982528000, -1.1215485, 0.4392121, 0.08277224
13328987516000, -1.1542299, 0.4914411, 0.06414085
13328992550000, -1.1817188, 0.5348125, 0.06291912
13328997535000, -1.2247849, 0.59040123, 0.064751714
13329002530000, -1.2473868, 0.63163465, 0.06414085
13329007551000, -1.2745703, 0.66431594, 0.059864793
13329012535000, -1.2980887, 0.7141015, 0.0580322
13329017538000, -1.3063353, 0.75961095, 0.061391957
13329022538000, -1.3151928, 0.8051204, 0.057726767
13329027538000, -1.2947289, 0.86651236, 0.06780604
13329032531000, -1.2935071, 0.9263771, 0.07880162
13329037511000, -1.2932017, 0.9737192, 0.083383106
13329042541000, -1.3020593, 1.0002918, 0.09193522
13329048324000, -1.287704, 0.9975429, 0.08368854
13329052538000, -1.278541, 0.9783007, 0.0852157
13329057564000, -1.2684617, 0.95172805, 0.0870483
13329062570000, -1.2519683, 0.93462384, 0.093767814
13329067587000, -1.2247849, 0.9450085, 0.11789699
13329072565000, -1.1863003, 0.95814216, 0.14172074
13329077566000, -1.1435398, 0.97127575, 0.14752395
13329082562000, -1.1291844, 0.9868528, 0.16707164
13329087572000, -1.0809261, 1.0009027, 0.19425514
13329092532000, -1.039998, 1.0604621, 0.22113322
13329097570000, -1.0198395, 1.1236867, 0.26908615
13329102489000, -1.0445796, 1.183246, 0.31978795
13329107571000, -1.0595458, 1.2269229, 0.38148534
13329112534000, -1.0705414, 1.2513574, 0.46181414
13329118165000, -1.0845913, 1.2476922, 0.52687126
13329122505000, -1.0903945, 1.2421945, 0.57451874
13329127572000, -1.0564915, 1.2974777, 0.5983425
13329132460000, -1.0158689, 1.3836098, 0.5992588
13329137520000, -0.9923506, 1.4627168, 0.5897904
13329142497000, -0.95356065, 1.4926492, 0.59406644
13329147530000, -0.91996306, 1.4877623, 0.57940567
13329152518000, -0.8762862, 1.4517213, 0.5891795
13329157573000, -0.8530733, 1.4068227, 0.6218608
13329162532000, -0.8454375, 1.3637567, 0.643852
13329167569000, -0.83199847, 1.3029755, 0.68111473
13329172567000, -0.81031275, 1.2809844, 0.7348709
13329177575000, -0.7987063, 1.2492194, 0.7629707
13329182511000, -0.7666359, 1.2180653, 0.8332202
13329187494000, -0.70463306, 1.1575897, 0.9120218
13329192491000, -0.63591075, 1.0732902, 0.9954049
13329197544000, -0.53969944, 0.96761054, 1.0919216
13329202524000, -0.4251622, 0.8576548, 1.1695015
13329207617000, -0.29443705, 0.7104363, 1.2336423
13329212528000, -0.16676621, 0.5045747, 1.2867876
13329217543000, -0.046731193, 0.24617869, 1.3319917
13329222545000, 0.058337633, 0.0012217305, 1.3790283
13329227541000, 0.15118915, -0.19486602, 1.4034629
13329232574000, 0.24251351, -0.26908615, 1.4074335
13329237559000, 0.31520647, -0.25625798, 1.3845261
13329242479000, 0.35155296, -0.22021692, 1.3552046
13329247555000, 0.36468655, -0.17715092, 1.3090842
13329252476000, 0.37293324, -0.17928895, 1.2791518
13329257552000, 0.35918877, -0.21044308, 1.2516629
13329262488000, 0.3463606, -0.20647246, 1.2180653
13329267585000, 0.35613444, -0.13683382, 1.187522
13329272528000, 0.3323107, -0.08124508, 1.1636983
13329277530000, 0.310625, 0.03268129, 1.1175779
13329282488000, 0.26145032, 0.13775012, 1.0748174
13329287513000, 0.18570304, 0.18997909, 1.0137309
13329292543000, 0.08979719, 0.19120082, 0.95814216
13329297560000, -0.008246681, 0.17959438, 0.90133166
13329302753000, -0.08582657, 0.10842858, 0.8371908
13329307638000, -0.19456059, -0.059253927, 0.7467828
13329312622000, -0.2846632, -0.23915374, 0.6627888
13329317588000, -0.3707952, -0.39584067, 0.5839872
13329322601000, -0.4465425, -0.5326745, 0.50732356
13329327577000, -0.5207626, -0.62980205, 0.44012842
13329332557000, -0.61636305, -0.6985244, 0.37873647
13329338181000, -0.698219, -0.75625116, 0.3390302
13329342513000, -0.76052725, -0.8472701, 0.3155119
13329347534000, -0.8216137, -0.9370673, 0.3109304
13329352515000, -0.8866709, -1.0048733, 0.33200526
13329357541000, -0.9275989, -1.0192287, 0.35155296
13329362538000, -0.97341377, -0.9618073, 0.38881573
13329367617000, -0.9981538, -0.8961393, 0.40775254
13329372791000, -1.0167851, -0.5900958, 0.43585235
13329377568000, -1.0567969, -0.4801401, 0.44593164
13329382574000, -1.0769554, -0.2443461, 0.46853364
13329387565000, -1.1129965, -0.0067195175, 0.48991394
13329392580000, -1.1759156, 0.20280726, 0.50732356
13329397553000, -1.212262, 0.37018433, 0.5180137
13329402568000, -1.2443326, 0.45906523, 0.52106804
13329408323000, -1.2568552, 0.46944994, 0.5323691
13329412555000, -1.2534955, 0.42730024, 0.54733527
13329417601000, -1.25319, 0.33322698, 0.5684101
13329422594000, -1.2296717, 0.23457226, 0.58032197
13329427567000, -1.1979067, 0.18692477, 0.5919284
13329432573000, -1.1835514, 0.17134771, 0.59131753
13329437547000, -1.1630874, 0.1695151, 0.59131753
13329442567000, -1.1316279, 0.17654006, 0.5867361
13329447524000, -1.1151345, 0.1966986, 0.5839872
13329452538000, -1.078788, 0.21135938, 0.56382865
13329457575000, -1.0601566, 0.23762658, 0.5491679
13329462559000, -1.0616838, 0.29138273, 0.550695
13329467524000, -1.056186, 0.30909783, 0.5494733
13329472594000, -1.0528263, 0.40500367, 0.5564982
13329477983000, -1.0415252, 0.5503896, 0.5729916
13329482568000, -1.0311406, 0.6102544, 0.5861252
13329487482000, -1.0277808, 0.67164636, 0.6032294
13329492571000, -1.026559, 0.6994407, 0.61758476
13329497465000, -1.0500773, 0.7165449, 0.59498274
13329502564000, -1.0958922, 0.6731735, 0.57940567
13329507531000, -1.1410962, 0.5626069, 0.5488624
13329512538000, -1.1780536, 0.43676865, 0.5384777
13329517479000, -1.2021828, 0.34269542, 0.5531385
13329522570000, -1.258077, 0.25320363, 0.5653558
13329527526000, -1.3011429, 0.15851954, 0.5662721
13329532562000, -1.3225232, 0.12644911, 0.54519725
13329537582000, -1.3451253, 0.090713486, 0.5164866
13329542556000, -1.3524556, 0.095294975, 0.4633413
13329547702000, -1.4016303, 0.12522738, 0.42394048
13329552549000, -1.4419475, 0.124005646, 0.38606682
13329557682000, -1.4746287, 0.10262536, 0.3680463
13329562566000, -1.5140295, 0.09285152, 0.37110063
13329567636000, -1.5500705, 0.112399206, 0.3659083
13329572622000, -1.568091, 0.15363261, 0.3735441
13329577573000, -1.6132951, 0.22540927, 0.408058
13329582564000, -1.6392568, 0.30390546, 0.41783184
13329587525000, -1.6649132, 0.3839288, 0.43371433
13329592542000, -1.6914859, 0.45112398, 0.43493605
13329597536000, -1.6991217, 0.4783075, 0.42943826
13329602539000, -1.7030923, 0.45570546, 0.44715336
13329607540000, -1.6905695, 0.41722095, 0.46211955
13329612532000, -1.6646078, 0.36774087, 0.46273044
13329617521000, -1.6780468, 0.30879238, 0.4804455
13329622569000, -1.7030923, 0.2733622, 0.50579643
13329627519000, -1.7159204, 0.2724459, 0.5488624
13329632500000, -1.7278323, 0.29168814, 0.58093286
13329637543000, -1.7088956, 0.32528573, 0.6041457
13329642503000, -1.6676621, 0.31215215, 0.6200282
13329647516000, -1.6484199, 0.2751948, 0.6395759
13329652512000, -1.6264287, 0.2855795, 0.63316184
13329657563000, -1.6145169, 0.3173445, 0.61911196
13329662524000, -1.5800029, 0.33017266, 0.62949663
13329667572000, -1.575116, 0.355829, 0.6404922
13329672535000, -1.568702, 0.38453966, 0.67011917
13329677529000, -1.5326608, 0.4297437, 0.7125743
13329682485000, -1.4963144, 0.48288897, 0.75991637
13329687518000, -1.461495, 0.52473325, 0.8072584
13329692536000, -1.4123205, 0.57757306, 0.84788096
13329697510000, -1.4046847, 0.61269784, 0.88331115
13329702517000, -1.3967434, 0.6246097, 0.9275989
13329707537000, -1.3775011, 0.6301075, 0.9642508
13329712540000, -1.3662001, 0.59528816, 1.0009027
13329717530000, -1.3435981, 0.5907067, 1.0354166
13329722552000, -1.3182472, 0.5873469, 1.0415252
13329727608000, -1.2925909, 0.59528816, 1.0806206
13329733210000, -1.2782356, 0.5662721, 1.1475104
13329737520000, -1.2452488, 0.5842926, 1.1643091
13329742545000, -1.2513574, 0.5849035, 1.1902709
13329747529000, -1.2638801, 0.56291234, 1.2357804
13329752508000, -1.2843442, 0.54641896, 1.2620476
13329757580000, -1.2886202, 0.48472157, 1.2965615
13329762536000, -1.3255776, 0.4428773, 1.328021
13329767548000, -1.3487904, 0.3979787, 1.351234
13329772556000, -1.3820826, 0.21930063, 1.3573426
13329777500000, -1.4062119, 0.105068825, 1.385137
13329782528000, -1.4037683, -0.06505715, 1.4110987
13329787488000, -1.3747523, -0.23335053, 1.4431691
13329792543000, -1.3594806, -0.39400807, 1.5039502
13329797462000, -1.3405437, -0.50518554, 1.5732834
13329803144000, -1.3390167, -0.58123827, 1.6291776
13329807541000, -1.3732251, -0.59406644, 1.6685784
13329812536000, -1.4172074, -0.48502702, 1.7055358
13329817464000, -1.428203, -0.34483343, 1.7907515
13329822545000, -1.4272866, -0.23671028, 1.8161024
13329827482000, -1.4318681, -0.12461651, 1.8616118
13329832527000, -1.3988814, -0.2593123, 1.8402315
13329837521000, -1.4648548, -0.14660765, 1.8188512
13329842544000, -1.5357152, 0.014049901, 1.815797
13329847528000, -1.5873333, 0.18081611, 1.8112154
13329852522000, -1.6154331, 0.34391713, 1.8078557
13329857605000, -1.6597209, 0.33292156, 1.7418822
13329862536000, -1.7513506, 0.36682457, 1.6997325
13329867535000, -1.7721201, 0.46639562, 1.6371188
13329872965000, -1.7913623, 0.5500842, 1.5451837
13329877564000, -1.7696766, 0.5534439, 1.5176947
13329882538000, -1.7644843, 0.57726765, 1.4611896
13329887528000, -1.7333301, 0.61636305, 1.4251486
13329892538000, -1.7058412, 0.6640105, 1.395827
13329897533000, -1.6807957, 0.7147123, 1.359786
13329902540000, -1.6502525, 0.7415904, 1.3286319
13329907618000, -1.6126842, 0.6554584, 1.2953397
13329912518000, -1.577254, 0.6059783, 1.2534955
13329917534000, -1.5366315, 0.54825157, 1.2064588
13329922555000, -1.5253305, 0.47311515, 1.1728612
13329927537000, -1.4999796, 0.3903429, 1.138042
13329932518000, -1.4731015, 0.31612277, 1.1230757
13329937522000, -1.4349225, 0.26297748, 1.1068878
13329942544000, -1.389413, 0.22021692, 1.099252
13329947599000, -1.3307699, 0.18661933, 1.0891727
13329952531000, -1.271516, 0.17256944, 1.0812315
13329957610000, -1.2452488, 0.17379116, 1.0852021
13329962537000, -1.2147056, 0.18173242, 1.0968086
13329967536000, -1.1936307, 0.14080444, 1.1340714
13329972545000, -1.135293, 0.07422013, 1.16492
13329977631000, -1.0693196, -0.007941248, 1.1881329
13329982529000, -0.97402465, -0.07391469, 1.2089024
13329987510000, -0.88056225, -0.17073683, 1.3051136
13329992540000, -0.80756384, -0.23518312, 1.3753631
13329997533000, -0.7458665, -0.21746802, 1.427592
13330002516000, -0.6374379, -0.17195857, 1.491122
13330007559000, -0.5720753, -0.22052236, 1.5781704
13330012541000, -0.5348125, -0.2519819, 1.6377298
13330017532000, -0.5155703, -0.2779437, 1.6975945
13330022579000, -0.46486846, -0.33078352, 1.7644843
13330027506000, -0.42760566, -0.3210097, 1.8417587
13330032538000, -0.40469822, -0.2406809, 1.9190332
13330037514000, -0.38637227, -0.16707164, 1.9773707
13330042518000, -0.39736784, -0.11362094, 2.0402899
13330047488000, -0.4016439, -0.10995574, 2.11451
13330052524000, -0.40378192, -0.12492194, 2.1533
13330058091000, -0.4089743, -0.121256754, 2.2134702
13330062538000, -0.41599923, -0.08979719, 2.2363777
13330067468000, -0.44623706, -0.03268129, 2.2715025
13330072529000, -0.4831944, 0.032070424, 2.2403483
13330077466000, -0.5174029, 0.05222898, 2.2296581
13330082540000, -0.55680364, 0.09621128, 2.2134702
13330087505000, -0.63224554, 0.13194689, 2.1594086
13330092570000, -0.68325275, 0.17867808, 2.112983
13330097505000, -0.7440339, 0.21105394, 2.0769417
13330102519000, -0.78893244, 0.22510384, 2.0518963
13330107563000, -0.8206975, 0.3359759, 2.0207422
13330112537000, -0.86620694, 0.32895094, 2.0378466
13330117499000, -0.9392053, 0.34513888, 2.046704
13330122540000, -0.9944886, 0.42210788, 2.087021
13330128171000, -1.0207558, 0.4886922, 2.1313088
13330132536000, -1.0436633, 0.58246, 2.1832323
13330137547000, -1.0824533, 0.70096785, 2.2275202
13330142537000, -1.1242975, 0.8268061, 2.2611177
13330147514000, -1.1936307, 0.9831876, 2.2956316
13330152519000, -1.273654, 1.0534371, 2.329229
13330157579000, -1.3045027, 1.1823297, 2.3350325
13330162535000, -1.3213016, 1.2305881, 2.31915
13330167518000, -1.3408492, 1.1878275, 2.286163
13330172542000, -1.3454307, 1.0870347, 2.221106
13330177571000, -1.3255776, 0.98746365, 2.1303926
13330182534000, -1.2983941, 0.9233228, 2.0329595
13330187505000, -1.2684617, 0.8335256, 1.9367483
13330192583000, -1.2431108, 0.72234815, 1.8399261
13330197959000, -1.2428054, 0.6087272, 1.7333301
13330202519000, -1.2183707, 0.5366451, 1.6438384
13330207555000, -1.2061534, 0.51893, 1.5485435
13330212521000, -1.1771374, 0.5137377, 1.4697418
13330217511000, -1.1267409, 0.52503866, 1.3817772
13330222531000, -1.0326678, 0.5195409, 1.2983941
13330227516000, -0.915687, 0.4896085, 1.20371
13330232511000, -0.8023715, 0.41416663, 1.110553
13330237522000, -0.6759224, 0.29535335, 1.0180069
13330242512000, -0.5748242, 0.14049901, 0.9254609
13330247508000, -0.46089783, 0.14049901, 0.84299403
13330252424000, -0.34666604, -0.069027774, 0.79901177
13330257441000, -0.2874121, -0.21960606, 0.71868294
13330267435000, -0.113926366, -0.528093, 0.56169057
13330272435000, -0.035124753, -0.68386364, 0.47433686
13330277459000, 0.03604105, -0.8173377, 0.38606682
13330282450000, 0.108123146, -0.906524, 0.29779682
13330287493000, 0.18203785, -0.97341377, 0.20586158
13330292448000, 0.27947086, -1.0231993, 0.09040806
13330297446000, 0.3631594, -1.0574077, -0.0290161
13330302468000, 0.45112398, -1.1111639, -0.14660765
13330307499000, 0.54641896, -1.1355985, -0.2501493
13330312466000, 0.6646214, -1.1337659, -0.33536503
13330317475000, 0.7806858, -1.138042, -0.38637227
13330322482000, 0.8866709, -1.1728612, -0.40744713
13330327492000, 0.98837996, -1.217149, -0.41172317
13330332438000, 1.0567969, -1.2568552, -0.40866885
13330337525000, 1.1398746, -1.29198, -0.39706242
13330342449000, 1.2189816, -1.2953397, -0.39645153
13330347547000, 1.3164146, -1.2974777, -0.39492437
13330352486000, 1.4159856, -1.3164146, -0.3979787
13330357612000, 1.4636332, -1.3096951, -0.41691554
13330362467000, 1.557401, -1.2672399, -0.44165558
13330367567000, 1.6649132, -1.2018774, -0.45265114
13330372542000, 1.7864754, -1.102001, -0.46273044
13330377570000, 1.9019289, -0.9969321, -0.44593164
13330383064000, 2.0076087, -0.9120218, -0.44043383
13330387569000, 2.0790799, -0.852157, -0.42363504
13330392674000, 2.1050417, -0.79259765, -0.4092797
13330397567000, 2.1010711, -0.72082096, -0.3857614
13330402529000, 2.0735822, -0.65026605, -0.37995818
13330407620000, 2.033876, -0.5467244, -0.37323865
13330412735000, 1.9895881, -0.4373795, -0.36377025
13330417588000, 1.9394971, -0.38056904, -0.34269542
13330422809000, 1.8854356, -0.36102137, -0.31490102
13330427556000, 1.8408424, -0.35430184, -0.26939157
13330432804000, 1.8319849, -0.34697145, -0.23060162
13330437556000, 1.8383989, -0.33108896, -0.19608775
13330442903000, 1.8393153, -0.3390302, -0.17104226
13330447567000, 1.8252654, -0.3659083, -0.16829337
13330453163000, 1.774869, -0.4465425, -0.1685988
13330457693000, 1.7098118, -0.4859433, -0.17898351
13330462476000, 1.6887369, -0.5647449, -0.18936823
13330467565000, 1.6178766, -0.6417139, -0.2049453
13330472579000, 1.5485435, -0.68691796, -0.23396139
13330477705000, 1.4355333, -0.69058317, -0.2761111
13330482574000, 1.3228287, -0.6301075, -0.30757064
13330487557000, 1.221425, -0.5519168, -0.3222314
13330492570000, 1.1236867, -0.47983465, -0.3368922
13330497570000, 1.0418307, -0.4166101, -0.32467487
13330502564000, 0.95081174, -0.35063666, -0.32345316
13330507668000, 0.86834496, -0.321926, -0.31642818
13330512567000, 0.8008443, -0.31642818, -0.31703907
13330517561000, 0.7360926, -0.32528573, -0.34116822
13330523055000, 0.68661255, -0.31123585, -0.35979962
13330527513000, 0.6575964, -0.30879238, -0.38423425
13330532567000, 0.64751714, -0.310625, -0.40591997
13330537597000, 0.61117065, -0.30604348, -0.42332962
13330542560000, 0.56169057, -0.28069258, -0.44257188
13330547824000, 0.52687126, -0.28130344, -0.45478916
13330552555000, 0.48991394, -0.28160888, -0.46303585
13330557546000, 0.4633413, -0.28771752, -0.4886922
13330562570000, 0.39645153, -0.2669481, -0.5305365
13330567467000, 0.29749137, -0.19486602, -0.5861252
13330572574000, 0.20616703, -0.09682214, -0.62858033
13330577473000, 0.09590584, -0.01160644, -0.677755
13330582563000, -0.0015271631, 0.031154128, -0.74372846
13330587528000, -0.092240654, 0.041233405, -0.8038987
13330592590000, -0.16646078, 0.03634648, -0.87872964
13330597545000, -0.24251351, -0.026572637, -0.9401216
13330602568000, -0.30757064, -0.13591751, -1.0048733
13330607645000, -0.36560285, -0.27947086, -1.0543534
13330612553000, -0.4092797, -0.39584067, -1.097114
13330617538000, -0.43066, -0.46914452, -1.1276573
13330622592000, -0.44959682, -0.5045747, -1.162782
13330627607000, -0.46211955, -0.48899764, -1.1801916
13330632566000, -0.48075095, -0.45448375, -1.2021828
13330637532000, -0.4728097, -0.3866777, -1.2119566
13330642574000, -0.49174652, -0.34697145, -1.2156218
13330647571000, -0.5002986, -0.33078352, -1.2156218
13330652558000, -0.50946164, -0.26358834, -1.2232577
13330657617000, -0.5290093, -0.1740966, -1.2400564
13330662570000, -0.54733527, -0.13347405, -1.2678508
13330667570000, -0.5580254, -0.1133155, -1.2696834
13330672739000, -0.5684101, -0.11911872, -1.2684617
13330677577000, -0.58184916, -0.122783914, -1.2507466
13330682551000, -0.58459806, -0.16157386, -1.2330315
13330687566000, -0.5702427, -0.2012801, -1.2030991
13330692565000, -0.5558874, -0.21044308, -1.1578951
13330697566000, -0.5412266, -0.19608775, -1.1081096
13330702563000, -0.5180137, -0.16462818, -1.0607675
13330708220000, -0.4908302, -0.1328632, -1.0012082
13330712568000, -0.4560109, -0.10629055, -0.93615097
13330717540000, -0.42088616, -0.07788532, -0.88117313
13330722579000, -0.39461896, -0.064751714, -0.8268061
13330727580000, -0.36774087, -0.06505715, -0.77213365
13330732572000, -0.33169982, -0.07269296, -0.7333437
13330737562000, -0.2950479, -0.0983493, -0.68691796
13330742561000, -0.26542094, -0.11942416, -0.64476824
13330747571000, -0.2565634, -0.15393804, -0.6230826
13330752534000, -0.25350907, -0.1881465, -0.57940567
13330757642000, -0.2611449, -0.22418754, -0.5338962
13330762496000, -0.2657264, -0.2406809, -0.49480084
13330767565000, -0.2837469, -0.25167647, -0.4550946
13330772495000, -0.29810223, -0.22540927, -0.41172317
13330778172000, -0.3191771, -0.1881465, -0.36926803
13330782463000, -0.34605515, -0.1423316, -0.31581733
13330787565000, -0.34697145, -0.07391469, -0.2770274
13330792467000, -0.35124752, 0.0012217305, -0.2415972
13330797566000, -0.3494149, 0.073303826, -0.20005837
13330802523000, -0.32528573, 0.14294247, -0.16646078
13330807655000, -0.2932153, 0.18845193, -0.1282817
13330812526000, -0.24862215, 0.23732115, -0.08246681
13330817549000, -0.21563543, 0.2660318, -0.052839845
13330822599000, -0.17715092, 0.2764165, -0.027488936
13330827579000, -0.12186762, 0.2773328, -0.009773844
13330832520000, -0.0729984, 0.2648101, 0.00580322
13330837566000, -0.04734206, 0.24190263, 0.017104227
13330842512000, -0.017104227, 0.22907446, 0.02321288
13330848018000, -3.0543262E-4, 0.18570304, 0.021685716
13330852563000, 0.013744468, 0.16829337, 0.011911872
13330857628000, 0.01282817, 0.13072516, 0.009468411
13330862699000, 0.020463986, 0.10262536, -0.015882496
13330867555000, 0.04520403, 0.076052725, -0.016493361
13330872674000, 0.05497787, 0.058948494, -0.01985312
13330877573000, 0.06047566, 0.04917465, -0.018936822
13330882494000, 0.0571159, 0.053450707, -0.022296581
13330887551000, 0.049480084, 0.063224554, -0.01282817
13330892894000, 0.025350908, 0.08552113, -0.01038471
13330897557000, 0.005497787, 0.119729586, -0.0030543262
13330902487000, -0.030848695, 0.15027285, -0.008857546
13330907625000, -0.076052725, 0.17867808, -0.016798794
13330912472000, -0.10903945, 0.19639318, -0.03176499
13330917612000, -0.13408493, 0.1863139, -0.03756821
13330922576000, -0.14660765, 0.17195857, -0.04734206
13330927567000, -0.16584991, 0.14569137, -0.057421334
13330932560000, -0.16798794, 0.12797627, -0.06414085
13330937537000, -0.16157386, 0.11636983, -0.06505715
13330942570000, -0.15118915, 0.105068825, -0.073303826
13330947554000, -0.1414153, 0.086132, -0.0711658
13330952574000, -0.13500121, 0.06536258, -0.071776666
13330957630000, -0.11636983, 0.026267206, -0.07727446
13330962555000, -0.08307768, 0.021380283, -0.080634214
13330967560000, -0.08277224, 0.009162978, -0.07880162
13330972583000, -0.055588737, 0.004886922, -0.06811147
13330977567000, -0.046120327, 0.007330383, -0.081855945
13330982566000, -0.019547688, 0.005192355, -0.07941248
13330987563000, -0.02321288, 9.162979E-4, -0.09315695
13330992572000, -0.020158553, -0.004276057, -0.09285152
13330997561000, 0.0027488936, -0.018020526, -0.084910266
13331002559000, 0.0027488936, -0.03176499, -0.086132
13331007626000, 0.0021380284, -0.04428773, -0.09315695
13331012558000, 0.0125227375, -0.057421334, -0.092240654
13331017530000, -0.0012217305, -0.04550946, -0.09590584
13331022582000, -0.009468411, -0.064751714, -0.09407325
13331027553000, -0.023518313, -0.089491755, -0.08827003
13331033213000, -0.05009095, -0.10751228, -0.092240654
13331037556000, -0.07422013, -0.11636983, -0.08582657
13331042560000, -0.089186326, -0.1001819, -0.08368854
13331047564000, -0.090713486, -0.105068825, -0.083383106
13331052566000, -0.102319926, -0.10323623, -0.08307768
13331057536000, -0.115453534, -0.06963864, -0.06627888
13331062569000, -0.109650314, -0.0571159, -0.07147124
13331067504000, -0.10170906, -0.070249505, -0.07238753
13331072562000, -0.10567969, -0.07727446, -0.06780604
13331077486000, -0.089186326, -0.09285152, -0.07086037
13331082564000, -0.087964594, -0.09285152, -0.059864793
13331087555000, -0.069027774, -0.09315695, -0.05467244
13331092558000, -0.06505715, -0.08674286, -0.049480084
13331097569000, -0.07269296, -0.09896017, -0.04642576
13331103267000, -0.0711658, -0.09865474, -0.043982297
13331107631000, -0.08032878, -0.07819075, -0.03176499
13331112562000, -0.079107046, -0.06719518, -0.032986723
13331117547000, -0.07666359, -0.07513642, -0.044593163
13331122571000, -0.0842994, -0.08277224, -0.04734206
13331127575000, -0.071776666, -0.0842994, -0.047647487
13331132558000, -0.07269296, -0.0693332, -0.03848451
13331137612000, -0.06505715, -0.059864793, -0.040011674
13331142566000, -0.04550946, -0.059253927, -0.03390302
13331147559000, -0.040011674, -0.0580322, -0.028710667
13331152565000, -0.030543262, -0.05375614, -0.02443461
13331157628000, -0.022296581, -0.05100725, -0.022296581
13331162567000, -0.03573562, -0.021685716, -0.013133603
13331167569000, -0.028405234, -0.015271631, -0.018325957
13331172576000, -0.03390302, -0.03359759, -0.022296581
13331177575000, -0.046120327, -0.04428773, -0.024740042
13331182557000, -0.050396383, -0.054367006, -0.029321533
13331187572000, -0.054061573, -0.06414085, -0.03573562
13331192545000, -0.057421334, -0.08155051, -0.038179077
13331197578000, -0.055588737, -0.08002335, -0.036957346
13331202529000, -0.059864793, -0.0729984, -0.036957346
13331207566000, -0.065973446, -0.07086037, -0.039095376
13331212505000, -0.06841691, -0.062002823, -0.03756821
13331217512000, -0.0711658, -0.054061573, -0.04062254
13331222477000, -0.0729984, -0.024129177, -0.013133603
13331227546000, -0.08552113, 0.007941248, 0.0070249503
13331232468000, -0.07788532, 0.011911872, 0.0030543262
13331237541000, -0.07941248, -0.008857546, 0.014049901
13331242684000, -0.08368854, -0.009773844, 0.01985312
13331247576000, -0.059864793, -3.0543262E-4, 0.028099801
13331252579000, -0.03970624, -3.0543262E-4, 0.035430185
13331257611000, -0.02687807, -0.009773844, 0.04428773
13331262592000, -0.0070249503, -0.022907447, 0.06414085
13331267500000, 0.013439035, -0.023823744, 0.06627888
13331272447000, 0.021685716, -0.025350908, 0.07513642
13331277476000, 0.03390302, -0.03023783, 0.076358154
13331282464000, 0.034513887, -0.018325957, 0.06872234
13331287496000, 0.03604105, -0.012217305, 0.079107046
13331292483000, 0.03176499, 0.025961773, 0.09162979
13331297471000, 0.052839845, 0.03604105, 0.07788532
13331302440000, 0.046731193, 0.032986723, 0.06719518
13331307507000, 0.030848695, 0.011911872, 0.056199603
13331312740000, 0.034513887, 0.015577064, 0.045814894
13331317454000, 0.040011674, 0.018936822, 0.040011674
13331322540000, 0.040927973, 0.008552114, 0.026572637
13331327568000, 0.042455133, 0.0030543262, 0.007941248
13331332505000, 0.03848451, -0.009162978, -0.002443461
13331337567000, 0.034513887, -0.015882496, -0.006414085
13331342576000, 0.03481932, -0.016187929, -0.0061086523
13331347572000, 0.021380283, -0.02565634, -0.007330383
13331352561000, 0.017104227, -0.022296581, -0.014660766
13331358313000, 0.0076358155, -0.02443461, -0.027488936
13331362570000, 0.0033597588, -0.02443461, -0.030543262
13331367549000, 0.0125227375, -0.016187929, -0.040317107
13331372553000, -0.0015271631, -0.016187929, -0.042760566
13331377538000, 0.003970624, -0.02076942, -0.052839845
13331382536000, 0.0033597588, -0.03756821, -0.057421334
13331387519000, 0.017715093, -0.046731193, -0.06658431
13331392585000, 0.026267206, -0.05467244, -0.080634214
13331397567000, 0.03268129, -0.056505036, -0.08368854
13331402547000, 0.025350908, -0.053450707, -0.07849618
13331407524000, 0.023823744, -0.04795292, -0.07971791
13331412572000, 0.026572637, -0.038179077, -0.070249505
13331417509000, 0.021380283, -0.021991149, -0.070249505
13331422595000, -0.0027488936, 0.015271631, -0.049480084
13331427975000, 0.0030543262, 0.039095376, -0.045814894
13331432586000, -0.008857546, 0.046731193, -0.03390302
13331437477000, -0.01740966, 0.040011674, -0.028710667
13331442578000, -0.024129177, 0.031154128, -0.029321533
13331447459000, -0.018936822, 0.036651913, -0.032986723
13331452559000, -0.02321288, 0.047647487, -0.034513887
13331457514000, -0.052534413, 0.06841691, -0.030848695
13331462672000, -0.079107046, 0.11056661, -0.021380283
13331467494000, -0.11575896, 0.15271631, -0.0018325958
13331472593000, -0.14538592, 0.17501289, 0.0106901415
13331477534000, -0.16554448, 0.21319197, 0.028099801
13331482563000, -0.15149458, 0.22968534, 0.04550946
13331487516000, -0.12370021, 0.22388211, 0.057726767
13331492535000, -0.08552113, 0.19608775, 0.080634214
13331498116000, -0.055588737, 0.172264, 0.080634214
13331502551000, -0.011301007, 0.14508049, 0.08582657
13331507563000, 0.019547688, 0.1142318, 0.094989546
13331512596000, 0.038789943, 0.089491755, 0.09621128
13331517846000, 0.04886922, 0.05009095, 0.099265605
13331522536000, 0.04886922, -3.0543262E-4, 0.09040806
13331527853000, 0.03268129, -0.024129177, 0.10354166
13331532519000, 0.05009095, -0.028710667, 0.105374254
13331537487000, 0.047647487, -0.032375857, 0.12003502
13331542505000, 0.048563786, -0.03848451, 0.13103059
13331547527000, 0.06383542, -0.042760566, 0.13958271
13331552505000, 0.07422013, -0.040927973, 0.1469131
13331557664000, 0.08368854, -0.03604105, 0.17012598
13331562573000, 0.09590584, -0.021380283, 0.17806722
13331567746000, 0.121256754, -0.002443461, 0.18173242
13331572538000, 0.13530666, 0.025045475, 0.20097467
13331577569000, 0.14844026, 0.0729984, 0.22785273
13331582534000, 0.14813483, 0.11178834, 0.2452624
13331587522000, 0.14874569, 0.14660765, 0.24007004
13331592517000, 0.14813483, 0.13225232, 0.22204952
13331597598000, 0.15851954, 0.08979719, 0.19608775
13331602523000, 0.1518, 0.04337143, 0.18234327
13331607543000, 0.13988814, 0.035430185, 0.15821409
13331612520000, 0.13897185, 0.033292156, 0.12003502
13331617530000, 0.11759156, 0.022296581, 0.084910266
13331622504000, 0.101098195, 0.00580322, 0.07941248
13331627514000, 0.089491755, 0.019242255, 0.06169739
13331632513000, 0.035124753, 0.047647487, 0.061391957
13331637516000, 0.017715093, 0.07391469, 0.043982297
13331642552000, -0.022296581, 0.10995574, 0.03145956
13331647563000, -0.052534413, 0.13072516, 0.02076942
13331652851000, -0.089186326, 0.17623462, 0.011911872
13331657600000, -0.09560041, 0.20891592, 0.025961773
13331662560000, -0.11178834, 0.2312125, 0.022296581
13331667532000, -0.099571034, 0.24770586, 0.028405234
13331672520000, -0.1142318, 0.22876903, 0.0421497
13331677521000, -0.11148291, 0.22082779, 0.05222898
13331682503000, -0.116675265, 0.2180789, 0.062308256
13331687519000, -0.12583824, 0.21044308, 0.070249505
13331692539000, -0.12339478, 0.19761491, 0.08857546
13331697564000, -0.13927728, 0.20799962, 0.10293079
13331702555000, -0.13775012, 0.20861048, 0.118202426
13331707531000, -0.13744467, 0.21380283, 0.13530666
13331712568000, -0.12034045, 0.20097467, 0.13836098
13331717573000, -0.10842858, 0.17531833, 0.14172074
13331722551000, -0.09285152, 0.15668693, 0.13836098
13331727538000, -0.09132435, 0.15363261, 0.1386664
13331732530000, -0.0870483, 0.129198, 0.13622294
13331737529000, -0.087964594, 0.10598512, 0.14630222
13331742543000, -0.07849618, 0.10323623, 0.13652839
13331747536000, -0.07788532, 0.07880162, 0.13316862
13331753131000, -0.08368854, 0.06078109, 0.12034045
13331757503000, -0.083383106, 0.042455133, 0.11575896
13331762572000, -0.093462385, 0.01740966, 0.10781772
13331767459000, -0.08857546, 0.009468411, 0.10629055
13331772610000, -0.08827003, 9.162979E-4, 0.10415252
13331777468000, -0.105068825, -0.003970624, 0.09560041
13331782567000, -0.089491755, 0.0012217305, 0.079107046
13331787551000, -0.09437868, 0.0012217305, 0.06658431
13331792575000, -0.092240654, 0.0015271631, 0.06078109
13331797511000, -0.093462385, 0.021380283, 0.04917465
13331802568000, -0.09193522, 0.02443461, 0.04520403
13331807564000, -0.09712757, 0.03390302, 0.029321533
13331812575000, -0.09315695, 0.04734206, 0.018325957
13331817493000, -0.08552113, 0.048258353, 0.007941248
13331822645000, -0.08093964, 0.040927973, -0.008246681
13331827621000, -0.05955936, 0.042760566, -0.015577064
13331832572000, -0.047647487, 0.03634648, -0.019547688
13331837716000, -0.051618114, 0.02321288, -0.03145956
13331842577000, -0.038179077, 0.00580322, -0.034513887
13331847826000, -0.021991149, -0.004886922, -0.043982297
13331852594000, -0.021991149, -0.02076942, -0.05467244
13331857522000, -0.020158553, -0.02565634, -0.06780604
13331862570000, -0.02687807, -0.040011674, -0.071776666
13331867503000, -0.022296581, -0.04886922, -0.077579886
13331872524000, -0.035124753, -0.06078109, -0.07788532
13331877547000, -0.050701816, -0.079107046, -0.08246681
13331882533000, -0.043066, -0.07147124, -0.090713486
13331887520000, -0.060170226, -0.071776666, -0.09682214
13331892901000, -0.065973446, -0.063224554, -0.094989546
13331897534000, -0.06780604, -0.056199603, -0.09162979
13331902556000, -0.073303826, -0.049480084, -0.08735373
13331907546000, -0.07422013, -0.036651913, -0.087964594
13331912534000, -0.087659165, -0.01985312, -0.09682214
13331917533000, -0.0852157, -0.004581489, -0.09040806
13331922534000, -0.08124508, 3.0543262E-4, -0.08368854
13331927541000, -0.08124508, 0.01740966, -0.0842994
13331932529000, -0.08155051, 0.022296581, -0.079107046
13331937514000, -0.07544186, 0.032070424, -0.070554934
13331942570000, -0.06780604, 0.03848451, -0.06719518
13331947557000, -0.06627888, 0.03848451, -0.059253927
13331952560000, -0.062308256, 0.042455133, -0.055283304
13331957592000, -0.061391957, 0.03573562, -0.04917465
13331962548000, -0.070249505, 0.03573562, -0.042455133
13331967558000, -0.084910266, 0.029626964, -0.04520403
13331972554000, -0.08246681, 0.019242255, -0.040317107
13331977537000, -0.087659165, 0.021685716, -0.040011674
13331982526000, -0.090713486, 0.0106901415, -0.042455133
13331987519000, -0.07727446, 0.01038471, -0.037873644
13331992537000, -0.07147124, 0.0067195175, -0.030543262
13331997569000, -0.07086037, 0.01038471, -0.02321288
13332002563000, -0.055588737, 0.009162978, -0.015577064
13332007587000, -0.052534413, 0.0125227375, -0.004581489
13332012530000, -0.043066, 0.009468411, 0.002443461
13332017546000, -0.04795292, 0.015882496, 0.005497787
13332022567000, -0.045814894, 0.01740966, 0.015882496
13332027574000, -0.038789943, 0.010995574, 0.013744468
13332032518000, -0.040317107, 0.0076358155, 0.016798794
13332037578000, -0.052839845, 0.019242255, 0.02687807
13332042466000, -0.04917465, 0.007941248, 0.02107485
13332047564000, -0.05222898, 0.0125227375, 0.023823744
13332052543000, -0.0571159, 0.011301007, 0.02565634
13332057552000, -0.064751714, 0.010079277, 0.021685716
13332062501000, -0.06780604, 0.013439035, 0.019242255
13332067532000, -0.070249505, 0.0106901415, 0.018325957
13332072527000, -0.06414085, 0.005497787, 0.013744468
13332078124000, -0.074830994, 0.005497787, 0.009162978
13332082535000, -0.07544186, -0.0106901415, -3.0543262E-4
13332087524000, -0.070249505, -0.0125227375, -0.005192355
13332092530000, -0.0693332, -0.0067195175, -0.005497787
13332097533000, -0.059864793, -0.014966198, -0.004276057
13332102529000, -0.065973446, -0.02107485, -0.004581489
13332107584000, -0.05497787, -0.020158553, -0.0067195175
13332112634000, -0.048563786, -0.022602014, -0.01160644
13332117530000, -0.04337143, -0.025961773, -0.007941248
13332122556000, -0.030848695, -0.035124753, -0.0106901415
13332127547000, -0.028405234, -0.030848695, -0.0143553335
13332132533000, -0.03268129, -0.03145956, -0.014049901
13332137519000, -0.027794369, -0.036651913, -0.017715093
13332142547000, -0.022602014, -0.041233405, -0.015271631
13332148107000, -0.022602014, -0.042455133, -0.02107485
13332152537000, -0.0290161, -0.055588737, -0.01985312
13332157655000, -0.016187929, -0.049480084, -0.018020526
13332162639000, -0.008857546, -0.04642576, -0.019242255
13332167527000, -0.01038471, -0.04428773, -0.018020526
13332172550000, -0.007330383, -0.046120327, -0.0070249503
13332177537000, -9.162979E-4, -0.040011674, 0.0061086523
13332182538000, 0.008246681, -0.030848695, 0.0030543262
13332187546000, 0.007330383, -0.021991149, 0.004581489
13332192532000, 0.006414085, -0.014660766, 0.020158553
13332197498000, 0.009162978, -0.015271631, 0.014049901
13332202546000, 0.015271631, -0.010079277, 0.016798794
13332207570000, 0.01038471, -0.008857546, 0.012217305
13332212517000, 0.0033597588, -0.026572637, 0.012217305
13332217502000, 0.008246681, -0.028405234, 0.0061086523
13332222556000, 0.00580322, -0.036651913, 0.004581489
13332227470000, 0.0021380284, -0.05467244, 0.0067195175
13332232534000, -0.0027488936, -0.07238753, -0.0061086523
13332237669000, -0.014966198, -0.0852157, -0.005192355
13332242545000, -0.015577064, -0.09682214, -0.009162978
13332247686000, -0.01038471, -0.10598512, -0.009773844
13332252524000, -0.015577064, -0.10262536, -0.009773844
13332257552000, -0.016493361, -0.106901415, -0.008246681
13332262534000, -0.01740966, -0.10842858, -0.015271631
13332267506000, -0.023518313, -0.09896017, -0.01160644
13332272575000, -0.019547688, -0.08979719, -0.006414085
13332277473000, -0.023823744, -0.079107046, 0.003970624
13332282530000, -0.019242255, -0.07788532, -0.0012217305
13332287849000, -0.022602014, -0.067500606, 0.0012217305
13332292541000, -0.019242255, -0.05100725, 0.007330383
13332297555000, -0.0018325958, -0.034513887, 0.0143553335
13332302529000, 0.0030543262, -0.025350908, 0.029321533
13332307547000, 0.008857546, -0.01863139, 0.032375857
13332312532000, 0.01160644, -0.0143553335, 0.042760566
13332317522000, 0.016798794, -0.0067195175, 0.036651913
13332322546000, 0.0290161, -0.0067195175, 0.047647487
13332327535000, 0.040011674, 0.003970624, 0.053145275
13332332528000, 0.032375857, -6.1086525E-4, 0.05375614
13332337524000, 0.037873644, -0.00580322, 0.056505036
13332342536000, 0.043066, -0.0021380284, 0.064751714
13332347529000, 0.03268129, -0.0030543262, 0.07360926
13332352510000, 0.04153884, -3.0543262E-4, 0.07574729
13332357598000, 0.046120327, -0.005192355, 0.07238753
13332362684000, 0.041233405, -0.0015271631, 0.07513642
13332367554000, 0.039095376, -0.0012217305, 0.07513642
13332372579000, 0.03634648, -0.006414085, 0.070554934
13332377574000, 0.027794369, 0.0030543262, 0.0729984
13332382562000, 0.030543262, 0.0036651916, 0.063224554
13332387521000, 0.023518313, 0.009468411, 0.059864793
13332392541000, 0.024740042, 0.009162978, 0.050396383
13332397535000, 0.02443461, 0.010079277, 0.05955936
13332402549000, 0.01282817, 0.018325957, 0.049785517
13332407647000, 0.015577064, 0.017104227, 0.04917465
13332412525000, 0.013133603, 0.022602014, 0.04795292
13332417532000, 0.0021380284, 0.03634648, 0.040927973
13332422643000, -0.0015271631, 0.03634648, 0.03604105
13332427550000, 0.002443461, 0.04184427, 0.03268129
13332432523000, 0.009773844, 0.045814894, 0.032070424
13332437515000, 0.01038471, 0.04734206, 0.036651913
13332442876000, 0.0036651916, 0.03390302, 0.03268129
13332447533000, -0.0033597588, 0.036651913, 0.031154128
13332452535000, 6.1086525E-4, 0.04550946, 0.022602014
13332457539000, 0.00580322, 0.036651913, 0.021685716
13332462496000, -0.004886922, 0.02443461, 0.029626964
13332467528000, -0.010079277, 0.020158553, 0.018936822
13332472543000, -0.0070249503, 0.016493361, 0.012217305
13332477538000, -0.005497787, 0.013133603, 0.015882496
13332482485000, -0.014966198, 0.0070249503, 0.01038471
13332487514000, -0.014049901, 0.0018325958, 0.009468411
13332492474000, -0.014966198, 0.016187929, 0.010995574
13332497552000, -0.023823744, 0.0033597588, 0.0027488936
13332502515000, -0.020463986, 0.0027488936, 0.004581489
13332507604000, -0.013439035, -0.0027488936, 0.0061086523
13332512514000, -0.028405234, -0.0067195175, 0.004581489
13332517526000, -0.028710667, -0.003970624, 0.0027488936
13332522598000, -0.025350908, 0.0027488936, 0.0018325958
13332527539000, -0.039095376, -9.162979E-4, 0.0018325958
13332532529000, -0.025961773, -6.1086525E-4, -0.0030543262
13332537514000, -0.042760566, 0.005192355, 0.003970624
13332542575000, -0.039095376, 0.008246681, 0.0070249503
13332547567000, -0.035430185, 0.01160644, 0.008246681
13332552565000, -0.039095376, 0.01863139, 0.0125227375
13332557601000, -0.03848451, 0.023518313, 0.015271631
13332562557000, -0.04184427, 0.029321533, 0.021380283
13332567562000, -0.040927973, 0.023823744, 0.024129177
13332572613000, -0.036651913, 0.042760566, 0.026267206
13332577553000, -0.03176499, 0.03481932, 0.023823744
13332582567000, -0.03756821, 0.03176499, 0.027183503
13332587567000, -0.032070424, 0.03390302, 0.03176499
13332592574000, -0.014049901, 0.032986723, 0.037873644
13332597565000, -0.015882496, 0.032375857, 0.040011674
13332602571000, -0.013439035, 0.0290161, 0.040011674
13332607588000, -0.0143553335, 0.021380283, 0.04886922
13332612561000, -0.01038471, 0.022296581, 0.042760566
13332617529000, -0.0027488936, 0.027488936, 0.042455133
13332622640000, -0.010079277, 0.01863139, 0.048563786
13332627570000, -0.0018325958, 0.0125227375, 0.0421497
13332632575000, -0.007330383, 0.013133603, 0.043676864
13332637510000, -0.0027488936, 0.019547688, 0.043066
13332642543000, -0.004581489, 0.016493361, 0.045814894
13332647533000, -0.005192355, 0.008857546, 0.054367006
13332652539000, -0.004276057, -0.005497787, 0.040927973
13332657515000, -0.0033597588, -0.0021380284, 0.043066
13332662535000, 0.004581489, -0.0067195175, 0.0421497
13332667495000, 0.010995574, -0.016493361, 0.05222898
13332672569000, 0.015577064, -0.010995574, 0.04153884
13332677494000, 0.010079277, -0.015882496, 0.04550946
13332682532000, 0.011301007, -0.022296581, 0.049480084
13332687510000, 0.014049901, -0.023518313, 0.058643065
13332692546000, 0.011911872, -0.022602014, 0.053145275
13332697468000, 0.011301007, -0.025961773, 0.062002823
13332702524000, 0.017715093, -0.03176499, 0.05100725
13332707533000, 0.02321288, -0.03268129, 0.054061573
13332712534000, 0.021685716, -0.042760566, 0.06261369
13332717462000, 0.015271631, -0.043066, 0.064446285
13332722555000, 0.023518313, -0.046120327, 0.07513642
13332727537000, 0.01863139, -0.04520403, 0.073303826
13332732533000, 0.021380283, -0.042455133, 0.07238753
13332737522000, 0.014049901, -0.047647487, 0.07788532
13332742541000, 0.013439035, -0.040011674, 0.086132
13332747533000, 0.024129177, -0.03848451, 0.08674286
13332752542000, 0.03023783, -0.035124753, 0.080634214
13332757566000, 0.028099801, -0.04062254, 0.08827003
13332762533000, 0.027488936, -0.04184427, 0.09315695
13332767528000, 0.032986723, -0.04550946, 0.096516706
13332772528000, 0.035124753, -0.031154128, 0.099571034
13332777569000, 0.03176499, -0.037873644, 0.098043874
13332782564000, 0.035124753, -0.035430185, 0.10262536
13332787521000, 0.04153884, -0.05009095, 0.106595986
13332792544000, 0.038789943, -0.04428773, 0.109650314
13332797535000, 0.042455133, -0.040011674, 0.118202426
13332802552000, 0.048258353, -0.04642576, 0.11209377
13332807557000, 0.0421497, -0.043066, 0.12308934
13332812535000, 0.04184427, -0.041233405, 0.11636983
13332817529000, 0.051923547, -0.042455133, 0.108123146
13332822513000, 0.04337143, -0.03970624, 0.111177474
13332827536000, 0.029932396, -0.035430185, 0.1133155
13332832532000, 0.03940081, -0.024129177, 0.1142318
13332837519000, 0.030543262, -0.022907447, 0.10751228
13332842543000, 0.032986723, -0.02443461, 0.10293079
13332847532000, 0.029321533, -0.014660766, 0.09987647
13332852517000, 0.02687807, -0.010995574, 0.09987647
13332857548000, 0.02443461, -0.01282817, 0.087659165
13332862464000, 0.026572637, -0.0030543262, 0.089186326
13332867558000, 0.027794369, -0.004886922, 0.08399397
13332872502000, 0.019242255, 0.0030543262, 0.07971791
13332877575000, 0.016493361, 0.006414085, 0.076052725
13332882459000, 0.0106901415, -0.0021380284, 0.06841691
13332887554000, 0.014660766, 0.006414085, 0.064751714
13332892466000, 0.0076358155, 0.0015271631, 0.06536258
13332897567000, 0.010079277, -9.162979E-4, 0.055588737
13332902512000, 0.01985312, 0.0012217305, 0.05955936
13332907544000, 0.0015271631, 0.0015271631, 0.049480084
13332912482000, 0.01038471, 0.0033597588, 0.04184427
13332917532000, 0.0021380284, 0.0021380284, 0.045814894
13332922522000, 0.004276057, 0.009468411, 0.038789943
13332927543000, -0.0061086523, 0.007941248, 0.032070424
13332932546000, -0.0030543262, 0.028405234, 0.02565634
13332937520000, -0.01160644, 0.028405234, 0.024129177
13332942536000, -0.008552114, 0.023823744, 0.027488936
13332947528000, -0.01863139, 0.023518313, 0.02565634
13332953083000, -0.014966198, 0.022602014, 0.018020526
13332957546000, -0.01038471, 0.025045475, 0.022602014
13332962493000, -0.018325957, 0.03970624, 0.020158553
13332967526000, -0.015577064, 0.027183503, 0.02443461
13332972564000, -0.012217305, 0.023823744, 0.016187929
13332977536000, -0.010079277, 0.03268129, 0.025045475
13332982463000, -0.021380283, 0.031154128, 0.021685716
13332987519000, -0.019547688, 0.022602014, 0.01740966
13332992477000, -0.02107485, 0.030543262, 0.020463986
13332997531000, -0.028405234, 0.029932396, 0.027488936
13333002521000, -0.03023783, 0.029932396, 0.027794369
13333007553000, -0.02321288, 0.019547688, 0.024740042
13333012494000, -0.018936822, 0.023518313, 0.027183503
13333017529000, -0.032986723, 0.021685716, 0.029626964
13333022564000, -0.034513887, 0.020463986, 0.02321288
13333027537000, -0.025961773, 0.018936822, 0.02443461
13333032529000, -0.027794369, 0.02687807, 0.024740042
13333037517000, -0.028099801, 0.021991149, 0.023823744
13333042544000, -0.028710667, 0.016798794, 0.022907447
13333047529000, -0.024740042, 0.02076942, 0.023518313
13333052524000, -0.02107485, 0.016798794, 0.026572637
13333057541000, -0.025045475, 0.010995574, 0.01985312
13333062560000, -0.021991149, 0.01160644, 0.018325957
13333067529000, -0.018936822, 0.011911872, 0.022602014
13333072541000, -0.016493361, 0.003970624, 0.01863139
13333077540000, -0.008857546, 0.007941248, 0.027183503
13333082608000, -0.02107485, 6.1086525E-4, 0.01985312
13333087522000, -0.023518313, 0.0021380284, 0.01985312
13333092543000, -0.022296581, 0.00580322, 0.018020526
13333097530000, -0.01863139, -0.004886922, 0.01985312
13333102523000, -0.018325957, 0.0021380284, 0.015882496
13333107639000, -0.02321288, -0.0067195175, 0.020158553
13333112568000, -0.017104227, 6.1086525E-4, 0.020463986
13333117533000, -0.021380283, -0.007330383, 0.008246681
13333122547000, -0.019547688, -0.007941248, 0.013439035
13333127537000, -0.027488936, -0.0061086523, 0.012217305
13333132538000, -0.023823744, -0.010995574, 0.009162978
13333137514000, -0.021685716, 6.1086525E-4, 0.018020526
13333142544000, -0.01740966, 6.1086525E-4, 0.01038471
13333147529000, -0.019547688, -0.009162978, 0.008552114
13333152529000, -0.027794369, -0.009468411, 0.010995574
13333157536000, -0.02321288, -0.0076358155, 0.0106901415
13333162537000, -0.021991149, -0.007941248, 0.0076358155
13333167460000, -0.019547688, -0.008857546, 0.0027488936
13333172552000, -0.02687807, -0.013439035, 0.01038471
