#Rate of rotation around the x y z axes (Angular velocity).
#timestamp(ns),x,y,z(rad/s)
#Datetime: 02/04/2015 17:37:35
##########################################
#Activity: 8 - CSI - Car-Step in - 6s
#Subject ID: 42
#First Name: sub42
#Last Name: sub42
#Age: 22
#Height(cm): 173
#Weight(kg): 73
#Gender: Male
##########################################

@DATA
1223935924000, -0.034208454, 0.028405234, -0.006414085
1223940920000, -0.01740966, 0.0421497, -9.162979E-4
1223945931000, -0.024129177, 0.040317107, -9.162979E-4
1223950925000, -0.028099801, 0.027183503, -0.008857546
1223955902000, -0.022602014, 0.02076942, 0.0033597588
1223960984000, -0.018020526, 0.029626964, 0.009773844
1223965929000, -0.03268129, 0.025045475, 0.008246681
1223970909000, -0.03390302, 0.02321288, 0.01038471
1223975867000, -0.038179077, 0.01160644, 0.009773844
1223980927000, -0.04062254, 0.013439035, 0.014049901
1223985920000, -0.039095376, 0.0076358155, 0.013439035
1223990913000, -0.036651913, -0.0015271631, 0.018936822
1223995931000, -0.040927973, -0.0012217305, 0.01740966
1224000926000, -0.036957346, 3.0543262E-4, 0.016798794
1224005907000, -0.029321533, -0.0033597588, 0.016493361
1224010981000, -0.018936822, 3.0543262E-4, 0.013439035
1224015917000, -0.03604105, -0.010995574, 0.0076358155
1224020916000, -0.0290161, -0.011301007, 0.007941248
1224025952000, -0.029932396, -0.0070249503, 0.0027488936
1224030934000, -0.023823744, -0.0030543262, 0.00580322
1224035926000, -0.01985312, -3.0543262E-4, 0.005192355
1224040913000, -0.03481932, -3.0543262E-4, 0.007330383
1224045927000, -0.03359759, -0.0018325958, 0.008552114
1224050925000, -0.030848695, 0.0027488936, 0.010079277
1224055906000, -0.027488936, -0.004581489, 0.0143553335
1224060945000, -0.026572637, -0.004276057, 0.0125227375
1224065924000, -0.026572637, -0.008552114, 0.008246681
1224070929000, -0.035124753, -0.022907447, 0.015271631
1224076645000, -0.034208454, -0.02321288, 0.021380283
1224080929000, -0.036651913, -0.022296581, 0.023518313
1224085928000, -0.04550946, -0.03268129, 0.016798794
1224090863000, -0.033292156, -0.029932396, 0.020158553
1224095895000, -0.038179077, -0.010995574, 0.021991149
1224100868000, -0.045814894, -0.017104227, 0.02443461
1224105891000, -0.045814894, -0.020158553, 0.01985312
1224110897000, -0.049785517, -0.021991149, 0.02076942
1224115892000, -0.044593163, -0.022296581, 0.021685716
1224120913000, -0.038789943, -0.012217305, 0.021380283
1224125914000, -0.045814894, -0.009773844, 0.01863139
1224130896000, -0.03604105, -9.162979E-4, 0.016798794
1224135890000, -0.035124753, 0.004276057, 0.018936822
1224140859000, -0.036651913, -0.0015271631, 0.016493361
1224146359000, -0.032986723, 0.005497787, 0.010995574
1224150894000, -0.035430185, -0.0027488936, 0.015271631
1224155869000, -0.028099801, -0.002443461, 0.019242255
1224160889000, -0.024740042, -0.015882496, 0.01740966
1224165889000, -0.022296581, -0.028710667, 0.019242255
1224170921000, -0.016187929, -0.036957346, 0.022296581
1224175873000, -0.028099801, -0.04734206, 0.01985312
1224180893000, -0.021685716, -0.058643065, 0.017104227
1224185862000, -0.027183503, -0.046731193, 0.016798794
1224190861000, -0.036651913, -0.038789943, 0.013744468
1224195899000, -0.042455133, -0.038179077, 0.007941248
1224200888000, -0.04337143, -0.032375857, 0.0061086523
1224205871000, -0.042455133, -0.028405234, 0.007330383
1224210907000, -0.03268129, -0.025045475, 0.004276057
1224216001000, -0.02565634, -0.027488936, -0.0021380284
1224220908000, -0.015271631, -0.0125227375, 0.0015271631
1224225913000, -0.0061086523, -0.009162978, -0.0021380284
1224230890000, -0.0021380284, 0.005497787, -0.004581489
1224235890000, -0.0067195175, 0.019547688, -0.007941248
1224240859000, -0.014660766, 0.027488936, -0.015577064
1224245898000, -0.0033597588, 0.028099801, -0.023518313
1224250888000, -0.01038471, 0.034208454, -0.012217305
1224255874000, -0.008552114, 0.042760566, -0.018020526
1224260913000, -0.006414085, 0.051618114, -0.011911872
1224265896000, 0.002443461, 0.04734206, -0.004886922
1224270916000, 0.0070249503, 0.052839845, 6.1086525E-4
1224275900000, 0.008246681, 0.05375614, 0.006414085
1224280892000, 0.032070424, 0.053145275, 0.010995574
1224285936000, 0.02443461, 0.04428773, 0.010079277
1224290858000, 0.014049901, 0.03145956, 0.008857546
1224295897000, 0.0067195175, 0.023823744, 0.007330383
1224300888000, -0.012217305, 0.028099801, 0.002443461
1224305872000, -0.01038471, 0.036651913, -0.0015271631
1224310905000, -0.014049901, 0.0580322, -0.008246681
1224315893000, -0.005192355, 0.06414085, -0.010079277
1224320910000, -3.0543262E-4, 0.093767814, 0.002443461
1224325896000, 0.014660766, 0.12186762, -0.006414085
1224330923000, 0.02443461, 0.12217305, -0.011301007
1224335932000, 0.031154128, 0.11484267, -0.013133603
1224340921000, 0.029932396, 0.11881329, -0.018020526
1224345932000, 0.03726278, 0.11759156, -0.014049901
1224350921000, 0.05467244, 0.1337795, -0.008552114
1224355926000, 0.061086524, 0.13347405, -0.0061086523
1224360978000, 0.08246681, 0.1432479, 9.162979E-4
1224365926000, 0.093767814, 0.14844026, 0.007330383
1224370926000, 0.1001819, 0.14538592, -0.003970624
1224375864000, 0.09254608, 0.13988814, -0.009162978
1224380936000, 0.09162979, 0.1328632, -0.0143553335
1224385928000, 0.077579886, 0.1337795, -0.013744468
1224390921000, 0.0711658, 0.1160644, -0.013133603
1224395929000, 0.065973446, 0.10995574, -0.01282817
1224401554000, 0.049785517, 0.103847094, -0.020158553
1224405917000, 0.03970624, 0.1001819, -0.02107485
1224411000000, 0.02076942, 0.101098195, -0.025350908
1224415915000, 0.014966198, 0.10903945, -0.029932396
1224420930000, 0.008552114, 0.113926366, -0.049785517
1224425917000, -9.162979E-4, 0.116980694, -0.052839845
1224430898000, -0.005497787, 0.1301143, -0.06078109
1224435885000, -0.008552114, 0.13805555, -0.07544186
1224440866000, -0.004276057, 0.15607607, -0.08093964
1224445894000, -0.01282817, 0.17745635, -0.09254608
1224450891000, -0.014966198, 0.20250183, -0.09315695
1224455868000, -0.028405234, 0.22052236, -0.094989546
1224460898000, -0.048258353, 0.2415972, -0.089186326
1224465887000, -0.050701816, 0.27000242, -0.08032878
1224471729000, -0.060170226, 0.29626966, -0.07941248
1224475886000, -0.06261369, 0.3222314, -0.0693332
1224480894000, -0.07696902, 0.35827246, -0.0729984
1224485885000, -0.09193522, 0.3820962, -0.07574729
1224490866000, -0.09315695, 0.410196, -0.076358154
1224495899000, -0.11575896, 0.42455134, -0.07727446
1224500886000, -0.13439035, 0.45020768, -0.07513642
1224505862000, -0.15577064, 0.45570546, -0.071776666
1224510900000, -0.1704314, 0.47403142, -0.058948494
1224515886000, -0.19150625, 0.50335294, -0.052534413
1224520929000, -0.21074851, 0.50946164, -0.041233405
1224525898000, -0.22021692, 0.5323691, -0.024129177
1224530896000, -0.21960606, 0.52687126, -0.013744468
1224535885000, -0.24281894, 0.50976706, 0.008246681
1224541162000, -0.26053402, 0.4999932, 0.017715093
1224545895000, -0.26175576, 0.4746423, 0.039095376
1224550888000, -0.28160888, 0.44440445, 0.05681047
1224555868000, -0.30665436, 0.4184427, 0.071776666
1224560907000, -0.32620203, 0.38973203, 0.098043874
1224565891000, -0.3659083, 0.36377025, 0.118202426
1224570909000, -0.41172317, 0.33536503, 0.13561209
1224575879000, -0.4654793, 0.29993483, 0.1563815
1224580894000, -0.5177083, 0.28069258, 0.17562376
1224585882000, -0.59773165, 0.26847526, 0.1863139
1224590874000, -0.63713247, 0.22602014, 0.20708331
1224595894000, -0.6960809, 0.19333886, 0.23304509
1224600887000, -0.7654142, 0.15241088, 0.26542094
1224605863000, -0.8414669, 0.11178834, 0.28893927
1224611109000, -0.9221011, 0.07574729, 0.32925636
1224615889000, -1.0076222, 0.041233405, 0.3662137
1224620916000, -1.0793989, 0.020158553, 0.4111123
1224625901000, -1.1383474, 0.014660766, 0.45570546
1224630894000, -1.1917981, 0.029321533, 0.5027421
1224635889000, -1.2281445, 0.052839845, 0.5681047
1224640873000, -1.2366967, 0.10048734, 0.63438356
1224645895000, -1.244638, 0.13744467, 0.7086037
1224650889000, -1.2550226, 0.16707164, 0.77763146
1224655858000, -1.2718215, 0.18661933, 0.84604836
1224660905000, -1.3048081, 0.172264, 0.9025534
1224665879000, -1.3368785, 0.18448131, 0.95203346
1224670915000, -1.3875804, 0.172264, 0.97433007
1224675896000, -1.4343116, 0.16065755, 0.977079
1224680911000, -1.5210545, 0.15699236, 0.96669424
1224685889000, -1.602605, 0.15271631, 0.956615
1224690874000, -1.6417004, 0.14080444, 0.93187493
1224695855000, -1.7363845, 0.1591304, 0.9095783
1224700848000, -1.81091, 0.18784106, 0.87781334
1224705857000, -1.8536706, 0.23487769, 0.84116143
1224710868000, -1.8774943, 0.2770274, 0.7993172
1224715847000, -1.8668042, 0.32162055, 0.7846564
1224720856000, -1.8457294, 0.35002577, 0.7816021
1224726609000, -1.8112154, 0.39492437, 0.77182823
1224730864000, -1.7443258, 0.48716503, 0.7678576
1224735863000, -1.6627752, 0.6450737, 0.7623598
1224740886000, -1.5671748, 0.84238315, 0.7635816
1224745865000, -1.4630222, 1.0509937, 0.75686204
1224750868000, -1.3228287, 1.2357804, 0.7535023
1224755861000, -1.1655309, 1.353372, 0.74128497
1224760942000, -0.98807454, 1.4135422, 0.72204274
1224765895000, -0.8341365, 1.4245378, 0.7107417
1224770965000, -0.70341134, 1.4049901, 0.6948592
1224775923000, -0.6017023, 1.3478742, 0.679893
1224780897000, -0.5183192, 1.3228287, 0.66675943
1224785901000, -0.4718934, 1.2779301, 0.655153
1224790871000, -0.40469822, 1.2388347, 0.6462954
1224796586000, -0.35277468, 1.174083, 0.6377433
1224800891000, -0.30268374, 1.1615603, 0.63194007
1224805871000, -0.28893927, 1.1221595, 0.61361414
1224810913000, -0.2761111, 1.0818423, 0.5858198
1224815824000, -0.24953845, 1.0268645, 0.5519168
1224820979000, -0.22815818, 0.9807441, 0.5177083
1224825890000, -0.20586158, 0.9334021, 0.47952923
1224830890000, -0.17348573, 0.88300574, 0.44135013
1224835889000, -0.1328632, 0.8222246, 0.4098906
1224840858000, -0.08979719, 0.77366084, 0.3839288
1224845894000, -0.034208454, 0.7296785, 0.3576616
1224850868000, 0.014966198, 0.6960809, 0.3222314
1224855864000, 0.08827003, 0.66767573, 0.29718593
1224860941000, 0.14813483, 0.643852, 0.27977628
1224866431000, 0.20830505, 0.61269784, 0.24281894
1224870829000, 0.28008172, 0.59437186, 0.20922135
1224875915000, 0.33933565, 0.5723807, 0.17256944
1224880820000, 0.40286562, 0.5534439, 0.16310102
1224885886000, 0.4260785, 0.528093, 0.1441642
1224890883000, 0.4746423, 0.50335294, 0.121256754
1224895899000, 0.5320636, 0.47342056, 0.10629055
1224900883000, 0.5766568, 0.44990227, 0.07544186
1224905866000, 0.61361414, 0.41599923, 0.04550946
1224910910000, 0.643852, 0.39553526, 0.014966198
1224915892000, 0.6753115, 0.38148534, -0.009773844
1224920974000, 0.6939429, 0.40408736, -0.039095376
1224925893000, 0.72021013, 0.43096542, -0.071776666
1224930910000, 0.7360926, 0.48747048, -0.108123146
1224935843000, 0.7703011, 0.5522222, -0.13591751
1224941056000, 0.81183994, 0.625526, -0.1704314
1224945897000, 0.84574294, 0.6762278, -0.21563543
1224951215000, 0.893085, 0.7141015, -0.26511553
1224955868000, 0.96577793, 0.74036866, -0.30726522
1224960859000, 1.0421361, 0.7351763, -0.344528
1224965895000, 1.1133019, 0.71959925, -0.38728857
1224970859000, 1.1780536, 0.675617, -0.4098906
1224975879000, 1.2541064, 0.65301496, -0.4251622
1224980823000, 1.2980887, 0.6169739, -0.42730024
1224985937000, 1.3096951, 0.5879578, -0.43279803
1224990841000, 1.3213016, 0.56688297, -0.42913285
1224995917000, 1.3151928, 0.5626069, -0.40439278
1225000820000, 1.2809844, 0.5757405, -0.38912117
1225005973000, 1.244638, 0.60139686, -0.3811799
1225010870000, 1.1542299, 0.63041294, -0.35246924
1225015912000, 1.0280862, 0.6597345, -0.31856623
1225020829000, 0.84971356, 0.72051555, -0.26236662
1225025937000, 0.64873886, 0.77732605, -0.1881465
1225030877000, 0.44348818, 0.79809546, -0.093462385
1225035921000, 0.27977628, 0.73914695, -0.0036651916
1225040892000, 0.16676621, 0.5543602, 0.08368854
1225045925000, 0.087964594, 0.22693644, 0.13836098
1225051449000, 0.065973446, -0.21502456, 0.17470746
1225055923000, 0.10048734, -0.7113526, 0.17501289
1225061064000, 0.19120082, -1.1722504, 0.16554448
1225065923000, 0.32070425, -1.5512923, 0.15668693
1225070938000, 0.48655418, -1.8472565, 0.11789699
1225075893000, 0.6988298, -1.9578232, 0.04184427
1225080924000, 0.7968737, -2.1084013, -0.011911872
1225085921000, 0.98624194, -2.112372, -0.12980886
1225090918000, 1.1472049, -2.0005836, -0.24098633
1225095928000, 1.2635747, -1.81091, -0.3491095
1225100924000, 1.3500122, -1.5583172, -0.43249258
1225105911000, 1.4251486, -1.2409728, -0.47952923
1225111009000, 1.4465289, -0.86651236, -0.48441613
1225115924000, 1.3811663, -0.46792278, -0.46517387
1225121587000, 1.2095132, -0.055283304, -0.43890667
1225125945000, 0.95539325, 0.31612277, -0.37598756
1225130936000, 0.6713409, 0.5946773, -0.32528573
1225135917000, 0.47800204, 0.77946407, -0.29046643
1225140910000, 0.39278635, 0.8906415, -0.26908615
1225145937000, 0.39095375, 0.97035944, -0.27030787
1225150925000, 0.4202753, 1.0118983, -0.2669481
1225155896000, 0.47800204, 1.0409144, -0.2406809
1225160989000, 0.50671273, 1.0170907, -0.20311269
1225165840000, 0.49449542, 0.90194255, -0.15790866
1225170957000, 0.44073927, 0.7147123, -0.13744467
1225175852000, 0.35827246, 0.59498274, -0.13347405
1225180926000, 0.30757064, 0.39522982, -0.13652839
1225185819000, 0.22235495, 0.23945917, -0.15974127
1225191193000, 0.1685988, 0.15332718, -0.17440203
1225195835000, 0.124311075, 0.09590584, -0.18600847
1225200926000, 0.062002823, 0.04520403, -0.21380283
1225205864000, 0.0067195175, 0.03604105, -0.23457226
1225210964000, -0.036651913, 0.057421334, -0.25289822
1225216047000, -0.046120327, 0.112399206, -0.27030787
1225220956000, -0.032986723, 0.20708331, -0.2919936
1225225966000, -0.012217305, 0.22785273, -0.30573806
1225230926000, 0.013133603, 0.26206118, -0.32467487
1225235927000, 0.022296581, 0.25503623, -0.32834008
1225240910000, 6.1086525E-4, 0.19883664, -0.31337386
1225245922000, -0.0036651916, 0.11759156, -0.27000242
1225250920000, 0.026267206, 0.025045475, -0.20219639
1225255917000, 0.1142318, -0.045814894, -0.109650314
1225261170000, 0.20250183, -0.09590584, 0.007941248
1225265999000, 0.2929099, -0.14202617, 0.14263703
1225270916000, 0.38545597, -0.16707164, 0.27458394
1225275907000, 0.4447099, -0.19883664, 0.3472769
1225280929000, 0.46303585, -0.24037547, 0.49205196
1225285928000, 0.47311515, -0.3191771, 0.62888575
1225290885000, 0.47861293, -0.41355577, 0.74006325
1225295930000, 0.4465425, -0.47708577, 0.8035932
1225300878000, 0.37934732, -0.514654, 0.8402451
1225305911000, 0.30268374, -0.5354234, 0.8524625
1225310866000, 0.2180789, -0.5271767, 0.8546005
1225315928000, 0.16249016, -0.4709771, 0.8313876
1225320814000, 0.12217305, -0.3594942, 0.7846564
1225325962000, 0.07819075, -0.22937989, 0.73914695
1225330868000, 0.017104227, -0.12522738, 0.68966687
1225335891000, -0.04886922, -0.07452556, 0.6627888
1225340870000, -0.12614368, -0.09773844, 0.6392705
1225345881000, -0.15424347, -0.16615535, 0.643852
1225350902000, -0.15241088, -0.23426682, 0.66798115
1225355915000, -0.1255328, -0.25503623, 0.70554936
1225360942000, -0.07269296, -0.24648413, 0.7305948
1225365920000, -0.01740966, -0.2947425, 0.7302894
1225370935000, 0.06627888, -0.34055737, 0.7122689
1225375877000, 0.14844026, -0.44257188, 0.70952
1225380969000, 0.18295415, -0.51007247, 0.68691796
1225385923000, 0.22693644, -0.55863625, 0.66981375
1225390877000, 0.24831672, -0.62888575, 0.6627888
1225395940000, 0.28313604, -0.70738196, 0.6600399
1225400958000, 0.321926, -0.7318166, 0.6603453
1225405879000, 0.34513888, -0.691194, 0.68752885
1225410960000, 0.35338554, -0.634689, 0.70952
1225415943000, 0.3555236, -0.5516113, 0.7318166
1225420881000, 0.31520647, -0.4718934, 0.7504479
1225425894000, 0.26450464, -0.419359, 0.7663304
1225430887000, 0.20616703, -0.39553526, 0.75869465
1225435888000, 0.12950343, -0.41813725, 0.75869465
1225440868000, 0.042455133, -0.43799037, 0.7504479
1225446514000, -0.05681047, -0.47128254, 0.72265357
1225450888000, -0.13469578, -0.54702985, 0.68966687
1225455869000, -0.19639318, -0.5983425, 0.64812803
1225460937000, -0.23609942, -0.61300325, 0.58368176
1225465895000, -0.2733622, -0.6392705, 0.52656585
1225470929000, -0.30176744, -0.6588182, 0.4615087
1225475897000, -0.31245756, -0.66523224, 0.4370741
1225480880000, -0.3032946, -0.6221663, 0.39095375
1225485927000, -0.28863382, -0.54428095, 0.35705075
1225490858000, -0.24617869, -0.46273044, 0.32162055
1225495946000, -0.23335053, -0.3924809, 0.2883284
1225500820000, -0.22296582, -0.3295618, 0.25595254
1225505924000, -0.23365596, -0.24923302, 0.22449298
1225510910000, -0.24831672, -0.19517145, 0.20433442
1225516123000, -0.27305678, -0.16340645, 0.18570304
1225520819000, -0.2919936, -0.12644911, 0.17379116
1225525884000, -0.3268129, -0.11636983, 0.16737708
1225530825000, -0.3173445, -0.10781772, 0.15943582
1225535881000, -0.28955013, -0.093462385, 0.14477506
1225540853000, -0.27122417, -0.09132435, 0.118507855
1225545897000, -0.2593123, -0.07513642, 0.09193522
1225550855000, -0.2593123, -0.06719518, 0.06872234
1225555868000, -0.2507602, -0.076052725, 0.03848451
1225560928000, -0.21868975, -0.082161374, 0.03756821
1225565893000, -0.18203785, -0.08399397, 0.024740042
1225570893000, -0.1423316, -0.094989546, 0.016187929
1225575889000, -0.11942416, -0.13133603, -0.0033597588
1225581160000, -0.060170226, -0.19639318, -0.022907447
1225586327000, -0.002443461, -0.22937989, -0.0852157
1225590876000, 0.030848695, -0.26389378, -0.102319926
1225595897000, 0.058948494, -0.29138273, -0.13561209
1225600883000, 0.059253927, -0.312763, -0.1695151
1225605869000, 0.043982297, -0.32803464, -0.20189096
1225611142000, 0.03359759, -0.34697145, -0.22357668
1225615892000, 0.004581489, -0.36987892, -0.2452624
1225620868000, -0.03573562, -0.40011674, -0.26358834
1225625920000, -0.07360926, -0.43157628, -0.2779437
1225631062000, -0.12003502, -0.46609017, -0.27885997
1225635926000, -0.1740966, -0.49968776, -0.27550024
1225640846000, -0.23884831, -0.54000485, -0.26847526
1225645916000, -0.30482176, -0.5748242, -0.23304509
1225650820000, -0.38759398, -0.6105598, -0.19975294
1225656054000, -0.45570546, -0.6554584, -0.16798794
1225660891000, -0.5186246, -0.6960809, -0.12614368
1225665922000, -0.57910025, -0.71868294, -0.08735373
1225670818000, -0.63224554, -0.7861836, -0.0729984
1225675900000, -0.6575964, -0.9059132, -0.06536258
1225680831000, -0.6704246, -1.0329732, -0.06719518
1225685923000, -0.6600399, -1.1252137, -0.0693332
1225690864000, -0.6462954, -1.1398746, -0.08307768
1225695861000, -0.6215554, -1.0870347, -0.10140363
1225700847000, -0.6059783, -0.99082345, -0.1255328
1225705869000, -0.59742624, -0.88178396, -0.14508049
1225710900000, -0.58093286, -0.7415904, -0.16371189
1225715895000, -0.559858, -0.64996064, -0.1881465
1225720917000, -0.552833, -0.5910121, -0.20616703
1225725866000, -0.56107974, -0.5503896, -0.23273966
1225730911000, -0.5833763, -0.5338962, -0.24556783
1225735921000, -0.6084218, -0.5109888, -0.26145032
1225741001000, -0.65148777, -0.5002986, -0.26206118
1225745930000, -0.7098254, -0.5027421, -0.2657264
1225750964000, -0.77213365, -0.5152648, -0.2556471
1225755994000, -0.8240572, -0.5537493, -0.23976462
1225760838000, -0.82711154, -0.6236934, -0.2302962
1225765805000, -0.84207773, -0.6750061, -0.23182335
1225770813000, -0.84849185, -0.7461719, -0.2452624
1225775822000, -0.8533788, -0.79320854, -0.2507602
1225780810000, -0.8594874, -0.7874053, -0.26908615
1225785806000, -0.88086766, -0.73975784, -0.28680122
1225790835000, -0.9254609, -0.68661255, -0.30848694
1225795830000, -0.96791595, -0.61666846, -0.32742378
1225800937000, -1.0051788, -0.5491679, -0.3494149
1225806605000, -1.0235047, -0.49663344, -0.35369098
1225810910000, -1.0210613, -0.44318274, -0.34116822
1225815861000, -1.0134255, -0.40011674, -0.34147367
1225820891000, -1.0390818, -0.32834008, -0.3390302
1225825885000, -1.07665, -0.22143865, -0.31612277
1225830898000, -1.1365148, -0.09590584, -0.2950479
1225835820000, -1.1991285, -0.011911872, -0.26389378
1225840939000, -1.2220359, 0.04520403, -0.23884831
1225845821000, -1.2131784, 0.05009095, -0.23426682
1225850891000, -1.1707232, 0.057421334, -0.21930063
1225855839000, -1.1270463, 0.03726278, -0.21960606
1225860930000, -1.0616838, -0.0061086523, -0.22937989
1225865937000, -0.99082345, -0.031154128, -0.23945917
1225870878000, -0.9425651, -0.10140363, -0.25809056
1225875972000, -0.8414669, -0.16920967, -0.2932153
1225880933000, -0.7538077, -0.22785273, -0.3200934
1225885918000, -0.68111473, -0.24862215, -0.35155296
1225890936000, -0.634689, -0.2489276, -0.37018433
1225895876000, -0.5882632, -0.19822577, -0.3830125
1225900916000, -0.55955255, -0.122478485, -0.3915646
1225906198000, -0.5015204, -0.015882496, -0.38820487
1225911022000, -0.46670106, 0.099265605, -0.38240165
1225915968000, -0.4700608, 0.21044308, -0.38056904
1225920918000, -0.50518554, 0.30604348, -0.37507126
1225925858000, -0.58001655, 0.3830125, -0.35979962
1225930935000, -0.64476824, 0.39920044, -0.32436943
1225935867000, -0.7076874, 0.3662137, -0.25870144
1225940906000, -0.7715228, 0.28221974, -0.19394971
1225946212000, -0.82802784, 0.16126843, -0.10629055
1225950922000, -0.870483, -9.162979E-4, -0.016187929
1225955903000, -0.9211848, -0.16523905, 0.062002823
1225960900000, -0.97433007, -0.24740042, 0.13439035
1225965907000, -1.065349, -0.3659083, 0.1731803
1225970879000, -1.1261301, -0.42210788, 0.2565634
1225975878000, -1.2296717, -0.4297437, 0.32498032
1225980891000, -1.3475688, -0.39767328, 0.38698313
1225985886000, -1.4624114, -0.36377025, 0.44257188
1225990864000, -1.5485435, -0.33658674, 0.48991394
1225995894000, -1.5738943, -0.31306845, 0.5510005
1226000886000, -1.5460999, -0.29657507, 0.5983425
1226005899000, -1.4712689, -0.28252518, 0.6215554
1226010885000, -1.3863586, -0.23060162, 0.6123924
1226015921000, -1.348485, -0.18325958, 0.57451874
1226020886000, -1.3402383, -0.15332718, 0.5177083
1226025889000, -1.3457361, -0.12370021, 0.44318274
1226030891000, -1.3384057, -0.118507855, 0.37232238
1226035887000, -1.3121386, -0.15943582, 0.28313604
1226040875000, -1.2498302, -0.17562376, 0.21105394
1226045895000, -1.1728612, -0.16615535, 0.16432275
1226050864000, -1.1004738, -0.10903945, 0.116675265
1226055893000, -1.0238101, -0.0067195175, 0.07391469
1226060868000, -0.9779953, 0.06566802, 0.025045475
1226065895000, -0.9599747, 0.24037547, 0.0106901415
1226070825000, -0.93737274, 0.43554693, -0.01282817
1226075885000, -0.91996306, 0.61758476, -0.028405234
1226080837000, -0.89980453, 0.75747293, -0.015577064
1226085891000, -0.8735373, 0.82344633, -0.0021380284
1226090849000, -0.8512407, 0.81306165, 0.023823744
1226095955000, -0.8371908, 0.74006325, 0.056505036
1226100855000, -0.8371908, 0.6221663, 0.08827003
1226105888000, -0.86101454, 0.50640726, 0.12614368
1226110911000, -0.91507614, 0.42302418, 0.1337795
1226115879000, -0.96669424, 0.3915646, 0.12644911
1226120889000, -1.0164797, 0.38056904, 0.112704635
1226125931000, -1.0729848, 0.36713, 0.10048734
1226131538000, -1.1334605, 0.2932153, 0.06780604
1226135890000, -1.1976013, 0.17104226, 0.0067195175
1226141037000, -1.2577715, -0.0027488936, -0.06047566
1226145897000, -1.2974777, -0.19303341, -0.1160644
1226150818000, -1.3075571, -0.39920044, -0.17470746
1226155885000, -1.2742649, -0.50885075, -0.2180789
1226160870000, -1.2223413, -0.7076874, -0.23640485
1226165945000, -1.178359, -0.88514376, -0.2950479
1226170813000, -1.1166617, -0.9981538, -0.3643811
1226175892000, -1.0509937, -1.0250319, -0.4297437
1226180871000, -1.0030408, -0.94959, -0.49174652
1226185890000, -0.95722586, -0.79137594, -0.5479461
1226190846000, -0.9282097, -0.57635134, -0.5720753
1226195896000, -0.9251554, -0.3268129, -0.5925393
1226201493000, -0.93951076, -0.07238753, -0.5885687
1226205890000, -0.98624194, 0.14660765, -0.5723807
1226210874000, -1.0433578, 0.35521814, -0.5467244
1226215892000, -1.1395692, 0.48563787, -0.51007247
1226220846000, -1.2507466, 0.5503896, -0.4605924
1226225921000, -1.3497068, 0.50946164, -0.39614612
1226230850000, -1.4132367, 0.39858958, -0.33750305
1226235890000, -1.4321736, 0.22602014, -0.2883284
1226240885000, -1.3982705, 0.025045475, -0.27091873
1226245897000, -1.3603969, -0.15515977, -0.2782491
1226250914000, -1.3197744, -0.2929099, -0.3210097
1226255886000, -1.2800682, -0.34269542, -0.38148534
1226260930000, -1.2568552, -0.41691554, -0.40958515
1226265887000, -1.2431108, -0.47250426, -0.4569272
1226271058000, -1.205848, -0.53786683, -0.48624873
1226275882000, -1.1728612, -0.6188065, -0.49693888
1226280896000, -1.1420126, -0.6817256, -0.49663344
1226285888000, -1.1044444, -0.7302894, -0.47952923
1226290873000, -1.0659598, -0.7266242, -0.44898596
1226295899000, -1.0369438, -0.68325275, -0.41691554
1226300891000, -1.0476339, -0.59131753, -0.376293
1226305879000, -1.0360274, -0.47800204, -0.32284227
1226310905000, -1.0516045, -0.37201694, -0.269697
1226315854000, -1.0482447, -0.27763826, -0.22327125
1226320889000, -1.0360274, -0.16798794, -0.18142697
1226325869000, -1.0033462, -0.04337143, -0.14966199
1226330896000, -0.9804387, 0.0729984, -0.12858713
1226335819000, -0.9990701, 0.1695151, -0.124311075
1226340929000, -1.0387764, 0.20677789, -0.13041973
1226345825000, -1.0720685, 0.19486602, -0.12186762
1226350887000, -1.0803152, 0.15821409, -0.110872045
1226355855000, -1.0842859, 0.13072516, -0.089186326
1226360908000, -1.0891727, 0.1160644, -0.0870483
1226365876000, -1.1117748, 0.1423316, -0.08979719
1226370877000, -1.1545353, 0.1282817, -0.12858713
1226375892000, -1.176221, 0.14782938, -0.13988814
1226380931000, -1.2339478, 0.1853976, -0.15302174
1226385911000, -1.2696834, 0.19028452, -0.15821409
1226390930000, -1.3112222, 0.17195857, -0.16401732
1226396161000, -1.3368785, 0.14019357, -0.15577064
1226400926000, -1.3469579, 0.08857546, -0.14782938
1226405894000, -1.348485, 0.01038471, -0.13713925
1226410962000, -1.3515394, -0.073303826, -0.11453723
1226416003000, -1.3652838, -0.1685988, -0.08460484
1226421025000, -1.3747523, -0.2501493, -0.047036625
1226426047000, -1.393689, -0.3268129, 9.162979E-4
1226430915000, -1.4049901, -0.34330627, 0.056505036
1226435953000, -1.4086553, -0.35369098, 0.09560041
1226440921000, -1.4239268, -0.33322698, 0.12583824
1226445932000, -1.4117095, -0.3118467, 0.15241088
1226450924000, -1.3949108, -0.27000242, 0.16768251
1226456605000, -1.4086553, -0.26297748, 0.17012598
1226460938000, -1.4129313, -0.2687807, 0.1731803
1226465932000, -1.4388931, -0.29565877, 0.17867808
1226470917000, -1.4486669, -0.33353242, 0.18692477
1226475922000, -1.4523321, -0.3555236, 0.1994475
1226480881000, -1.4724907, -0.3744604, 0.20341812
1226485889000, -1.5042557, -0.36041048, 0.19822577
1226490978000, -1.559539, -0.31948254, 0.18875736
1226495892000, -1.629483, -0.2883284, 0.17898351
1226500912000, -1.700038, -0.30634892, 0.12797627
1226505925000, -1.7455474, -0.34147367, 0.10751228
1226510941000, -1.7852536, -0.39828414, 0.08674286
1226515930000, -1.8555032, -0.5155703, 0.054367006
1226520922000, -1.9391917, -0.67103547, 0.021380283
1226526644000, -2.003638, -0.8023715, -0.016187929
1226530931000, -2.038152, -0.8268061, -0.04642576
1226535929000, -2.08977, -0.7171558, -0.053145275
1226540908000, -2.1801782, -0.48502702, -0.08124508
1226545921000, -2.2751677, -0.204029, -0.118507855
1226550923000, -2.3942864, -0.07788532, -0.13836098
1226555933000, -2.4819455, 0.09560041, -0.1563815
1226560941000, -2.5250115, 0.14721853, -0.18173242
1226566015000, -2.5674667, 0.083383106, -0.18173242
1226570868000, -2.5546384, -0.03359759, -0.18020524
1226575896000, -2.576935, -0.15577064, -0.1826487
1226580834000, -2.593123, -0.23426682, -0.20372356
1226585893000, -2.6499333, -0.2687807, -0.20189096
1226590848000, -2.7232373, -0.28863382, -0.21746802
1226596354000, -2.79929, -0.28924468, -0.21960606
1226600816000, -2.8658743, -0.30085114, -0.23457226
1226605932000, -2.946203, -0.37293324, -0.27458394
1226610875000, -2.9981265, -0.4841107, -0.3036
1226615903000, -3.008206, -0.59650993, -0.30634892
1226620914000, -2.9535334, -0.6988298, -0.2919936
1226626024000, -2.8728993, -0.78954333, -0.30115658
1226631241000, -2.803566, -0.8576548, -0.31490102
1226635927000, -2.8017335, -0.8374963, -0.34483343
1226640860000, -2.817616, -0.71776664, -0.35796702
1226645931000, -2.8206704, -0.5870415, -0.35277468
1226650849000, -2.8008173, -0.5647449, -0.30268374
1226655921000, -2.763249, -0.56321776, -0.27977628
1226660918000, -2.7207937, -0.5684101, -0.23884831
1226666104000, -2.67223, -0.5412266, -0.19883664
1226670878000, -2.6371052, -0.4859433, -0.16890424
1226675915000, -2.6181684, -0.45265114, -0.15515977
1226680901000, -2.5558603, -0.41874814, -0.14721853
1226685912000, -2.4959953, -0.41050145, -0.13439035
1226690945000, -2.440712, -0.46028697, -0.13652839
1226695898000, -2.3915374, -0.56321776, -0.13622294
1226700917000, -2.330451, -0.6737844, -0.1282817
1226705924000, -2.2736404, -0.75900006, -0.1001819
1226710934000, -2.211332, -0.8151997, -0.07147124
1226715939000, -2.1212296, -0.86437434, -0.048563786
1226720920000, -2.006387, -0.8720101, -0.029932396
1226725906000, -1.921782, -0.8588765, -0.022296581
1226730913000, -1.8353447, -0.8304713, -0.014660766
1226735902000, -1.7577647, -0.8045095, -0.02076942
1226740926000, -1.6942347, -0.7812967, -0.026572637
1226745910000, -1.6206255, -0.79320854, -0.029932396
1226750931000, -1.5598444, -0.81183994, -0.015577064
1226755908000, -1.5155567, -0.8741482, 6.1086525E-4
1226761077000, -1.4526376, -0.9251554, 0.04428773
1226765971000, -1.4077389, -0.95722586, 0.07819075
1226770926000, -1.3787229, -0.9969321, 0.11301007
1226775943000, -1.3561208, -1.0567969, 0.14538592
1226781583000, -1.3277156, -1.0986412, 0.17073683
1226785922000, -1.3112222, -1.0503827, 0.18784106
1226790905000, -1.310306, -1.0155635, 0.21533
1226795934000, -1.3142766, -1.0946705, 0.24831672
1226800916000, -1.2544118, -1.1997393, 0.2556471
1226805863000, -1.2012665, -1.2174544, 0.24587326
1226810945000, -1.1777482, -1.1459832, 0.26328292
1226815857000, -1.1527027, -1.069625, 0.31490102
1226820932000, -1.1407908, -1.0231993, 0.38606682
1226825963000, -1.1328496, -0.9914343, 0.46822822
1226830897000, -1.128879, -0.956615, 0.5354234
1226835927000, -1.1325442, -0.9184359, 0.58001655
1226840876000, -1.1236867, -0.89675015, 0.6249151
1226845855000, -1.1133019, -0.8744536, 0.655153
1226850859000, -1.0861185, -0.84116143, 0.66523224
1226855877000, -1.0778717, -0.7812967, 0.6740898
1226861040000, -1.0650436, -0.70646566, 0.6966918
1226865869000, -1.0604621, -0.61758476, 0.7296785
1226870889000, -1.0525209, -0.51893, 0.7892379
1226876318000, -1.0784826, -0.44959682, 0.8735373
1226880896000, -1.0983357, -0.41447207, 0.97219205
1226885848000, -1.0943651, -0.3903429, 1.0839803
1226890863000, -1.087951, -0.3857614, 1.1997393
1226895828000, -1.024421, -0.36132678, 1.3069462
1226900889000, -0.99082345, -0.33964106, 1.3976597
1226905849000, -0.9370673, -0.31581733, 1.4883732
1226910973000, -0.86284715, -0.27488935, 1.5674802
1226915857000, -0.7809912, -0.25289822, 1.6383406
1226921386000, -0.6960809, -0.24617869, 1.681712
1226925951000, -0.6591236, -0.23915374, 1.7220291
1226930928000, -0.6096435, -0.23671028, 1.7693712
1226935892000, -0.5662721, -0.29352075, 1.8145752
1226940897000, -0.5338962, -0.37598756, 1.8570304
1226945942000, -0.5164866, -0.42149702, 1.8958203
1226950912000, -0.45631635, -0.47403142, 1.915368
1226955939000, -0.43310347, -0.49296826, 1.9871446
1226960983000, -0.40744713, -0.48838675, 2.0503693
1226965946000, -0.4083634, -0.4859433, 2.1135938
1226970920000, -0.4147775, -0.4709771, 2.1612413
1226975933000, -0.4025602, -0.46120325, 2.1792617
1226980891000, -0.36193767, -0.46303585, 2.1465805
1226985886000, -0.33322698, -0.40378192, 2.1252003
1226991085000, -0.35888332, -0.27916542, 2.1007655
1226995893000, -0.3894266, -0.19975294, 2.0922134
1227000886000, -0.39736784, -0.16768251, 2.0683897
1227005892000, -0.39706242, -0.13652839, 2.043955
1227010896000, -0.41874814, -0.16126843, 1.9947804
1227015895000, -0.45998153, -0.23243423, 1.9220876
1227020885000, -0.50732356, -0.22937989, 1.865277
1227025890000, -0.5928447, -0.20372356, 1.8194622
1227030892000, -0.68783426, -0.20708331, 1.7580702
1227035885000, -0.7510588, -0.24220806, 1.68385
1227040861000, -0.8005389, -0.23273966, 1.6169603
1227045893000, -0.8542951, -0.2415972, 1.5265522
1227050849000, -0.8689558, -0.2611449, 1.4892895
1227055873000, -0.8970556, -0.26816985, 1.4376713
1227060965000, -0.9098838, -0.27672195, 1.3912456
1227065900000, -0.9071349, -0.27763826, 1.3686435
1227070890000, -0.89369583, -0.28130344, 1.3494014
1227075879000, -0.88606006, -0.25686884, 1.3096951
1227080890000, -0.8885035, -0.22479841, 1.2825116
1227085888000, -0.89461213, -0.18967366, 1.2504412
1227090873000, -0.93615097, -0.17592919, 1.2290609
1227095896000, -0.98715824, -0.1591304, 1.20371
1227100895000, -1.0225884, -0.15974127, 1.1557571
1227105880000, -1.0595458, -0.15393804, 1.1432343
1227110960000, -1.0772609, -0.051923547, 1.2024882
1227115891000, -1.0842859, 0.06352998, 1.2534955
1227120909000, -1.0604621, 0.18387043, 1.3078625
1227125917000, -1.0204504, 0.28619036, 1.3408492
1227130940000, -0.95172805, 0.37293324, 1.3500122
1227135886000, -0.8854492, 0.44257188, 1.3402383
1227140962000, -0.8210029, 0.46975538, 1.3179418
1227145895000, -0.768163, 0.48899764, 1.2977833
1227150843000, -0.7535023, 0.4877759, 1.251052
1227155876000, -0.7180721, 0.44318274, 1.2034045
1227160902000, -0.6969972, 0.3839288, 1.1661417
1227165893000, -0.66706485, 0.31795537, 1.0815369
1227171214000, -0.64904433, 0.24862215, 0.98807454
1227176355000, -0.6001751, 0.18020524, 0.9098838
1227180825000, -0.55863625, 0.13591751, 0.82741696
1227185885000, -0.49480084, 0.07788532, 0.7492262
1227190848000, -0.41538838, 0.043982297, 0.6750061
1227195894000, -0.33841935, -0.011301007, 0.63499445
1227200823000, -0.2519819, -0.04795292, 0.59406644
1227205869000, -0.16126843, -0.04153884, 0.5314528
1227211039000, -0.069027774, -0.06169739, 0.51343226
1227215892000, 0.03756821, -0.08674286, 0.50762904
1227220821000, 0.14355333, -0.100792766, 0.5039638
1227225854000, 0.27672195, -0.12003502, 0.49754974
1227230895000, 0.4025602, -0.11911872, 0.4908302
1227235885000, 0.52534413, -0.11881329, 0.47861293
1227240868000, 0.6053675, -0.110872045, 0.44929138
1227246474000, 0.6423248, -0.087964594, 0.41874814
1227250889000, 0.6945538, -0.080634214, 0.4007276
1227255870000, 0.70616025, -0.06566802, 0.35124752
1227260897000, 0.700357, -0.069027774, 0.29749137
1227265993000, 0.7150178, -0.06780604, 0.25289822
1227270891000, 0.73853606, -0.07849618, 0.21288654
1227275869000, 0.7846564, -0.086437434, 0.17989981
1227280896000, 0.8210029, -0.106901415, 0.14508049
1227285883000, 0.8848383, -0.13683382, 0.1133155
1227290872000, 0.9624182, -0.15790866, 0.09712757
1227295832000, 1.039998, -0.19761491, 0.06994407
1227300893000, 1.1441506, -0.24740042, 0.049480084
1227305874000, 1.239751, -0.28863382, 0.030848695
1227310887000, 1.3170254, -0.30543262, 0.020158553
1227315946000, 1.4031575, -0.31978795, 0.0143553335
1227320972000, 1.4874569, -0.3051272, 0.018936822
1227325902000, 1.5296066, -0.28680122, 0.01985312
1227330952000, 1.5485435, -0.26053402, 0.04153884
1227335889000, 1.5671748, -0.21135938, 0.07941248
1227340937000, 1.557401, -0.18936823, 0.1133155
1227345905000, 1.5577064, -0.12339478, 0.13469578
1227350881000, 1.5354098, -0.07269296, 0.18570304
1227355888000, 1.5293012, -0.018325957, 0.24098633
1227360908000, 1.536937, 0.03848451, 0.30268374
1227365908000, 1.5714508, 0.029932396, 0.3680463
1227370845000, 1.6227635, -0.0033597588, 0.43371433
1227375893000, 1.6597209, -0.00580322, 0.50823987
1227380877000, 1.6740762, 0.01282817, 0.5849035
1227385907000, 1.6865989, 0.03573562, 0.63071835
1227390862000, 1.6881261, 0.058643065, 0.65484756
1227395866000, 1.6975945, 0.08124508, 0.64843345
1227401002000, 1.6639969, 0.10720685, 0.6386596
1227405808000, 1.599856, 0.14996742, 0.6426302
1227410816000, 1.5225816, 0.21319197, 0.65301496
1227415793000, 1.4395039, 0.3023783, 0.68111473
1227420785000, 1.3634512, 0.37232238, 0.70952
1227425828000, 1.3093897, 0.4071417, 0.75686204
1227430785000, 1.2986995, 0.4251622, 0.81183994
1227435786000, 1.3066407, 0.42332962, 0.8753699
1227440803000, 1.314582, 0.3933972, 0.9101892
1227445789000, 1.3213016, 0.3811799, 0.9868528
1227450807000, 1.3206906, 0.4266894, 1.0485502
1227455793000, 1.3417655, 0.5018258, 1.128879
1227460814000, 1.3445144, 0.5177083, 1.1988231
1227465874000, 1.3439035, 0.464563, 1.2486086
1227470768000, 1.314582, 0.42821655, 1.2889256
1227475814000, 1.2513574, 0.3885103, 1.2928963
1227480777000, 1.1710287, 0.3463606, 1.2742649
1227485781000, 1.0983357, 0.32803464, 1.2186762
1227490792000, 1.0094548, 0.27916542, 1.119716
1227495778000, 0.91782504, 0.20708331, 0.9957104
1227500967000, 0.8454375, 0.14660765, 0.86529064
1227505797000, 0.7666359, 0.093462385, 0.70432764
1227510822000, 0.68569624, 0.03176499, 0.54702985
1227515778000, 0.6032294, -0.010079277, 0.37904188
1227520789000, 0.52106804, -0.04795292, 0.22724187
1227525829000, 0.42302418, -0.084910266, 0.093767814
1227530795000, 0.3539964, -0.09193522, -0.027183503
1227535812000, 0.28160888, -0.09987647, -0.13652839
1227540801000, 0.24617869, -0.101098195, -0.18906279
1227545774000, 0.20158553, -0.10629055, -0.28099802
1227550781000, 0.16187929, -0.12858713, -0.35521814
1227555796000, 0.12705997, -0.16523905, -0.43890667
1227560838000, 0.1160644, -0.1881465, -0.5122105
1227565782000, 0.115453534, -0.20525073, -0.57910025
1227571044000, 0.10598512, -0.21960606, -0.6395759
1227575810000, 0.099571034, -0.23915374, -0.7076874
1227580983000, 0.0720821, -0.30176744, -0.7724391
1227585799000, 0.062308256, -0.35521814, -0.8390234
1227590956000, 0.03848451, -0.38056904, -0.8949176
1227595818000, 0.014660766, -0.4016439, -0.97402465
1227601036000, -0.0106901415, -0.4129449, -1.0439687
1227605777000, -0.03940081, -0.4288274, -1.0928379
1227611077000, -0.052839845, -0.46639562, -1.1264355
1227615792000, -0.06383542, -0.4978552, -1.1618657
1227621065000, -0.07666359, -0.5375614, -1.1914927
1227625813000, -0.08827003, -0.6026186, -1.1976013
1227630771000, -0.11575896, -0.6426302, -1.1863003
1227635791000, -0.15607607, -0.74372846, -1.185384
1227640831000, -0.16676621, -0.88117313, -1.174083
1227645799000, -0.226631, -1.0485502, -1.1551461
1227650753000, -0.29718593, -1.2021828, -1.1420126
1227655774000, -0.3717115, -1.3304645, -1.1337659
1227660767000, -0.43096542, -1.3982705, -1.1270463
1227665791000, -0.47433686, -1.3747523, -1.1301007
1227670744000, -0.5338962, -1.294118, -1.1490375
1227675814000, -0.5907067, -1.1829406, -1.1957687
1227680748000, -0.6377433, -1.0320568, -1.2324207
1227685790000, -0.68233645, -0.8900307, -1.2541064
1227690761000, -0.72356987, -0.76052725, -1.2782356
1227695767000, -0.7779369, -0.65668017, -1.3075571
1227700886000, -0.84116143, -0.56107974, -1.3246613
1227705821000, -0.9034697, -0.4841107, -1.3316863
1227710850000, -0.97219205, -0.45631635, -1.3329079
1227715844000, -1.0592403, -0.4804455, -1.3347405
1227720842000, -1.1166617, -0.537256, -1.3225232
1227725826000, -1.1756102, -0.627664, -1.3109168
1227730958000, -1.2159272, -0.7247916, -1.2770138
1227735868000, -1.2339478, -0.7690793, -1.2638801
1227740845000, -1.2333369, -0.8344419, -1.2144
1227745862000, -1.2070698, -0.8604037, -1.1304061
1227750867000, -1.151481, -0.8344419, -1.028697
1227755854000, -1.0644327, -0.77274454, -0.9236283
1227760984000, -0.93554014, -0.6976081, -0.8002335
1227765865000, -0.7858781, -0.6249151, -0.6774496
1227770857000, -0.61208695, -0.57360244, -0.54733527
1227775946000, -0.42913285, -0.5296202, -0.43279803
1227780844000, -0.28344148, -0.5225952, -0.31856623
1227785860000, -0.15057829, -0.5112942, -0.23273966
1227790956000, -0.04886922, -0.5161811, -0.15974127
1227795868000, 0.005192355, -0.5164866, -0.1133155
1227800870000, 0.0571159, -0.5164866, -0.102319926
1227805870000, 0.087964594, -0.50793445, -0.116980694
1227810874000, 0.09285152, -0.4804455, -0.14172074
1227815891000, 0.09132435, -0.4288274, -0.14721853
1227820870000, 0.100792766, -0.38087448, -0.15393804
1227826481000, 0.10323623, -0.32742378, -0.1704314
1227830834000, 0.09896017, -0.3005457, -0.17287487
1227835886000, 0.082161374, -0.27000242, -0.15485434
1227840842000, 0.061086524, -0.24831672, -0.12095132
1227845906000, 0.04917465, -0.20647246, -0.07971791
1227850826000, 0.03390302, -0.14294247, -0.03940081
1227855947000, 0.028710667, -0.08002335, 0.0033597588
1227860922000, 0.028710667, -0.040011674, 0.044898596
1227865925000, 0.04337143, 0.0061086523, 0.06169739
1227870860000, 0.06994407, 0.03634648, 0.10140363
1227875878000, 0.108123146, 0.040011674, 0.1255328
1227880925000, 0.14202617, 0.035124753, 0.15515977
1227885929000, 0.17806722, 0.025350908, 0.17959438
1227890922000, 0.20677789, 0.033292156, 0.1994475
1227895896000, 0.20830505, 0.03604105, 0.20922135
1227900928000, 0.20922135, 0.054367006, 0.21410827
1227905929000, 0.19364429, 0.076358154, 0.22266038
1227910948000, 0.16707164, 0.09896017, 0.21288654
1227915911000, 0.14355333, 0.109650314, 0.21410827
1227920924000, 0.1386664, 0.124311075, 0.21380283
1227926025000, 0.12003502, 0.13652839, 0.2180789
1227930934000, 0.10476339, 0.14721853, 0.22571471
1227935924000, 0.0983493, 0.17470746, 0.22815818
1227940905000, 0.0888809, 0.19486602, 0.23640485
1227945935000, 0.087964594, 0.22693644, 0.23365596
1227950929000, 0.07513642, 0.26267207, 0.24251351
1227955903000, 0.057421334, 0.30268374, 0.25259277
1227960992000, 0.061391957, 0.3200934, 0.26419923
1227966344000, 0.06169739, 0.35888332, 0.27947086
1227970929000, 0.07544186, 0.3866777, 0.29840767
1227975874000, 0.089186326, 0.3924809, 0.31581733
1227980930000, 0.09101892, 0.38056904, 0.32345316
1227985909000, 0.09896017, 0.35735616, 0.33383787
1227990912000, 0.08399397, 0.34300083, 0.3277292
1227995914000, 0.06352998, 0.3472769, 0.3173445
1228000928000, 0.03634648, 0.32162055, 0.3115413
1228005906000, 0.0106901415, 0.28344148, 0.3005457
1228010937000, -0.016493361, 0.19730948, 0.28252518
1228015859000, -0.05375614, 0.0983493, 0.27152961
1228020926000, -0.10445796, -0.007330383, 0.25045475
1228025864000, -0.18509217, -0.04428773, 0.22602014
1228030920000, -0.28160888, -0.09437868, 0.2098322
1228035990000, -0.33383787, -0.13836098, 0.19914207
1228040926000, -0.42210788, -0.14935656, 0.18753563
1228045893000, -0.5174029, -0.12614368, 0.18997909
1228050927000, -0.5833763, -0.07360926, 0.19761491
1228055979000, -0.65179324, 3.0543262E-4, 0.21380283
1228060948000, -0.6826419, 0.08552113, 0.22540927
1228066109000, -0.6979135, 0.19211712, 0.24190263
1228070927000, -0.68325275, 0.30787608, 0.25167647
1228076213000, -0.6646214, 0.45814893, 0.2770274
1228080917000, -0.64476824, 0.627664, 0.28802297
1228085828000, -0.6383542, 0.7699956, 0.29443705
1228090925000, -0.61178154, 0.84635377, 0.29749137
1228095830000, -0.56199604, 0.8744536, 0.2950479
1228100913000, -0.4810564, 0.8622363, 0.30451632
1228105920000, -0.39400807, 0.8020661, 0.3200934
1228111046000, -0.2968805, 0.6973027, 0.35979962
1228116069000, -0.21288654, 0.53878313, 0.39400807
1228120923000, -0.14660765, 0.3747658, 0.42638394
1228125926000, -0.08277224, 0.19975294, 0.4636467
1228130935000, -0.035430185, 0.12156218, 0.47739118
1228135926000, -0.01985312, -0.015577064, 0.48655418
1228140879000, -0.013133603, -0.115453534, 0.4813618
1228145903000, -0.0018325958, -0.15851954, 0.45540005
1228151536000, -0.008246681, -0.13683382, 0.40958515
1228155883000, -0.0018325958, -0.06566802, 0.36254853
1228160943000, 0.011911872, 0.013744468, 0.3051272
1228165931000, 0.036957346, 0.08246681, 0.23518312
1228170911000, 0.059253927, 0.12522738, 0.18112154
1228175892000, 0.09682214, 0.14905111, 0.12614368
1228180924000, 0.13255776, 0.14782938, 0.07391469
1228186061000, 0.1572978, 0.12064589, 0.04184427
1228190899000, 0.19761491, 0.062002823, 0.0070249503
1228195921000, 0.22876903, 0.062002823, -0.015882496
1228200901000, 0.27030787, -0.056505036, -0.03176499
1228205917000, 0.3200934, -0.1020145, -0.052534413
1228210909000, 0.37995818, -0.13927728, -0.06383542
1228215969000, 0.43157628, -0.17745635, -0.08552113
1228220878000, 0.46639562, -0.18478674, -0.095294975
1228225961000, 0.47952923, -0.18967366, -0.10598512
1228230907000, 0.4886922, -0.21471913, -0.1160644
1228235927000, 0.4896085, -0.26633725, -0.14049901
1228240904000, 0.48380527, -0.32620203, -0.183565
1228245928000, 0.45753807, -0.35308012, -0.22510384
1228250853000, 0.38881573, -0.364992, -0.27366763
1228255908000, 0.29229903, -0.34605515, -0.30757064
1228260983000, 0.15699236, -0.28802297, -0.32284227
1228265998000, -0.016493361, -0.14782938, -0.3417791
1228271252000, -0.21991149, 0.12492194, -0.32467487
1228275902000, -0.49602258, 0.3454443, -0.35246924
1228280939000, -0.7101309, 0.5103779, -0.3643811
1228285927000, -0.8582657, 0.67103547, -0.3717115
1228291333000, -0.9569204, 0.86345804, -0.37323865
1228295859000, -1.0433578, 1.0714576, -0.36835176
1228300946000, -1.1181889, 1.2030991, -0.35735616
1228305864000, -1.1478158, 1.1826351, -0.34972036
1228310934000, -1.1059716, 1.058324, -0.3136793
1228315945000, -1.0042624, 0.88361657, -0.2855795
1228320884000, -0.8790351, 0.7107417, -0.2134974
1228325873000, -0.7593055, 0.6395759, -0.18387043
1228330897000, -0.71685034, 0.54000485, -0.10903945
1228335889000, -0.63041294, 0.46181414, -0.040927973
1228340865000, -0.52412236, 0.33353242, -0.002443461
1228345861000, -0.42424592, 0.19211712, 0.030848695
1228350920000, -0.2959642, 0.057726767, 0.050701816
1228355884000, -0.17256944, 0.006414085, 0.06505715
1228361219000, -0.03573562, -0.032986723, 0.061086524
1228365870000, 0.0711658, -0.06078109, 0.034208454
1228370929000, 0.16982053, -0.093462385, 0.013744468
1228375887000, 0.24709499, -0.12767084, -0.024740042
1228380918000, 0.29229903, -0.11362094, -0.04062254
1228385831000, 0.3145956, -0.07696902, -0.059864793
1228390916000, 0.31948254, -0.02076942, -0.071776666
1228395918000, 0.3032946, 0.014049901, -0.07666359
1228400934000, 0.28863382, 0.049480084, -0.067500606
1228405849000, 0.26236662, 0.06414085, -0.05681047
1228410929000, 0.22632557, 0.0571159, -0.037873644
1228415956000, 0.17837265, 0.032375857, -0.021685716
1228420932000, 0.12736541, 0.013439035, 0.021380283
1228425910000, 0.08277224, -0.015271631, 0.067500606
1228430928000, 0.07391469, -0.035430185, 0.17684549
1228435876000, 0.061086524, -0.038789943, 0.23823744
1228440924000, 0.028710667, -0.06505715, 0.22510384
1228446185000, -0.05131268, -0.11178834, 0.19822577
1228450914000, -0.1337795, -0.18753563, 0.17867808
1228455837000, -0.2144137, -0.16829337, 0.17379116
1228460954000, -0.2782491, -0.052839845, 0.1386664
1228465824000, -0.27030787, 0.11178834, 0.14538592
1228470924000, -0.19547687, 0.32345316, 0.20341812
1228475856000, -0.10445796, 0.4813618, 0.27214047
1228480928000, 6.1086525E-4, 0.6200282, 0.3231477
1228485929000, 0.06414085, 0.70952, 0.3399465
1228490927000, 0.11881329, 0.7275405, 0.2950479
1228495916000, 0.122478485, 0.70341134, 0.23335053
1228500922000, 0.10995574, 0.62980205, 0.17806722
1228505928000, 0.093767814, 0.52106804, 0.11881329
1228510933000, 0.08307768, 0.39400807, 0.058337633
1228515968000, 0.08093964, 0.22235495, -0.008552114
1228520913000, 0.06566802, 0.1255328, -0.076358154
1228525971000, 0.03634648, -0.05009095, -0.09040806
1228530935000, 0.022907447, -0.19547687, -0.10781772
1228535930000, 0.024129177, -0.30665436, -0.14782938
1228540910000, 0.02687807, -0.3979787, -0.19120082
1228546621000, 0.018936822, -0.44684792, -0.14110987
1228550925000, 0.0070249503, -0.48655418, -0.13316862
1228555932000, 0.0061086523, -0.47983465, -0.1282817
1228560929000, 0.014049901, -0.45662177, -0.12583824
1228565974000, 0.002443461, -0.41263947, -0.13255776
1228570916000, -0.002443461, -0.33261612, -0.14752395
1228575914000, -0.0027488936, -0.22449298, -0.14844026
1228580948000, -0.035124753, -0.112704635, -0.14263703
1228585932000, -0.0720821, -0.014660766, -0.14569137
1228590861000, -0.13255776, 0.06719518, -0.13897185
1228595938000, -0.17562376, 0.12186762, -0.13805555
1228600832000, -0.21288654, 0.1469131, -0.1282817
1228605926000, -0.22174409, 0.16310102, -0.12339478
1228610885000, -0.22021692, 0.16646078, -0.12858713
1228616013000, -0.19394971, 0.13805555, -0.1282817
1228620824000, -0.17898351, 0.118507855, -0.12644911
1228625934000, -0.1704314, 0.086437434, -0.13622294
1228630839000, -0.14905111, 0.04428773, -0.14385876
1228635913000, -0.13713925, 0.0015271631, -0.13897185
1228640872000, -0.12186762, -0.022602014, -0.1423316
1228645938000, -0.105374254, -0.04550946, -0.14721853
1228650868000, -0.1001819, -0.049785517, -0.13744467
1228655906000, -0.08124508, -0.04062254, -0.13622294
1228660901000, -0.073303826, -0.023823744, -0.13255776
1228665878000, -0.07360926, 3.0543262E-4, -0.12003502
1228670915000, -0.069027774, 0.050396383, -0.1151481
1228675851000, -0.08277224, 0.09040806, -0.12064589
1228680873000, -0.09285152, 0.13775012, -0.11178834
1228686147000, -0.10873401, 0.17654006, -0.111177474
1228690863000, -0.12767084, 0.2144137, -0.10781772
1228695875000, -0.14202617, 0.2443461, -0.10873401
1228700926000, -0.15699236, 0.26267207, -0.112704635
1228705931000, -0.17989981, 0.29138273, -0.116980694
1228710956000, -0.20586158, 0.31215215, -0.115453534
1228715912000, -0.21319197, 0.3200934, -0.12095132
1228720896000, -0.22113322, 0.33933565, -0.12308934
1228725927000, -0.22327125, 0.35521814, -0.12095132
1228730913000, -0.23396139, 0.36071593, -0.12614368
1228735861000, -0.23304509, 0.35308012, -0.124005646
1228740870000, -0.22968534, 0.34574974, -0.12034045
1228746119000, -0.21868975, 0.34422258, -0.13072516
1228750923000, -0.20616703, 0.34483343, -0.1282817
1228755921000, -0.20250183, 0.32345316, -0.12736541
1228760940000, -0.19364429, 0.29749137, -0.13561209
1228765972000, -0.18600847, 0.2883284, -0.13622294
1228770920000, -0.18692477, 0.2666427, -0.13591751
1228775881000, -0.18173242, 0.24098633, -0.13469578
1228780934000, -0.17165314, 0.2180789, -0.13347405
1228785856000, -0.17470746, 0.1826487, -0.1282817
1228790912000, -0.16523905, 0.15027285, -0.12492194
1228795844000, -0.16157386, 0.11911872, -0.12614368
1228800925000, -0.15271631, 0.10354166, -0.12339478
1228805836000, -0.14966199, 0.09010262, -0.12217305
1228810954000, -0.14996742, 0.089491755, -0.12858713
1228815834000, -0.16035213, 0.08827003, -0.12858713
1228820922000, -0.1518, 0.07727446, -0.12522738
1228825951000, -0.15882497, 0.07086037, -0.12797627
1228830935000, -0.13561209, 0.077579886, -0.13041973
1228835928000, -0.13133603, 0.09590584, -0.13194689
1228840911000, -0.13469578, 0.09407325, -0.13775012
1228845924000, -0.11178834, 0.07971791, -0.13652839
1228850924000, -0.110872045, 0.055283304, -0.14110987
1228855919000, -0.09315695, 0.011911872, -0.14630222
1228860990000, -0.08155051, -0.03726278, -0.14844026
1228865943000, -0.056505036, -0.076358154, -0.14202617
1228870917000, -0.033292156, -0.10720685, -0.14172074
1228875889000, -0.007941248, -0.13591751, -0.13988814
1228880886000, 0.004886922, -0.15149458, -0.13775012
1228885934000, 0.01160644, -0.15149458, -0.12217305
1228890872000, 0.0290161, -0.14905111, -0.12614368
1228895937000, 0.032070424, -0.15424347, -0.124311075
1228900819000, 0.030848695, -0.14446963, -0.12095132
1228905945000, 0.022907447, -0.1337795, -0.12186762
1228910858000, 0.022907447, -0.12950343, -0.11911872
1228915924000, 0.022296581, -0.11942416, -0.11575896
1228920820000, 0.010079277, -0.10598512, -0.113926366
1228925963000, 0.0018325958, -0.0842994, -0.111177474
1228930829000, -0.019242255, -0.074830994, -0.095294975
1228935918000, -0.034513887, -0.07788532, -0.10262536
1228940856000, -0.04886922, -0.0842994, -0.09773844
1228945932000, -0.055588737, -0.090713486, -0.10445796
1228950862000, -0.0571159, -0.09407325, -0.09285152
1228955897000, -0.047036625, -0.08857546, -0.094989546
1228960916000, -0.04428773, -0.07513642, -0.09590584
1228965945000, -0.04184427, -0.07544186, -0.09590584
1228970879000, -0.029626964, -0.0693332, -0.08735373
1228975957000, -0.013439035, -0.06688975, -0.08307768
1228980826000, -0.018936822, -0.05131268, -0.081855945
1228985885000, -0.029321533, -0.05131268, -0.0852157
1228990840000, -0.029321533, -0.06505715, -0.08552113
1228995896000, -0.029321533, -0.073303826, -0.08093964
1229000822000, -0.02321288, -0.074830994, -0.08368854
1229005871000, -0.033292156, -0.06627888, -0.07849618
1229010915000, -0.040011674, -0.07086037, -0.07941248
1229015957000, -0.03634648, -0.067500606, -0.079107046
1229020892000, -0.032070424, -0.055283304, -0.070554934
1229025933000, -0.03726278, -0.047647487, -0.076052725
1229030923000, -0.040317107, -0.03756821, -0.0693332
1229035922000, -0.052839845, -0.05467244, -0.06261369
1229040943000, -0.056199603, -0.07238753, -0.058643065
1229045927000, -0.03756821, -0.06688975, -0.052534413
1229050926000, -0.053145275, -0.059253927, -0.052839845
1229055927000, -0.04734206, -0.051923547, -0.043676864
1229060975000, -0.052839845, -0.051923547, -0.03481932
1229066008000, -0.06169739, -0.036651913, -0.027183503
1229070926000, -0.0580322, -0.033292156, -0.02321288
1229075896000, -0.053145275, -0.021685716, -0.020158553
1229080924000, -0.061391957, -0.009162978, -0.0125227375
1229085926000, -0.05497787, -0.003970624, -0.005192355
1229090929000, -0.04795292, 0.015882496, 0.008552114
1229095930000, -0.055588737, 0.03573562, 0.016187929
1229100932000, -0.045814894, 0.05131268, 0.02321288
1229105919000, -0.056505036, 0.054367006, 0.031154128
1229110947000, -0.04886922, 0.0580322, 0.030543262
1229116004000, -0.03268129, 0.07086037, 0.043066
1229120927000, -0.038179077, 0.06688975, 0.048258353
1229125951000, -0.04184427, 0.06994407, 0.050701816
1229130936000, -0.040011674, 0.065973446, 0.058643065
1229135921000, -0.029626964, 0.0580322, 0.051618114
1229140922000, -0.026572637, 0.049785517, 0.05009095
1229145929000, -0.033292156, 0.039095376, 0.05681047
1229150926000, -0.015882496, 0.03573562, 0.05681047
1229155911000, -0.016187929, 0.026267206, 0.059864793
1229160948000, -0.018020526, 0.026572637, 0.05375614
1229165992000, -0.0076358155, 0.019547688, 0.05497787
1229170928000, -0.005497787, 0.018936822, 0.050396383
1229175916000, -0.00580322, 0.013744468, 0.049785517
1229180931000, 0.0021380284, 0.009773844, 0.06047566
1229185850000, -0.0027488936, 0.024129177, 0.059253927
1229190929000, 0.0012217305, 0.0061086523, 0.06383542
1229195914000, 0.009162978, 0.013439035, 0.062308256
1229200930000, 3.0543262E-4, 0.013133603, 0.06169739
1229205845000, 0.011301007, 0.025045475, 0.0693332
1229210973000, 0.016187929, 0.03268129, 0.064751714
1229215922000, 0.013439035, 0.0290161, 0.0720821
1229220929000, 0.008552114, 0.032375857, 0.06291912
1229225856000, 0.01985312, 0.0421497, 0.06658431
1229230925000, 0.012217305, 0.04917465, 0.06627888
1229235857000, 0.0027488936, 0.05131268, 0.064446285
1229240913000, 3.0543262E-4, 0.03940081, 0.058643065
1229245870000, -0.008857546, 0.031154128, 0.061086524
1229250924000, -0.005497787, 0.031154128, 0.057726767
1229255919000, -0.024129177, 0.022296581, 0.052534413
1229260996000, -0.02107485, 0.016187929, 0.055283304
1229265949000, -0.022907447, 0.010995574, 0.05467244
1229270929000, -0.0290161, 0.01160644, 0.043982297
1229275884000, -0.025045475, 0.02107485, 0.048258353
1229280898000, -0.034208454, 0.017715093, 0.038179077
1229285884000, -0.035124753, 0.013439035, 0.040927973
1229290876000, -0.031154128, 0.006414085, 0.037873644
1229295863000, -0.03848451, 0.010079277, 0.034513887
1229300884000, -0.03726278, 0.008857546, 0.028710667
1229305873000, -0.030848695, 0.005192355, 0.030543262
1229310937000, -0.03481932, 0.003970624, 0.028405234
1229315900000, -0.033292156, 0.01160644, 0.022602014
1229320887000, -0.029932396, 0.009468411, 0.016187929
1229325865000, -0.03023783, 0.002443461, 0.0067195175
1229330891000, -0.03573562, 0.002443461, 0.0027488936
1229335884000, -0.029321533, 0.0070249503, 0.0027488936
1229340890000, -0.03756821, -0.0033597588, -0.004581489
1229345871000, -0.03268129, -0.005497787, -0.004276057
1229350888000, -0.030543262, -0.011911872, -0.010995574
1229355874000, -0.035430185, -0.0143553335, -0.01740966
1229360882000, -0.0421497, -0.0106901415, -0.01863139
1229365893000, -0.03359759, -0.015271631, -0.023518313
1229370886000, -0.031154128, -0.018020526, -0.026572637
1229375864000, -0.04062254, -0.032070424, -0.029626964
1229380852000, -0.040317107, -0.035124753, -0.034513887
1229385888000, -0.038789943, -0.029932396, -0.041233405
1229390866000, -0.040011674, -0.0290161, -0.048563786
1229395894000, -0.040317107, -0.026572637, -0.052534413
1229400822000, -0.04153884, -0.03023783, -0.05497787
1229405876000, -0.03573562, -0.02687807, -0.061391957
1229410877000, -0.03756821, -0.01038471, -0.06627888
1229415896000, -0.036651913, -0.017715093, -0.0729984
1229420839000, -0.04428773, -0.018325957, -0.08032878
1229425869000, -0.044593163, -0.016798794, -0.08827003
1229430851000, -0.05497787, -0.006414085, -0.09468412
1229435884000, -0.055283304, -0.010079277, -0.10751228
1229440979000, -0.07422013, 0.0030543262, -0.12339478
1229445895000, -0.08460484, 0.008246681, -0.12950343
1229450884000, -0.083383106, 0.023518313, -0.12370021
1229455871000, -0.092240654, 0.045814894, -0.13133603
1229461222000, -0.10934488, 0.09773844, -0.12156218
1229465918000, -0.112399206, 0.09712757, -0.12522738
1229470821000, -0.11148291, 0.084910266, -0.12034045
1229475878000, -0.105068825, 0.08460484, -0.1151481
1229480840000, -0.10293079, 0.07452556, -0.116675265
1229485887000, -0.093767814, 0.06688975, -0.10598512
1229490878000, -0.087964594, 0.051923547, -0.09865474
1229495895000, -0.07880162, 0.045814894, -0.07696902
1229500859000, -0.058337633, 0.03604105, -0.06719518
1229505866000, -0.04734206, 0.02443461, -0.064446285
1229510942000, -0.04642576, 0.0076358155, -0.06078109
1229515892000, -0.0290161, -0.01160644, -0.05131268
1229520901000, -0.0061086523, -0.0143553335, -0.030848695
1229525866000, -0.021991149, -0.020158553, -0.026572637
1229530898000, -0.009162978, -0.03359759, -0.02443461
1229535885000, -0.0076358155, -0.032375857, -0.009773844
1229540870000, -0.01160644, -0.03604105, -0.0125227375
1229545895000, -0.0061086523, -0.032070424, -3.0543262E-4
1229550888000, -0.008552114, -0.02321288, 9.162979E-4
1229555865000, -0.009162978, -0.024740042, 0.008552114
1229560906000, -0.019242255, -0.02321288, 0.016493361
1229565890000, -0.015577064, -0.011301007, 0.018936822
1229570887000, -0.02443461, -0.01160644, 0.015271631
1229575856000, -0.01985312, 9.162979E-4, 0.020463986
1229580894000, -0.029932396, 0.010079277, 0.021380283
1229585884000, -0.041233405, 0.008246681, 0.015882496
1229590873000, -0.036651913, 0.01282817, 0.012217305
1229595874000, -0.027183503, 0.02687807, 0.010995574
1229600887000, -0.043982297, 0.022602014, 0.013439035
1229605863000, -0.040317107, 0.028099801, 0.009773844
1229610901000, -0.03756821, 0.027794369, 0.015882496
1229615860000, -0.040317107, 0.019547688, 0.014660766
1229620886000, -0.03145956, 0.010995574, 0.0067195175
1229625894000, -0.028710667, 0.0015271631, 0.007330383
1229631218000, -0.029626964, 6.1086525E-4, 0.008246681
1229635830000, -0.025045475, -0.003970624, 0.014049901
1229640867000, -0.029626964, -0.012217305, 0.0076358155
