#Rate of rotation around the x y z axes (Angular velocity).
#timestamp(ns),x,y,z(rad/s)
#Datetime: 22/04/2015 16:13:48
##########################################
#Activity: 8 - CSI - Car-Step in - 6s
#Subject ID: 47
#First Name: sub47
#Last Name: sub47
#Age: 21
#Height(cm): 180
#Weight(kg): 85
#Gender: Male
##########################################

@DATA
13265541915000, -0.015271631, -0.004886922, 0.012217305
13265546873000, -0.016187929, 0.004886922, 0.013133603
13265551921000, -0.03573562, 0.01160644, 0.010079277
13265556991000, -0.03481932, 0.0033597588, 0.010995574
13265561981000, -0.02107485, 0.008857546, 0.013744468
13265566891000, -0.02107485, 0.015882496, 0.0143553335
13265571962000, -0.03145956, 0.010995574, 0.018325957
13265576986000, -0.030543262, 0.015882496, 0.024129177
13265581968000, -0.026267206, 0.009468411, 0.021991149
13265586905000, -0.032986723, 0.013133603, 0.021380283
13265591943000, -0.020463986, 0.0143553335, 0.025045475
13265596992000, -0.021991149, 0.012217305, 0.023823744
13265601963000, -0.026267206, 0.023518313, 0.027794369
13265606959000, -0.028405234, 0.01038471, 0.03268129
13265612019000, -0.024129177, 0.018936822, 0.024740042
13265616984000, -0.020158553, 0.015271631, 0.030848695
13265621964000, -0.01985312, 9.162979E-4, 0.034208454
13265626962000, -0.02687807, 9.162979E-4, 0.03390302
13265631970000, -0.021380283, 0.0018325958, 0.03145956
13265636979000, -0.014660766, -0.0015271631, 0.027794369
13265641942000, -0.02443461, -0.0033597588, 0.03268129
13265646968000, -0.02443461, -0.008857546, 0.029321533
13265651961000, -0.020463986, -0.016798794, 0.027488936
13265656989000, -0.020463986, -0.004581489, 0.02687807
13265661960000, -0.030848695, -0.015577064, 0.02321288
13265666955000, -0.037873644, -0.018325957, 0.021380283
13265671933000, -0.038179077, -0.011911872, 0.029626964
13265676920000, -0.036957346, -0.0070249503, 0.024129177
13265681892000, -0.03940081, -0.006414085, 0.025045475
13265686936000, -0.038789943, -0.009162978, 0.02565634
13265691906000, -0.04520403, -0.0067195175, 0.029321533
13265696941000, -0.041233405, 0.0018325958, 0.028710667
13265701911000, -0.036957346, 0.0018325958, 0.027794369
13265706905000, -0.04337143, -0.006414085, 0.027488936
13265711953000, -0.039095376, 0.0061086523, 0.030848695
13265716932000, -0.04428773, 6.1086525E-4, 0.032070424
13265721861000, -0.04520403, -3.0543262E-4, 0.03634648
13265726988000, -0.051618114, -0.004276057, 0.038789943
13265731864000, -0.04795292, -0.006414085, 0.037873644
13265736925000, -0.047036625, -0.0027488936, 0.04550946
13265741915000, -0.05131268, -0.0015271631, 0.040927973
13265746949000, -0.055283304, -0.008246681, 0.03848451
13265751906000, -0.057726767, -0.009468411, 0.039095376
13265756923000, -0.064751714, -0.0125227375, 0.043676864
13265761936000, -0.070249505, -0.014660766, 0.04886922
13265766933000, -0.06383542, -0.015577064, 0.04795292
13265772246000, -0.057421334, -0.0125227375, 0.043982297
13265776923000, -0.058337633, -0.008857546, 0.044898596
13265781913000, -0.06841691, -0.005192355, 0.045814894
13265786924000, -0.067500606, -0.00580322, 0.047036625
13265791910000, -0.064446285, 3.0543262E-4, 0.037873644
13265796915000, -0.06963864, 0.01038471, 0.03848451
13265802282000, -0.06536258, 0.0067195175, 0.042760566
13265806936000, -0.057726767, 0.004581489, 0.04917465
13265812208000, -0.065973446, -0.004276057, 0.03726278
13265816931000, -0.067500606, -0.010995574, 0.044898596
13265822162000, -0.071776666, -0.00580322, 0.038789943
13265826928000, -0.070249505, -0.006414085, 0.03970624
13265832266000, -0.06505715, -0.027183503, 0.03848451
13265836925000, -0.06566802, -0.022602014, 0.037873644
13265841930000, -0.065973446, -0.017104227, 0.037873644
13265846945000, -0.07086037, -0.022602014, 0.03756821
13265851919000, -0.06414085, -0.02443461, 0.040011674
13265856928000, -0.06169739, -0.01740966, 0.03940081
13265861931000, -0.06719518, -0.010995574, 0.03481932
13265866933000, -0.0571159, -0.02565634, 0.040011674
13265871905000, -0.06261369, -0.022602014, 0.032375857
13265876947000, -0.055283304, -0.025350908, 0.038179077
13265881961000, -0.061086524, -0.012217305, 0.035430185
13265886927000, -0.0580322, -0.016493361, 0.030848695
13265891911000, -0.06078109, -0.005192355, 0.03573562
13265896939000, -0.06383542, -0.007941248, 0.028405234
13265901927000, -0.062002823, -0.014049901, 0.037873644
13265906920000, -0.047036625, -0.012217305, 0.032070424
13265911943000, -0.06291912, -0.005497787, 0.039095376
13265916932000, -0.059864793, -0.0106901415, 0.034208454
13265921926000, -0.05375614, -0.009773844, 0.027488936
13265926995000, -0.0571159, -0.003970624, 0.027183503
13265931975000, -0.05589417, -0.014966198, 0.031154128
13265936967000, -0.05955936, -0.011301007, 0.030543262
13265941907000, -0.06383542, -0.014049901, 0.03145956
13265946916000, -0.047036625, -0.0018325958, 0.032375857
13265951901000, -0.05497787, -3.0543262E-4, 0.03145956
13265956936000, -0.059253927, -0.0018325958, 0.024740042
13265962028000, -0.056505036, 0.008246681, 0.024740042
13265966988000, -0.061086524, 0.0076358155, 0.02687807
13265972033000, -0.056199603, 0.016493361, 0.028710667
13265976937000, -0.057421334, 0.01160644, 0.02107485
13265981909000, -0.06261369, 0.01038471, 0.018325957
13265986906000, -0.05375614, 0.01038471, 0.014660766
13265991920000, -0.06963864, 0.02321288, 0.019547688
13265996928000, -0.07086037, 0.028710667, 0.015882496
13266001930000, -0.07422013, 0.034513887, 0.0125227375
13266006969000, -0.06047566, 0.034208454, 0.01282817
13266011981000, -0.06627888, 0.043982297, 0.011301007
13266017037000, -0.067500606, 0.05375614, 0.002443461
13266021953000, -0.07238753, 0.05681047, 0.00580322
13266026971000, -0.07269296, 0.058643065, -3.0543262E-4
13266031968000, -0.059253927, 0.06994407, -6.1086525E-4
13266036957000, -0.069027774, 0.08124508, -0.012217305
13266041910000, -0.06688975, 0.093767814, -0.01282817
13266046937000, -0.08002335, 0.095294975, -0.007941248
13266051896000, -0.08674286, 0.10751228, -0.013744468
13266056950000, -0.08368854, 0.11484267, -0.013439035
13266061960000, -0.0852157, 0.13347405, -0.010079277
13266066936000, -0.08857546, 0.14752395, -0.007941248
13266071934000, -0.09590584, 0.1591304, -0.0143553335
13266076938000, -0.10323623, 0.17531833, -0.009162978
13266081934000, -0.112704635, 0.17806722, -0.002443461
13266086929000, -0.115453534, 0.18845193, -0.007941248
13266091897000, -0.12614368, 0.18784106, -0.0018325958
13266097613000, -0.1414153, 0.19883664, -0.0015271631
13266101928000, -0.14019357, 0.20922135, 0.0030543262
13266106941000, -0.14966199, 0.20799962, 0.011911872
13266111950000, -0.16676621, 0.22388211, 0.010079277
13266116932000, -0.16982053, 0.22510384, 0.01160644
13266121948000, -0.18051068, 0.23976462, 0.012217305
13266126996000, -0.18295415, 0.25137106, 0.021685716
13266131925000, -0.19792034, 0.27305678, 0.021380283
13266136937000, -0.20280726, 0.28160888, 0.032070424
13266141919000, -0.21502456, 0.28863382, 0.029932396
13266146937000, -0.22082779, 0.30634892, 0.034208454
13266151890000, -0.21777347, 0.31520647, 0.042760566
13266156937000, -0.23273966, 0.32620203, 0.045814894
13266161883000, -0.24251351, 0.33475417, 0.04642576
13266166899000, -0.25778514, 0.3399465, 0.051618114
13266171869000, -0.2724459, 0.34330627, 0.051923547
13266176921000, -0.27397305, 0.3585779, 0.057726767
13266181903000, -0.28771752, 0.3454443, 0.06811147
13266186927000, -0.30940324, 0.35888332, 0.065973446
13266191887000, -0.33261612, 0.35888332, 0.067500606
13266197001000, -0.33750305, 0.37995818, 0.074830994
13266201897000, -0.3539964, 0.39645153, 0.09040806
13266206962000, -0.3885103, 0.40683624, 0.087964594
13266211943000, -0.4129449, 0.43218717, 0.082161374
13266216936000, -0.42730024, 0.4447099, 0.09315695
13266221948000, -0.44715336, 0.45937067, 0.094989546
13266226959000, -0.45234573, 0.47616947, 0.11636983
13266231904000, -0.47158796, 0.50335294, 0.12064589
13266236899000, -0.49968776, 0.5348125, 0.13622294
13266241918000, -0.51068336, 0.5681047, 0.15149458
13266246956000, -0.54458636, 0.5919284, 0.16340645
13266251921000, -0.5635232, 0.6151413, 0.17623462
13266256950000, -0.57818395, 0.6411031, 0.19547687
13266262065000, -0.5934556, 0.6606508, 0.21105394
13266266949000, -0.6160576, 0.68875057, 0.22602014
13266272003000, -0.63194007, 0.7101309, 0.2501493
13266277060000, -0.6658431, 0.72387534, 0.26908615
13266282087000, -0.6881397, 0.7516697, 0.28802297
13266286905000, -0.7031059, 0.7706065, 0.3118467
13266291908000, -0.72784597, 0.7874053, 0.3173445
13266296959000, -0.7498371, 0.8072584, 0.33628133
13266301899000, -0.7761043, 0.8350528, 0.34880406
13266306963000, -0.8029824, 0.852157, 0.36987892
13266311916000, -0.8268061, 0.8720101, 0.3857614
13266316948000, -0.8536842, 0.89949906, 0.41050145
13266321870000, -0.87598073, 0.93676186, 0.4184427
13266326963000, -0.8875872, 0.97585726, 0.44532076
13266331944000, -0.9114109, 1.024421, 0.46578476
13266336968000, -0.9282097, 1.0439687, 0.49113566
13266341925000, -0.9242391, 1.072374, 0.5152648
13266346910000, -0.9068295, 1.0986412, 0.54092115
13266351893000, -0.88239485, 1.1279627, 0.5665775
13266356940000, -0.83108217, 1.1569787, 0.5870415
13266362004000, -0.7984009, 1.1823297, 0.6062838
13266366938000, -0.76144356, 1.2119566, 0.6435465
13266371916000, -0.71929383, 1.2470814, 0.67256266
13266376963000, -0.66431594, 1.2993103, 0.7107417
13266381937000, -0.6249151, 1.3481796, 0.7516697
13266386937000, -0.5665775, 1.3811663, 0.8014552
13266391918000, -0.50762904, 1.41904, 0.8436049
13266396948000, -0.4297437, 1.457219, 0.88453287
13266401939000, -0.3594942, 1.5030339, 0.9184359
13266406935000, -0.28893927, 1.5653422, 0.956615
13266411958000, -0.21960606, 1.6136005, 0.9981538
13266416940000, -0.15393804, 1.6310102, 1.0201449
13266422727000, -0.1151481, 1.7012597, 1.0522153
13266426968000, -0.053145275, 1.7687603, 1.0885619
13266431933000, 0.0070249503, 1.8267925, 1.1163563
13266436926000, 0.07238753, 1.8851302, 1.1426234
13266441900000, 0.14905111, 1.9343048, 1.1615603
13266446951000, 0.22540927, 1.9376645, 1.1728612
13266451959000, 0.30757064, 1.9248364, 1.1777482
13266456889000, 0.37782016, 1.8845193, 1.1777482
13266461977000, 0.46273044, 1.8393153, 1.1777482
13266466863000, 0.54733527, 1.7925841, 1.1691961
13266471949000, 0.6188065, 1.7290541, 1.1533136
13266477215000, 0.69058317, 1.6554449, 1.1340714
13266481981000, 0.75625116, 1.6062702, 1.106277
13266486926000, 0.8179486, 1.5515977, 1.0757337
13266491980000, 0.8912524, 1.5241088, 1.0461067
13266497108000, 0.9410379, 1.498147, 1.0210613
13266501936000, 1.0021244, 1.5213599, 0.9877691
13266506905000, 1.042747, 1.5656476, 0.9560041
13266512013000, 1.0885619, 1.5839735, 0.92271197
13266516904000, 1.1276573, 1.6264287, 0.9147707
13266521944000, 1.1429288, 1.6551393, 0.89644474
13266526898000, 1.1633929, 1.6911805, 0.8912524
13266531936000, 1.1847731, 1.7498235, 0.87964594
13266536884000, 1.2165382, 1.7873917, 0.8481864
13266541967000, 1.2406673, 1.8148806, 0.8222246
13266546941000, 1.2635747, 1.8359555, 0.7870999
13266551964000, 1.2913691, 1.8316795, 0.77121735
13266556931000, 1.3179418, 1.8099937, 0.7489208
13266561970000, 1.359786, 1.8069394, 0.72509706
13266566936000, 1.3833044, 1.788308, 0.68752885
13266571964000, 1.3927728, 1.783421, 0.65118235
13266576988000, 1.4004086, 1.7767016, 0.6032294
13266581967000, 1.4004086, 1.7605137, 0.559858
13266586933000, 1.3817772, 1.7281377, 0.505491
13266591972000, 1.3658947, 1.6890424, 0.45540005
13266596971000, 1.349096, 1.6276505, 0.38637227
13266601962000, 1.3295482, 1.5543466, 0.3381139
13266606912000, 1.2858714, 1.4914275, 0.29535335
13266612050000, 1.2415836, 1.4483615, 0.25167647
13266616977000, 1.2134838, 1.3738359, 0.22937989
13266621921000, 1.1838568, 1.3069462, 0.18448131
13266626951000, 1.1377366, 1.2330315, 0.1441642
13266631903000, 1.0958922, 1.1743884, 0.1020145
13266636935000, 1.0488557, 1.1273518, 0.06414085
13266641921000, 0.9941832, 1.0916162, 0.026267206
13266646946000, 0.94225967, 1.0647382, -0.009468411
13266651932000, 0.8912524, 1.0509937, -0.051618114
13266656963000, 0.8405506, 1.0403035, -0.10140363
13266661959000, 0.7901542, 1.0201449, -0.16218472
13266666938000, 0.72784597, 0.9914343, -0.21868975
13266671929000, 0.66767573, 1.0024298, -0.26267207
13266677050000, 0.636827, 1.0305296, -0.2883284
13266681934000, 0.59559363, 1.0207558, -0.34025195
13266686930000, 0.548557, 0.98654735, -0.40011674
13266691924000, 0.4804455, 0.93370754, -0.45753807
13266696950000, 0.42485678, 0.8927795, -0.48991394
13266701870000, 0.3830125, 0.88789266, -0.50885075
13266706950000, 0.33261612, 0.8915578, -0.52503866
13266711942000, 0.2855795, 0.86590147, -0.5357288
13266716932000, 0.25625798, 0.8246681, -0.54641896
13266721905000, 0.17959438, 0.78984874, -0.5360342
13266726944000, 0.11209377, 0.7965683, -0.5119051
13266731898000, 0.04734206, 0.79168135, -0.46670106
13266736923000, -0.0018325958, 0.79045963, -0.41080686
13266741956000, -0.04062254, 0.7883216, -0.34269542
13266747793000, -0.062308256, 0.7867944, -0.2773328
13266751954000, -0.09407325, 0.79626286, -0.21074851
13266756963000, -0.10995574, 0.8237518, -0.13713925
13266761936000, -0.13164146, 0.850019, -0.07360926
13266766934000, -0.12797627, 0.90194255, -0.012217305
13266771887000, -0.11209377, 0.9221011, 0.04886922
13266776912000, -0.06994407, 0.95142263, 0.118507855
13266781864000, -0.02565634, 0.94134337, 0.15424347
13266786923000, 0.008246681, 0.9202685, 0.18173242
13266791876000, 0.06383542, 0.9184359, 0.20280726
13266796940000, 0.087964594, 0.9007208, 0.19272798
13266801905000, 0.08827003, 0.86193085, 0.1695151
13266806916000, 0.081855945, 0.84116143, 0.106595986
13266812030000, 0.07513642, 0.8335256, 0.05222898
13266816931000, 0.045814894, 0.8527679, 0.028099801
13266821949000, -0.0030543262, 0.88117313, -0.030543262
13266826923000, -0.050396383, 0.9388999, -0.07574729
13266831935000, -0.12186762, 1.0228939, -0.12675454
13266836924000, -0.1695151, 1.1099422, -0.17165314
13266841914000, -0.23365596, 1.1896601, -0.21013765
13266846948000, -0.28099802, 1.2330315, -0.23579398
13266851931000, -0.32498032, 1.2458596, -0.23732115
13266856915000, -0.34300083, 1.2382239, -0.2434298
13266861935000, -0.38453966, 1.1985176, -0.23457226
13266866934000, -0.41233405, 1.1624765, -0.2125811
13266871922000, -0.46761733, 1.1417072, -0.19272798
13266877077000, -0.50701815, 1.1441506, -0.16462818
13266881931000, -0.5290093, 1.1404854, -0.15607607
13266886905000, -0.57696223, 1.1585059, -0.15882497
13266891909000, -0.677755, 1.1340714, -0.15332718
13266896918000, -0.7470882, 1.063211, -0.1423316
13266901924000, -0.79045963, 0.98807454, -0.11362094
13266906932000, -0.81214535, 0.9447031, -0.10903945
13266911953000, -0.8222246, 0.8720101, -0.08979719
13266916897000, -0.8210029, 0.79351395, -0.07360926
13266921929000, -0.8029824, 0.7318166, -0.048258353
13266926905000, -0.78801614, 0.64904433, -0.011301007
13266931940000, -0.732122, 0.52564955, 0.002443461
13266936978000, -0.70249504, 0.42302418, 0.0018325958
13266941908000, -0.6737844, 0.32253686, -0.01160644
13266947275000, -0.6291912, 0.24831672, -0.047036625
13266951917000, -0.6178902, 0.16187929, -0.0842994
13266956909000, -0.5907067, 0.051923547, -0.1328632
13266961997000, -0.5858198, -0.011911872, -0.18600847
13266966870000, -0.58246, 0.0015271631, -0.22235495
13266971926000, -0.60048056, 0.004581489, -0.24037547
13266976885000, -0.6032294, 0.050701816, -0.24129178
13266981937000, -0.60139686, 0.08032878, -0.21197024
13266986861000, -0.58246, 0.12217305, -0.17989981
13266991917000, -0.5458081, 0.15515977, -0.13500121
13266996878000, -0.4810564, 0.19730948, -0.05589417
13267001923000, -0.41172317, 0.25045475, 0.052534413
13267006912000, -0.3371976, 0.37720928, 0.102319926
13267011928000, -0.2932153, 0.41416663, 0.14660765
13267016912000, -0.24740042, 0.4529566, 0.21166481
13267021928000, -0.20647246, 0.40317106, 0.2996294
13267027044000, -0.2012801, 0.30176744, 0.3371976
13267031989000, -0.19058995, 0.20158553, 0.3295618
13267036968000, -0.18875736, 0.12186762, 0.35216382
13267041952000, -0.18784106, 0.04550946, 0.4007276
13267046973000, -0.1863139, -0.0290161, 0.4016439
13267051971000, -0.1826487, -0.09865474, 0.40225476
13267056985000, -0.18509217, -0.14844026, 0.42943826
13267061960000, -0.19914207, -0.19333886, 0.44990227
13267066958000, -0.22143865, -0.24007004, 0.4297437
13267071940000, -0.24251351, -0.34391713, 0.39828414
13267076921000, -0.24495697, -0.35308012, 0.42577308
13267081973000, -0.28680122, -0.31948254, 0.44990227
13267086945000, -0.31764993, -0.33414328, 0.45540005
13267091935000, -0.35430184, -0.37110063, 0.46181414
13267096946000, -0.38728857, -0.45753807, 0.46639562
13267101950000, -0.3839288, -0.4709771, 0.48655418
13267106928000, -0.41080686, -0.43401974, 0.50243664
13267111911000, -0.41447207, -0.4034765, 0.5161811
13267116939000, -0.40744713, -0.4166101, 0.5369505
13267121927000, -0.42241332, -0.44868052, 0.548557
13267126940000, -0.42241332, -0.4364632, 0.57818395
13267131935000, -0.43890667, -0.4370741, 0.6081163
13267136929000, -0.43249258, -0.46181414, 0.6224717
13267141917000, -0.4196644, -0.43768495, 0.6435465
13267146951000, -0.42332962, -0.38789943, 0.6719518
13267151899000, -0.44532076, -0.35979962, 0.7049385
13267156916000, -0.48441613, -0.3118467, 0.71868294
13267161892000, -0.514654, -0.2510656, 0.7324274
13267166949000, -0.52839845, -0.22724187, 0.7318166
13267171860000, -0.52564955, -0.23426682, 0.72112644
13267176941000, -0.54000485, -0.258396, 0.6942484
13267181864000, -0.57940567, -0.31612277, 0.6658431
13267186924000, -0.63041294, -0.3659083, 0.6273586
13267191880000, -0.68111473, -0.3717115, 0.59742624
13267196899000, -0.7141015, -0.31764993, 0.5296202
13267201882000, -0.7174612, -0.28160888, 0.49113566
13267206947000, -0.71929383, -0.22693644, 0.41538838
13267212065000, -0.7122689, -0.19333886, 0.34208453
13267216938000, -0.71959925, -0.1863139, 0.28069258
13267222028000, -0.7333437, -0.19303341, 0.22204952
13267226929000, -0.7623598, -0.19975294, 0.17592919
13267232125000, -0.786489, -0.20189096, 0.13744467
13267236928000, -0.8011498, -0.16371189, 0.13439035
13267243721000, -0.8145888, -0.035430185, 0.13439035
13267246890000, -0.8341365, 0.028099801, 0.12675454
13267251932000, -0.8200866, 0.15057829, 0.13072516
13267256919000, -0.8210029, 0.2959642, 0.12095132
13267261922000, -0.8142834, 0.43982297, 0.11759156
13267266941000, -0.79412484, 0.56107974, 0.100792766
13267271925000, -0.7797695, 0.6377433, 0.086132
13267276918000, -0.7510588, 0.66889745, 0.073303826
13267281881000, -0.7473936, 0.68539083, 0.035124753
13267286894000, -0.71685034, 0.70280045, 0.025045475
13267291953000, -0.6933321, 0.75533485, 0.028710667
13267296934000, -0.68966687, 0.7968737, 0.02687807
13267301921000, -0.69027776, 0.8604037, 0.029932396
13267306942000, -0.6914995, 0.915687, 0.022296581
13267311935000, -0.6808093, 0.9401216, -0.0015271631
13267316941000, -0.6753115, 0.9624182, -0.025350908
13267321968000, -0.68936145, 0.99082345, -0.03970624
13267326960000, -0.6979135, 1.0228939, -0.057421334
13267331970000, -0.7104363, 1.0677924, -0.0720821
13267336982000, -0.7501425, 1.0778717, -0.0729984
13267342006000, -0.77579886, 1.0940597, -0.087964594
13267346885000, -0.8170323, 1.07665, -0.12003502
13267351964000, -0.8323039, 1.0894781, -0.12950343
13267356801000, -0.8527679, 1.1340714, -0.13897185
13267361908000, -0.8536842, 1.1679744, -0.14813483
13267366790000, -0.8588765, 1.1817188, -0.15790866
13267371843000, -0.850019, 1.1994339, -0.17012598
13267376855000, -0.8597928, 1.2208142, -0.15882497
13267381856000, -0.8549059, 1.2614367, -0.15485434
13267386811000, -0.8793405, 1.2928963, -0.13927728
13267391835000, -0.88422745, 1.2962561, -0.12767084
13267396849000, -0.88178396, 1.3063353, -0.122783914
13267401865000, -0.8713993, 1.3246613, -0.10873401
13267406888000, -0.84513205, 1.352761, -0.08735373
13267411942000, -0.8045095, 1.4071281, -0.0720821
13267416869000, -0.77671516, 1.4587462, -0.055283304
13267421866000, -0.73456544, 1.5012014, -0.03481932
13267426924000, -0.7141015, 1.5308284, -0.019242255
13267431865000, -0.70341134, 1.5445728, 0.007330383
13267436881000, -0.7058548, 1.5833627, 0.026267206
13267441894000, -0.7110472, 1.6148223, 0.04428773
13267446887000, -0.72204274, 1.632232, 0.064751714
13267451901000, -0.72265357, 1.6420058, 0.0852157
13267456830000, -0.7293731, 1.640784, 0.0983493
13267461869000, -0.7330383, 1.6334536, 0.103847094
13267466892000, -0.73975784, 1.6157386, 0.118507855
13267471845000, -0.7257079, 1.632232, 0.12308934
13267477301000, -0.6960809, 1.627345, 0.12522738
13267481852000, -0.6960809, 1.6087136, 0.12095132
13267486994000, -0.7180721, 1.5894713, 0.12186762
13267491867000, -0.74281216, 1.5961909, 0.13194689
13267497102000, -0.7620544, 1.6087136, 0.13103059
13267502062000, -0.77854776, 1.6041322, 0.12644911
13267506819000, -0.7828238, 1.5592335, 0.14874569
13267511867000, -0.7846564, 1.4822645, 0.15424347
13267516819000, -0.786489, 1.3900238, 0.16890424
13267521815000, -0.7809912, 1.2843442, 0.19822577
13267526845000, -0.77732605, 1.2290609, 0.20372356
13267531815000, -0.7733554, 1.1890492, 0.21838433
13267536846000, -0.7657196, 1.1459832, 0.23365596
13267541845000, -0.763887, 1.0897835, 0.26175576
13267546822000, -0.7461719, 1.0790935, 0.27580565
13267551806000, -0.729984, 1.0974194, 0.27977628
13267556829000, -0.7171558, 1.102001, 0.30024028
13267561876000, -0.69974613, 1.1181889, 0.32284227
13267566831000, -0.6872234, 1.0937542, 0.35033122
13267571803000, -0.70402217, 1.0338894, 0.38789943
13267576857000, -0.7089091, 0.97402465, 0.42271876
13267581826000, -0.7049385, 0.9242391, 0.44104472
13267586826000, -0.6936375, 0.8866709, 0.4456262
13267591835000, -0.6835582, 0.8491027, 0.44409904
13267596899000, -0.68844515, 0.7819075, 0.43982297
13267601842000, -0.6765333, 0.66706485, 0.4202753
13267606830000, -0.68111473, 0.5513059, 0.41508293
13267611838000, -0.6835582, 0.44806966, 0.38698313
13267616837000, -0.68752885, 0.30818152, 0.30573806
13267621842000, -0.70066243, 0.19242255, 0.3042109
13267626897000, -0.72082096, 0.12217305, 0.31856623
13267631861000, -0.7312057, 0.03268129, 0.30726522
13267636881000, -0.7504479, -0.04917465, 0.30207285
13267641869000, -0.7528914, -0.082161374, 0.30757064
13267646919000, -0.75716746, -0.064446285, 0.30451632
13267651848000, -0.766025, -0.06169739, 0.31887165
13267656897000, -0.766025, -0.04520403, 0.33261612
13267661897000, -0.77182823, -0.039095376, 0.34300083
13267666953000, -0.77304995, -0.03970624, 0.3475823
13267671925000, -0.7858781, -0.059253927, 0.3381139
13267676952000, -0.81153446, -0.086132, 0.30970868
13267681954000, -0.80848014, -0.086132, 0.3390302
13267686935000, -0.8151997, -0.0983493, 0.33628133
13267691930000, -0.8240572, -0.09437868, 0.33383787
13267696972000, -0.82436264, -0.050396383, 0.32803464
13267701916000, -0.8454375, -0.01160644, 0.3191771
13267706968000, -0.8741482, -0.002443461, 0.30818152
13267711935000, -0.8891144, 0.022907447, 0.29443705
13267716975000, -0.9266826, 0.06261369, 0.30024028
13267721858000, -0.979217, 0.064751714, 0.30787608
13267726963000, -0.9978484, 0.043066, 0.3304781
13267731863000, -1.0106765, -0.016187929, 0.33536503
13267736962000, -1.001819, -0.076052725, 0.34972036
13267741971000, -0.9987647, -0.09682214, 0.35613444
13267746935000, -1.0045679, -0.048258353, 0.37110063
13267751923000, -1.0256428, -0.017715093, 0.3930918
13267756936000, -1.0348058, -0.03145956, 0.4120286
13267762017000, -1.0238101, -0.08399397, 0.41691554
13267766922000, -1.0027353, -0.092240654, 0.40866885
13267771933000, -0.9935723, -0.124005646, 0.41141775
13267776906000, -0.98471475, -0.19120082, 0.37507126
13267781925000, -0.9596693, -0.16371189, 0.38056904
13267786910000, -0.95539325, -0.08979719, 0.37018433
13267792033000, -0.9639453, -0.04917465, 0.35643986
13267796902000, -0.96944314, 0.019242255, 0.35155296
13267801932000, -0.9728029, 0.07849618, 0.34483343
13267806918000, -0.94959, 0.12461651, 0.32589662
13267811925000, -0.9242391, 0.14446963, 0.31306845
13267816950000, -0.90285885, 0.15118915, 0.31337386
13267821954000, -0.8762862, 0.17348573, 0.3051272
13267827534000, -0.86437434, 0.20647246, 0.3005457
13267831973000, -0.8552113, 0.25350907, 0.29260445
13267836964000, -0.8530733, 0.310625, 0.28405234
13267841954000, -0.86101454, 0.37720928, 0.2782491
13267846912000, -0.872621, 0.40469822, 0.26542094
13267851970000, -0.8790351, 0.4343252, 0.27122417
13267856905000, -0.8921687, 0.48258355, 0.28160888
13267862068000, -0.91782504, 0.5299256, 0.27366763
13267866862000, -0.95294976, 0.5384777, 0.27152961
13267871945000, -0.9746355, 0.47800204, 0.2843578
13267877069000, -1.0005972, 0.39828414, 0.30634892
13267881974000, -0.9960158, 0.3472769, 0.32742378
13267886990000, -0.97249746, 0.31673363, 0.33200526
13267891903000, -0.95294976, 0.28802297, 0.32925636
13267896887000, -0.9419542, 0.2003638, 0.31306845
13267901923000, -0.93401295, 0.105068825, 0.28038713
13267906874000, -0.93828905, -0.028710667, 0.20005837
13267911965000, -0.9633345, -0.13591751, 0.11881329
13267916902000, -0.9963212, -0.1881465, 0.04520403
13267921966000, -1.0390818, -0.22113322, -0.008857546
13267926901000, -1.0946705, -0.20952678, -0.0580322
13267931968000, -1.1481212, -0.17837265, -0.098043874
13267936858000, -1.1979067, -0.14660765, -0.13683382
13267941944000, -1.2403619, -0.1160644, -0.16340645
13267946877000, -1.2962561, -0.09865474, -0.17348573
13267951970000, -1.3552046, -0.044593163, -0.18570304
13267956881000, -1.4074335, 0.005497787, -0.19822577
13267961927000, -1.4398094, 0.07147124, -0.19456059
13267966886000, -1.4602734, 0.15699236, -0.19639318
13267971924000, -1.4605788, 0.21380283, -0.20769419
13267976940000, -1.4517213, 0.21594086, -0.20677789
13267981944000, -1.4419475, 0.18906279, -0.19853121
13267986953000, -1.4193454, 0.18325958, -0.18692477
13267991932000, -1.4095715, 0.1563815, -0.1695151
13267996992000, -1.4025466, 0.096516706, -0.14660765
13268001938000, -1.3833044, 0.07666359, -0.100792766
13268006961000, -1.3591752, 0.069027774, -0.05955936
13268011957000, -1.3316863, 0.076052725, -0.004581489
13268016939000, -1.2986995, 0.093767814, 0.06383542
13268021935000, -1.2657127, 0.08277224, 0.12522738
13268026940000, -1.2586879, 0.076052725, 0.18203785
13268031928000, -1.2385293, 0.11056661, 0.24281894
13268036925000, -1.2226468, 0.15485434, 0.29810223
13268041953000, -1.1936307, 0.1863139, 0.34972036
13268046966000, -1.174083, 0.18784106, 0.40561453
13268051941000, -1.2018774, 0.19792034, 0.4538729
13268056964000, -1.2391402, 0.18234327, 0.50854534
13268061909000, -1.2608259, 0.15302174, 0.55863625
13268066950000, -1.2568552, 0.12980886, 0.59620446
13268071891000, -1.2140946, 0.124311075, 0.61727935
13268076958000, -1.1450669, 0.1432479, 0.6411031
13268081902000, -1.0821478, 0.17592919, 0.6404922
13268086924000, -1.0479393, 0.1994475, 0.65057147
13268091897000, -1.0528263, 0.26633725, 0.6560693
13268096921000, -1.0604621, 0.30482176, 0.6621779
13268101937000, -1.0925325, 0.33078352, 0.66981375
13268106938000, -1.1099422, 0.3200934, 0.68019843
13268111979000, -1.1551461, 0.28924468, 0.68508536
13268117052000, -1.208597, 0.27305678, 0.6908886
13268121935000, -1.2617421, 0.28099802, 0.7079928
13268126966000, -1.3292428, 0.2761111, 0.7165449
13268131940000, -1.4071281, 0.28588495, 0.7315111
13268136934000, -1.4703526, 0.30115658, 0.74189585
13268142137000, -1.527774, 0.31520647, 0.75594574
13268146948000, -1.568091, 0.3191771, 0.763887
13268152568000, -1.5845845, 0.3399465, 0.7877107
13268156937000, -1.6172657, 0.36468655, 0.8170323
13268162113000, -1.6517797, 0.37323865, 0.8491027
13268166939000, -1.690875, 0.39003745, 0.8741482
13268172209000, -1.7150042, 0.38362336, 0.8912524
13268176971000, -1.7421877, 0.2959642, 0.91538155
13268181897000, -1.7724255, 0.21746802, 0.8933904
13268187054000, -1.7922786, 0.044898596, 0.9230174
13268191921000, -1.7895297, -0.070554934, 0.9569204
13268196944000, -1.7815884, -0.19608775, 1.0338894
13268201903000, -1.7889189, -0.32375857, 1.0626001
13268206938000, -1.7993035, -0.4251622, 1.0806206
13268211988000, -1.7971655, -0.5225952, 1.1184943
13268216949000, -1.7889189, -0.5580254, 1.1630874
13268221904000, -1.745242, -0.5702427, 1.2067643
13268226950000, -1.677436, -0.59315014, 1.2479976
13268231920000, -1.6328428, -0.6246097, 1.2861768
13268236939000, -1.5806139, -0.6478226, 1.3154984
13268241934000, -1.5589281, -0.70829827, 1.3344351
13268246953000, -1.5109752, -0.77396625, 1.352761
13268251957000, -1.5070046, -0.8023715, 1.3622295
13268256937000, -1.5158621, -0.73945236, 1.3808609
13268261964000, -1.534188, -0.67164636, 1.3646729
13268266962000, -1.5528195, -0.6062838, 1.3301591
13268271936000, -1.5714508, -0.5705481, 1.3252722
13268276963000, -1.568091, -0.38973203, 1.3008375
13268281909000, -1.5732834, -0.30268374, 1.2586879
13268286892000, -1.5894713, -0.15485434, 1.2333369
13268291943000, -1.63437, 0.057421334, 1.2040154
13268296910000, -1.6789632, 0.27488935, 1.1343768
13268301897000, -1.6969837, 0.4550946, 1.0567969
13268306915000, -1.6826283, 0.57726765, 0.9923506
13268311904000, -1.6630806, 0.6423248, 0.92149025
13268316914000, -1.6627752, 0.6065892, 0.8564331
13268321922000, -1.6737708, 0.57360244, 0.8038987
13268326925000, -1.6902641, 0.52870387, 0.7663304
13268331911000, -1.6975945, 0.45906523, 0.75594574
13268336927000, -1.704925, 0.40530908, 0.7480045
13268341927000, -1.7305813, 0.36713, 0.7415904
13268346944000, -1.7571539, 0.36163223, 0.75411314
13268351870000, -1.785559, 0.33841935, 0.7648033
13268356847000, -1.8057177, 0.28008172, 0.77854776
13268361892000, -1.7996091, 0.22143865, 0.81183994
13268366852000, -1.7763962, 0.20311269, 0.8399397
13268371848000, -1.7595973, 0.19883664, 0.88208944
13268376889000, -1.7183639, 0.19120082, 0.93859446
13268381851000, -1.6612481, 0.1740966, 0.9651671
13268386850000, -1.629483, 0.105068825, 1.026559
13268391847000, -1.5409076, 0.041233405, 1.0940597
13268396852000, -1.462106, -0.0027488936, 1.1814134
13268401925000, -1.3799446, -0.029626964, 1.2577715
13268406940000, -1.3045027, -0.046731193, 1.3411547
13268411973000, -1.2278391, -0.034208454, 1.4337007
13268417139000, -1.1484267, -0.03268129, 1.5763378
13268421938000, -1.070236, -0.033292156, 1.677436
13268426949000, -1.010982, -0.005192355, 1.7595973
13268431948000, -0.9624182, 0.024740042, 1.8570304
13268436935000, -0.93523467, 0.06291912, 1.9611828
13268441937000, -0.95172805, 0.1255328, 2.0726657
13268446902000, -0.9837985, 0.16890424, 2.1691825
13268451935000, -1.0183123, 0.21868975, 2.2516494
13268456933000, -1.0390818, 0.25289822, 2.2956316
13268461984000, -1.0552697, 0.31337386, 2.332589
13268467123000, -1.0439687, 0.39767328, 2.363743
13268471935000, -1.0552697, 0.4908302, 2.3506095
13268477665000, -1.0848967, 0.54061574, 2.3258693
13268481937000, -1.1612549, 0.55741453, 2.302351
13268486907000, -1.1917981, 0.59223384, 2.2724187
13268491934000, -1.2864822, 0.57604593, 2.2296581
13268496939000, -1.3625349, 0.62949663, 2.2000313
13268501941000, -1.4566082, 0.6646214, 2.147802
13268506949000, -1.5384641, 0.6808093, 2.0732768
13268512028000, -1.6081028, 0.7134906, 1.9956968
13268516973000, -1.6542231, 0.72784597, 1.9129245
13268521937000, -1.711339, 0.72021013, 1.8341229
13268526936000, -1.7730364, 0.713796, 1.774869
13268531937000, -1.8359555, 0.7498371, 1.7373008
13268536938000, -1.8790215, 0.8524625, 1.7302758
13268541933000, -1.9113973, 0.97585726, 1.7293595
13268546944000, -1.8979583, 1.0897835, 1.7650951
13268551934000, -1.8597792, 1.2284501, 1.8032742
13268556942000, -1.8188512, 1.3817772, 1.8472565
13268562008000, -1.7736472, 1.5381587, 1.8930714
13268566971000, -1.7663169, 1.6368134, 1.930945
13268571935000, -1.7519615, 1.6572775, 1.9468275
13268577013000, -1.7654005, 1.641395, 1.9165897
13268581936000, -1.785559, 1.5833627, 1.8955148
13268586935000, -1.7941113, 1.5103643, 1.8307631
13268591908000, -1.8041905, 1.4043792, 1.785559
13268596947000, -1.7724255, 1.3112222, 1.7055358
13268601932000, -1.7418822, 1.219287, 1.598329
13268606936000, -1.7348573, 1.1441506, 1.4682146
13268611999000, -1.745242, 1.0586295, 1.3833044
13268616928000, -1.7736472, 0.9673051, 1.2999213
13268621915000, -1.7660115, 0.8717047, 1.2348641
13268626956000, -1.754405, 0.77213365, 1.1478158
13268631896000, -1.7143933, 0.70646566, 1.0836749
13268636935000, -1.6893479, 0.6844745, 0.99082345
13268642226000, -1.6255124, 0.659429, 0.9239337
13268646962000, -1.5613716, 0.59773165, 0.84849185
13268651905000, -1.5066991, 0.5216789, 0.7883216
13268656941000, -1.4422529, 0.45142943, 0.7287622
13268662077000, -1.382999, 0.39767328, 0.6588182
13268667000000, -1.317331, 0.33322698, 0.58093286
13268671934000, -1.2483032, 0.28985557, 0.5174029
13268676907000, -1.1731668, 0.2666427, 0.48441613
13268681919000, -1.1307116, 0.19394971, 0.42394048
13268686914000, -1.0250319, 0.11636983, 0.3472769
13268692012000, -0.93370754, 0.03359759, 0.26908615
13268696973000, -0.8188649, -0.04886922, 0.18387043
13268701885000, -0.6960809, -0.14202617, 0.09468412
13268706938000, -0.56596667, -0.2593123, 3.0543262E-4
13268712233000, -0.4578435, -0.39736784, -0.086132
13268716943000, -0.35063666, -0.5155703, -0.18081611
13268722280000, -0.24678956, -0.6301075, -0.26328292
13268727031000, -0.11789699, -0.74036866, -0.344528
13268731903000, 0.027488936, -0.8561276, -0.4352415
13268736935000, 0.1872302, -0.9627236, -0.5161811
13268741925000, 0.34483343, -1.056186, -0.5879578
13268746950000, 0.49968776, -1.1520919, -0.61422503
13268751892000, 0.6441574, -1.2476922, -0.64751714
13268756941000, 0.7806858, -1.3246613, -0.6575964
13268761977000, 0.9230174, -1.3952162, -0.67103547
13268766960000, 1.0424415, -1.4740179, -0.65576386
13268771937000, 1.1667526, -1.5173893, -0.63438356
13268776916000, 1.2873985, -1.5748106, -0.6206391
13268781963000, 1.3481796, -1.5674802, -0.58246
13268786926000, 1.4810427, -1.5647314, -0.5488624
13268791949000, 1.6142114, -1.5448782, -0.5018258
13268796960000, 1.7556267, -1.491733, -0.45051312
13268801939000, 1.8729129, -1.421178, -0.42180246
13268806942000, 1.9807305, -1.3552046, -0.3857614
13268811949000, 2.068695, -1.248914, -0.35521814
13268816950000, 2.1529946, -1.0965031, -0.33964106
13268821955000, 2.250122, -0.9477574, -0.30634892
13268826957000, 2.3112087, -0.7974846, -0.25534168
13268831974000, 2.3612995, -0.6969972, -0.17989981
13268836946000, 2.3726006, -0.65270954, -0.10445796
13268841956000, 2.359467, -0.6646214, -0.021991149
13268846948000, 2.3176227, -0.66645396, 0.06688975
13268851966000, 2.262034, -0.6221663, 0.17867808
13268856957000, 2.205529, -0.5161811, 0.321926
13268862006000, 2.195755, -0.4007276, 0.4615087
13268866964000, 2.1584923, -0.36865717, 0.5861252
13268872495000, 2.0949624, -0.364992, 0.6994407
13268877074000, 2.0332649, -0.3481932, 0.81153446
13268881976000, 1.9947804, -0.3203988, 0.86009824
13268887072000, 1.9682078, -0.344528, 0.94959
13268891905000, 1.9364429, -0.38698313, 1.0177015
13268896915000, 1.8939877, -0.36346483, 1.0442741
13268901922000, 1.8716911, -0.27152961, 1.0259482
13268907028000, 1.8322903, -0.16768251, 0.9993755
13268911995000, 1.7916678, -0.116675265, 0.9468411
13268916920000, 1.7583756, -0.13897185, 0.8762862
13268921966000, 1.7373008, -0.16310102, 0.7861836
13268926904000, 1.6749926, -0.28802297, 0.70341134
13268931954000, 1.5748106, -0.5119051, 0.6197228
13268936904000, 1.4731015, -0.7309003, 0.53878313
13268941902000, 1.3771957, -0.9138544, 0.44868052
13268946953000, 1.2541064, -1.0454959, 0.36346483
13268951965000, 1.1304061, -1.0876455, 0.28802297
13268956964000, 1.0219775, -0.9963212, 0.22540927
13268962014000, 0.9080512, -0.8921687, 0.16035213
13268966975000, 0.80848014, -0.675617, 0.11362094
13268971961000, 0.7305948, -0.5467244, 0.09712757
13268976951000, 0.7107417, -0.29901853, 0.0888809
13268981945000, 0.6658431, -0.06719518, 0.09193522
13268986937000, 0.6585127, 0.06566802, 0.06811147
13268991950000, 0.65179324, 0.10873401, 0.030543262
13268996949000, 0.66950834, 0.07696902, -0.03726278
13269001951000, 0.6933321, 0.022296581, -0.11026118
13269006944000, 0.7171558, -0.015882496, -0.18936823
13269012243000, 0.7528914, -0.030543262, -0.24923302
13269016941000, 0.78984874, -0.050396383, -0.3286455
13269022287000, 0.8558222, -0.06994407, -0.38026363
13269026920000, 0.9034697, -0.064446285, -0.42119157
13269031912000, 0.90285885, -0.129198, -0.46578476
13269036929000, 0.86529064, -0.27000242, -0.50793445
13269041877000, 0.81092364, -0.41813725, -0.550695
13269046891000, 0.73823065, -0.5671884, -0.59437186
13269051930000, 0.64843345, -0.7165449, -0.6441574
13269056907000, 0.5907067, -0.7993172, -0.7144069
13269062009000, 0.539394, -0.82833326, -0.7840455
13269066953000, 0.47800204, -0.83108217, -0.8713993
13269071923000, 0.38698313, -0.8564331, -0.9221011
13269076955000, 0.34208453, -0.80481493, -1.003957
13269081974000, 0.22266038, -0.73945236, -1.0986412
13269086904000, 0.067500606, -0.82894415, -1.1872166
13269091945000, -0.056505036, -0.9868528, -1.2739595
13269096936000, -0.1572978, -1.1270463, -1.3573426
13269101940000, -0.2415972, -1.2596041, -1.4263704
13269106963000, -0.30695978, -1.349096, -1.5063937
13269111958000, -0.35185838, -1.368949, -1.5564847
13269117081000, -0.37598756, -1.1881329, -1.5143349
13269121951000, -0.410196, -0.9798279, -1.4248432
13269127012000, -0.41386122, -0.8564331, -1.3142766
13269131968000, -0.4166101, -0.7690793, -1.2315043
13269137278000, -0.4373795, -0.7296785, -1.14018
13269141948000, -0.4392121, -0.6762278, -1.0256428
13269146865000, -0.4550946, -0.59406644, -0.9056077
13269151971000, -0.44623706, -0.50701815, -0.77579886
13269156878000, -0.41905355, -0.44532076, -0.6398814
13269162081000, -0.3680463, -0.4364632, -0.48838675
13269166864000, -0.32803464, -0.4352415, -0.4202753
13269171941000, -0.2959642, -0.44837508, -0.30451632
13269176889000, -0.2321288, -0.4569272, -0.18234327
13269181963000, -0.17684549, -0.44532076, -0.08246681
13269186862000, -0.124311075, -0.41874814, 0.004276057
13269191940000, -0.064751714, -0.37995818, 0.07452556
13269197474000, -0.02107485, -0.34880406, 0.13194689
13269201951000, 9.162979E-4, -0.344528, 0.1872302
13269206959000, 0.018325957, -0.33475417, 0.22021692
13269211973000, 0.032375857, -0.32162055, 0.2443461
13269216933000, 0.050701816, -0.3203988, 0.2507602
13269221965000, 0.07391469, -0.31856623, 0.2742785
13269226958000, 0.076052725, -0.28069258, 0.29077184
13269231946000, 0.07941248, -0.22999077, 0.30390546
13269236959000, 0.08246681, -0.14660765, 0.30879238
13269241941000, 0.09101892, -0.05589417, 0.3100141
13269246943000, 0.08155051, 0.038179077, 0.29840767
13269251965000, 0.06505715, 0.119729586, 0.2733622
13269256925000, 0.06566802, 0.20189096, 0.25350907
13269261951000, 0.044898596, 0.2782491, 0.21227567
13269266870000, 0.0290161, 0.3042109, 0.18600847
13269271916000, 0.014966198, 0.3481932, 0.1386664
13269276951000, -0.02107485, 0.3839288, 0.101098195
13269281905000, -0.057726767, 0.3979787, 0.034208454
13269286899000, -0.10262536, 0.4034765, -0.008246681
13269291931000, -0.1337795, 0.39858958, -0.06169739
13269296958000, -0.15974127, 0.37965274, -0.10262536
13269301888000, -0.17928895, 0.3494149, -0.14905111
13269306911000, -0.20341812, 0.32711834, -0.17440203
13269311911000, -0.20463985, 0.30024028, -0.20586158
13269316915000, -0.20555615, 0.2764165, -0.22296582
13269321904000, -0.20219639, 0.2519819, -0.23854288
13269326911000, -0.19761491, 0.23976462, -0.24678956
13269331929000, -0.17104226, 0.23701571, -0.25809056
13269336939000, -0.1685988, 0.23426682, -0.26358834
13269342230000, -0.15851954, 0.226631, -0.26175576
13269346945000, -0.1518, 0.23273966, -0.26328292
13269351894000, -0.14813483, 0.23151793, -0.2574797
13269356852000, -0.13164146, 0.22815818, -0.26542094
13269361865000, -0.12186762, 0.22113322, -0.26450464
13269366849000, -0.112399206, 0.21227567, -0.26297748
13269371853000, -0.10751228, 0.19303341, -0.2574797
13269376872000, -0.09407325, 0.16401732, -0.25503623
13269381851000, -0.093462385, 0.13316862, -0.25045475
13269386849000, -0.08735373, 0.09712757, -0.24587326
13269391835000, -0.07574729, 0.06169739, -0.23487769
13269396861000, -0.076052725, 0.028710667, -0.23273966
13269401924000, -0.07452556, 0.028710667, -0.23609942
13269406926000, -0.062002823, -0.03604105, -0.22204952
13269412068000, -0.062308256, -0.063224554, -0.21868975
13269416946000, -0.05222898, -0.077579886, -0.19394971
13269421894000, -0.028099801, -0.07513642, -0.17104226
13269426956000, -0.019547688, -0.07086037, -0.15760323
13269431924000, -0.014049901, -0.062002823, -0.13622294
13269436937000, 0.0015271631, -0.047036625, -0.119729586
13269442207000, 0.009468411, -0.03604105, -0.11759156
13269446942000, 0.00580322, -0.01740966, -0.11575896
13269452854000, 0.006414085, -0.005192355, -0.10873401
13269456979000, 9.162979E-4, 0.016493361, -0.108123146
13269462807000, -3.0543262E-4, 0.04428773, -0.10476339
13269466948000, -0.003970624, 0.05497787, -0.10934488
13269472300000, -0.007330383, 0.045814894, -0.092240654
13269476912000, 0.003970624, 0.034513887, -0.09682214
13269481897000, -0.004276057, 0.016187929, -0.08674286
13269487043000, 0.005192355, 0.005497787, -0.083383106
13269491883000, 0.005192355, -0.032375857, -0.081855945
13269496912000, 0.007330383, -0.065973446, -0.073303826
13269501866000, 0.010079277, -0.0870483, -0.073303826
13269506916000, 0.009162978, -0.10720685, -0.06841691
13269511911000, 0.017104227, -0.10842858, -0.06841691
13269517021000, 0.00580322, -0.1151481, -0.06627888
13269521880000, 0.013133603, -0.118507855, -0.06505715
13269526913000, 0.004581489, -0.10934488, -0.06291912
13269531937000, -0.008246681, -0.10445796, -0.06078109
13269536924000, 0.0018325958, -0.09254608, -0.059864793
13269541921000, -0.00580322, -0.083383106, -0.05375614
13269546930000, -0.016187929, -0.06811147, -0.04520403
13269551929000, -0.025961773, -0.06078109, -0.041233405
13269556993000, -0.024740042, -0.05467244, -0.035430185
13269561996000, -0.028099801, -0.050701816, -0.032375857
13269566933000, -0.021685716, -0.058337633, -0.024740042
13269571917000, -0.022907447, -0.054367006, -0.017715093
13269576910000, -0.018020526, -0.052534413, -0.002443461
13269581899000, -0.02321288, -0.054061573, -0.003970624
13269586908000, -0.02565634, -0.05131268, -0.004581489
13269592568000, -0.03604105, -0.04428773, 0.005497787
13269597006000, -0.040927973, -0.035430185, 0.01038471
13269601934000, -0.03481932, -0.003970624, 0.01863139
13269606896000, -0.030848695, 0.016493361, 0.018325957
13269611961000, -0.038789943, 0.029626964, 0.032070424
13269616922000, -0.040927973, 0.05681047, 0.032375857
13269621930000, -0.05375614, 0.059253927, 0.03145956
13269626888000, -0.050701816, 0.06566802, 0.03604105
13269631938000, -0.06719518, 0.06688975, 0.02687807
13269636908000, -0.08246681, 0.050701816, 0.028710667
13269641912000, -0.07360926, 0.028710667, 0.027488936
13269646865000, -0.08032878, 0.01038471, 0.018936822
13269651928000, -0.089491755, -0.02107485, 0.008246681
13269656893000, -0.09682214, -0.040011674, -0.0018325958
13269662021000, -0.09468412, -0.06780604, -0.009468411
13269666972000, -0.092240654, -0.077579886, -0.01160644
13269671921000, -0.1020145, -0.07666359, -0.022296581
13269676947000, -0.10629055, -0.06352998, -0.03940081
13269681941000, -0.119729586, -0.053145275, -0.05467244
13269687069000, -0.11301007, -0.03145956, -0.06383542
13269691927000, -0.10567969, 6.1086525E-4, -0.071776666
13269696912000, -0.11301007, 0.025961773, -0.07666359
13269701936000, -0.12675454, 0.048563786, -0.076358154
13269706900000, -0.1151481, 0.07574729, -0.07941248
13269711998000, -0.10873401, 0.09560041, -0.07696902
13269717013000, -0.105068825, 0.09682214, -0.07086037
13269721936000, -0.10995574, 0.105374254, -0.07513642
13269726872000, -0.09987647, 0.098043874, -0.07086037
13269731941000, -0.09285152, 0.094989546, -0.0720821
13269736860000, -0.089186326, 0.07544186, -0.059253927
13269741932000, -0.07941248, 0.06780604, -0.051923547
13269746910000, -0.056505036, 0.051618114, -0.046120327
13269751934000, -0.062002823, 0.029626964, -0.03481932
13269756902000, -0.04917465, 0.026572637, -0.03176499
13269761972000, -0.044593163, 0.0125227375, -0.026267206
13269766901000, -0.037873644, -0.005192355, -0.021685716
13269771930000, -0.01863139, -0.015882496, -0.020158553
13269776911000, -0.014966198, -0.020463986, -0.018325957
13269781939000, -0.008246681, -0.023823744, -0.012217305
13269786910000, -0.0018325958, -0.021685716, -0.00580322
13269791931000, 6.1086525E-4, -0.0125227375, 0.030848695
13269796919000, 0.030848695, 0.009468411, 0.032986723
13269801935000, 0.04550946, 0.010995574, 0.04550946
13269806912000, 0.054061573, 0.040927973, 0.05955936
13269812142000, 0.049480084, 0.036651913, 0.052839845
13269816954000, 0.044898596, 0.018936822, 0.044593163
13269821932000, 0.032070424, 0.02076942, 0.04795292
13269826900000, 0.026267206, 0.02076942, 0.053145275
13269831932000, 0.02565634, 0.035124753, 0.04734206
13269836927000, 0.014966198, 0.059253927, 0.051923547
13269841905000, -0.0076358155, 0.07788532, 0.044898596
13269847602000, -0.027794369, 0.092240654, 0.044898596
13269851921000, -0.03634648, 0.09621128, 0.0421497
13269856900000, -0.0421497, 0.09712757, 0.04184427
13269861940000, -0.056505036, 0.096516706, 0.033292156
13269866927000, -0.06719518, 0.1001819, 0.022907447
13269871927000, -0.07849618, 0.099265605, 0.015271631
13269876918000, -0.08735373, 0.06627888, 0.0033597588
13269881937000, -0.09590584, 0.033292156, -0.0070249503
13269886927000, -0.108123146, 0.013439035, -0.01160644
13269891907000, -0.100792766, -0.014049901, -0.018325957
13269896967000, -0.09407325, -0.021685716, -0.018936822
13269901925000, -0.09468412, -0.039095376, -0.025045475
13269906903000, -0.09682214, -0.055588737, -0.021380283
13269911998000, -0.0852157, -0.076052725, -0.027488936
13269916908000, -0.06658431, -0.07269296, -0.012217305
13269921928000, -0.06078109, -0.07544186, -0.016187929
13269926908000, -0.054061573, -0.06811147, -0.016493361
13269931933000, -0.039095376, -0.056505036, -0.005497787
13269936930000, -0.03481932, -0.04886922, 0.0027488936
13269941917000, -0.028405234, -0.03756821, 0.004886922
13269946929000, -0.032070424, -0.02107485, 0.013439035
13269951911000, -0.024740042, -0.020463986, 0.022602014
13269956903000, -0.03145956, -0.004581489, 0.029626964
13269961956000, -0.025350908, 0.0036651916, 0.03726278
13269966992000, -0.02076942, 0.007330383, 0.03145956
13269971894000, -0.02443461, 0.0106901415, 0.046120327
13269976920000, -0.029321533, 0.007941248, 0.04795292
13269981884000, -0.021685716, 0.005497787, 0.054061573
13269986864000, -0.009162978, 0.007941248, 0.056505036
13269991881000, -0.015271631, 0.002443461, 0.058337633
13269996941000, -0.01038471, -0.008246681, 0.06047566
13270001856000, -0.011301007, -0.008857546, 0.052534413
13270006947000, -0.01038471, -0.009773844, 0.0571159
13270011915000, -0.007330383, -0.01282817, 0.05681047
13270016933000, -0.011911872, -0.005192355, 0.04734206
13270021891000, -0.023518313, -0.006414085, 0.050701816
13270026917000, -0.031154128, -0.016798794, 0.05131268
13270031922000, -0.03145956, -0.009773844, 0.043982297
13270036935000, -0.03573562, -0.0070249503, 0.04153884
13270041937000, -0.03604105, -0.01282817, 0.03604105
13270046965000, -0.038179077, -0.020158553, 0.029932396
13270051941000, -0.026572637, -0.022296581, 0.03268129
13270056946000, -0.029321533, -0.022296581, 0.0290161
13270061984000, -0.03023783, -0.028099801, 0.02565634
13270067020000, -0.02443461, -0.027183503, 0.03176499
13270071931000, -0.028710667, -0.027794369, 0.024740042
13270077031000, -0.021685716, -0.03268129, 0.01740966
13270081915000, -0.019242255, -0.03634648, 0.02687807
13270086934000, -0.020158553, -0.03145956, 0.020463986
13270092273000, -0.023823744, -0.03481932, 0.018325957
13270096978000, -0.025350908, -0.026267206, 0.021685716
13270101921000, -0.011911872, -0.018325957, 0.025961773
13270106895000, -0.02565634, -0.015271631, 0.026572637
13270112431000, -0.026267206, -0.01282817, 0.02321288
13270116984000, -0.017104227, -9.162979E-4, 0.019547688
13270122236000, -0.002443461, 0.011911872, 0.02687807
13270126920000, -0.015271631, 0.006414085, 0.0290161
13270131927000, -0.01282817, 0.022296581, 0.032375857
13270136933000, -0.028405234, 0.027183503, 0.034208454
13270141912000, -0.023518313, 0.036651913, 0.029321533
13270146951000, -0.03023783, 0.037873644, 0.031154128
13270151900000, -0.029321533, 0.03726278, 0.032070424
13270156903000, -0.040011674, 0.03634648, 0.036651913
13270161982000, -0.040011674, 0.04062254, 0.029321533
13270166996000, -0.030848695, 0.03756821, 0.028710667
13270171884000, -0.024740042, 0.040011674, 0.03176499
13270176939000, -0.040011674, 0.035124753, 0.024740042
13270181926000, -0.04428773, 0.032986723, 0.018325957
13270186928000, -0.03604105, 0.031154128, 0.022907447
13270191938000, -0.036957346, 0.035124753, 0.016798794
13270196952000, -0.032070424, 0.032986723, 0.015577064
13270201939000, -0.040317107, 0.03359759, 0.016493361
13270206944000, -0.04520403, 0.01985312, 0.0067195175
13270212097000, -0.047647487, 0.025045475, 0.009773844
13270217019000, -0.040317107, 0.02687807, 0.01282817
13270221935000, -0.038789943, 0.018325957, 0.004581489
13270226905000, -0.043676864, 0.011301007, 0.008552114
13270231939000, -0.046731193, 0.015271631, 0.009468411
13270236875000, -0.050701816, 0.015271631, 0.009162978
13270241939000, -0.04642576, 0.0106901415, 0.004581489
13270246941000, -0.046731193, 0.005192355, 0.004276057
13270251908000, -0.054061573, 0.0067195175, 0.009468411
13270257072000, -0.04550946, 0.008857546, 0.016798794
13270261967000, -0.04062254, -9.162979E-4, 0.017104227
13270267026000, -0.03390302, 0.0033597588, 0.011911872
13270271918000, -0.03359759, 0.0070249503, 0.025350908
13270276957000, -0.041233405, 0.011911872, 0.021685716
13270281966000, -0.025961773, 0.016798794, 0.026572637
13270286894000, -0.022602014, 0.008552114, 0.02565634
13270291956000, -0.018936822, 0.012217305, 0.02321288
13270296948000, -0.0143553335, 0.0125227375, 0.022296581
13270301953000, -0.023823744, 0.011911872, 0.02565634
13270306958000, -0.021991149, 0.016187929, 0.021991149
13270311935000, -0.017104227, 0.02321288, 0.02687807
13270316914000, -0.028405234, 0.020463986, 0.02107485
13270321963000, -0.035430185, 0.021991149, 0.022602014
13270326939000, -0.05375614, 0.021380283, 0.01863139
13270331956000, -0.048258353, 0.02076942, 0.010995574
13270336971000, -0.049480084, 0.021685716, 0.012217305
13270341966000, -0.05009095, 0.016798794, 0.009162978
13270347009000, -0.04795292, 0.013744468, 0.0076358155
13270351955000, -0.06261369, 0.016798794, 0.008857546
13270356933000, -0.06291912, 0.0143553335, 0.0067195175
13270362060000, -0.06505715, 0.004581489, -6.1086525E-4
13270367066000, -0.07422013, 0.007941248, 3.0543262E-4
13270371967000, -0.06383542, 0.009468411, -0.0067195175
13270376901000, -0.067500606, 0.014660766, 0.0021380284
13270382073000, -0.0720821, 0.010079277, 0.007941248
13270386942000, -0.06383542, 0.014049901, 6.1086525E-4
13270391953000, -0.06811147, 0.030848695, 0.0021380284
13270396936000, -0.07819075, 0.028405234, 0.008857546
13270401930000, -0.07269296, 0.034208454, 0.008857546
13270406991000, -0.076358154, 0.032070424, 0.009773844
13270411919000, -0.07452556, 0.024129177, 0.016187929
13270416929000, -0.06994407, 0.020463986, 0.014660766
13270421916000, -0.059253927, 0.01160644, 0.0143553335
13270426938000, -0.06047566, 0.008246681, 0.016187929
13270431891000, -0.050396383, 0.005192355, 0.026572637
13270436939000, -0.05222898, -9.162979E-4, 0.027183503
13270441873000, -0.033292156, -0.0036651916, 0.02687807
13270446902000, -0.036957346, -0.0076358155, 0.024129177
13270451873000, -0.035430185, -0.009468411, 0.018936822
13270456940000, -0.019547688, -0.0125227375, 0.025350908
13270461932000, -0.01740966, -0.0125227375, 0.01985312
13270466962000, -0.007941248, -0.015271631, 0.022602014
13270471894000, -0.016493361, -0.0125227375, 0.025350908
13270476964000, -0.014966198, -0.021380283, 0.028099801
13270481933000, -0.01282817, -0.01160644, 0.023823744
13270486946000, -0.0027488936, -0.01740966, 0.028405234
13270491927000, -0.004276057, -0.01740966, 0.02687807
13270496951000, -0.0027488936, -0.015577064, 0.027183503
13270501944000, -0.0015271631, -0.02443461, 0.029626964
13270506992000, -0.004581489, -0.017715093, 0.022296581
13270511948000, -0.006414085, -0.01038471, 0.031154128
13270516976000, -0.0015271631, -0.01038471, 0.035124753
13270521933000, 0.0036651916, -0.014660766, 0.042760566
13270526958000, 0.0027488936, -0.01740966, 0.029626964
13270531928000, -0.0061086523, -0.0015271631, 0.028405234
13270536970000, -0.01038471, -6.1086525E-4, 0.022296581
13270541917000, -0.015882496, -0.0015271631, 0.021685716
13270546965000, -0.01985312, 0.006414085, 0.020463986
13270552036000, -0.020463986, -0.009162978, 0.017715093
13270556937000, -0.017715093, -0.009468411, 0.004581489
13270561915000, -0.023518313, -0.023518313, -0.004886922
13270566936000, -0.02565634, -0.02321288, -0.0067195175
13270572107000, -0.029626964, -0.027794369, -0.021380283
13270576906000, -0.02321288, -0.01985312, -0.02107485
13270582130000, -0.040011674, -0.014049901, -0.03359759
13270586926000, -0.052534413, -0.023823744, -0.03481932
13270592293000, -0.05375614, -0.027794369, -0.034208454
13270596943000, -0.05222898, -0.015882496, -0.04734206
13270601928000, -0.05100725, -0.006414085, -0.04886922
13270606949000, -0.05497787, -0.0076358155, -0.046731193
13270611956000, -0.059864793, -0.013439035, -0.04886922
13270616957000, -0.048258353, -0.0061086523, -0.037873644
13270621873000, -0.04642576, -0.016798794, -0.042760566
13270626908000, -0.035124753, -0.013744468, -0.04062254
13270631933000, -0.03176499, -0.009468411, -0.028405234
13270636926000, -0.029321533, -0.01863139, -0.03023783
13270641920000, -0.020158553, -0.010995574, -0.029321533
13270646899000, -0.02321288, 0.0018325958, -0.025350908
13270651942000, -0.016798794, -0.0076358155, -0.025350908
13270656946000, -0.0143553335, -0.0067195175, -0.022296581
13270661939000, 0.0033597588, -0.005192355, -0.025350908
13270666932000, -0.0076358155, 0.0067195175, -0.015882496
13270671928000, 0.008857546, 0.0036651916, -0.005192355
13270676945000, 0.005192355, -6.1086525E-4, -0.0143553335
13270681939000, 0.0030543262, -0.009162978, -0.016187929
13270686928000, 0.008246681, -0.004276057, -0.012217305
13270691901000, 3.0543262E-4, -0.002443461, -0.010079277
13270696965000, 0.0067195175, 0.0015271631, -0.0070249503
13270701930000, -0.0027488936, 0.0015271631, -0.0030543262
13270706936000, 0.0018325958, -0.0033597588, 0.002443461
13270711998000, -6.1086525E-4, 3.0543262E-4, -0.0030543262
13270717043000, -0.007941248, 0.015271631, 0.004581489
13270721933000, -0.01282817, 0.0106901415, 0.004581489
13270726931000, -0.013744468, 0.008246681, 0.013744468
13270731944000, -0.011301007, 0.015882496, 0.022296581
13270736927000, -0.012217305, 0.013133603, 0.02107485
13270741924000, -0.01160644, 0.014049901, 0.025350908
13270746959000, -0.01863139, 0.02107485, 0.029932396
13270751932000, -0.013133603, 0.0106901415, 0.03268129
13270756947000, -0.0027488936, 0.01863139, 0.03390302
13270762032000, -0.009162978, 0.021380283, 0.03359759
13270767006000, -0.0143553335, 0.022602014, 0.03940081
13270771922000, -0.009773844, 0.018936822, 0.045814894
13270776899000, -0.0027488936, 0.02076942, 0.039095376
13270781934000, -0.011301007, 0.020158553, 0.04550946
13270786907000, -0.004276057, 0.015271631, 0.052534413
13270791902000, -0.0027488936, -0.0015271631, 0.054061573
13270796936000, 0.006414085, -3.0543262E-4, 0.06078109
13270801930000, -0.005192355, -9.162979E-4, 0.056199603
13270806932000, 0.004886922, 3.0543262E-4, 0.05955936
13270812078000, 0.0061086523, -0.00580322, 0.05375614
13270816928000, 0.0070249503, -0.008552114, 0.059253927
13270821923000, 0.010079277, -0.014660766, 0.05589417
13270826892000, 0.004581489, -0.0027488936, 0.05100725
13270831935000, 0.008552114, 3.0543262E-4, 0.049480084
13270836892000, 0.004886922, 6.1086525E-4, 0.04153884
13270841914000, 0.0030543262, 6.1086525E-4, 0.043066
13270846908000, 0.0033597588, -0.0015271631, 0.034208454
13270851925000, 0.0018325958, -0.004581489, 0.03756821
13270856922000, 0.0030543262, -0.009468411, 0.038789943
13270861990000, 0.004886922, -0.008857546, 0.028405234
13270866903000, 0.0018325958, -0.006414085, 0.021380283
13270871932000, 0.008246681, -0.004886922, 0.017715093
13270876966000, 0.0067195175, -0.0143553335, 0.019242255
13270881936000, 0.0061086523, -0.02076942, 0.0076358155
13270886971000, 0.0018325958, -0.014966198, 0.010079277
13270891926000, 0.0061086523, -0.01740966, 0.005497787
13270897183000, 0.0012217305, -0.0076358155, -0.004886922
13270901934000, -0.01038471, -0.00580322, -0.007941248
13270907971000, -0.01160644, -0.017715093, -0.006414085
13270911975000, -0.015577064, -0.0030543262, -0.00580322
13270917321000, -0.025045475, 0.0018325958, -0.003970624
13270921936000, -0.015882496, 9.162979E-4, -0.0067195175
13270927307000, -0.025961773, 0.002443461, -0.0067195175
13270931929000, -0.029626964, -0.0015271631, 0.0012217305
13270936929000, -0.044593163, 0.005497787, -0.010995574
13270941903000, -0.03848451, 0.013439035, -0.004886922
13270946885000, -0.03573562, 0.008246681, -0.0070249503
13270951930000, -0.04642576, 0.013439035, -0.005192355
13270956884000, -0.04550946, 0.019242255, -0.0018325958
13270961971000, -0.04642576, 0.023823744, -0.0021380284
13270966861000, -0.05131268, 0.01740966, -0.0021380284
13270971923000, -0.04337143, 0.01863139, 3.0543262E-4
13270976887000, -0.04520403, 0.011911872, 0.0015271631
13270981932000, -0.04337143, 0.010995574, 0.0012217305
13270986883000, -0.03726278, 0.014049901, 0.004581489
13270991914000, -0.04062254, 0.016493361, 3.0543262E-4
13270996922000, -0.03756821, 0.019547688, -0.005192355
13271001936000, -0.043982297, 0.023518313, -0.005192355
13271006899000, -0.046731193, 0.030848695, -0.011301007
13271011940000, -0.048258353, 0.028099801, -0.008246681
13271016905000, -0.052839845, 0.03176499, -0.01038471
13271021922000, -0.05009095, 0.028710667, -0.008246681
13271026942000, -0.05955936, 0.02565634, -0.017715093
13271031934000, -0.055588737, 0.018325957, -0.019242255
13271036947000, -0.036957346, 0.01038471, -0.02321288
13271041913000, -0.04428773, 0.0012217305, -0.025045475
13271046999000, -0.043066, 0.0012217305, -0.019242255
13271051963000, -0.037873644, -0.0027488936, -0.027488936
13271056960000, -0.03940081, -0.016187929, -0.028405234
13271061943000, -0.03726278, -0.0033597588, -0.03634648
13271066940000, -0.035124753, -0.004886922, -0.032070424
13271071921000, -0.03481932, -0.005192355, -0.03145956
13271077029000, -0.05100725, -0.0027488936, -0.036651913
13271081935000, -0.051618114, 0.017715093, -0.03390302
13271086930000, -0.07696902, 0.017715093, -0.035430185
13271091908000, -0.0729984, 0.02321288, -0.026267206
13271096945000, -0.077579886, 0.012217305, -0.0290161
13271101933000, -0.0693332, 0.014660766, -0.025045475
13271106958000, -0.07452556, 0.008857546, -0.024129177
13271111949000, -0.06627888, 0.007330383, -0.02321288
13271117025000, -0.067500606, -0.003970624, -0.017104227
13271121923000, -0.07086037, -0.0030543262, -0.002443461
13271126907000, -0.05497787, -0.004276057, 0.0018325958
13271131924000, -0.040317107, -0.004886922, 0.006414085
13271136926000, -0.044593163, -0.0067195175, 0.0036651916
13271141903000, -0.043066, -0.002443461, 6.1086525E-4
13271147037000, -0.03145956, -0.0125227375, 0.0030543262
13271151908000, -0.028405234, -0.0076358155, 0.005497787
13271156949000, -0.03145956, -0.01282817, 0.007330383
13271162029000, -0.025350908, -0.0030543262, 0.013439035
13271167016000, -0.013744468, -0.0030543262, 0.01160644
13271171883000, -0.01038471, 0.002443461, 0.017104227
13271176912000, -0.004276057, -0.0036651916, 0.021380283
13271181857000, -0.0067195175, 0.0027488936, 0.022602014
13271186927000, -0.010079277, -0.002443461, 0.014966198
13271191909000, -0.003970624, -3.0543262E-4, 0.015577064
13271196888000, -9.162979E-4, -0.0015271631, 0.022296581
13271201948000, -0.011911872, -0.004276057, 0.02321288
13271206958000, -0.0067195175, -0.003970624, 0.01740966
13271211953000, -0.010995574, -0.013439035, 0.021685716
13271216940000, -0.015577064, -0.0033597588, 0.027488936
13271221870000, -0.0076358155, -0.0106901415, 0.018325957
13271226935000, -0.018020526, 0.0021380284, 0.021991149
13271231942000, -0.0070249503, 0.007330383, 0.02321288
13271236922000, -0.006414085, -0.004886922, 0.021991149
13271241901000, -0.017715093, 6.1086525E-4, 0.01985312
13271246909000, -0.011911872, 6.1086525E-4, 0.010079277
