#Rate of rotation around the x y z axes (Angular velocity).
#timestamp(ns),x,y,z(rad/s)
#Datetime: 03/04/2015 11:01:51
##########################################
#Activity: 8 - CSI - Car-Step in - 6s
#Subject ID: 43
#First Name: sub43
#Last Name: sub43
#Age: 24
#Height(cm): 179
#Weight(kg): 80
#Gender: Male
##########################################

@DATA
7753728989000, -0.014660766, 0.028405234, 0.019242255
7753733953000, -0.014966198, 0.015882496, 0.01863139
7753738945000, -0.018936822, 0.009162978, 0.021380283
7753743955000, -0.019547688, -0.0021380284, 0.020463986
7753748957000, -0.015577064, -0.004276057, 0.01740966
7753753952000, -0.016798794, -0.0106901415, 0.018936822
7753758956000, -0.020158553, -0.02321288, 0.021380283
7753763948000, -0.017715093, -0.022602014, 0.026572637
7753769661000, -0.023823744, -0.026572637, 0.021991149
7753773981000, -0.015882496, -0.013744468, 0.023823744
7753778963000, -0.01740966, -0.032070424, 0.02107485
7753783949000, -0.013744468, -0.029932396, 0.019242255
7753788904000, -0.015271631, -0.022907447, 0.018020526
7753793963000, -0.022907447, -0.037873644, 0.016493361
7753798952000, -0.017715093, -0.027183503, 0.016187929
7753803956000, -0.017715093, -0.03359759, 0.018020526
7753808954000, -0.018325957, -0.020158553, 0.01863139
7753813952000, -0.027488936, -0.0290161, 0.004581489
7753818959000, -0.025350908, -0.026267206, 0.014049901
7753824002000, -0.034513887, -0.035124753, 0.008552114
7753829016000, -0.038789943, -0.032070424, 0.0067195175
7753833951000, -0.030543262, -0.03023783, 0.0106901415
7753839069000, -0.023518313, -0.0125227375, 0.015882496
7753843951000, -0.029321533, -0.014049901, 0.0061086523
7753848950000, -0.023518313, 9.162979E-4, 0.0067195175
7753853963000, -0.025045475, 0.0033597588, 0.0106901415
7753858956000, -0.023518313, 0.027794369, 0.011301007
7753863954000, -0.025350908, 0.03756821, 0.007941248
7753868990000, -0.029321533, 0.04184427, 0.0061086523
7753873991000, -0.018936822, 0.04520403, 0.00580322
7753878983000, -0.023518313, 0.055588737, 0.004276057
7753883951000, -0.02321288, 0.067500606, 0.010079277
7753888925000, -0.016187929, 0.0711658, 0.013439035
7753893925000, -0.013744468, 0.08093964, 0.01038471
7753898920000, -0.009468411, 0.09896017, 0.011301007
7753903905000, -0.015577064, 0.112704635, 0.010079277
7753908893000, -0.01038471, 0.11759156, 0.004886922
7753913920000, -0.01863139, 0.12339478, 0.009773844
7753918897000, -0.023823744, 0.1337795, 0.007330383
7753923990000, -0.02443461, 0.13347405, 0.0018325958
7753929003000, -0.015271631, 0.14446963, 0.0012217305
7753933852000, -0.015577064, 0.13958271, 9.162979E-4
7753938902000, -0.007330383, 0.13713925, 0.0033597588
7753943856000, -0.009773844, 0.1554652, -3.0543262E-4
7753948951000, -9.162979E-4, 0.16401732, -6.1086525E-4
7753953903000, -0.012217305, 0.18112154, -3.0543262E-4
7753958881000, -0.0015271631, 0.19272798, -0.006414085
7753963928000, -0.0061086523, 0.20525073, 0.005497787
7753968897000, -0.0070249503, 0.20677789, 0.0061086523
7753973941000, -0.004581489, 0.22296582, 0.0036651916
7753978897000, -0.0021380284, 0.21533, 0.009162978
7753983954000, 0.0033597588, 0.21594086, 0.009162978
7753988895000, -0.011301007, 0.21899518, 0.00580322
7753993959000, -0.007330383, 0.21899518, 0.024740042
7753998941000, -0.007330383, 0.21563543, 0.019242255
7754003945000, -0.015577064, 0.21105394, 0.013133603
7754008922000, -0.01160644, 0.2134974, 0.016798794
7754013952000, -0.015271631, 0.20830505, 0.02443461
7754018945000, -0.0033597588, 0.19364429, 0.016187929
7754024911000, -0.0067195175, 0.17287487, 0.013133603
7754028997000, -0.0030543262, 0.15607607, 0.0067195175
7754033953000, 0.004886922, 0.14721853, 0.004886922
7754038941000, 0.004886922, 0.12736541, 0.0143553335
7754043954000, 0.018325957, 0.11453723, 0.0106901415
7754048953000, 0.031154128, 0.092240654, 0.010079277
7754053905000, 0.0290161, 0.07391469, 0.0106901415
7754058896000, 0.03390302, 0.06352998, 0.017715093
7754063917000, 0.03604105, 0.06352998, 0.018325957
7754068894000, 0.03573562, 0.07513642, 0.015271631
7754073930000, 0.030543262, 0.08582657, 0.017715093
7754078898000, 0.010079277, 0.10140363, 0.020158553
7754083916000, 0.009162978, 0.13133603, 0.02565634
7754088881000, -0.003970624, 0.1423316, 0.024740042
7754094694000, -0.01740966, 0.15790866, 0.028710667
7754098862000, -0.030848695, 0.1591304, 0.03359759
7754103957000, -0.03268129, 0.17012598, 0.037873644
7754108926000, -0.05375614, 0.17104226, 0.03634648
7754113952000, -0.07849618, 0.1731803, 0.032986723
7754118879000, -0.09712757, 0.16584991, 0.03848451
7754123999000, -0.12095132, 0.16890424, 0.036957346
7754128878000, -0.12583824, 0.18325958, 0.033292156
7754133957000, -0.13194689, 0.18509217, 0.034513887
7754138898000, -0.14110987, 0.1872302, 0.036957346
7754143969000, -0.15821409, 0.1908954, 0.043066
7754148890000, -0.15241088, 0.21746802, 0.042455133
7754153906000, -0.14782938, 0.25534168, 0.038179077
7754158907000, -0.13194689, 0.29352075, 0.028099801
7754164245000, -0.11942416, 0.34880406, 0.02321288
7754168908000, -0.10415252, 0.4034765, 0.018325957
7754173999000, -0.07452556, 0.44532076, 0.016187929
7754178912000, -0.06780604, 0.4636467, 0.011911872
7754183944000, -0.061086524, 0.4718934, 0.013744468
7754188877000, -0.056505036, 0.464563, 0.007330383
7754193964000, -0.032070424, 0.44593164, 0.0033597588
7754198848000, -0.017715093, 0.42943826, -0.008246681
7754203953000, -0.0033597588, 0.42455134, -0.004886922
7754208856000, 0.008552114, 0.42302418, -0.005192355
7754213953000, 0.02076942, 0.4392121, -0.0018325958
7754218954000, 0.022602014, 0.45906523, -0.013439035
7754224030000, 0.030848695, 0.49266282, -0.015882496
7754228984000, 0.006414085, 0.5390886, -0.03023783
7754233995000, 0.0027488936, 0.57848936, -0.04153884
7754238958000, 0.0027488936, 0.62796944, -0.06780604
7754243953000, -0.006414085, 0.66431594, -0.064751714
7754248954000, -0.01160644, 0.7031059, -0.07727446
7754253921000, 0.004581489, 0.73792523, -0.083383106
7754258893000, 0.003970624, 0.7715228, -0.089491755
7754263918000, 0.024740042, 0.8155051, -0.0842994
7754268902000, 0.043676864, 0.8735373, -0.09010262
7754273891000, 0.05497787, 0.9034697, -0.095294975
7754278930000, 0.057421334, 0.9633345, -0.09193522
7754283881000, 0.07360926, 1.0418307, -0.08827003
7754288915000, 0.083383106, 1.1047498, -0.076358154
7754293859000, 0.08827003, 1.1630874, -0.07269296
7754298904000, 0.10629055, 1.210735, -0.070554934
7754303935000, 0.106595986, 1.2483032, -0.06078109
7754308924000, 0.129198, 1.2852604, -0.058643065
7754313923000, 0.12644911, 1.294118, -0.04337143
7754318951000, 0.12217305, 1.2895365, -0.029932396
7754324079000, 0.1160644, 1.2479976, -0.009468411
7754329023000, 0.12736541, 1.196685, 0.005192355
7754334211000, 0.116980694, 1.1249083, 0.02687807
7754338915000, 0.116675265, 1.0384709, 0.043982297
7754343966000, 0.12767084, 0.9633345, 0.07452556
7754348915000, 0.14294247, 0.9059132, 0.09743301
7754354336000, 0.1695151, 0.86284715, 0.11056661
7754358886000, 0.20861048, 0.8588765, 0.12980886
7754363892000, 0.24862215, 0.8604037, 0.13591751
7754368927000, 0.29901853, 0.850019, 0.14935656
7754373967000, 0.33169982, 0.8426886, 0.15332718
7754378917000, 0.33964106, 0.8445212, 0.15302174
7754383849000, 0.36071593, 0.86254174, 0.15027285
7754388901000, 0.37873647, 0.8875872, 0.13775012
7754393870000, 0.41233405, 0.91232723, 0.124005646
7754398950000, 0.43371433, 0.9388999, 0.09621128
7754403956000, 0.46211955, 0.9828822, 0.07727446
7754408948000, 0.46181414, 1.035722, 0.05955936
7754413918000, 0.45753807, 1.1129965, 0.043066
7754419568000, 0.44135013, 1.1893547, 0.028099801
7754423958000, 0.42302418, 1.2458596, 0.0021380284
7754429002000, 0.3979787, 1.2968669, -0.03359759
7754433985000, 0.4007276, 1.3310753, -0.067500606
7754438942000, 0.40469822, 1.3744467, -0.09773844
7754443926000, 0.36987892, 1.3994923, -0.11911872
7754448899000, 0.36987892, 1.4175128, -0.13805555
7754453908000, 0.35827246, 1.4223998, -0.1414153
7754458872000, 0.344528, 1.4437801, -0.15027285
7754463901000, 0.31520647, 1.4541647, -0.16340645
7754468916000, 0.30940324, 1.4639386, -0.16584991
7754473904000, 0.27916542, 1.4813483, -0.16676621
7754478896000, 0.269697, 1.5063937, -0.16798794
7754483894000, 0.2519819, 1.5436565, -0.17348573
7754489270000, 0.2134974, 1.5769486, -0.17715092
7754493923000, 0.20463985, 1.5931365, -0.18325958
7754498887000, 0.20097467, 1.577254, -0.19914207
7754503843000, 0.19792034, 1.575116, -0.21013765
7754513908000, 0.21533, 1.5552629, -0.22907446
7754518907000, 0.23243423, 1.5564847, -0.22602014
7754523934000, 0.22327125, 1.5540411, -0.22937989
7754528792000, 0.2321288, 1.5583172, -0.22876903
7754533835000, 0.23609942, 1.5815301, -0.22296582
7754539078000, 0.2302962, 1.6221527, -0.21746802
7754543824000, 0.24037547, 1.6600263, -0.22174409
7754549252000, 0.23182335, 1.704314, -0.22204952
7754553820000, 0.23060162, 1.7568485, -0.21227567
7754558782000, 0.22907446, 1.8203784, -0.19914207
7754563816000, 0.22999077, 1.8509218, -0.19486602
7754569097000, 0.23487769, 1.9501873, -0.19394971
7754573851000, 0.23945917, 1.9752327, -0.18845193
7754578804000, 0.24037547, 2.01219, -0.19272798
7754583842000, 0.25137106, 2.0253236, -0.18325958
7754588807000, 0.24373524, 2.0387628, -0.18051068
7754593819000, 0.23640485, 2.0412061, -0.19242255
7754598773000, 0.2098322, 2.0552561, -0.20311269
7754603845000, 0.18845193, 2.069917, -0.21960606
7754608811000, 0.14874569, 2.0723603, -0.24801129
7754613859000, 0.12156218, 2.0796907, -0.2782491
7754618832000, 0.087964594, 2.0931299, -0.31245756
7754623896000, 0.070249505, 2.1077905, -0.3539964
7754628835000, 0.05589417, 2.126422, -0.38637227
7754633858000, 0.020158553, 2.151162, -0.42241332
7754638914000, -0.016493361, 2.1630738, -0.4596761
7754643862000, -0.07849618, 2.1670444, -0.5045747
7754648823000, -0.16584991, 2.1725423, -0.5421429
7754653890000, -0.26847526, 2.182316, -0.57360244
7754658991000, -0.37995818, 2.193617, -0.6065892
7754663913000, -0.49480084, 2.17804, -0.65148777
7754668908000, -0.6102544, 2.1536055, -0.6747007
7754674024000, -0.65484756, 2.116648, -0.72265357
7754679007000, -0.75777835, 2.0650299, -0.7684685
7754683905000, -0.84665924, 2.021353, -0.8011498
7754688907000, -0.9306532, 2.0167716, -0.8151997
7754693915000, -1.0192287, 2.0393736, -0.8384125
7754698916000, -1.1304061, 2.0751092, -0.8784242
7754703895000, -1.246776, 2.1450534, -0.93034774
7754708927000, -1.3478742, 2.2342396, -1.003957
7754713911000, -1.421178, 2.3548856, -1.0589349
7754718918000, -1.4840971, 2.4740043, -1.0980303
7754723921000, -1.5418239, 2.631302, -1.1215485
7754728925000, -1.6123788, 2.7812696, -1.1102476
7754733881000, -1.7088956, 2.8951957, -1.0613784
7754738904000, -1.8414533, 2.9755247, -1.0057896
7754744596000, -1.9590448, 3.0744848, -0.9324858
7754748926000, -2.0821342, 3.1410692, -0.84299403
7754753882000, -2.198504, 3.1453452, -0.7483099
7754758918000, -2.2968533, 3.0515773, -0.6273586
7754763847000, -2.4324653, 2.9202414, -0.51893
7754768900000, -2.5124888, 2.6077838, -0.45448375
7754773945000, -2.6731462, 2.2809708, -0.3475823
7754778948000, -2.8341093, 1.9199494, -0.3371976
7754783876000, -2.9651399, 1.6404786, -0.45234573
7754788919000, -3.121827, 1.5210545, -0.5546656
7754793891000, -3.3011158, 1.6077974, -0.5861252
7754798914000, -3.3832772, 1.8011361, -0.5693264
7754804006000, -3.4095445, 2.0402899, -0.5439755
7754808922000, -3.3961053, 2.3383923, -0.5326745
7754813996000, -3.3875532, 2.6563475, -0.6001751
7754818946000, -3.3066137, 3.1926873, -0.5696318
7754824385000, -3.0705142, 3.6370916, -0.51923543
7754828991000, -2.8832839, 3.7244453, -0.46609017
7754833876000, -2.903748, 3.0268373, -0.3894266
7754838906000, -3.2852333, 1.7528778, -0.3032946
7754843916000, -4.0036106, 0.75136423, -0.20372356
7754848911000, -4.678006, 0.31703907, -0.053450707
7754853918000, -5.045747, 0.09560041, 0.110872045
7754858904000, -5.1615057, 0.0061086523, 0.21655174
7754863915000, -5.1541753, 0.024129177, 0.33444872
7754868950000, -5.105306, 0.09896017, 0.39095375
7754874030000, -4.966029, 0.105374254, 0.52534413
7754878948000, -4.8081203, 0.0067195175, 0.61911196
7754884369000, -4.696027, -0.16218472, 0.6579019
7754888900000, -4.692056, -0.31306845, 0.6921103
7754893925000, -4.7833805, -0.31948254, 0.73761976
7754898913000, -4.893947, -0.28252518, 0.77182823
7754903906000, -5.0662107, -0.36041048, 0.8200866
7754908909000, -5.2876496, -0.49327368, 0.8720101
7754913916000, -5.5045066, -0.6411031, 0.9443977
7754918923000, -5.657223, -0.79626286, 1.0305296
7754924033000, -5.721669, -0.9505063, 1.071763
7754928967000, -5.7036486, -1.0955868, 1.0659598
7754933920000, -5.60927, -1.1728612, 1.056186
7754938892000, -5.46816, -1.2605205, 1.1151345
7754943922000, -5.306892, -1.4398094, 1.221425
7754948910000, -5.1605897, -1.7055358, 1.2999213
7754953970000, -5.0035973, -1.9547688, 1.3704761
7754958901000, -4.8527136, -2.0534234, 1.3942999
7754963916000, -4.722294, -2.1383338, 1.3952162
7754968921000, -4.647463, -2.0561724, 1.4242324
7754973998000, -4.5420885, -1.8777997, 1.4462235
7754978988000, -4.451375, -1.6310102, 1.4905112
7754983906000, -4.3661594, -1.4807373, 1.5589281
7754988906000, -4.3084326, -1.4117095, 1.6762142
7754993924000, -4.2519274, -1.4034629, 1.7873917
7754998884000, -4.1703773, -1.3429873, 1.861001
7755003899000, -4.0610323, -1.3784174, 1.9333885
7755008861000, -3.9348884, -1.4966198, 1.9660698
7755013915000, -3.8249328, -1.5741998, 1.9608774
7755018916000, -3.6783252, -1.565953, 1.9312505
7755023922000, -3.4941492, -1.5793921, 1.8643607
7755028851000, -3.3105843, -1.6184875, 1.7745636
7755033912000, -3.1236594, -1.6438384, 1.6988163
7755038862000, -2.937651, -1.6203201, 1.6224581
7755043953000, -2.761111, -1.5146403, 1.5671748
7755048882000, -2.5986207, -1.3729197, 1.5268577
7755053929000, -2.4401011, -1.2925909, 1.4807373
7755058897000, -2.2928827, -1.2596041, 1.4388931
7755063950000, -2.1368067, -1.2211196, 1.4077389
7755069730000, -2.0693061, -1.2360858, 1.344209
7755073981000, -1.9315559, -1.2229522, 1.2910637
7755078993000, -1.7989981, -1.187522, 1.2159272
7755083948000, -1.6444492, -1.146594, 1.1270463
7755088896000, -1.4776831, -1.103528, 1.0699304
7755093964000, -1.3353515, -1.0662653, 0.99112886
7755098937000, -1.1884383, -1.0461067, 0.90377516
7755103930000, -1.0433578, -1.0201449, 0.7987063
7755108912000, -0.9095783, -0.99265605, 0.6921103
7755113948000, -0.7602218, -0.9807441, 0.5919284
7755118947000, -0.61636305, -0.9804387, 0.4999932
7755124010000, -0.45448375, -1.0024298, 0.41538838
7755128982000, -0.2742785, -1.0299188, 0.31520647
7755133927000, -0.0693332, -1.0647382, 0.23304509
7755140338000, 0.1459968, -1.1163563, 0.13897185
7755143939000, 0.36285394, -1.1505647, 0.06414085
7755148915000, 0.5662721, -1.1661417, -6.1086525E-4
7755153838000, 0.7657196, -1.1636983, -0.06352998
7755158825000, 0.9166033, -1.1646146, -0.08827003
7755163807000, 0.9798279, -1.1313224, -0.16615535
7755168849000, 1.1078042, -1.0772609, -0.24984388
7755173896000, 1.2006557, -0.9819659, -0.3268129
7755178832000, 1.2660183, -0.82833326, -0.4083634
7755183832000, 1.2980887, -0.655153, -0.4914411
7755188876000, 1.3481796, -0.46761733, -0.5335908
7755193821000, 1.3976597, -0.3136793, -0.5876524
7755198846000, 1.462106, -0.19700404, -0.6389651
7755203826000, 1.5378532, -0.12614368, -0.66767573
7755208977000, 1.6581937, -0.14080444, -0.68691796
7755213806000, 1.7858646, -0.1731803, -0.68600166
7755218813000, 1.9398025, -0.16982053, -0.68752885
7755223852000, 2.0916026, -0.160963, -0.6713409
7755228805000, 2.1908681, -0.13897185, -0.66553766
7755233798000, 2.2611177, -0.11911872, -0.65576386
7755238848000, 2.2828035, -0.1282817, -0.62949663
7755243802000, 2.28036, -0.1423316, -0.591623
7755248806000, 2.2595906, -0.1591304, -0.54244834
7755253832000, 2.225993, -0.1740966, -0.50610185
7755258832000, 2.2235496, -0.1966986, -0.48930305
7755263870000, 2.2094996, -0.26206118, -0.45478916
7755268805000, 2.196366, -0.35277468, -0.41325033
7755273838000, 2.1887302, -0.45845437, -0.37568212
7755279085000, 2.186592, -0.5335908, -0.3368922
7755283784000, 2.1927009, -0.5674938, -0.3109304
7755288825000, 2.1917844, -0.56505036, -0.25992316
7755293856000, 2.1923954, -0.5635232, -0.20433442
7755298782000, 2.1786509, -0.5705481, -0.14844026
7755303858000, 2.1749856, -0.59040123, -0.089491755
7755308827000, 2.1169536, -0.6420194, -0.03359759
7755313834000, 2.0607538, -0.7287622, 0.013133603
7755318823000, 1.999362, -0.8350528, 0.06383542
7755323859000, 1.9495764, -0.9184359, 0.10720685
7755328806000, 1.9068159, -0.92087936, 0.15699236
7755333820000, 1.8640553, -0.8381071, 0.19425514
7755338809000, 1.81091, -0.7031059, 0.2302962
7755343822000, 1.7333301, -0.56291234, 0.2593123
7755348794000, 1.6310102, -0.50335294, 0.29779682
7755353858000, 1.5326608, -0.41996986, 0.32345316
7755358819000, 1.4779885, -0.36254853, 0.3387248
7755363866000, 1.4004086, -0.34055737, 0.36254853
7755368850000, 1.3625349, -0.28955013, 0.36071593
7755373914000, 1.3613132, -0.19394971, 0.36071593
7755378890000, 1.389413, -0.032375857, 0.3549127
7755383867000, 1.42973, 0.1685988, 0.3475823
7755388843000, 1.4422529, 0.35979962, 0.3277292
7755394563000, 1.4446963, 0.50701815, 0.30543262
7755398837000, 1.4208726, 0.63804877, 0.2828306
7755403923000, 1.3991868, 0.7180721, 0.24281894
7755408930000, 1.3680327, 0.75441855, 0.19181168
7755413948000, 1.3161092, 0.77732605, 0.14049901
7755418939000, 1.2702943, 0.76144356, 0.07544186
7755424013000, 1.2082914, 0.74189585, 0.014660766
7755428966000, 1.1349876, 0.72509706, -0.043982297
7755433944000, 1.0714576, 0.7104363, -0.09285152
7755438951000, 1.0170907, 0.69058317, -0.14569137
7755443950000, 0.9691377, 0.6569856, -0.19456059
7755448950000, 0.91782504, 0.6236934, -0.23365596
7755454043000, 0.8717047, 0.6053675, -0.2782491
7755459011000, 0.7984009, 0.56413406, -0.2959642
7755464746000, 0.7510588, 0.47555858, -0.3622431
7755468961000, 0.59131753, 0.44868052, -0.38148534
7755473908000, 0.5390886, 0.3744604, -0.4175264
7755478949000, 0.41691554, 0.3023783, -0.4474588
7755483894000, 0.29657507, 0.22907446, -0.45937067
7755488913000, 0.15210545, 0.17959438, -0.45570546
7755493907000, -0.032375857, 0.129198, -0.44715336
7755498947000, -0.27855456, 0.07666359, -0.40653083
7755503854000, -0.6423248, 0.02107485, -0.3594942
7755513865000, -1.5329664, 0.17470746, -0.21746802
7755518937000, -1.9575176, 0.4370741, -0.13622294
7755523857000, -2.3561072, 0.6010914, -0.06414085
7755528835000, -2.758973, 0.5204572, -0.004276057
7755534040000, -3.1878002, 0.2012801, 0.046731193
7755538849000, -3.5726454, -0.28252518, 0.052839845
7755543828000, -3.723529, -0.7632761, 0.06261369
7755548830000, -3.4794884, -0.9468411, 0.028710667
7755554174000, -3.2195654, -1.0986412, -0.08032878
7755558931000, -2.1471913, -1.0036516, -0.1600467
7755563888000, -1.8182404, -0.65668017, -0.3408628
7755568951000, -1.2895365, -0.12186762, -0.4465425
7755573983000, -0.9599747, 0.44318274, -0.43066
7755578901000, -0.8032878, 0.8564331, -0.3313944
7755583899000, -0.7516697, 0.9639453, -0.23518312
7755588921000, -0.72387534, 0.88117313, -0.19730948
7755593900000, -0.7098254, 0.77518797, -0.2275473
7755598863000, -0.711658, 0.872621, -0.31520647
7755603807000, -0.7266242, 1.1835514, -0.43035457
7755608841000, -0.78038037, 1.5671748, -0.52503866
7755613852000, -0.80939645, 1.7922786, -0.6704246
7755618847000, -0.84574294, 1.7895297, -0.8246681
7755623870000, -0.8671232, 1.5961909, -0.9718866
7755628831000, -0.8573494, 1.317331, -1.1078042
7755633826000, -0.8344419, 1.0439687, -1.2232577
7755638817000, -0.7825184, 0.85062987, -1.3054191
7755643834000, -0.70829827, 0.74464476, -1.3680327
7755648828000, -0.60048056, 0.7199047, -1.3961325
7755653873000, -0.5546656, 0.70432764, -1.4236214
7755658849000, -0.4868596, 0.7089091, -1.4288138
7755663889000, -0.44073927, 0.7489208, -1.4156802
7755668887000, -0.3933972, 0.8304713, -1.3903292
7755673894000, -0.33475417, 0.9068295, -1.3701707
7755678823000, -0.26816985, 0.9645562, -1.3301591
7755683880000, -0.20830505, 0.9859365, -1.2892311
7755688838000, -0.17104226, 1.0021244, -1.2495248
7755693895000, -0.18234327, 1.0103711, -1.2134838
7755698824000, -0.22204952, 1.0158689, -1.169807
7755703892000, -0.27855456, 1.0180069, -1.1319333
7755709092000, -0.35369098, 1.0238101, -1.1087204
7755713914000, -0.41599923, 1.0198395, -1.0818423
7755719131000, -0.49296826, 1.0036516, -1.0412198
7755723979000, -0.5882632, 0.95233893, -1.0137309
7755728911000, -0.689056, 0.8894198, -0.9954049
7755733914000, -0.78893244, 0.81489426, -0.97097033
7755738883000, -0.8713993, 0.7492262, -0.9398162
7755743923000, -0.9224065, 0.69913524, -0.906524
7755748847000, -0.97402465, 0.67347896, -0.883922
7755754584000, -1.0054842, 0.6374379, -0.8573494
7755758919000, -1.0112875, 0.5864306, -0.82924956
7755763926000, -1.0027353, 0.52015173, -0.795652
7755768938000, -1.0033462, 0.4392121, -0.7816021
7755773987000, -1.0311406, 0.36957347, -0.78893244
7755778993000, -1.0488557, 0.30115658, -0.786489
7755783911000, -1.0522153, 0.27000242, -0.7901542
7755789084000, -1.0644327, 0.2574797, -0.7834347
7755793926000, -1.0705414, 0.26389378, -0.75869465
7755798915000, -1.094976, 0.25045475, -0.74464476
7755803891000, -1.1212431, 0.19730948, -0.7315111
7755808927000, -1.1490375, 0.12186762, -0.7370089
7755813914000, -1.2330315, 0.045814894, -0.75686204
7755818943000, -1.3286319, 0.008857546, -0.7690793
7755824709000, -1.4358387, -0.0070249503, -0.7867944
7755828919000, -1.5143349, 0.02321288, -0.7883216
7755833908000, -1.5201381, 0.06047566, -0.77640975
7755838911000, -1.4892895, 0.1020145, -0.7779369
7755843919000, -1.4413365, 0.12308934, -0.8023715
7755848955000, -1.3994923, 0.20005837, -0.8353582
7755853936000, -1.3686435, 0.3268129, -0.8622363
7755859050000, -1.3203852, 0.45662177, -0.8970556
7755863945000, -1.2571607, 0.56230146, -0.91721416
7755868986000, -1.185384, 0.6377433, -0.91629785
7755874021000, -1.119716, 0.7110472, -0.88178396
7755878948000, -1.0818423, 0.7870999, -0.8188649
7755883944000, -1.0870347, 0.8918633, -0.75319684
7755888915000, -1.1224649, 1.0051788, -0.6771441
7755894423000, -1.1435398, 1.097114, -0.6026186
7755898948000, -1.146594, 1.1691961, -0.5467244
7755903931000, -1.1701124, 1.1636983, -0.5329799
7755908952000, -1.1997393, 1.135293, -0.51343226
7755913924000, -1.2681563, 1.0690142, -0.50335294
7755919003000, -1.3115277, 0.97249746, -0.49480084
7755923967000, -1.3796391, 0.88422745, -0.48258355
7755929012000, -1.4147639, 0.8176431, -0.4709771
7755933850000, -1.4401149, 0.7797695, -0.47739118
7755938941000, -1.4569136, 0.79229224, -0.4810564
7755943847000, -1.4706581, 0.80878556, -0.49266282
7755948951000, -1.466382, 0.8426886, -0.4972443
7755953859000, -1.4446963, 0.86345804, -0.5006041
7755958914000, -1.416902, 0.8454375, -0.4999932
7755964047000, -1.4062119, 0.82986045, -0.50671273
7755969007000, -1.3640621, 0.8509353, -0.5128214
7755973973000, -1.3121386, 0.8888089, -0.5326745
7755978989000, -1.2577715, 0.90285885, -0.5479461
7755983848000, -1.2357804, 0.895223, -0.55833083
7755988916000, -1.1859949, 0.88239485, -0.56291234
7755993855000, -1.1588113, 0.8894198, -0.55833083
7755998945000, -1.176221, 0.9184359, -0.54305923
7756003871000, -1.2095132, 0.98624194, -0.5155703
7756008987000, -1.260215, 1.1242975, -0.45570546
7756013913000, -1.3206906, 1.2617421, -0.39187005
7756018923000, -1.3875804, 1.3585643, -0.32803464
7756023969000, -1.4413365, 1.4480561, -0.25381452
7756028975000, -1.4718798, 1.4807373, -0.17959438
7756033980000, -1.5039502, 1.4563028, -0.1020145
7756038989000, -1.5467108, 1.4285084, -0.056505036
7756043947000, -1.5754215, 1.4040737, -0.020463986
7756048950000, -1.5931365, 1.3753631, 0.0125227375
7756053932000, -1.6206255, 1.387275, 0.05467244
7756058915000, -1.6227635, 1.3976597, 0.09437868
7756063956000, -1.6340646, 1.4416419, 0.119729586
7756068872000, -1.6447546, 1.5253305, 0.1554652
7756074031000, -1.6563611, 1.5906931, 0.18142697
7756078847000, -1.6533068, 1.568091, 0.22540927
7756083957000, -1.6835446, 1.5430456, 0.267559
7756088864000, -1.7162259, 1.4932601, 0.3032946
7756093954000, -1.7641789, 1.5039502, 0.33383787
7756098877000, -1.7828102, 1.5705346, 0.40439278
7756103933000, -1.7898352, 1.6307048, 0.4578435
7756108965000, -1.808772, 1.6600263, 0.5131268
7756113938000, -1.840537, 1.7443258, 0.5742133
7756118927000, -1.8435913, 1.8741345, 0.66767573
7756123962000, -1.8219056, 1.9257526, 0.7467828
7756128934000, -1.8194622, 1.8704693, 0.795652
7756133949000, -1.8481728, 1.7751744, 0.82344633
7756138916000, -1.8823812, 1.7250835, 0.8472701
7756143967000, -1.9025398, 1.6136005, 0.88208944
7756149675000, -1.9165897, 1.3338243, 0.9282097
7756153945000, -1.9453003, 1.2137892, 0.9410379
7756158898000, -1.964848, 0.9428705, 0.98471475
7756163947000, -2.005165, 0.69058317, 0.9984592
7756168926000, -2.0335703, 0.44959682, 1.010982
7756174032000, -2.058616, 0.25137106, 1.0094548
7756178987000, -2.065641, 0.064446285, 1.0073168
7756184036000, -1.9886718, -0.054061573, 1.035722
7756188929000, -1.8102992, -0.044898596, 1.110553
7756193952000, -1.5711454, 0.09743301, 1.1585059
7756198950000, -1.3726143, 0.29779682, 1.1520919
7756203937000, -1.2507466, 0.46761733, 1.1007792
7756208945000, -1.1737776, 0.5503896, 1.02717
7756213949000, -1.1087204, 0.5665775, 0.95172805
7756219622000, -1.0250319, 0.539394, 0.8848383
7756223990000, -0.9315695, 0.5027421, 0.83108217
7756229030000, -0.88086766, 0.4746423, 0.7819075
7756233944000, -0.84421575, 0.4279111, 0.7275405
7756238956000, -0.81000733, 0.4202753, 0.6759224
7756243956000, -0.7855727, 0.4269948, 0.6404922
7756248949000, -0.7706065, 0.45723262, 0.5720753
7756253933000, -0.72601336, 0.48624873, 0.5021312
7756258991000, -0.68508536, 0.50762904, 0.43096542
7756263933000, -0.6462954, 0.5271767, 0.34697145
7756268961000, -0.61391956, 0.537256, 0.24190263
7756274017000, -0.5867361, 0.51068336, 0.15057829
7756278969000, -0.5693264, 0.46273044, 0.058337633
7756283902000, -0.54641896, 0.419359, 3.0543262E-4
7756289162000, -0.5421429, 0.38728857, -0.059864793
7756293872000, -0.54183745, 0.3472769, -0.09987647
7756298946000, -0.5360342, 0.3213151, -0.14935656
7756303860000, -0.5161811, 0.31398472, -0.16340645
7756308896000, -0.5186246, 0.30085114, -0.17745635
7756313847000, -0.5006041, 0.3109304, -0.18142697
7756318913000, -0.5030475, 0.31429017, -0.18906279
7756323950000, -0.49113566, 0.32895094, -0.17562376
7756328943000, -0.48349985, 0.34238997, -0.17592919
7756333882000, -0.47708577, 0.34269542, -0.18173242
7756338905000, -0.453262, 0.3381139, -0.18081611
7756343893000, -0.4569272, 0.33108896, -0.18142697
7756348918000, -0.4364632, 0.3268129, -0.19761491
7756353955000, -0.42852196, 0.29749137, -0.20555615
7756359026000, -0.43096542, 0.24587326, -0.2049453
7756363916000, -0.42760566, 0.21166481, -0.22479841
7756368916000, -0.41355577, 0.19120082, -0.24281894
7756373999000, -0.40469822, 0.19058995, -0.28130344
7756378947000, -0.4083634, 0.2125811, -0.30726522
7756383909000, -0.3924809, 0.2452624, -0.33505958
7756388910000, -0.37323865, 0.30695978, -0.3830125
7756393903000, -0.3368922, 0.36957347, -0.41172317
7756398911000, -0.2648101, 0.4266894, -0.45265114
7756403896000, -0.17623462, 0.4896085, -0.50518554
7756409011000, -0.09407325, 0.5342017, -0.5696318
7756413899000, -0.018325957, 0.55741453, -0.6423248
7756418935000, 0.009162978, 0.56505036, -0.7290677
7756423964000, 0.010079277, 0.5332854, -0.82650065
7756428980000, 0.01160644, 0.49846604, -0.91965765
7756433848000, -0.007941248, 0.46670106, -1.0054842
7756438958000, -0.012217305, 0.39858958, -1.0393872
7756443919000, -0.028099801, 0.29932398, -1.0980303
7756448911000, -0.02565634, 0.21380283, -1.1591167
7756453907000, -0.003970624, 0.14019357, -1.1921035
7756458914000, 0.052534413, 0.115453534, -1.2220359
7756463881000, 0.113926366, 0.13255776, -1.246776
7756468911000, 0.19181168, 0.18203785, -1.2507466
7756474468000, 0.25900686, 0.24098633, -1.2412782
7756478876000, 0.3368922, 0.29749137, -1.2226468
7756483891000, 0.3866777, 0.36132678, -1.1902709
7756488883000, 0.42271876, 0.4297437, -1.1551461
7756493889000, 0.43860126, 0.49235737, -1.1129965
7756498898000, 0.45662177, 0.5195409, -1.0656544
7756503845000, 0.46944994, 0.51068336, -1.0311406
7756508971000, 0.4642576, 0.45051312, -0.9987647
7756513868000, 0.43035457, 0.38240165, -0.9486737
7756518828000, 0.40653083, 0.2919936, -0.8961393
7756523869000, 0.3830125, 0.19608775, -0.83291477
7756528830000, 0.3491095, 0.10598512, -0.7724391
7756533832000, 0.29749137, 0.07696902, -0.73639804
7756538834000, 0.2611449, 0.050396383, -0.6612616
7756544109000, 0.18784106, 0.06261369, -0.5366451
7756548831000, 0.1142318, 0.0983493, -0.49693888
7756553897000, 0.06719518, 0.13897185, -0.4288274
7756558916000, 0.022602014, 0.16340645, -0.3744604
7756563916000, -0.005192355, 0.19914207, -0.32650748
7756568932000, -0.017715093, 0.22082779, -0.27458394
7756573938000, -0.038179077, 0.2678644, -0.23762658
7756578916000, -0.06627888, 0.30970868, -0.20738874
7756583913000, -0.09560041, 0.35094208, -0.16615535
7756588884000, -0.14996742, 0.36926803, -0.1432479
7756593926000, -0.1881465, 0.36254853, -0.10903945
7756598911000, -0.2284636, 0.364992, -0.07727446
7756603895000, -0.24556783, 0.37873647, -0.048563786
7756608913000, -0.28588495, 0.40500367, -0.018020526
7756614219000, -0.31337386, 0.4382958, 0.021380283
7756618913000, -0.34208453, 0.48075095, 0.08093964
7756623932000, -0.35033122, 0.5329799, 0.15454891
7756628900000, -0.35460728, 0.5867361, 0.23762658
7756633913000, -0.35705075, 0.6200282, 0.3191771
7756638897000, -0.35155296, 0.6994407, 0.36010507
7756643898000, -0.32284227, 0.7984009, 0.4196644
7756648846000, -0.30268374, 0.9089675, 0.46486846
7756653903000, -0.2761111, 0.9987647, 0.49602258
7756658948000, -0.25717425, 1.056186, 0.51159966
7756663922000, -0.24709499, 1.0827587, 0.5149594
7756668905000, -0.23732115, 1.0861185, 0.50732356
7756673968000, -0.2144137, 1.0531317, 0.5161811
7756678922000, -0.18478674, 1.0143417, 0.5149594
7756683912000, -0.15699236, 0.9776898, 0.5216789
7756688913000, -0.13897185, 0.9462303, 0.5225952
7756693921000, -0.13225232, 0.94989544, 0.5198463
7756699014000, -0.121256754, 0.97127575, 0.50518554
7756703918000, -0.1160644, 0.98624194, 0.49480084
7756709004000, -0.10873401, 1.028697, 0.4804455
7756713952000, -0.10873401, 1.0870347, 0.46303585
7756719322000, -0.12003502, 1.1563679, 0.44623706
7756723983000, -0.13347405, 1.1979067, 0.43066
7756728901000, -0.14935656, 1.2052372, 0.41905355
7756733955000, -0.17256944, 1.1863003, 0.4147775
7756738909000, -0.172264, 1.1282681, 0.4111123
7756743925000, -0.16371189, 1.0543534, 0.3915646
7756748849000, -0.16401732, 0.9807441, 0.37568212
7756753887000, -0.14538592, 0.9202685, 0.36163223
7756758895000, -0.1160644, 0.8848383, 0.35033122
7756764028000, -0.11209377, 0.8323039, 0.34391713
7756768959000, -0.10629055, 0.79443026, 0.3390302
7756773963000, -0.0983493, 0.77274454, 0.3286455
7756778935000, -0.106595986, 0.74464476, 0.31978795
7756783947000, -0.099571034, 0.7199047, 0.29626966
7756788919000, -0.101098195, 0.7189884, 0.27366763
7756793954000, -0.0983493, 0.7275405, 0.25045475
7756799528000, -0.106901415, 0.73914695, 0.21288654
7756803932000, -0.08032878, 0.77488256, 0.17837265
7756808958000, -0.063224554, 0.8023715, 0.15027285
7756813952000, -0.035124753, 0.82894415, 0.121256754
7756818941000, -0.016187929, 0.8185594, 0.08979719
7756824040000, -0.0067195175, 0.79320854, 0.065973446
7756828955000, -0.011911872, 0.7742717, 0.040317107
7756834018000, -0.01160644, 0.72692966, 0.035430185
7756838951000, -0.024129177, 0.6976081, 0.02321288
7756843952000, -0.038789943, 0.64904433, 0.009162978
7756848945000, -0.049785517, 0.61269784, 0.0015271631
7756853928000, -0.05375614, 0.5852089, -0.010079277
7756858983000, -0.030848695, 0.55863625, -0.040011674
7756863947000, -0.01863139, 0.5213735, -0.059253927
7756869622000, 6.1086525E-4, 0.49602258, -0.092240654
7756873969000, 0.03481932, 0.49693888, -0.12950343
7756878953000, 0.05955936, 0.49327368, -0.16829337
7756883945000, 0.08032878, 0.50732356, -0.20525073
7756888906000, 0.116675265, 0.5195409, -0.24862215
7756893946000, 0.15454891, 0.52595496, -0.29077184
7756898944000, 0.17684549, 0.52106804, -0.3286455
7756903876000, 0.19394971, 0.50854534, -0.36926803
7756908990000, 0.20799962, 0.48655418, -0.40408736
7756913908000, 0.20647246, 0.44593164, -0.44348818
7756918952000, 0.22693644, 0.39003745, -0.47494772
7756923898000, 0.2415972, 0.34238997, -0.5045747
7756928963000, 0.26328292, 0.3115413, -0.5317582
7756933838000, 0.29626966, 0.25778514, -0.52442783
7756938885000, 0.31123585, 0.19700404, -0.52320606
7756943877000, 0.35338554, 0.14202617, -0.50885075
7756948944000, 0.37995818, 0.083383106, -0.48533243
7756953898000, 0.4089743, 0.063224554, -0.45937067
7756958978000, 0.41508293, 0.06872234, -0.41783184
7756963879000, 0.43493605, 0.100792766, -0.37934732
7756968958000, 0.40744713, 0.1160644, -0.35613444
7756974006000, 0.38148534, 0.14477506, -0.321926
7756978955000, 0.3408628, 0.18661933, -0.27763826
7756983841000, 0.30451632, 0.2275473, -0.23060162
7756988907000, 0.27366763, 0.26175576, -0.1731803
7756993920000, 0.23548855, 0.28710666, -0.12705997
7756998929000, 0.1881465, 0.3042109, -0.0729984
7757003919000, 0.13561209, 0.30818152, -0.02687807
7757009181000, 0.10751228, 0.28985557, 0.016493361
7757013947000, 0.08277224, 0.26816985, 0.04795292
7757018961000, 0.06505715, 0.23915374, 0.076358154
7757023968000, 0.04917465, 0.22143865, 0.09254608
7757028846000, 0.057421334, 0.21288654, 0.10048734
7757033951000, 0.05681047, 0.21471913, 0.08460484
7757038890000, 0.06352998, 0.22968534, 0.0729984
7757043931000, 0.05589417, 0.2602286, 0.054367006
7757048846000, 0.058643065, 0.3032946, 0.056199603
7757053917000, 0.05222898, 0.34483343, 0.03940081
7757059021000, 0.04153884, 0.36285394, 0.027488936
7757063948000, 0.042760566, 0.37812558, 0.022907447
7757068928000, 0.041233405, 0.3652974, 0.01740966
7757073937000, 0.053145275, 0.30543262, 0.02321288
7757078884000, 0.049480084, 0.23060162, 0.017715093
7757083943000, 0.070249505, 0.18112154, 0.013133603
7757088869000, 0.07880162, 0.17654006, 0.01740966
7757093954000, 0.06566802, 0.2003638, 0.01740966
7757098848000, 0.043066, 0.22235495, 0.02443461
7757103933000, 0.02107485, 0.23365596, 0.03573562
7757109002000, 0.0030543262, 0.22937989, 0.04550946
7757113951000, -0.01863139, 0.19822577, 0.06352998
7757118955000, -0.03634648, 0.16218472, 0.07788532
7757124691000, -0.065973446, 0.14019357, 0.10415252
7757128960000, -0.09865474, 0.081855945, 0.118507855
7757133943000, -0.10781772, 0.027488936, 0.16676621
7757138913000, -0.16982053, -0.045814894, 0.21197024
7757143920000, -0.2049453, -0.09468412, 0.26083946
7757148915000, -0.23671028, -0.108123146, 0.32162055
7757153881000, -0.2733622, -0.116675265, 0.37965274
7757159105000, -0.29932398, -0.103847094, 0.44073927
7757163947000, -0.32895094, -0.10934488, 0.50518554
7757168968000, -0.34208453, -0.106901415, 0.57848936
7757173973000, -0.3640757, -0.092240654, 0.62858033
7757178955000, -0.3680463, -0.07788532, 0.6914995
7757183944000, -0.36254853, -0.07574729, 0.7254025
7757188904000, -0.33475417, -0.10720685, 0.7452556
7757194584000, -0.30176744, -0.17348573, 0.7476991
7757198948000, -0.27580565, -0.23793201, 0.75502944
7757203927000, -0.2452624, -0.30879238, 0.7324274
7757209010000, -0.24098633, -0.3585779, 0.70646566
7757213948000, -0.22876903, -0.38728857, 0.66645396
7757218973000, -0.21197024, -0.41722095, 0.61636305
7757223945000, -0.1957823, -0.43951756, 0.559858
7757228959000, -0.19517145, -0.46028697, 0.537256
7757233946000, -0.18203785, -0.5027421, 0.4792238
7757238933000, -0.15577064, -0.53786683, 0.43310347
7757243937000, -0.1386664, -0.5766568, 0.3866777
7757248949000, -0.11453723, -0.61666846, 0.3463606
7757253902000, -0.089186326, -0.625526, 0.31856623
7757259012000, -0.08399397, -0.5870415, 0.30573806
7757263849000, -0.040317107, -0.5338962, 0.28924468
7757268947000, -0.0061086523, -0.49296826, 0.29749137
7757273918000, 0.012217305, -0.46944994, 0.2947425
7757279027000, 0.024129177, -0.46303585, 0.29749137
7757283844000, 0.0421497, -0.43218717, 0.30543262
7757288905000, 0.03481932, -0.39767328, 0.32284227
7757293847000, 0.029321533, -0.37904188, 0.34697145
7757298949000, 0.01038471, -0.3885103, 0.3735441
7757303900000, -0.011301007, -0.41447207, 0.41447207
7757308999000, -0.042760566, -0.46975538, 0.44257188
7757313889000, -0.056199603, -0.50640726, 0.46670106
7757318956000, -0.06627888, -0.5335908, 0.49021935
7757324015000, -0.07696902, -0.56779927, 0.51159966
7757328961000, -0.071776666, -0.63163465, 0.5235115
7757334079000, -0.062308256, -0.69058317, 0.54519725
7757338949000, -0.056199603, -0.7538077, 0.5717699
7757343931000, -0.04642576, -0.8179486, 0.5873469
7757348947000, -0.03726278, -0.8750645, 0.5907067
7757353917000, -0.020463986, -0.91690874, 0.59559363
7757359020000, -0.022296581, -0.9306532, 0.59681535
7757363925000, -0.023518313, -0.9266826, 0.58551437
7757368962000, -0.036957346, -0.906524, 0.5723807
7757373946000, -0.067500606, -0.86101454, 0.5681047
7757379033000, -0.1020145, -0.82741696, 0.5549711
7757383902000, -0.15851954, -0.79168135, 0.55833083
7757388906000, -0.24404067, -0.7831292, 0.5693264
7757394253000, -0.3109304, -0.80756384, 0.5882632
7757398914000, -0.37232238, -0.8359691, 0.62125
7757403893000, -0.4098906, -0.818254, 0.6649268
7757408965000, -0.43768495, -0.76083267, 0.69974613
7757414303000, -0.45753807, -0.6606508, 0.7104363
7757418957000, -0.4569272, -0.59803706, 0.70188415
7757423922000, -0.46761733, -0.48533243, 0.68875057
7757429038000, -0.48502702, -0.40194935, 0.6649268
7757433935000, -0.52412236, -0.36193767, 0.6444628
7757438952000, -0.5742133, -0.36651915, 0.6133087
7757443947000, -0.636827, -0.3912592, 0.59437186
7757449620000, -0.7067711, -0.42088616, 0.56505036
7757453979000, -0.76083267, -0.43127087, 0.54183745
7757458994000, -0.8038987, -0.42363504, 0.52320606
7757463952000, -0.8219192, -0.37568212, 0.5036584
7757468917000, -0.8185594, -0.31764993, 0.48472157
7757474002000, -0.7834347, -0.24801129, 0.46211955
7757478890000, -0.7602218, -0.19853121, 0.42760566
7757483936000, -0.7287622, -0.16065755, 0.39736784
7757488909000, -0.7110472, -0.15760323, 0.34605515
7757493910000, -0.68752885, -0.17837265, 0.2874121
7757498915000, -0.66798115, -0.1881465, 0.23976462
7757503848000, -0.6612616, -0.19058995, 0.18784106
7757513836000, -0.6575964, -0.20372356, 0.092240654
7757519193000, -0.6563747, -0.20250183, 0.057726767
7757523887000, -0.6640105, -0.20372356, 0.03634648
7757528843000, -0.67103547, -0.18081611, 0.008552114
7757533851000, -0.65240407, -0.12583824, -0.019242255
7757538858000, -0.6432411, -0.08155051, -0.05100725
7757543838000, -0.6310238, -0.011911872, -0.070249505
7757548841000, -0.6105598, 0.03726278, -0.09162979
7757553879000, -0.5876524, 0.070554934, -0.102319926
7757558841000, -0.57940567, 0.062308256, -0.09621128
7757563844000, -0.5839872, 0.025961773, -0.0888809
7757568840000, -0.5858198, -0.015882496, -0.06811147
7757573883000, -0.5766568, -0.045814894, -0.047647487
7757578843000, -0.5653558, -0.049785517, -0.015577064
7757583935000, -0.5537493, -0.014049901, 0.022602014
7757589468000, -0.54244834, 0.043982297, 0.03970624
7757593952000, -0.5216789, 0.14874569, 0.057421334
7757599018000, -0.49541172, 0.24281894, 0.07971791
7757603954000, -0.4642576, 0.3387248, 0.08857546
7757608968000, -0.4269948, 0.39492437, 0.09712757
7757613973000, -0.38728857, 0.43004912, 0.10842858
7757619343000, -0.34208453, 0.46761733, 0.100792766
7757623957000, -0.31520647, 0.47433686, 0.10140363
7757628912000, -0.28527406, 0.47219884, 0.09712757
7757633929000, -0.24190263, 0.4841107, 0.09437868
7757638924000, -0.20769419, 0.4810564, 0.08155051
7757643953000, -0.18875736, 0.48197266, 0.076358154
7757648847000, -0.16890424, 0.47433686, 0.06627888
7757653934000, -0.15454891, 0.46822822, 0.062308256
7757659324000, -0.12003502, 0.47708577, 0.06872234
7757663954000, -0.10354166, 0.4978552, 0.080634214
7757668844000, -0.08093964, 0.5155703, 0.10476339
7757673977000, -0.07666359, 0.52381694, 0.10995574
7757678854000, -0.059864793, 0.49357912, 0.12003502
7757683952000, -0.043676864, 0.46609017, 0.12889257
7757688871000, -0.008246681, 0.4352415, 0.14019357
7757693955000, 0.020463986, 0.4071417, 0.13897185
7757698898000, 0.046731193, 0.36651915, 0.12644911
7757703917000, 0.08368854, 0.3268129, 0.11728613
7757708981000, 0.10262536, 0.29840767, 0.105374254
7757713950000, 0.109650314, 0.29077184, 0.0842994
7757718928000, 0.12889257, 0.27550024, 0.07727446
7757723999000, 0.13500121, 0.28221974, 0.05955936
7757728930000, 0.15210545, 0.27397305, 0.052534413
7757733943000, 0.16707164, 0.26939157, 0.03268129
7757738958000, 0.20280726, 0.27030787, 0.0125227375
7757743951000, 0.21563543, 0.24037547, -0.008857546
7757748950000, 0.2443461, 0.23243423, -0.036651913
7757753943000, 0.2761111, 0.21655174, -0.05955936
7757759049000, 0.32162055, 0.20525073, -0.09193522
7757763947000, 0.3549127, 0.1826487, -0.12583824
7757769015000, 0.39278635, 0.13897185, -0.16462818
7757773952000, 0.41783184, 0.062308256, -0.20158553
7757778960000, 0.45051312, -0.04062254, -0.2406809
7757783946000, 0.45662177, -0.13622294, -0.27763826
7757788905000, 0.4266894, -0.25350907, -0.33567044
7757793952000, 0.37934732, -0.36132678, -0.376293
7757798950000, 0.32925636, -0.42394048, -0.39920044
7757803923000, 0.30848694, -0.44684792, -0.44776422
7757808998000, 0.31245756, -0.43249258, -0.473726
7757813949000, 0.34391713, -0.42455134, -0.49296826
7757818972000, 0.35888332, -0.4343252, -0.49418998
7757823943000, 0.3933972, -0.4361578, -0.49968776
7757828962000, 0.45051312, -0.46089783, -0.49266282
7757833947000, 0.47311515, -0.453262, -0.49754974
7757838954000, 0.5027421, -0.39584067, -0.4886922
7757844422000, 0.52412236, -0.2773328, -0.47586402
7757848954000, 0.5491679, -0.1459968, -0.4596761
7757853898000, 0.5714644, -0.032986723, -0.44135013
7757859001000, 0.5830709, 0.06658431, -0.42119157
7757863883000, 0.59315014, 0.14385876, -0.4007276
7757869007000, 0.6059783, 0.22021692, -0.3735441
7757873892000, 0.61758476, 0.29443705, -0.34697145
7757879095000, 0.6221663, 0.3417791, -0.31642818
7757883842000, 0.6133087, 0.35430184, -0.2773328
7757888906000, 0.58368176, 0.3109304, -0.24862215
7757893917000, 0.548557, 0.26175576, -0.21533
7757898950000, 0.52564955, 0.22785273, -0.19120082
7757903891000, 0.5021312, 0.18325958, -0.1685988
7757908983000, 0.47555858, 0.13836098, -0.15363261
7757913868000, 0.4474588, 0.119729586, -0.14080444
7757918976000, 0.45081854, 0.0852157, -0.11636983
7757923987000, 0.43188173, 0.07147124, -0.09560041
7757928922000, 0.42088616, 0.13225232, -0.062308256
7757933908000, 0.4465425, 0.20250183, -0.0290161
7757938904000, 0.47555858, 0.22449298, -0.019242255
7757943914000, 0.46120325, 0.19456059, -0.0076358155
7757948913000, 0.4373795, 0.16737708, 3.0543262E-4
7757954257000, 0.40958515, 0.1255328, -0.009468411
7757958948000, 0.37048978, 0.09193522, -0.016798794
7757964008000, 0.34147367, 0.065973446, -0.025350908
7757968907000, 0.32986724, 0.039095376, -0.029626964
7757974305000, 0.29718593, 0.013133603, -0.03848451
7757978920000, 0.30390546, -0.039095376, -0.038789943
7757984154000, 0.29993483, -0.0729984, -0.035124753
7757988896000, 0.30115658, -0.106901415, -0.043066
7757994170000, 0.29779682, -0.14813483, -0.04642576
7757998913000, 0.3023783, -0.18325958, -0.044898596
7758003867000, 0.3136793, -0.21471913, -0.034208454
7758008925000, 0.3182608, -0.22815818, -0.035430185
7758013883000, 0.34788775, -0.24953845, -0.036651913
7758018913000, 0.34972036, -0.25870144, -0.034513887
7758023904000, 0.3643811, -0.25137106, -0.025350908
7758028912000, 0.3747658, -0.2434298, -0.018020526
7758033896000, 0.38423425, -0.2321288, -9.162979E-4
7758038904000, 0.37965274, -0.21930063, 0.016798794
7758043889000, 0.3717115, -0.2443461, 0.034208454
7758048913000, 0.37598756, -0.26542094, 0.037873644
7758053938000, 0.3631594, -0.24953845, 0.05467244
7758059015000, 0.36926803, -0.26206118, 0.061086524
7758063933000, 0.35063666, -0.27152961, 0.048258353
7758068934000, 0.28588495, -0.2434298, 0.023823744
7758073991000, 0.22327125, -0.18173242, 0.007330383
7758078955000, 0.14721853, -0.09621128, -0.008246681
7758083971000, 0.07727446, -0.013133603, -0.032070424
7758088899000, 0.0033597588, 0.055588737, -0.06627888
7758093954000, -0.067500606, 0.11178834, -0.09254608
7758098934000, -0.12217305, 0.12858713, -0.13561209
7758103955000, -0.15668693, 0.12675454, -0.17562376
7758109059000, -0.17531833, 0.111177474, -0.2125811
7758113987000, -0.18845193, 0.09590584, -0.22510384
7758118944000, -0.19333886, 0.105374254, -0.25900686
7758124008000, -0.18081611, 0.13316862, -0.28221974
7758129031000, -0.18509217, 0.17928895, -0.3032946
7758134003000, -0.19639318, 0.19517145, -0.30543262
7758138942000, -0.18661933, 0.22204952, -0.29260445
7758143958000, -0.18906279, 0.22937989, -0.2706133
7758148950000, -0.19058995, 0.22235495, -0.24129178
7758153947000, -0.1853976, 0.20250183, -0.20830505
7758159022000, -0.19120082, 0.16218472, -0.17104226
7758163951000, -0.18142697, 0.122783914, -0.124311075
7758169613000, -0.1966986, 0.08124508, -0.086132
7758174009000, -0.21166481, 0.05131268, -0.050701816
7758178949000, -0.24770586, 0.04337143, -0.024740042
7758183955000, -0.28680122, 0.032375857, -0.018936822
7758188887000, -0.31306845, 0.026572637, -0.0018325958
7758193960000, -0.35033122, 0.008552114, 0.02076942
7758198945000, -0.37048978, -0.006414085, 0.034513887
7758204004000, -0.39278635, -0.024129177, 0.046731193
7758208946000, -0.3924809, -0.021991149, 0.054061573
7758213956000, -0.3943135, -0.03634648, 0.06078109
7758218883000, -0.36957347, -0.027794369, 0.08399397
7758223962000, -0.35643986, -0.036651913, 0.09437868
7758228938000, -0.3173445, -0.052534413, 0.11209377
7758233954000, -0.27366763, -0.06841691, 0.12797627
7758239472000, -0.22357668, -0.06688975, 0.14202617
7758243956000, -0.17134771, -0.079107046, 0.16279559
7758248846000, -0.118507855, -0.08155051, 0.17256944
7758253952000, -0.08674286, -0.09712757, 0.17287487
7758258986000, -0.04428773, -0.11911872, 0.1731803
7758263976000, -0.028405234, -0.14080444, 0.15607607
7758268891000, -0.028405234, -0.15943582, 0.15149458
7758273970000, 0.015577064, -0.17654006, 0.14477506
7758278909000, 0.022907447, -0.17134771, 0.13194689
7758283929000, 0.03940081, -0.15332718, 0.11789699
7758288907000, 0.06536258, -0.13439035, 0.11575896
7758293960000, 0.09437868, -0.14294247, 0.11301007
7758298911000, 0.10873401, -0.17012598, 0.10415252
7758303945000, 0.12675454, -0.17592919, 0.09193522
7758309426000, 0.1301143, -0.19883664, 0.09712757
7758313924000, 0.14080444, -0.18967366, 0.09254608
7758318844000, 0.14813483, -0.17073683, 0.089491755
7758323906000, 0.17684549, -0.15271631, 0.080634214
7758328907000, 0.1872302, -0.1554652, 0.08582657
7758333917000, 0.21899518, -0.16187929, 0.093462385
7758338867000, 0.20555615, -0.16615535, 0.08307768
7758343935000, 0.19822577, -0.15149458, 0.08460484
7758348941000, 0.16615535, -0.12461651, 0.09101892
7758353913000, 0.12064589, -0.093767814, 0.09193522
7758358914000, 0.07696902, -0.06505715, 0.0888809
7758363953000, 0.018020526, -0.0693332, 0.07971791
7758368848000, -0.017104227, -0.087659165, 0.08155051
7758373916000, -0.04550946, -0.09865474, 0.064751714
7758378923000, -0.05100725, -0.11453723, 0.06505715
7758383945000, -0.048563786, -0.10903945, 0.043676864
7758388908000, -0.02565634, -0.10140363, 0.04520403
7758393954000, 0.0012217305, -0.09193522, 0.036651913
7758398927000, 0.014049901, -0.062308256, 0.0290161
7758403949000, 0.0290161, -0.042455133, 0.02443461
7758409031000, 0.022602014, 0.01863139, 0.01985312
7758413951000, 0.02687807, 0.05009095, 0.015271631
7758418950000, 0.011911872, 0.07666359, 0.016493361
7758423949000, -0.011911872, 0.08582657, 0.025961773
7758428971000, -0.014660766, 0.090713486, 0.029932396
7758433946000, -0.028710667, 0.102319926, 0.034208454
7758438910000, -0.028099801, 0.12156218, 0.034513887
7758443897000, -0.0421497, 0.13958271, 0.038789943
7758448891000, -0.054061573, 0.14874569, 0.049480084
7758453898000, -0.071776666, 0.13530666, 0.05100725
7758459172000, -0.079107046, 0.10934488, 0.051923547
7758463919000, -0.096516706, 0.095294975, 0.05497787
7758468902000, -0.09743301, 0.09437868, 0.060170226
7758473869000, -0.094989546, 0.108123146, 0.062002823
7758478947000, -0.092240654, 0.1142318, 0.06841691
7758483843000, -0.095294975, 0.13103059, 0.07147124
7758488899000, -0.08735373, 0.15118915, 0.08399397
7758494522000, -0.07391469, 0.15393804, 0.087964594
7758498914000, -0.06414085, 0.16065755, 0.09162979
7758503851000, -0.04795292, 0.13958271, 0.09621128
7758509006000, -0.043982297, 0.1133155, 0.11209377
7758513874000, -0.03940081, 0.069027774, 0.118202426
7758518916000, -0.035124753, 0.013744468, 0.13897185
7758523930000, -0.025350908, -0.020463986, 0.13927728
7758529053000, -0.015577064, -0.037873644, 0.14202617
7758534063000, -0.009773844, -0.03726278, 0.1459968
7758538908000, -0.02076942, -0.019242255, 0.13500121
7758543940000, -0.02076942, 0.01282817, 0.13713925
7758548923000, -0.028405234, 0.03634648, 0.12889257
7758554096000, -0.011911872, 0.061391957, 0.11362094
7758558995000, -0.0125227375, 0.08093964, 0.10751228
7758564252000, -0.004886922, 0.08368854, 0.09162979
7758568951000, -0.01038471, 0.09101892, 0.07238753
7758573957000, -0.008857546, 0.09254608, 0.065973446
7758578955000, -0.015271631, 0.07147124, 0.047647487
7758583861000, -0.008857546, 0.048258353, 0.04550946
7758588907000, -0.025350908, 0.011911872, 0.03756821
7758593901000, -0.020463986, -0.018936822, 0.030848695
7758598915000, -0.02687807, -0.016493361, 0.030543262
7758603897000, -0.030543262, -0.03359759, 0.026572637
7758608947000, -0.043066, -0.032986723, 0.025961773
7758613928000, -0.038789943, -0.0290161, 0.028710667
7758618913000, -0.04917465, -0.015882496, 0.030848695
7758623938000, -0.053145275, -9.162979E-4, 0.030848695
7758628914000, -0.05009095, 0.004886922, 0.029626964
7758633907000, -0.05467244, 0.018325957, 0.029626964
7758638893000, -0.051618114, 0.024129177, 0.03176499
7758643924000, -0.040927973, 0.03268129, 0.035124753
7758648909000, -0.03390302, 0.04062254, 0.029932396
7758653924000, -0.015577064, 0.03940081, 0.028099801
7758658939000, -0.018020526, 0.043982297, 0.028405234
7758663916000, -0.004276057, 0.04886922, 0.03023783
7758668911000, -0.012217305, 0.06047566, 0.034208454
7758673915000, -0.0076358155, 0.06169739, 0.030543262
7758678911000, -0.005192355, 0.05009095, 0.027488936
7758683908000, 0.0076358155, 0.029932396, 0.014660766
7758688885000, 0.0076358155, 0.01282817, 0.010079277
7758693922000, 0.0070249503, 0.005497787, 0.008857546
7758698912000, 0.0125227375, -0.012217305, 0.01038471
7758703930000, 0.0125227375, -0.02443461, 0.008857546
7758708926000, 0.01740966, -0.02443461, -0.0061086523
7758713923000, 0.021685716, -0.0012217305, -0.0027488936
7758718845000, 0.01038471, 0.008857546, -0.010079277
7758723933000, 0.007330383, 0.018936822, -0.022602014
7758728841000, 0.009773844, 0.036651913, -0.027183503
7758733950000, -0.0030543262, 0.036651913, -0.024740042
7758738861000, 0.0125227375, 0.029932396, -0.03726278
7758743924000, 0.0021380284, 0.020463986, -0.036957346
7758748856000, 0.010995574, 0.019242255, -0.032375857
7758753894000, 0.014660766, 0.018325957, -0.03481932
7758758987000, 0.015882496, 0.028710667, -0.040927973
7758763917000, 0.010079277, 0.037873644, -0.04153884
7758768914000, 0.012217305, 0.04062254, -0.03481932
7758773923000, 0.012217305, 0.050701816, -0.038179077
7758778934000, -0.0033597588, 0.0580322, -0.03268129
7758783911000, 0.0033597588, 0.07544186, -0.028099801
7758788884000, -0.0018325958, 0.09590584, -0.019547688
7758793921000, 3.0543262E-4, 0.09040806, -0.01282817
7758798908000, 0.005192355, 0.099265605, -0.014049901
7758803896000, 0.009773844, 0.09865474, -0.009773844
7758808942000, 0.010995574, 0.07971791, -0.01160644
7758813954000, 0.016798794, 0.055283304, 9.162979E-4
7758818934000, 0.016493361, 0.02565634, 0.0012217305
7758823944000, 0.017104227, 0.0125227375, 0.008857546
7758828903000, 0.007330383, -0.002443461, 0.005497787
7758833952000, -0.0015271631, -0.01740966, 0.0076358155
7758838913000, -0.002443461, -0.02107485, 0.011911872
7758843961000, -0.022602014, -0.01985312, 0.018020526
7758848924000, -0.01985312, -0.014660766, 0.019547688
7758853943000, -0.02565634, -0.020463986, 0.022602014
7758859026000, -0.033292156, -0.013439035, 0.022907447
7758863951000, -0.029321533, 0.0030543262, 0.02076942
7758869036000, -0.029321533, 0.0067195175, 0.027183503
7758873976000, -0.026572637, 0.026572637, 0.02443461
7758879170000, -0.031154128, 0.027488936, 0.029932396
7758883950000, -0.043982297, 0.032986723, 0.03268129
7758888893000, -0.043676864, 0.025350908, 0.029321533
7758893957000, -0.038789943, 0.014966198, 0.03268129
7758898846000, -0.045814894, 0.0143553335, 0.033292156
7758903941000, -0.04428773, 0.006414085, 0.03023783
7758908900000, -0.057421334, -0.0012217305, 0.034513887
7758913953000, -0.050396383, -0.01038471, 0.040011674
7758918840000, -0.061086524, -0.016187929, 0.045814894
7758923981000, -0.06872234, -0.019547688, 0.04642576
7758928856000, -0.0693332, -0.024740042, 0.04734206
7758933951000, -0.07941248, -0.017715093, 0.047647487
7758938912000, -0.07360926, -0.010995574, 0.048563786
7758943890000, -0.07238753, -0.007941248, 0.051618114
7758948881000, -0.062308256, -0.008857546, 0.054061573
7758953900000, -0.049480084, 0.003970624, 0.0580322
7758959013000, -0.05467244, 0.01160644, 0.06047566
7758963915000, -0.034208454, 0.015577064, 0.05955936
7758968908000, -0.029321533, 0.01863139, 0.059253927
7758973986000, -0.016798794, 0.017715093, 0.05589417
7758978919000, -0.0033597588, 0.025961773, 0.04795292
7758983949000, -0.006414085, 0.030543262, 0.053450707
7758988904000, 0.0076358155, 0.030848695, 0.05131268
7758993960000, 0.007330383, 0.031154128, 0.0571159
7758998974000, 0.008857546, 0.019242255, 0.04886922
7759003942000, 0.010079277, 0.017104227, 0.04520403
7759008953000, 0.023518313, 0.030848695, 0.043676864
7759013946000, 0.0076358155, 0.027488936, 0.041233405
7759018944000, 0.005192355, 0.034208454, 0.043982297
7759023912000, 0.008246681, 0.032375857, 0.040927973
7759028935000, 0.004276057, 0.043066, 0.04062254
7759033909000, 0.0033597588, 0.05100725, 0.042455133
7759038905000, 0.009468411, 0.053145275, 0.035430185
7759043889000, 0.0030543262, 0.049785517, 0.03634648
7759048921000, 0.009468411, 0.048563786, 0.035124753
7759053913000, 0.018936822, 0.044898596, 0.036957346
7759058918000, 0.0125227375, 0.054367006, 0.03481932
7759063912000, 0.019242255, 0.055283304, 0.034513887
7759068912000, 0.008857546, 0.049480084, 0.03145956
7759073898000, 0.01160644, 0.05467244, 0.028405234
7759078890000, 0.010079277, 0.042455133, 0.037873644
7759083914000, 0.0070249503, 0.040317107, 0.0290161
7759088906000, 0.0012217305, 0.037873644, 0.02687807
7759093886000, -0.009162978, 0.03726278, 0.027488936
7759098925000, -0.018325957, 0.040927973, 0.025350908
7759103906000, -0.021380283, 0.03573562, 0.021991149
7759108901000, -0.028405234, 0.02321288, 0.026572637
7759113915000, -0.033292156, 0.016493361, 0.02443461
7759118940000, -0.026572637, 0.004276057, 0.02076942
7759123928000, -0.029626964, 0.0036651916, 0.02321288
7759128927000, -0.036651913, 0.0012217305, 0.027488936
7759133908000, -0.043676864, -0.01160644, 0.027488936
7759138894000, -0.052839845, -0.02107485, 0.030848695
7759143911000, -0.05100725, -0.014660766, 0.027183503
7759148913000, -0.05955936, -0.027183503, 0.017715093
7759153879000, -0.06719518, -0.02687807, 0.02443461
7759158965000, -0.076052725, -0.026267206, 0.025045475
7759163880000, -0.08857546, -0.035430185, 0.02107485
7759168949000, -0.07880162, -0.023823744, 0.019242255
7759173898000, -0.07727446, -0.025350908, 0.019547688
7759178927000, -0.081855945, -0.021380283, 0.01160644
7759183855000, -0.084910266, -0.025350908, 0.013439035
7759188904000, -0.07849618, -0.01282817, 0.01160644
7759193900000, -0.076358154, -0.008552114, 0.0143553335
7759198916000, -0.07849618, -0.011911872, 0.013439035
7759203926000, -0.07788532, -0.004276057, 0.016493361
7759208953000, -0.0720821, 0.0021380284, 0.018936822
7759213912000, -0.07727446, 0.005497787, 0.015882496
7759218907000, -0.07696902, -9.162979E-4, 0.016798794
7759223932000, -0.06780604, -0.006414085, 0.01740966
7759228900000, -0.07574729, 0.0106901415, 0.025045475
7759234011000, -0.070249505, 0.0106901415, 0.02076942
7759238900000, -0.067500606, 0.024129177, 0.025961773
7759244074000, -0.07391469, 0.028405234, 0.026572637
7759248948000, -0.076358154, 0.018936822, 0.03359759
7759253929000, -0.079107046, 0.016187929, 0.032070424
7759258918000, -0.0711658, 9.162979E-4, 0.03268129
7759263886000, -0.057421334, -0.024129177, 0.032986723
7759268910000, -0.06536258, -0.03268129, 0.040927973
7759273958000, -0.06078109, -0.03634648, 0.03634648
7759278917000, -0.06291912, -0.03756821, 0.043982297
7759283914000, -0.06414085, -0.032070424, 0.05100725
7759288897000, -0.06261369, -0.03390302, 0.04886922
7759293923000, -0.07086037, -0.045814894, 0.043982297
7759298912000, -0.047647487, -0.03176499, 0.045814894
7759303911000, -0.05009095, -0.028099801, 0.043676864
7759309006000, -0.04337143, -0.02443461, 0.04184427
7759313985000, -0.047647487, -0.018020526, 0.046120327
7759318906000, -0.04428773, -0.015271631, 0.043676864
7759323961000, -0.03940081, -0.008857546, 0.05131268
7759328917000, -0.03604105, -0.0018325958, 0.040927973
7759333911000, -0.028710667, 0.004581489, 0.03756821
7759338890000, -0.028710667, 0.007941248, 0.038789943
7759343924000, -0.029932396, 0.011301007, 0.044898596
7759348912000, -0.027794369, 0.007941248, 0.03970624
7759353904000, -0.028710667, 0.022296581, 0.047036625
7759358920000, -0.031154128, 0.005497787, 0.0421497
7759363915000, -0.032070424, 0.0012217305, 0.036957346
7759368905000, -0.030543262, 0.010079277, 0.040317107
7759373938000, -0.033292156, 0.007941248, 0.03359759
7759378917000, -0.029626964, 0.014966198, 0.029321533
7759383917000, -0.040011674, 0.008246681, 0.028405234
7759388879000, -0.046731193, 0.004886922, 0.025961773
7759393919000, -0.04337143, -0.005192355, 0.021380283
7759398902000, -0.032375857, -0.0027488936, 0.01985312
7759403897000, -0.032375857, -0.009773844, 0.015577064
7759408915000, -0.035124753, -0.020158553, 0.019242255
7759413911000, -0.037873644, -0.021991149, 0.010995574
7759418872000, -0.030848695, -0.022602014, 0.014660766
7759423942000, -0.032986723, -0.027794369, 0.010995574
7759428881000, -0.033292156, -0.029626964, 0.008857546
