#Rate of rotation around the x y z axes (Angular velocity).
#timestamp(ns),x,y,z(rad/s)
#Datetime: 18/05/2015 11:53:45
##########################################
#Activity: 8 - CSI - Car-Step in - 6s
#Subject ID: 54
#First Name: sub54
#Last Name: sub54
#Age: 27
#Height(cm): 164
#Weight(kg): 55
#Gender: Female
##########################################

@DATA
2325873915000, -0.0076358155, 0.015882496, 0.008246681
2325878923000, -0.0070249503, 0.011301007, 0.0125227375
2325883919000, -0.004886922, 0.013133603, 0.013133603
2325888912000, -0.0076358155, 0.003970624, 0.007941248
2325893905000, -0.0070249503, -9.162979E-4, 0.01038471
2325899535000, -0.005192355, 0.00580322, 0.008857546
2325903909000, -0.0106901415, 0.004886922, 0.0076358155
2325908928000, -0.01038471, 0.005192355, 0.00580322
2325913938000, -0.0106901415, 0.005192355, 0.009162978
2325918882000, -0.01740966, 0.003970624, 0.009468411
2325923903000, -0.01740966, 0.013133603, 0.013439035
2325928912000, -0.015882496, 0.0033597588, 0.0125227375
2325933865000, -0.021380283, 0.0067195175, 0.013744468
2325938850000, -0.025350908, 0.0067195175, 0.016798794
2325943862000, -0.02687807, 0.0036651916, 0.0143553335
2325948847000, -0.019547688, 0.01282817, 0.014966198
2325953801000, -0.018020526, 0.017715093, 0.013439035
2325958805000, -0.025350908, 0.0106901415, 0.0067195175
2325963832000, -0.020158553, 0.014049901, 0.00580322
2325969037000, -0.021685716, 0.008552114, 0.008857546
2325973813000, -0.017104227, 0.01160644, 0.014660766
2325978829000, -0.018325957, 0.010079277, 0.008552114
2325983821000, -0.016493361, 0.015577064, 0.019242255
2325988814000, -0.01985312, 0.020463986, 0.015271631
2325993812000, -0.02107485, 0.019547688, 0.012217305
2325998819000, -0.01985312, 0.021685716, 0.02443461
2326003817000, -0.031154128, 0.021380283, 0.018936822
2326008805000, -0.02321288, 0.014049901, 0.0125227375
2326013856000, -0.016187929, 0.022602014, 0.016798794
2326018873000, -0.020158553, 0.029321533, 0.020463986
2326023913000, -0.02107485, 0.015577064, 0.02107485
2326028915000, -0.02107485, 0.021991149, 0.016187929
2326033917000, -0.022602014, 0.026267206, 0.02076942
2326038997000, -0.019547688, 0.022907447, 0.019547688
2326043871000, -0.016493361, 0.0290161, 0.014966198
2326048850000, -0.022602014, 0.022296581, 0.01160644
2326053882000, -0.0290161, 0.017104227, 0.009773844
2326058846000, -0.023518313, 0.02443461, 0.021380283
2326063940000, -0.025350908, 0.015271631, 0.022907447
2326068854000, -0.013133603, 0.01985312, 0.022907447
2326073914000, -0.014049901, 0.01985312, 0.018020526
2326078827000, -0.01740966, 0.01863139, 0.015271631
2326083921000, -0.030848695, 0.014049901, 0.004276057
2326088815000, -0.014049901, 0.015271631, 0.01282817
2326093863000, -0.02076942, 0.017715093, 0.016493361
2326098816000, -0.016187929, 0.01160644, 0.015882496
2326103892000, -0.025045475, 0.015882496, 0.025350908
2326109002000, -0.010079277, 0.028710667, 0.014966198
2326113899000, -0.02687807, 0.01985312, 0.013133603
2326118852000, -0.014660766, 0.012217305, 0.011301007
2326123874000, -0.0125227375, 0.017715093, 0.014049901
2326128873000, -0.025961773, 0.024129177, 0.017715093
2326133894000, -0.024129177, 0.013133603, 0.015271631
2326138939000, -0.015577064, 0.016798794, 0.01985312
2326143864000, -0.022296581, 0.0070249503, 0.014660766
2326148885000, -0.024740042, 0.008552114, 0.012217305
2326153880000, -0.012217305, 0.0076358155, 0.019242255
2326158898000, -0.01985312, 0.007941248, 0.015577064
2326163974000, -0.022296581, 0.008246681, 0.011301007
2326169102000, -0.022907447, 0.007330383, 0.013439035
2326173908000, -0.014660766, 0.008552114, 0.0125227375
2326178954000, -0.01160644, 0.009773844, 0.017715093
2326183919000, -0.030848695, 0.0021380284, 0.013133603
2326188890000, -0.030543262, 0.003970624, 0.022296581
2326193905000, -0.0290161, 0.006414085, 0.021685716
2326198933000, -0.03176499, 0.008857546, 0.018936822
2326203918000, -0.028405234, 3.0543262E-4, 0.017715093
2326208919000, -0.026267206, 0.008552114, 0.01985312
2326214005000, -0.028710667, 0.0033597588, 0.022296581
2326218943000, -0.019242255, -0.0015271631, 0.015577064
2326224564000, -0.022296581, -6.1086525E-4, 0.017104227
2326228877000, -0.022907447, 0.010995574, 0.021380283
2326233885000, -0.019547688, 0.009468411, 0.0143553335
2326238876000, -0.018325957, 0.0033597588, 0.02076942
2326243853000, -0.02687807, 0.01740966, 0.023823744
2326248872000, -0.02076942, 0.02107485, 0.015271631
2326253868000, -0.027488936, 0.017715093, 0.014049901
2326258883000, -0.030543262, 0.018325957, 0.014660766
2326264252000, -0.022296581, 0.019547688, 0.02076942
2326268893000, -0.03023783, 0.01740966, 0.018936822
2326273883000, -0.029932396, 0.031154128, 0.02321288
2326278882000, -0.03726278, 0.028405234, 0.022602014
2326283873000, -0.027183503, 0.036957346, 0.021685716
2326288873000, -0.028405234, 0.0421497, 0.02687807
2326293875000, -0.03176499, 0.04428773, 0.02687807
2326298908000, -0.025045475, 0.04184427, 0.021380283
2326303876000, -0.021991149, 0.0571159, 0.029932396
2326308870000, -0.015577064, 0.06414085, 0.028710667
2326313957000, -0.021380283, 0.061391957, 0.02565634
2326318918000, -0.009773844, 0.07727446, 0.025350908
2326323866000, -0.013439035, 0.076358154, 0.031154128
2326328921000, 0.004886922, 0.08246681, 0.034208454
2326333900000, -0.0036651916, 0.08979719, 0.029321533
2326338906000, 0.005497787, 0.10048734, 0.03145956
2326343916000, 0.004886922, 0.09315695, 0.03756821
2326348926000, 0.010079277, 0.0983493, 0.027794369
2326353935000, 0.02107485, 0.099265605, 0.034513887
2326358889000, 0.018936822, 0.102319926, 0.035124753
2326363897000, 0.016493361, 0.10262536, 0.027794369
2326368962000, 0.01863139, 0.10048734, 0.030848695
2326373915000, 0.027488936, 0.098043874, 0.027794369
2326378861000, 0.028710667, 0.099265605, 0.02565634
2326383885000, 0.018936822, 0.098043874, 0.028099801
2326388877000, 0.01038471, 0.09162979, 0.03481932
2326393869000, 0.0033597588, 0.09010262, 0.02687807
2326398856000, 0.01038471, 0.09743301, 0.026572637
2326403875000, 0.005497787, 0.096516706, 0.033292156
2326408852000, 9.162979E-4, 0.09590584, 0.029321533
2326413921000, -0.010079277, 0.084910266, 0.04184427
2326418880000, -0.016493361, 0.07788532, 0.04550946
2326423873000, -0.008857546, 0.09285152, 0.043982297
2326428860000, -0.016187929, 0.093462385, 0.04734206
2326434032000, -0.014966198, 0.08674286, 0.057726767
2326438877000, -0.018936822, 0.08246681, 0.06627888
2326443868000, -0.026267206, 0.09040806, 0.0693332
2326448900000, -0.021991149, 0.086132, 0.07971791
2326453877000, -0.034208454, 0.084910266, 0.086132
2326458863000, -0.051923547, 0.07696902, 0.095294975
2326463912000, -0.0571159, 0.0729984, 0.089186326
2326468820000, -0.064446285, 0.05589417, 0.1020145
2326473872000, -0.084910266, 0.041233405, 0.10720685
2326478833000, -0.109650314, 0.027183503, 0.10995574
2326483892000, -0.1386664, 0.014660766, 0.11026118
2326488809000, -0.13652839, 0.01985312, 0.1151481
2326493867000, -0.14446963, 0.021991149, 0.118202426
2326498858000, -0.16737708, 0.02321288, 0.1255328
2326503860000, -0.1740966, 0.02321288, 0.12186762
2326508897000, -0.1872302, 0.027183503, 0.12675454
2326513902000, -0.19456059, 0.014966198, 0.13988814
2326518873000, -0.20250183, 0.013439035, 0.14446963
2326523872000, -0.20250183, 0.013439035, 0.16310102
2326528937000, -0.20830505, -0.015271631, 0.17287487
2326533909000, -0.2171626, -0.020158553, 0.18845193
2326538865000, -0.21563543, -0.009468411, 0.2003638
2326543928000, -0.22327125, -0.008552114, 0.20891592
2326549143000, -0.24220806, 6.1086525E-4, 0.21991149
2326553889000, -0.24923302, 0.005497787, 0.2302962
2326558943000, -0.24007004, 0.024129177, 0.2321288
2326563955000, -0.25259277, 0.052839845, 0.2312125
2326568887000, -0.25900686, 0.08368854, 0.23976462
2326573844000, -0.26542094, 0.1133155, 0.24709499
2326578905000, -0.267559, 0.13622294, 0.24220806
2326583922000, -0.26297748, 0.15851954, 0.25473082
2326588898000, -0.2669481, 0.16187929, 0.25534168
2326593923000, -0.26297748, 0.17684549, 0.27091873
2326598951000, -0.24404067, 0.19058995, 0.28313604
2326603917000, -0.22113322, 0.20250183, 0.30543262
2326608938000, -0.19425514, 0.22052236, 0.31764993
2326613943000, -0.17440203, 0.22693644, 0.33353242
2326619669000, -0.16279559, 0.24251351, 0.34269542
2326623900000, -0.17073683, 0.25228736, 0.34788775
2326628864000, -0.18936823, 0.2733622, 0.35124752
2326633903000, -0.20830505, 0.30604348, 0.35185838
2326638825000, -0.2434298, 0.3399465, 0.35308012
2326643899000, -0.25686884, 0.36163223, 0.3472769
2326648822000, -0.2657264, 0.3436117, 0.32467487
2326653910000, -0.25778514, 0.32436943, 0.30848694
2326658833000, -0.26267207, 0.2950479, 0.29901853
2326663858000, -0.2666427, 0.25534168, 0.27030787
2326668783000, -0.26419923, 0.25289822, 0.26175576
2326673828000, -0.28008172, 0.27855456, 0.2443461
2326678788000, -0.3005457, 0.25686884, 0.22021692
2326683820000, -0.30787608, 0.21594086, 0.18417588
2326688805000, -0.30451632, 0.19822577, 0.160963
2326693819000, -0.310625, 0.16554448, 0.13255776
2326698790000, -0.30695978, 0.1337795, 0.12370021
2326703816000, -0.29535335, 0.113926366, 0.13072516
2326708808000, -0.28985557, 0.09560041, 0.15974127
2326713855000, -0.28985557, 0.09682214, 0.19364429
2326718820000, -0.27672195, 0.092240654, 0.22510384
2326723815000, -0.26419923, 0.10354166, 0.2724459
2326728898000, -0.24129178, 0.11056661, 0.31795537
2326733921000, -0.24709499, 0.11728613, 0.3484986
2326738891000, -0.21899518, 0.122478485, 0.37384954
2326743906000, -0.19883664, 0.11209377, 0.4083634
2326749001000, -0.18142697, 0.103847094, 0.43218717
2326753910000, -0.160963, 0.09437868, 0.43799037
2326759174000, -0.14019357, 0.08552113, 0.4538729
2326763883000, -0.09193522, 0.08827003, 0.45570546
2326768884000, -0.0693332, 0.07971791, 0.4709771
2326773883000, -0.036957346, 0.07880162, 0.48472157
2326778838000, -0.025961773, 0.0693332, 0.4700608
2326783892000, 0.0012217305, 0.069027774, 0.46089783
2326788843000, 0.01038471, 0.07269296, 0.4636467
2326793861000, 0.01985312, 0.061391957, 0.47494772
2326798885000, 0.028710667, 0.04734206, 0.47525316
2326803880000, 0.057421334, 0.03481932, 0.48991394
2326808907000, 0.086132, 0.020158553, 0.5039638
2326813924000, 0.12705997, 0.0036651916, 0.52839845
2326818943000, 0.13500121, -0.01985312, 0.5500842
2326823873000, 0.1432479, -0.058643065, 0.5739079
2326828917000, 0.14721853, -0.09193522, 0.5839872
2326833913000, 0.13683382, -0.13836098, 0.5833763
2326838932000, 0.13439035, -0.17287487, 0.59681535
2326843896000, 0.105068825, -0.21624629, 0.6038403
2326848910000, 0.100792766, -0.24190263, 0.5849035
2326853917000, 0.10720685, -0.31031954, 0.5723807
2326858915000, 0.105374254, -0.37843102, 0.5467244
2326863926000, 0.08093964, -0.42241332, 0.5131268
2326868943000, 0.07696902, -0.45753807, 0.48166725
2326873870000, 0.06627888, -0.4972443, 0.43982297
2326878868000, 0.06383542, -0.5332854, 0.42394048
2326883884000, 0.064446285, -0.5653558, 0.40775254
2326888866000, 0.069027774, -0.59559363, 0.4025602
2326893855000, 0.077579886, -0.6072, 0.39645153
2326898898000, 0.10629055, -0.59742624, 0.40591997
2326903826000, 0.13194689, -0.57848936, 0.40958515
2326908919000, 0.15699236, -0.56199604, 0.43004912
2326913975000, 0.17104226, -0.548557, 0.4392121
2326918921000, 0.20586158, -0.5342017, 0.464563
2326923828000, 0.20463985, -0.50976706, 0.48624873
2326928884000, 0.21746802, -0.49296826, 0.49754974
2326933808000, 0.2144137, -0.4538729, 0.50426924
2326938878000, 0.22449298, -0.44623706, 0.5323691
2326944708000, 0.22907446, -0.45448375, 0.5531385
2326948906000, 0.23579398, -0.45814893, 0.57451874
2326953848000, 0.23457226, -0.48075095, 0.57910025
2326958887000, 0.2443461, -0.49571714, 0.5849035
2326964125000, 0.24129178, -0.51251596, 0.6001751
2326968913000, 0.23854288, -0.5421429, 0.5983425
2326973862000, 0.23976462, -0.5635232, 0.61911196
2326978881000, 0.23335053, -0.593761, 0.6401868
2326983817000, 0.21838433, -0.63071835, 0.66553766
2326988874000, 0.21044308, -0.66339964, 0.6728681
2326993838000, 0.18600847, -0.6924158, 0.6649268
2326998932000, 0.17470746, -0.7128797, 0.6927212
2327003842000, 0.16768251, -0.7315111, 0.6973027
2327008884000, 0.16401732, -0.7431176, 0.6814202
2327014432000, 0.15974127, -0.7510588, 0.65484756
2327018957000, 0.13194689, -0.77182823, 0.61941737
2327023875000, 0.08552113, -0.8051204, 0.58032197
2327028863000, 0.04917465, -0.8063421, 0.548557
2327033888000, 0.028710667, -0.80970186, 0.52595496
2327038881000, 0.024740042, -0.80970186, 0.5183192
2327043861000, 0.0125227375, -0.8200866, 0.49938235
2327048883000, 0.016187929, -0.81122905, 0.4914411
2327053880000, 0.011301007, -0.81031275, 0.48166725
2327058885000, -0.0061086523, -0.8323039, 0.45540005
2327063974000, -0.027488936, -0.8414669, 0.42180246
2327068868000, -0.03573562, -0.82986045, 0.3979787
2327073871000, -0.044593163, -0.8414669, 0.3659083
2327078832000, -0.022602014, -0.82558435, 0.3268129
2327083885000, -0.02321288, -0.7791586, 0.27763826
2327088810000, -0.03145956, -0.7476991, 0.24251351
2327093901000, -0.04428773, -0.6921103, 0.20647246
2327098858000, -0.058643065, -0.6401868, 0.17531833
2327103911000, -0.07086037, -0.5540548, 0.15515977
2327108922000, -0.07696902, -0.48533243, 0.13072516
2327113999000, -0.054367006, -0.4288274, 0.11484267
2327118873000, -0.031154128, -0.34880406, 0.13622294
2327123914000, 0.0070249503, -0.29016098, 0.14813483
2327128856000, 0.0290161, -0.2489276, 0.1518
2327133894000, 0.048563786, -0.18570304, 0.13988814
2327138866000, 0.07941248, -0.1554652, 0.13591751
2327143853000, 0.124311075, -0.0888809, 0.1386664
2327148887000, 0.14477506, -0.024740042, 0.12034045
2327153920000, 0.17684549, 0.02565634, 0.10629055
2327158910000, 0.21197024, 0.048258353, 0.086132
2327163969000, 0.21777347, 0.062002823, 0.0571159
2327168938000, 0.19883664, 0.05009095, 0.015271631
2327173915000, 0.16920967, 0.05009095, -0.025961773
2327178934000, 0.110872045, -0.050701816, -0.055588737
2327183864000, 0.053145275, -0.12095132, -0.09437868
2327189058000, -0.0012217305, -0.16462818, -0.12156218
2327193864000, -0.056199603, -0.19333886, -0.16584991
2327199576000, -0.11484267, -0.2519819, -0.1966986
2327203919000, -0.17256944, -0.2828306, -0.21838433
2327208843000, -0.20372356, -0.29932398, -0.24037547
2327214024000, -0.22693644, -0.31398472, -0.2657264
2327218865000, -0.2415972, -0.3304781, -0.2919936
2327223902000, -0.2687807, -0.3463606, -0.30787608
2327228884000, -0.2846632, -0.3744604, -0.32406402
2327233915000, -0.2938262, -0.40042216, -0.33261612
2327238908000, -0.3155119, -0.4092797, -0.33169982
2327243900000, -0.3173445, -0.4456262, -0.33200526
2327248954000, -0.33383787, -0.49602258, -0.3381139
2327253911000, -0.37201694, -0.5494733, -0.33658674
2327258911000, -0.4111123, -0.62888575, -0.3399465
2327263976000, -0.46822822, -0.71685034, -0.35918877
2327269307000, -0.52473325, -0.8194757, -0.3726278
2327273914000, -0.59131753, -0.9294315, -0.38973203
2327278882000, -0.65087694, -1.0473285, -0.40011674
2327283885000, -0.732122, -1.1646146, -0.43004912
2327288880000, -0.8164214, -1.310306, -0.45234573
2327293863000, -0.8949176, -1.4718798, -0.47342056
2327298909000, -0.97066486, -1.6154331, -0.49113566
2327303912000, -1.0442741, -1.7602082, -0.48563787
2327308928000, -1.0821478, -1.8881844, -0.48349985
2327313972000, -1.0931433, -1.96271, -0.4801401
2327318940000, -1.104139, -1.998751, -0.47800204
2327323910000, -1.1078042, -2.0161607, -0.46395215
2327328907000, -1.1087204, -1.9996674, -0.4541783
2327333917000, -1.1093313, -1.9694295, -0.4550946
2327339196000, -1.1154399, -1.9361374, -0.45662177
2327343897000, -1.1340714, -1.921782, -0.453262
2327348984000, -1.1407908, -1.8628336, -0.45875978
2327353904000, -1.1575897, -1.8194622, -0.4633413
2327358919000, -1.162782, -1.7708983, -0.46792278
2327363893000, -1.1652255, -1.7223345, -0.45845437
2327368925000, -1.2159272, -1.6719382, -0.4373795
2327373826000, -1.2382239, -1.6239853, -0.40744713
2327378921000, -1.2278391, -1.5803084, -0.38637227
2327383862000, -1.1979067, -1.5305228, -0.3640757
2327388913000, -1.1847731, -1.4953982, -0.32834008
2327393875000, -1.183246, -1.4804319, -0.2782491
2327398981000, -1.1991285, -1.4837917, -0.23396139
2327403879000, -1.1979067, -1.4902058, -0.19120082
2327408919000, -1.208597, -1.5045611, -0.1518
2327413986000, -1.219287, -1.5366315, -0.109650314
2327418918000, -1.2235631, -1.5641204, -0.036651913
2327423928000, -1.2174544, -1.5855007, 0.019547688
2327428867000, -1.2278391, -1.6230689, 0.058337633
2327433861000, -1.2522738, -1.6475036, 0.1151481
2327438878000, -1.2889256, -1.6804903, 0.15027285
2327443854000, -1.3038919, -1.7122552, 0.20463985
2327448893000, -1.3478742, -1.7397442, 0.24923302
2327453918000, -1.387275, -1.8353447, 0.24556783
2327458899000, -1.3271047, -1.981036, 0.18325958
2327463945000, -1.1676689, -2.0305161, 0.11148291
2327468995000, -1.0189233, -2.0030272, 0.05681047
2327473917000, -0.8689558, -1.9083431, 0.040317107
2327479023000, -0.70646566, -1.765706, 0.055283304
2327483925000, -0.5522222, -1.5968018, 0.09285152
2327488908000, -0.44073927, -1.4367551, 0.15027285
2327493904000, -0.43676865, -1.2840388, 0.1826487
2327498987000, -0.43127087, -1.1695015, 0.19822577
2327503918000, -0.42821655, -1.1187997, 0.16676621
2327508916000, -0.38453966, -1.1071932, 0.089186326
2327514002000, -0.3231477, -1.0100657, 0.027183503
2327518916000, -0.26145032, -0.90316427, -3.0543262E-4
2327523910000, -0.20219639, -0.8194757, -0.063224554
2327528902000, -0.18081611, -0.71776664, -0.10995574
2327533922000, -0.16187929, -0.65576386, -0.15241088
2327538896000, -0.16676621, -0.49693888, -0.1695151
2327543903000, -0.16615535, -0.35460728, -0.21319197
2327548888000, -0.18845193, -0.2742785, -0.25717425
2327553910000, -0.24404067, -0.15118915, -0.34147367
2327558911000, -0.37843102, 0.019547688, -0.36865717
2327563949000, -0.5830709, 0.06994407, -0.39095375
2327568894000, -0.6178902, 0.16920967, -0.4016439
2327573913000, -0.7174612, 0.16218472, -0.44898596
2327578935000, -0.8176431, 0.16982053, -0.47616947
2327583922000, -0.8881981, 0.1994475, -0.47433686
2327588857000, -0.95447695, 0.25870144, -0.45662177
2327594633000, -0.9825767, 0.321926, -0.40439278
2327599272000, -0.93218035, 0.41080686, -0.33841935
2327603920000, -0.8353582, 0.5345071, -0.27977628
2327608855000, -0.72051555, 0.6976081, -0.27305678
2327613943000, -0.5729916, 0.75716746, -0.25442538
2327618825000, -0.4529566, 0.84879726, -0.25442538
2327623890000, -0.3744604, 0.9596693, -0.20677789
2327628836000, -0.33475417, 0.9837985, -0.27000242
2327633886000, -0.26236662, 0.94959, -0.32925636
2327638857000, -0.25778514, 0.88789266, -0.4034765
2327643901000, -0.27977628, 0.9089675, -0.4352415
2327648907000, -0.35460728, 0.8555168, -0.44165558
2327653895000, -0.44348818, 0.7076874, -0.4147775
2327658924000, -0.49693888, 0.6053675, -0.36774087
2327664597000, -0.59040123, 0.528093, -0.2782491
2327668895000, -0.6994407, 0.4810564, -0.21288654
2327673898000, -0.72112644, 0.3943135, -0.23273966
2327678865000, -0.74372846, 0.26511553, -0.2706133
2327683875000, -0.7626653, 0.25778514, -0.2507602
2327688885000, -0.7715228, 0.34147367, -0.22021692
2327693853000, -0.7840455, 0.40317106, -0.19914207
2327698980000, -0.7761043, 0.49510628, -0.1704314
2327703913000, -0.7984009, 0.61941737, -0.11789699
2327708958000, -0.82527894, 0.7825184, -0.028405234
2327714008000, -0.8145888, 0.7974846, -0.044898596
2327718958000, -0.8032878, 0.7293731, -0.10995574
2327723913000, -0.8313876, 0.7293731, -0.101098195
2327728922000, -0.86162543, 0.7348709, -0.073303826
2327733887000, -0.8888089, 0.71685034, -0.058948494
2327738913000, -0.8897252, 0.6713409, -0.05222898
2327743872000, -0.9025534, 0.62125, -0.05589417
2327748969000, -0.9077458, 0.54092115, -0.05497787
2327753869000, -0.90194255, 0.47739118, -0.06658431
2327758980000, -0.90285885, 0.40591997, -0.07513642
2327763836000, -0.9034697, 0.33475417, -0.09590584
2327769167000, -0.93951076, 0.28069258, -0.1001819
2327773834000, -0.9627236, 0.23243423, -0.083383106
2327778859000, -0.9831876, 0.23487769, -0.073303826
2327783856000, -1.0125091, 0.31795537, 0.021991149
2327788878000, -1.0106765, 0.2947425, 0.008552114
2327793893000, -1.0027353, 0.22540927, -0.06719518
2327798895000, -1.0170907, 0.19547687, -0.077579886
2327804098000, -1.028697, 0.21930063, -0.12186762
2327808968000, -1.0454959, 0.2843578, -0.07574729
2327814060000, -1.0415252, 0.2874121, -0.06566802
2327818988000, -1.0601566, 0.27214047, -0.061391957
2327823810000, -1.0763446, 0.25717425, -0.05467244
2327828912000, -1.0906999, 0.23304509, -0.04184427
2327833821000, -1.1212431, 0.19700404, -0.038789943
2327838916000, -1.1688906, 0.14263703, -0.040011674
2327843831000, -1.2162327, 0.09712757, -0.052534413
2327849001000, -1.2797627, 0.04062254, -0.06291912
2327853916000, -1.3429873, -0.018325957, -0.0983493
2327858996000, -1.4202617, -0.07788532, -0.116675265
2327863924000, -1.4694363, -0.13561209, -0.15088372
2327868931000, -1.5158621, -0.18906279, -0.17684549
2327873908000, -1.5351044, -0.21074851, -0.19517145
2327878864000, -1.5457945, -0.22724187, -0.2415972
2327883891000, -1.5570955, -0.14996742, -0.18173242
2327888870000, -1.5790867, -0.16982053, -0.15790866
2327893866000, -1.5922203, -0.2779437, -0.28924468
2327898918000, -1.6646078, -0.31856623, -0.27458394
2327903882000, -1.7705929, -0.25411993, -0.24862215
2327908943000, -1.8735237, -0.2687807, -0.24740042
2327913946000, -1.9825631, -0.2415972, -0.2660318
2327919047000, -2.058616, -0.16126843, -0.32467487
2327923880000, -2.110234, -0.11728613, -0.3399465
2327928862000, -2.1655173, -0.04550946, -0.364992
2327933891000, -2.1700988, -0.053145275, -0.38973203
2327938875000, -2.1930063, 0.052839845, -0.43035457
2327943859000, -2.1862867, 0.11881329, -0.43371433
2327948881000, -2.189341, 0.12950343, -0.41141775
2327954422000, -2.1798725, 0.12461651, -0.4156938
2327958944000, -2.1606305, 0.14385876, -0.38148534
2327963948000, -2.1468859, 0.08155051, -0.37812558
2327968896000, -2.116648, -0.07360926, -0.35308012
2327973800000, -2.122146, -0.12522738, -0.29626966
2327978790000, -2.1233675, -0.20647246, -0.25442538
2327983840000, -2.130698, -0.28160888, -0.2012801
2327988879000, -2.1340578, -0.35796702, -0.14263703
2327993812000, -2.151162, -0.39706242, -0.07880162
2327998806000, -2.1395555, -0.37995818, -0.038179077
2328003829000, -2.1609359, -0.46761733, 0.074830994
2328008816000, -2.195755, -0.4981606, 0.14996742
2328013860000, -2.2321017, -0.5513059, 0.23426682
2328018818000, -2.2495112, -0.5839872, 0.3032946
2328024158000, -2.270586, -0.67073005, 0.37751472
2328028804000, -2.2742512, -0.72234815, 0.4098906
2328033827000, -2.296548, -0.80970186, 0.50732356
2328038837000, -2.3445008, -0.9129381, 0.5888741
2328043877000, -2.3652701, -0.872621, 0.6273586
2328048808000, -2.3692408, -0.8051204, 0.6026186
2328053848000, -2.357329, -0.70005155, 0.59589905
2328058818000, -2.3231206, -0.6026186, 0.61575216
2328063873000, -2.286163, -0.47708577, 0.5699373
2328068768000, -2.2724187, -0.31703907, 0.5366451
2328073822000, -2.223244, -0.12644911, 0.54000485
2328078785000, -2.2021692, 0.02687807, 0.54641896
2328083844000, -2.1841488, 0.13469578, 0.5723807
2328088827000, -2.1801782, 0.10598512, 0.59559363
2328093971000, -2.189952, 0.17287487, 0.63285637
2328098881000, -2.1740694, 0.18081611, 0.7254025
2328103822000, -2.137723, 0.21105394, 0.6988298
2328108796000, -2.137723, 0.18051068, 0.72356987
2328113882000, -2.0922134, 0.28130344, 0.82253003
2328118834000, -2.0482311, 0.3042109, 0.88056225
2328123825000, -2.0167716, 0.28344148, 0.89766645
2328128810000, -1.9596558, 0.32070425, 0.88208944
2328133838000, -1.9117028, 0.30024028, 0.88361657
2328138820000, -1.8695531, 0.28008172, 0.8689558
2328143830000, -1.8212948, 0.28863382, 0.92057395
2328148866000, -1.7617353, 0.2773328, 0.8958339
2328153829000, -1.7272215, 0.25259277, 0.93462384
2328158907000, -1.6679676, 0.2434298, 0.9615019
2328164407000, -1.6111571, 0.2144137, 0.9462303
2328168813000, -1.5531249, 0.20005837, 0.9669997
2328173820000, -1.491122, 0.18387043, 0.9783007
2328178887000, -1.423316, 0.1337795, 0.9969321
2328183872000, -1.3637567, 0.0870483, 1.0076222
2328188839000, -1.3170254, 0.013439035, 1.0088439
2328193823000, -1.282817, -0.01985312, 0.9981538
2328198832000, -1.260215, -0.09101892, 1.0112875
2328203818000, -1.2315043, -0.14966199, 1.0186177
2328208822000, -1.178359, -0.15424347, 1.029308
2328213872000, -1.1255192, -0.16462818, 1.0186177
2328218797000, -1.0726794, -0.1740966, 0.9993755
2328223809000, -1.0567969, -0.2171626, 1.0088439
2328228829000, -1.0155635, -0.23884831, 1.0064005
2328233827000, -0.97127575, -0.20433442, 0.9578367
2328238797000, -0.9263771, -0.17256944, 0.91874135
2328243820000, -0.8921687, -0.095294975, 0.7910705
2328248906000, -0.8142834, -0.06383542, 0.77091193
2328253798000, -0.79504114, -0.05681047, 0.7761043
2328258774000, -0.7516697, -0.03756821, 0.72112644
2328263827000, -0.7293731, 0.007330383, 0.6795876
2328268830000, -0.700357, 0.046120327, 0.6221663
2328273821000, -0.6762278, 0.069027774, 0.57848936
2328278776000, -0.6588182, 0.09743301, 0.5687156
2328283789000, -0.6731735, 0.12492194, 0.5204572
2328288781000, -0.6731735, 0.20433442, 0.25350907
2328293812000, -0.6432411, 0.20372356, 0.22693644
2328298794000, -0.7122689, 0.18845193, 0.35430184
2328303815000, -0.73273283, 0.19730948, 0.419359
2328308800000, -0.70188415, 0.24678956, 0.38728857
2328314414000, -0.6945538, 0.3136793, 0.34208453
2328318809000, -0.7122689, 0.33261612, 0.3222314
2328323781000, -0.7244862, 0.36865717, 0.30176744
2328328785000, -0.7629707, 0.4111123, 0.2941316
2328333817000, -0.8020661, 0.44501534, 0.30543262
2328338814000, -0.8622363, 0.45998153, 0.3304781
2328343803000, -0.8888089, 0.47739118, 0.3707952
2328348823000, -0.91354895, 0.4990769, 0.4111123
2328353878000, -0.9117164, 0.52656585, 0.44684792
2328358828000, -0.91751957, 0.5021312, 0.47769663
2328363870000, -0.94897914, 0.48716503, 0.516792
2328369296000, -0.98807454, 0.4700608, 0.5555819
2328373834000, -1.0183123, 0.45448375, 0.5925393
2328379106000, -1.0430524, 0.4447099, 0.6310238
2328383843000, -1.056186, 0.4089743, 0.66828656
2328389107000, -1.0864239, 0.37904188, 0.7128797
2328393827000, -1.1151345, 0.37323865, 0.7480045
2328398834000, -1.1420126, 0.3491095, 0.7883216
2328403881000, -1.1386528, 0.37995818, 0.8533788
2328408788000, -1.1575897, 0.40469822, 1.0186177
2328413916000, -1.1597277, 0.48624873, 1.1093313
2328419395000, -1.1545353, 0.46120325, 1.0876455
2328423876000, -1.1441506, 0.4538729, 1.0589349
2328428883000, -1.1420126, 0.46822822, 1.0564915
2328433877000, -1.1319333, 0.50426924, 1.0775663
2328438878000, -1.1267409, 0.52687126, 1.0867293
2328443868000, -1.0919216, 0.5555819, 1.0986412
2328448879000, -1.065349, 0.5934556, 0.9718866
2328453912000, -1.0332786, 0.55924714, 0.8594874
2328458895000, -1.0137309, 0.5320636, 0.99021256
2328463970000, -0.9822713, 0.505491, 1.103528
2328468919000, -0.9370673, 0.56138515, 1.1578951
2328473906000, -0.9089675, 0.7180721, 1.3045027
2328478911000, -0.86284715, 0.7626653, 1.4150693
2328483927000, -0.81000733, 0.799928, 1.4553864
2328489039000, -0.7861836, 0.77854776, 1.215011
2328493898000, -0.8014552, 0.7113526, 1.0546589
2328498974000, -0.83016586, 0.63499445, 1.0781772
2328503814000, -0.8347474, 0.6093381, 1.2272283
2328508908000, -0.81581056, 0.6817256, 1.5378532
2328513846000, -0.7678576, 0.71593404, 1.6197093
2328518907000, -0.7498371, 0.7330383, 1.6603317
2328523914000, -0.7189884, 0.6948592, 1.6401732
2328528970000, -0.7156286, 0.68416905, 1.5033394
2328533872000, -0.72204274, 0.7324274, 1.2263119
2328538887000, -0.72021013, 0.7104363, 1.1801916
2328543987000, -0.7348709, 0.6768387, 1.3646729
2328548900000, -0.6789767, 0.6032294, 1.6062702
2328553818000, -0.6038403, 0.5885687, 1.6426166
2328558791000, -0.5412266, 0.6209445, 1.5696182
2328563871000, -0.51343226, 0.59864795, 1.5042557
2328568777000, -0.51068336, 0.5338962, 1.4450017
2328573807000, -0.5152648, 0.5002986, 1.3655893
2328578813000, -0.5326745, 0.5128214, 1.2867876
2328583796000, -0.52198434, 0.50762904, 1.2293663
2328588772000, -0.51159966, 0.47311515, 1.1737776
2328593791000, -0.5030475, 0.40622538, 1.1246029
2328598783000, -0.4886922, 0.4071417, 1.0937542
2328603813000, -0.46670106, 0.3903429, 1.0986412
2328608834000, -0.42363504, 0.364992, 1.1215485
2328613853000, -0.408058, 0.32895094, 1.1420126
2328618790000, -0.37048978, 0.2574797, 1.1786644
2328623813000, -0.3200934, 0.2687807, 1.2223413
2328628792000, -0.25534168, 0.2180789, 1.3087788
2328633802000, -0.20372356, 0.1908954, 1.4129313
2328638813000, -0.16310102, 0.16371189, 1.5112807
2328643787000, -0.116980694, 0.1695151, 1.5735888
2328648860000, -0.06963864, 0.1994475, 1.6765196
2328653819000, -0.017104227, 0.21288654, 1.858863
2328658812000, 0.031154128, 0.24862215, 2.021353
2328663866000, 0.08155051, 0.30787608, 2.1875083
2328668807000, 0.13316862, 0.3472769, 2.3426683
2328674259000, 0.17684549, 0.37812558, 2.4663684
2328678804000, 0.19425514, 0.4392121, 2.5622742
2328683825000, 0.2125811, 0.47983465, 2.610227
2328688817000, 0.23487769, 0.5030475, 2.5961773
2328693806000, 0.23854288, 0.50793445, 2.5240953
2328698844000, 0.25534168, 0.45142943, 2.417194
2328703871000, 0.26725355, 0.42210788, 2.2840252
2328709093000, 0.27763826, 0.3286455, 2.1276436
2328713878000, 0.2782491, 0.3100141, 2.060143
2328718856000, 0.27488935, 0.3118467, 1.9370537
2328723886000, 0.2657264, 0.3924809, 1.8231273
2328728869000, 0.24801129, 0.5164866, 1.720502
2328733889000, 0.25350907, 0.679893, 1.629483
2328738885000, 0.26053402, 0.75777835, 1.5482379
2328744446000, 0.2742785, 0.7687739, 1.4694363
2328749015000, 0.28680122, 0.75686204, 1.3878858
2328753880000, 0.31245756, 0.6908886, 1.2907583
2328758910000, 0.35124752, 0.5696318, 1.1823297
2328763892000, 0.3735441, 0.44165558, 1.0910053
2328768919000, 0.4025602, 0.31764993, 0.9789116
2328773811000, 0.40317106, 0.1853976, 0.8750645
2328778860000, 0.42394048, 0.032375857, 0.7834347
2328783896000, 0.4364632, -0.09132435, 0.68416905
2328788893000, 0.4352415, -0.22082779, 0.569021
2328793863000, 0.42149702, -0.35185838, 0.5039638
2328799020000, 0.39950588, -0.4343252, 0.49174652
2328803907000, 0.36896262, -0.46914452, 0.48563787
2328808894000, 0.33414328, -0.5375614, 0.4914411
2328814106000, 0.33383787, -0.6169739, 0.49327368
2328818916000, 0.3277292, -0.6948592, 0.4972443
2328823805000, 0.3659083, -0.7675522, 0.48899764
2328828854000, 0.43493605, -0.8927795, 0.49021935
2328833826000, 0.48808134, -0.9468411, 0.46303585
2328838880000, 0.56321776, -0.97158116, 0.40622538
2328843837000, 0.64812803, -0.98929626, 0.3454443
2328848963000, 0.7141015, -1.0024298, 0.2764165
2328853808000, 0.77824235, -1.0354166, 0.20861048
2328858881000, 0.8402451, -1.074512, 0.13652839
2328863897000, 0.86529064, -1.1090258, 0.08460484
2328869018000, 0.88270026, -1.1349876, 0.021685716
2328873813000, 0.8897252, -1.1817188, -0.032986723
2328878933000, 0.8906415, -1.212873, -0.074830994
2328883865000, 0.86529064, -1.244027, -0.10476339
2328888909000, 0.8533788, -1.2596041, -0.13622294
2328893851000, 0.8402451, -1.2892311, -0.16462818
2328898895000, 0.82894415, -1.3072516, -0.17562376
2328903889000, 0.820392, -1.3203852, -0.18417588
2328908920000, 0.8231409, -1.3344351, -0.19272798
2328913938000, 0.8399397, -1.328021, -0.21013765
2328918913000, 0.83108217, -1.3304645, -0.22724187
2328923907000, 0.83169305, -1.3274102, -0.2443461
2328928865000, 0.79809546, -1.3182472, -0.25778514
2328933857000, 0.77457714, -1.3035865, -0.26236662
2328938894000, 0.7443393, -1.2647965, -0.28710666
2328943870000, 0.71868294, -1.2684617, -0.29840767
2328948900000, 0.68600166, -1.2382239, -0.2919936
2328953902000, 0.65087694, -1.2302825, -0.27000242
2328958895000, 0.62796944, -1.2131784, -0.2510656
2328963939000, 0.6065892, -1.196685, -0.23945917
2328968917000, 0.5739079, -1.2082914, -0.21319197
2328973902000, 0.559858, -1.2253957, -0.16554448
2328978915000, 0.5479461, -1.2345587, -0.12614368
2328983917000, 0.5531385, -1.2220359, -0.09407325
2328988907000, 0.56016344, -1.1575897, -0.101098195
2328993892000, 0.56321776, -1.094976, -0.12950343
2328999521000, 0.5546656, -1.0693196, -0.15607607
2329003914000, 0.5580254, -1.0506883, -0.17256944
2329008914000, 0.55863625, -1.0650436, -0.1966986
2329013929000, 0.5342017, -1.0757337, -0.23915374
2329018899000, 0.50946164, -1.0836749, -0.29077184
2329023914000, 0.47983465, -1.0699304, -0.33475417
2329028863000, 0.43249258, -1.0409144, -0.40133846
2329034037000, 0.39095375, -0.9941832, -0.46639562
2329038828000, 0.3323107, -0.9816604, -0.5299256
2329043855000, 0.29657507, -0.9459248, -0.57604593
2329048863000, 0.26145032, -0.8765916, -0.6102544
2329053915000, 0.20891592, -0.7855727, -0.6310238
2329058861000, 0.16432275, -0.698219, -0.63132924
2329063963000, 0.12889257, -0.63407815, -0.61391956
2329069555000, 0.11881329, -0.6020077, -0.57848936
2329073878000, 0.12064589, -0.5299256, -0.5525276
2329078877000, 0.13347405, -0.4092797, -0.51343226
2329083878000, 0.14905111, -0.38789943, -0.49021935
2329088854000, 0.16615535, -0.4025602, -0.4447099
2329093904000, 0.16401732, -0.39767328, -0.40011674
2329099211000, 0.13652839, -0.4279111, -0.3549127
2329103909000, 0.10842858, -0.44135013, -0.34422258
2329108995000, 0.0870483, -0.44012842, -0.31337386
2329113914000, 0.04642576, -0.43127087, -0.27214047
2329119081000, 0.018020526, -0.39584067, -0.2321288
2329123909000, -0.02107485, -0.364992, -0.19822577
2329128873000, -0.058337633, -0.37323865, -0.17867808
2329133921000, -0.087964594, -0.36163223, -0.15454891
2329139085000, -0.12095132, -0.33505958, -0.13408493
2329143899000, -0.14294247, -0.29749137, -0.10323623
2329148882000, -0.16707164, -0.25350907, -0.07147124
2329153912000, -0.17959438, -0.21380283, -0.046120327
2329158867000, -0.16554448, -0.17195857, -0.014049901
2329163892000, -0.14752395, -0.12095132, 0.00580322
2329168820000, -0.119729586, -0.08246681, 0.019242255
2329173886000, -0.0870483, -0.043676864, 0.03390302
2329178835000, -0.027488936, -0.022296581, 0.04428773
2329183907000, 0.019547688, -0.05955936, 0.058643065
2329188821000, 0.05681047, -0.10629055, 0.073303826
2329193951000, 0.0852157, -0.10567969, 0.098043874
2329199020000, 0.12492194, -0.11362094, 0.102319926
2329203965000, 0.16035213, -0.09132435, 0.1142318
2329208963000, 0.1704314, -0.07941248, 0.12186762
2329213911000, 0.19914207, -0.08277224, 0.14019357
2329218891000, 0.20647246, -0.07666359, 0.16187929
2329223851000, 0.18906279, -0.08155051, 0.18936823
2329228900000, 0.15882497, -0.10048734, 0.23426682
2329233881000, 0.12980886, -0.11362094, 0.2724459
2329238856000, 0.08857546, -0.11728613, 0.3115413
2329243959000, 0.03756821, -0.12034045, 0.33628133
2329248956000, -0.0076358155, -0.10873401, 0.37201694
2329253789000, -0.04062254, -0.086132, 0.39370266
2329258933000, -0.09193522, -0.036651913, 0.39767328
2329263823000, -0.11209377, -0.036651913, 0.40683624
2329268815000, -0.12614368, 0.016493361, 0.40408736
2329273791000, -0.13500121, -0.0070249503, 0.41508293
2329278814000, -0.1459968, -0.018936822, 0.41783184
2329283790000, -0.13805555, 0.05100725, 0.42119157
2329288891000, -0.11209377, 0.105068825, 0.3866777
2329293788000, -0.06841691, 0.19730948, 0.37782016
2329298864000, -0.049785517, 0.24801129, 0.35002577
2329303754000, -0.01740966, 0.258396, 0.30970868
2329308844000, 0.0061086523, 0.24465153, 0.29810223
2329313796000, 0.007941248, 0.21685717, 0.28099802
2329318801000, 0.023518313, 0.21380283, 0.2843578
2329324030000, 0.018325957, 0.21594086, 0.28955013
2329328827000, 0.02076942, 0.2134974, 0.3210097
2329333780000, 0.02565634, 0.21899518, 0.3454443
2329338787000, 0.013439035, 0.20341812, 0.3744604
2329343764000, 0.01160644, 0.20189096, 0.37904188
2329348785000, 0.00580322, 0.2134974, 0.39920044
2329353783000, -0.012217305, 0.21197024, 0.42577308
2329358842000, -0.034208454, 0.23793201, 0.462425
2329363807000, -0.057421334, 0.24678956, 0.48288897
2329368781000, -0.079107046, 0.24709499, 0.47342056
2329374048000, -0.09987647, 0.2507602, 0.46120325
2329378792000, -0.12064589, 0.23762658, 0.43768495
2329383783000, -0.14569137, 0.23762658, 0.40866885
2329388775000, -0.15821409, 0.2302962, 0.38728857
2329393770000, -0.16157386, 0.22815818, 0.37812558
2329398784000, -0.15271631, 0.23579398, 0.344528
2329403821000, -0.13347405, 0.2452624, 0.33444872
2329408904000, -0.1282817, 0.2657264, 0.35033122
2329414034000, -0.112399206, 0.27152961, 0.3827071
2329418863000, -0.11942416, 0.24251351, 0.38759398
2329424159000, -0.11209377, 0.21594086, 0.37293324
2329428838000, -0.1151481, 0.2171626, 0.36163223
2329434166000, -0.11942416, 0.19456059, 0.3173445
2329438850000, -0.124005646, 0.18203785, 0.31123585
2329444182000, -0.14385876, 0.17715092, 0.33292156
2329448876000, -0.15882497, 0.15424347, 0.35369098
2329453824000, -0.18051068, 0.14569137, 0.3594942
2329458941000, -0.20189096, 0.14630222, 0.37201694
2329463972000, -0.22143865, 0.15851954, 0.3744604
2329468889000, -0.2321288, 0.14874569, 0.35185838
2329473807000, -0.24007004, 0.14508049, 0.27091873
2329478866000, -0.24404067, 0.17654006, 0.23701571
2329483890000, -0.22510384, 0.2171626, 0.22357668
2329488875000, -0.21991149, 0.22052236, 0.22327125
2329493863000, -0.20708331, 0.23396139, 0.22999077
2329498879000, -0.19120082, 0.2415972, 0.226631
2329503896000, -0.19761491, 0.22999077, 0.21105394
2329508940000, -0.1881465, 0.21838433, 0.1572978
2329513907000, -0.16676621, 0.20189096, 0.11942416
2329518883000, -0.14844026, 0.19120082, 0.11728613
2329523877000, -0.12614368, 0.19883664, 0.14630222
2329528857000, -0.13408493, 0.22174409, 0.16523905
2329533901000, -0.13805555, 0.2003638, 0.14966199
2329538875000, -0.15515977, 0.14874569, 0.14477506
2329543878000, -0.16646078, 0.09896017, 0.15393804
2329548932000, -0.17470746, 0.05222898, 0.15424347
2329553899000, -0.19150625, 0.03726278, 0.12980886
2329558954000, -0.1994475, 0.03726278, 0.11148291
2329563888000, -0.20952678, 0.021991149, 0.13133603
2329568879000, -0.19914207, 0.010079277, 0.14782938
2329573875000, -0.21319197, 0.013439035, 0.16187929
2329578867000, -0.22266038, 0.01863139, 0.16920967
2329583853000, -0.22021692, 0.0070249503, 0.14752395
2329588875000, -0.23732115, -0.004886922, 0.1518
2329593870000, -0.24740042, -0.02321288, 0.1423316
2329598880000, -0.25473082, -0.022602014, 0.13225232
2329603894000, -0.25442538, -0.014660766, 0.11301007
2329608960000, -0.2406809, -0.018325957, 0.10598512
2329613877000, -0.22082779, -0.01740966, 0.113926366
2329618844000, -0.19303341, -0.005497787, 0.12644911
2329623840000, -0.17837265, -0.005497787, 0.1328632
2329628847000, -0.16798794, -0.032986723, 0.108123146
2329633849000, -0.17989981, -0.06291912, 0.082161374
2329638833000, -0.16798794, -0.077579886, 0.054061573
2329643880000, -0.1518, -0.06566802, 0.047036625
2329649521000, -0.12675454, -0.0571159, 0.034513887
2329653995000, -0.103847094, -0.04520403, 0.022296581
2329658920000, -0.06841691, -0.04550946, 0.00580322
2329663910000, -0.03848451, -0.03359759, -0.0125227375
2329673926000, -0.0067195175, -0.0421497, -0.0030543262
2329678817000, 0.023823744, -0.070554934, 0.016187929
2329683991000, 0.042760566, -0.09010262, 0.02076942
2329688840000, 0.042455133, -0.08979719, 0.024740042
2329693914000, 0.04337143, -0.08735373, 0.021685716
2329698824000, 0.034513887, -0.08827003, 0.03359759
2329703796000, 0.040317107, -0.09896017, 0.033292156
2329708752000, 0.032375857, -0.08735373, 0.030848695
2329713819000, 0.030543262, -0.09040806, 0.022602014
2329719022000, 0.032070424, -0.10170906, 0.028405234
2329723792000, 0.029932396, -0.11942416, 0.027183503
2329728788000, 0.042455133, -0.12797627, 0.020463986
2329733805000, 0.06383542, -0.122478485, 0.004886922
2329738797000, 0.060170226, -0.1386664, -0.01160644
2329743775000, 0.06352998, -0.14569137, -0.017104227
2329748788000, 0.057421334, -0.14080444, -0.021380283
2329753833000, 0.0720821, -0.14538592, -0.020463986
2329758833000, 0.08246681, -0.116675265, -0.027794369
2329763869000, 0.08399397, -0.08827003, -0.047647487
2329768831000, 0.08552113, -0.0711658, -0.054367006
2329773836000, 0.09162979, -0.049480084, -0.057726767
2329778822000, 0.11575896, -0.04062254, -0.04734206
2329783846000, 0.12186762, -0.021380283, -0.05131268
2329789099000, 0.12095132, -0.017715093, -0.047647487
2329793804000, 0.09285152, -0.015882496, -0.043066
2329798897000, 0.07391469, 0.0027488936, -0.03023783
2329803846000, 0.05589417, 9.162979E-4, -0.022907447
2329808992000, 0.023518313, -9.162979E-4, -0.014049901
2329813853000, 0.0033597588, -0.003970624, 0.00580322
2329819182000, -0.019547688, -0.0125227375, 0.01160644
2329823851000, -0.054061573, -0.022296581, 0.02076942
2329828839000, -0.0852157, -0.03481932, 0.03176499
2329833855000, -0.10048734, -0.043676864, 0.01740966
2329838792000, -0.12095132, -0.05375614, 0.017715093
2329843841000, -0.13927728, -0.06872234, 0.004276057
2329848838000, -0.13713925, -0.08857546, 0.0076358155
2329853906000, -0.12644911, -0.09132435, -0.0143553335
2329859013000, -0.12950343, -0.09407325, -0.028099801
2329863884000, -0.12308934, -0.08307768, -0.047036625
2329868818000, -0.10751228, -0.086437434, -0.06261369
2329873893000, -0.09590584, -0.07269296, -0.087964594
2329878887000, -0.09162979, -0.07727446, -0.10048734
2329883914000, -0.09285152, -0.060170226, -0.11362094
2329888854000, -0.09590584, -0.051618114, -0.1282817
2329893895000, -0.094989546, -0.043066, -0.1301143
2329898937000, -0.105068825, -0.03390302, -0.13713925
2329903914000, -0.10720685, -0.039095376, -0.14355333
2329908888000, -0.10781772, -0.033292156, -0.14019357
2329913952000, -0.118202426, -0.03848451, -0.13622294
2329918924000, -0.12889257, -0.04337143, -0.12858713
2329923907000, -0.13164146, -0.03848451, -0.13347405
2329928865000, -0.1414153, -0.056505036, -0.12217305
2329933855000, -0.1414153, -0.06566802, -0.12034045
2329938876000, -0.12492194, -0.06261369, -0.110872045
2329943889000, -0.11148291, -0.06047566, -0.09315695
2329948990000, -0.11026118, -0.061391957, -0.07941248
2329953913000, -0.103847094, -0.06078109, -0.07849618
2329958935000, -0.08399397, -0.04520403, -0.08246681
2329963877000, -0.08582657, -0.04062254, -0.076052725
2329968918000, -0.076358154, -0.027488936, -0.06994407
2329973866000, -0.04886922, -0.026267206, -0.063224554
2329978915000, -0.046731193, -0.017104227, -0.058337633
2329983836000, -0.03359759, -0.0125227375, -0.061086524
2329988897000, -0.02107485, -0.011911872, -0.05100725
2329993828000, -0.016798794, -0.019547688, -0.04062254
2329999032000, -0.0125227375, -0.017104227, -0.04734206
2330003843000, -0.0125227375, -0.013133603, -0.03634648
2330008896000, 0.0036651916, -0.0143553335, -0.02443461
2330013882000, 0.005497787, -0.027794369, -0.025961773
2330018882000, 0.004886922, -0.03848451, -0.008246681
2330023836000, 0.010995574, -0.036957346, 0.0036651916
2330028857000, 0.017715093, -0.026267206, 0.0070249503
2330033901000, 0.02107485, -0.022602014, 0.015271631
2330038903000, 0.02107485, -0.016798794, 0.019547688
2330044357000, 0.020158553, -0.017715093, 0.017715093
2330049004000, 0.03176499, -0.013439035, 0.023518313
2330053940000, 0.0290161, -0.019242255, 0.023518313
2330058904000, 0.029321533, -0.013439035, 0.027794369
2330063912000, 0.032070424, 0.0027488936, 0.026267206
2330068880000, 0.018936822, -0.004276057, 0.021991149
2330073871000, 0.029626964, -0.003970624, 0.024740042
2330078899000, 0.029932396, -6.1086525E-4, 0.022907447
2330083917000, 0.01863139, 0.0021380284, 0.02443461
2330088894000, 0.013744468, 0.0070249503, 0.023518313
2330093910000, 0.019547688, -0.0021380284, 0.024740042
2330098930000, 0.0143553335, -0.005497787, 0.025961773
2330103972000, 0.004886922, -0.0021380284, 0.021685716
2330108872000, 0.003970624, -0.013744468, 0.016493361
2330114426000, -0.005497787, -0.016493361, 0.0125227375
2330118881000, -0.008857546, -0.02107485, 0.0143553335
2330123876000, -0.010079277, -0.015577064, 0.01160644
2330128859000, -0.01282817, -0.023823744, 0.008552114
2330133921000, -0.018325957, -0.02321288, 0.02076942
2330138911000, -0.030848695, -0.019242255, 0.016187929
2330143897000, -0.020463986, -0.020463986, 0.013439035
2330148895000, -0.029626964, -0.018936822, 0.005497787
2330153915000, -0.03573562, -0.019547688, 0.008246681
2330158893000, -0.038789943, -0.023518313, 0.005192355
2330163897000, -0.051923547, -0.0125227375, 0.0036651916
2330168914000, -0.042760566, -0.014049901, 0.0021380284
2330173912000, -0.048258353, -0.01863139, -0.0018325958
2330178888000, -0.05222898, -0.030848695, 0.0012217305
2330184075000, -0.056505036, -0.021685716, -0.00580322
2330188890000, -0.050396383, -0.010079277, -0.007941248
2330193917000, -0.055588737, -0.011911872, -0.01038471
2330198934000, -0.05681047, -0.013439035, -0.014049901
2330203921000, -0.050701816, -0.018020526, -0.014049901
2330208823000, -0.043982297, -0.011301007, -0.01863139
2330213934000, -0.051618114, -0.0067195175, -0.022907447
2330218809000, -0.040011674, -0.012217305, -0.01863139
2330223919000, -0.048258353, -0.008552114, -0.015577064
2330228822000, -0.043676864, -0.005497787, -0.016187929
2330233923000, -0.047036625, 6.1086525E-4, -0.018020526
2330238825000, -0.03634648, 6.1086525E-4, -0.018936822
2330243917000, -0.04642576, 6.1086525E-4, -0.0125227375
2330248942000, -0.040927973, 0.0030543262, -0.021991149
2330253915000, -0.033292156, -0.0012217305, -0.0125227375
2330258863000, -0.040317107, 0.004886922, -0.013744468
2330263897000, -0.032986723, -0.0021380284, -0.015271631
2330268895000, -0.038789943, -0.004276057, -0.011301007
2330273915000, -0.04337143, 6.1086525E-4, -0.009773844
2330278884000, -0.046731193, -6.1086525E-4, -0.011301007
2330283918000, -0.03848451, -0.005497787, -0.007330383
2330288942000, -0.040011674, -0.008246681, -0.010079277
2330293912000, -0.03268129, -0.009468411, -0.002443461
2330300104000, -0.036651913, -0.013744468, -0.002443461
2330303918000, -0.03481932, -0.014966198, 0.004886922
2330308809000, -0.04062254, -0.021685716, 0.0070249503
2330313946000, -0.027794369, -0.017715093, 0.011911872
2330318860000, -0.03940081, -0.021991149, 0.01160644
2330323915000, -0.0290161, -0.02107485, 0.0106901415
2330328877000, -0.028405234, -0.014049901, 0.01740966
2330333916000, -0.03481932, -0.01863139, 0.009468411
2330338884000, -0.03573562, -0.027794369, 0.011301007
2330343895000, -0.038789943, -0.015577064, 0.009773844
2330348912000, -0.03145956, -0.019242255, 0.017715093
2330353888000, -0.03390302, -0.01985312, 0.014966198
2330358878000, -0.032375857, -0.01740966, 0.008857546
2330363883000, -0.03848451, -0.030543262, 0.014049901
2330369638000, -0.025961773, -0.017715093, 0.008857546
2330373813000, -0.025350908, -0.014049901, 0.008246681
2330378908000, -0.0290161, -0.02321288, 0.0067195175
2330383844000, -0.0290161, -0.017715093, 0.011911872
2330388909000, -0.017715093, -0.009773844, 0.013439035
2330393887000, -0.02076942, -0.018936822, 0.0125227375
2330398937000, -0.018325957, -0.009773844, 0.0036651916
2330403981000, -0.022602014, -0.012217305, 0.004581489
2330408903000, -0.020158553, -0.011301007, 0.009162978
2330413899000, -0.02107485, -0.0036651916, 0.004886922
2330418925000, -0.016798794, -0.002443461, 0.0076358155
2330423850000, -0.01863139, -0.01038471, 6.1086525E-4
2330428922000, -0.018936822, -0.009468411, 3.0543262E-4
2330433817000, -0.021991149, -0.0061086523, -0.0021380284
2330439482000, -0.015882496, 0.004886922, -0.0015271631
2330443830000, -0.02565634, -0.0061086523, 0.002443461
2330448978000, -0.024740042, -0.005192355, 0.0030543262
2330453812000, -0.032070424, -0.0021380284, -0.003970624
2330458907000, -0.032986723, -0.0021380284, -0.003970624
2330463888000, -0.03848451, -3.0543262E-4, -0.010995574
2330468910000, -0.03359759, -0.004886922, -0.0076358155
2330473908000, -0.03390302, -0.008552114, -0.0036651916
2330478909000, -0.03970624, 0.004276057, -0.01038471
2330483907000, -0.034513887, -0.005192355, -0.0076358155
2330488889000, -0.04795292, -0.00580322, -0.014049901
2330493912000, -0.03726278, -0.008857546, -0.014660766
2330498980000, -0.038179077, -0.0061086523, -0.01038471
2330503916000, -0.03970624, -0.01160644, -0.009468411
2330508869000, -0.028710667, -0.01038471, -0.01282817
2330513946000, -0.03726278, -0.011911872, -0.015882496
2330518920000, -0.03481932, -0.01038471, -0.014660766
2330523912000, -0.02565634, -0.0125227375, -0.006414085
2330528890000, -0.02321288, -0.012217305, -0.017104227
2330533935000, -0.022907447, -0.010995574, -0.01282817
2330538907000, -0.015882496, -0.019547688, -0.01863139
2330543920000, -0.023823744, -0.018020526, -0.015577064
2330548933000, -0.016493361, -0.017715093, -0.0106901415
2330553897000, -0.024129177, -0.02107485, -0.009162978
2330558906000, -0.028710667, -0.010079277, 0.0033597588
2330563906000, -0.029321533, -0.02076942, 0.002443461
2330568894000, -0.02443461, -0.02076942, -0.004886922
2330573913000, -0.025045475, -0.0106901415, -0.0015271631
2330578839000, -0.02076942, -0.016493361, -0.0076358155
2330583914000, -0.02107485, -0.018936822, 9.162979E-4
2330588810000, -0.015577064, -0.016798794, -9.162979E-4
2330593867000, -0.011911872, -0.012217305, 6.1086525E-4
2330598892000, -0.016187929, -0.013439035, 0.003970624
2330603852000, -0.016798794, -0.011911872, -0.0015271631
2330608852000, -0.016798794, -0.015882496, 0.011301007
2330614345000, -0.014660766, -0.017715093, 0.0076358155
2330618885000, -9.162979E-4, -0.019547688, -0.0030543262
2330623873000, -0.0018325958, -0.011301007, -9.162979E-4
2330629268000, -0.0125227375, -0.025045475, -9.162979E-4
2330633874000, -0.010079277, -0.017715093, 9.162979E-4
2330638816000, -0.0036651916, -0.018020526, 0.008857546
2330643859000, -0.0036651916, -0.01985312, 0.007330383
2330648884000, -0.0021380284, -0.01740966, 0.011301007
2330653876000, 0.004276057, -0.02076942, 0.0033597588
2330658885000, -0.0067195175, -0.023518313, 3.0543262E-4
2330663896000, 0.0021380284, -0.01863139, -6.1086525E-4
2330668814000, -0.005497787, -0.024129177, 0.003970624
2330673906000, -0.013439035, -0.026572637, 0.004581489
2330678950000, -0.017104227, -0.011911872, 0.004276057
2330683918000, -0.013439035, -0.009162978, -0.0018325958
2330688913000, -0.01740966, -0.007330383, 0.0021380284
2330694453000, -0.022907447, -0.008552114, 0.006414085
2330699005000, -0.032986723, -0.012217305, 0.0033597588
2330703912000, -0.02443461, -0.008552114, 0.009468411
2330708908000, -0.03359759, -0.008857546, 0.004886922
2330713920000, -0.029626964, 0.0012217305, 0.0015271631
2330718919000, -0.03390302, -0.004276057, 0.004886922
2330723903000, -0.03756821, -0.008246681, 0.0033597588
2330729064000, -0.0421497, -0.01160644, 3.0543262E-4
2330733916000, -0.03756821, -0.004886922, 0.004276057
2330738914000, -0.032070424, -0.015271631, -0.003970624
2330743901000, -0.042455133, -0.011301007, 0.002443461
2330748947000, -0.03481932, -0.0143553335, -0.006414085
2330753914000, -0.030848695, -0.011301007, 0.006414085
2330758917000, -0.04428773, -0.01160644, 0.0015271631
2330764659000, -0.048563786, -0.0030543262, -0.003970624
2330768912000, -0.04795292, -0.0070249503, -0.0012217305
2330773930000, -0.04062254, -0.003970624, -6.1086525E-4
2330778911000, -0.03634648, 3.0543262E-4, -0.005497787
2330783842000, -0.043676864, -0.00580322, -0.002443461
2330788912000, -0.046120327, -0.006414085, -0.002443461
2330794258000, -0.040927973, -0.0125227375, -0.004276057
2330799009000, -0.03634648, -0.0021380284, 0.003970624
2330803866000, -0.036957346, -0.0106901415, -0.004581489
2330808892000, -0.03390302, -0.012217305, -0.008552114
2330813840000, -0.04153884, -0.016798794, 6.1086525E-4
2330818840000, -0.036651913, -0.015271631, -0.004276057
2330823855000, -0.031154128, -0.010995574, -0.0033597588
2330828889000, -0.025350908, -0.011301007, -0.007941248
2330834178000, -0.0290161, -0.016493361, -0.01282817
2330838913000, -0.032986723, -0.007330383, -0.0033597588
2330843879000, -0.026267206, 0.0018325958, -0.0070249503
2330848908000, -0.028405234, -0.005497787, -0.009162978
2330853921000, -0.024740042, -0.00580322, -0.004886922
2330858911000, -0.02443461, -0.005497787, 6.1086525E-4
2330863908000, -0.018325957, 3.0543262E-4, -3.0543262E-4
2330868913000, -0.015271631, 3.0543262E-4, -0.007330383
2330873928000, -0.017104227, -0.003970624, -0.005192355
2330878960000, -0.013744468, -0.004276057, -0.008246681
2330884004000, -0.013133603, -0.008552114, -9.162979E-4
2330888872000, -0.0076358155, 6.1086525E-4, 0.0036651916
2330893894000, -0.007330383, 0.009468411, 0.003970624
2330899004000, -0.014966198, -0.0030543262, 0.0015271631
2330903896000, -0.006414085, 9.162979E-4, 0.003970624
2330908978000, -0.007330383, -0.0070249503, 0.0061086523
2330913872000, 6.1086525E-4, -0.0015271631, 0.0015271631
2330918825000, -0.003970624, 0.0015271631, 0.005192355
2330923878000, -0.003970624, -0.002443461, 0.007330383
2330928833000, -0.005192355, -9.162979E-4, 0.0015271631
2330933897000, -0.005497787, -0.0036651916, 0.0067195175
2330938857000, -0.010079277, 0.005192355, 0.008552114
2330943900000, -0.009162978, 0.005192355, 0.004276057
2330948862000, -0.013133603, 0.004581489, 0.0018325958
2330953911000, -0.010079277, 0.009468411, 0.004581489
2330958803000, -0.015882496, 0.004581489, 0.0076358155
2330963939000, -0.019242255, -0.0015271631, 0.007941248
2330968863000, -0.015577064, 0.00580322, 0.0030543262
2330974108000, -0.011911872, -0.007330383, 0.0027488936
2330978893000, -0.01863139, -0.0018325958, 0.0076358155
2330983994000, -0.019242255, 0.007330383, 0.009468411
2330988897000, -0.019547688, 0.0021380284, 0.009773844
2330993914000, -0.023823744, -0.0076358155, -0.0015271631
2330998961000, -0.013133603, 0.0061086523, 0.007941248
2331003913000, -0.022602014, 0.007941248, 0.009468411
2331008910000, -0.02076942, 0.008857546, -3.0543262E-4
2331013934000, -0.023823744, 3.0543262E-4, 0.007941248
2331019599000, -0.020158553, 3.0543262E-4, 0.006414085
2331023910000, -0.02321288, 0.0018325958, 0.0021380284
2331028913000, -0.01985312, 0.008857546, 0.01160644
2331033911000, -0.021380283, -0.002443461, 0.007330383
2331038910000, -0.02687807, -0.002443461, 0.007330383
2331043920000, -0.02107485, -0.003970624, 0.005497787
2331048961000, -0.023518313, 0.0012217305, 0.007330383
2331053994000, -0.018936822, -0.0018325958, 0.0033597588
2331058913000, -0.024129177, 0.0067195175, 0.008857546
2331063932000, -0.022602014, 0.002443461, 0.015882496
2331068921000, -0.023518313, 0.0030543262, 0.005192355
2331073904000, -0.032070424, 0.0061086523, 0.0033597588
2331078911000, -0.030848695, -0.0021380284, 0.0027488936
2331083913000, -0.03145956, 6.1086525E-4, 0.008246681
2331089485000, -0.0290161, -0.0030543262, 0.0018325958
2331093897000, -0.026267206, 0.0015271631, 0.0067195175
2331098932000, -0.027183503, 0.0012217305, 0.004581489
2331103912000, -0.03176499, -0.0030543262, 0.004886922
2331108914000, -0.029321533, -0.0027488936, 9.162979E-4
2331113929000, -0.026267206, -0.0015271631, 0.007330383
2331118914000, -0.027794369, 0.0036651916, 0.011301007
2331123908000, -0.02076942, -9.162979E-4, 0.010995574
2331128908000, -0.030848695, -0.0036651916, 0.002443461
2331133900000, -0.021991149, -0.0018325958, 0.007330383
2331138917000, -0.023823744, -0.0033597588, 0.00580322
2331143883000, -0.017715093, 3.0543262E-4, 0.01160644
2331148955000, -0.02076942, -0.0021380284, 0.004581489
2331153866000, -0.024129177, -0.0015271631, 0.0067195175
2331159310000, -0.019547688, -0.0012217305, 0.008552114
2331163854000, -0.02076942, -0.0036651916, 0.009773844
2331168912000, -0.015882496, -0.0076358155, 0.003970624
2331173971000, -0.01985312, -0.004886922, 3.0543262E-4
2331178915000, -0.015882496, -0.004276057, 0.0070249503
2331183990000, -0.016493361, -6.1086525E-4, 0.003970624
2331188911000, -0.011911872, 9.162979E-4, 0.0021380284
2331193889000, -0.013439035, -0.004276057, 0.0143553335
2331198956000, -0.017715093, -0.004581489, 0.0076358155
2331203924000, -0.016493361, -0.008857546, 0.002443461
2331208913000, -0.004886922, 0.0076358155, 0.009773844
2331213937000, -0.0125227375, -9.162979E-4, 0.013133603
2331218921000, -0.022296581, -0.008552114, 0.005192355
2331223811000, -0.014049901, -0.005497787, 0.0021380284
2331228982000, -0.007941248, -0.0021380284, 0.010995574
2331233876000, -0.017715093, -0.0012217305, 0.0070249503
2331238908000, -0.02076942, -0.0027488936, 0.0061086523
2331243907000, -0.0125227375, 0.0027488936, 0.009468411
2331248944000, -0.0143553335, -0.002443461, 0.011301007
2331253887000, -0.021380283, 0.0018325958, 0.0067195175
2331258906000, -0.019242255, 9.162979E-4, 0.008857546
2331263957000, -0.019547688, 0.002443461, 0.012217305
2331268914000, -0.016493361, 0.0070249503, 0.007941248
2331273899000, -0.017104227, 0.007941248, 0.002443461
2331278867000, -0.020158553, 0.009773844, 0.008246681
2331283893000, -0.018936822, 0.005192355, 0.0033597588
2331288871000, -0.01740966, 3.0543262E-4, 0.006414085
2331293879000, -0.014966198, 0.004581489, 0.0033597588
2331299203000, -0.02321288, 0.007330383, 0.004276057
2331303876000, -0.016493361, 0.002443461, 0.0018325958
2331308843000, -0.021685716, 0.010079277, 0.006414085
2331313853000, -0.028710667, 0.008857546, 0.0067195175
2331318816000, -0.024740042, 0.0036651916, 0.007330383
2331323876000, -0.024740042, 0.0012217305, 0.00580322
2331328865000, -0.031154128, 0.010995574, 0.007330383
2331333885000, -0.029321533, 3.0543262E-4, 0.007330383
2331338910000, -0.021685716, -3.0543262E-4, 0.004276057
2331344594000, -0.016187929, 6.1086525E-4, 0.0033597588
2331348964000, -0.01740966, 0.005497787, 0.008857546
2331353910000, -0.022602014, 0.0027488936, 0.005497787
2331358910000, -0.02565634, -0.0018325958, 0.004581489
2331363898000, -0.027488936, 9.162979E-4, 0.0070249503
2331368921000, -0.022602014, -0.002443461, 0.006414085
2331373849000, -0.020158553, 0.0030543262, 0.005497787
2331379078000, -0.035124753, 0.0018325958, 0.0076358155
2331383853000, -0.020158553, 0.004581489, 0.006414085
2331388880000, -0.03023783, -0.0036651916, 0.012217305
2331393871000, -0.017715093, 0.0033597588, 0.007941248
2331398924000, -0.025045475, 6.1086525E-4, 0.0070249503
2331403867000, -0.024740042, -0.005497787, 0.006414085
2331408876000, -0.013439035, -0.0036651916, 0.004581489
2331414241000, -0.018325957, 0.004276057, 0.004276057
2331418896000, -0.023518313, -0.014049901, 0.004886922
2331423814000, -0.01282817, -0.005192355, 0.007330383
2331428860000, -0.021380283, -9.162979E-4, 0.004886922
2331433820000, -0.016187929, -9.162979E-4, 0.0012217305
2331438873000, -0.02687807, -0.006414085, 0.002443461
2331443856000, -0.018020526, -0.011911872, 0.0033597588
2331448904000, -0.016798794, -0.004581489, 0.0012217305
2331453869000, -0.023823744, -0.004581489, -0.0030543262
2331458869000, -0.026572637, -0.0027488936, 0.003970624
2331463952000, -0.029321533, -3.0543262E-4, 0.002443461
2331468970000, -0.019242255, -0.004886922, 0.0021380284
2331473964000, -0.03481932, -3.0543262E-4, 0.002443461
2331478891000, -0.02107485, -0.0012217305, 0.010995574
2331483971000, -0.017104227, -0.0015271631, 0.008857546
2331488897000, -0.022296581, 0.0012217305, 0.01038471
2331494056000, -0.030848695, 0.002443461, 0.008246681
2331498918000, -0.031154128, 0.008857546, 0.010995574
2331503966000, -0.026572637, 0.008552114, 0.008857546
2331508891000, -0.02076942, -0.002443461, 0.0033597588
2331513868000, -0.017715093, -0.002443461, 0.0012217305
2331519124000, -0.011301007, 0.0021380284, 0.0015271631
2331523878000, -0.017715093, -0.007330383, 0.007941248
2331528853000, -0.017104227, -0.0021380284, 0.0061086523
2331533873000, -0.019242255, -0.0030543262, 0.0036651916
2331538883000, -0.012217305, -0.0030543262, 0.00580322
2331543896000, -0.017715093, -0.006414085, 0.007330383
2331548882000, -0.021380283, -0.011301007, 0.002443461
2331553928000, -0.010995574, 0.002443461, 0.010079277
2331558969000, -0.022296581, 3.0543262E-4, 0.01038471
2331563892000, -0.022907447, 9.162979E-4, 0.0067195175
2331568887000, -0.020158553, -3.0543262E-4, 0.008552114
2331573837000, -0.02076942, 0.003970624, 0.004581489
2331578870000, -0.018936822, 0.0021380284, 0.0067195175
