#Rate of rotation around the x y z axes (Angular velocity).
#timestamp(ns),x,y,z(rad/s)
#Datetime: 07/04/2015 13:36:04
##########################################
#Activity: 8 - CSI - Car-Step in - 6s
#Subject ID: 45
#First Name: sub45
#Last Name: sub45
#Age: 26
#Height(cm): 175
#Weight(kg): 92
#Gender: Male
##########################################

@DATA
1365232490000, -0.026267206, 0.0030543262, 0.012217305
1365237465000, -0.03726278, 0.0067195175, 0.0067195175
1365242539000, -0.026572637, 0.00580322, 0.005497787
1365247505000, -0.036651913, 0.0036651916, 0.01740966
1365252486000, -0.035430185, 0.005192355, 0.010079277
1365257498000, -0.030848695, 0.0018325958, 0.013744468
1365262491000, -0.022296581, 0.0027488936, 0.00580322
1365267494000, -0.021685716, 0.0070249503, 0.009468411
1365272479000, -0.030848695, 0.01740966, 0.011911872
1365277499000, -0.029321533, 0.0106901415, 0.013133603
1365282489000, -0.02687807, 0.0125227375, 0.007330383
1365287499000, -0.032375857, 0.020463986, 0.016493361
1365292569000, -0.04184427, 0.009773844, 0.009773844
1365297510000, -0.03634648, 0.006414085, 0.01038471
1365302485000, -0.03970624, -0.004886922, 0.014966198
1365307492000, -0.040927973, -0.004581489, 0.015271631
1365312495000, -0.044593163, -0.015577064, 0.009162978
1365317480000, -0.043982297, -0.01282817, 0.01863139
1365322485000, -0.04520403, -0.0290161, 0.016187929
1365327499000, -0.03726278, -0.028710667, 0.014049901
1365332483000, -0.03573562, -0.036957346, 0.004276057
1365337514000, -0.027794369, -0.04428773, 0.010995574
1365342542000, -0.025350908, -0.046120327, 0.004581489
1365347520000, -0.023823744, -0.049480084, 0.008246681
1365352488000, -0.021991149, -0.046120327, 0.0076358155
1365358379000, -0.028405234, -0.04886922, 0.003970624
1365362527000, -0.0290161, -0.039095376, 0.009468411
1365367521000, -0.024740042, -0.04184427, 0.0070249503
1365372459000, -0.022296581, -0.03634648, 0.00580322
1365377468000, -0.032375857, -0.03268129, 0.009468411
1365382474000, -0.022296581, -0.025045475, 0.009468411
1365387485000, -0.022296581, -0.013439035, 0.008552114
1365392493000, -0.02565634, -0.005497787, 0.00580322
1365397493000, -0.028405234, -0.0067195175, 0.008552114
1365402459000, -0.028710667, -0.003970624, 0.019242255
1365407503000, -0.023518313, 0.011301007, 0.0143553335
1365412417000, -0.022296581, 0.009468411, 0.014049901
1365417488000, -0.02565634, 0.014966198, 0.01282817
1365422430000, -0.02565634, 0.013744468, 0.013744468
1365427764000, -0.027488936, 0.0015271631, 0.017104227
1365432421000, -0.032070424, 0.004886922, 0.02107485
1365437510000, -0.030543262, -0.007330383, 0.025045475
1365442522000, -0.03145956, -0.0061086523, 0.025045475
1365447553000, -0.030543262, -0.015882496, 0.018325957
1365452476000, -0.03145956, -0.014660766, 0.022907447
1365457535000, -0.035430185, -0.01282817, 0.02443461
1365462494000, -0.030848695, -0.02076942, 0.02565634
1365467526000, -0.032986723, -0.018325957, 0.019547688
1365472468000, -0.026572637, -6.1086525E-4, 0.022602014
1365477525000, -0.0290161, 0.0027488936, 0.02443461
1365482508000, -0.035124753, 0.009773844, 0.021380283
1365487473000, -0.029626964, 0.01160644, 0.02076942
1365492508000, -0.033292156, 0.008552114, 0.017104227
1365497665000, -0.03390302, 0.009162978, 0.02443461
1365502470000, -0.033292156, 0.0070249503, 0.023518313
1365507507000, -0.0290161, 0.005192355, 0.034513887
1365512564000, -0.042455133, -0.003970624, 0.038789943
1365517485000, -0.03634648, -0.006414085, 0.04520403
1365522651000, -0.029932396, -0.016187929, 0.04917465
1365527475000, -0.035124753, -0.026267206, 0.048258353
1365532770000, -0.029321533, -0.022907447, 0.054367006
1365537479000, -0.025350908, -0.030848695, 0.06536258
1365542499000, -0.04550946, -0.03481932, 0.06719518
1365547480000, -0.04184427, -0.036651913, 0.0729984
1365552455000, -0.047647487, -0.028099801, 0.07696902
1365557530000, -0.05955936, -0.024740042, 0.08460484
1365562429000, -0.058337633, -0.007941248, 0.08155051
1365567498000, -0.07727446, 0.0143553335, 0.08246681
1365572449000, -0.07422013, 0.035430185, 0.08460484
1365577538000, -0.0852157, 0.05222898, 0.08582657
1365582425000, -0.10842858, 0.0693332, 0.096516706
1365587510000, -0.124005646, 0.07666359, 0.09285152
1365592561000, -0.13897185, 0.07849618, 0.1020145
1365597560000, -0.15882497, 0.06994407, 0.100792766
1365602511000, -0.17989981, 0.044593163, 0.105068825
1365607540000, -0.1881465, 0.008857546, 0.122478485
1365612998000, -0.20463985, -0.03268129, 0.13775012
1365617526000, -0.19975294, -0.070554934, 0.15057829
1365622522000, -0.2049453, -0.10751228, 0.15882497
1365627524000, -0.20463985, -0.13255776, 0.17623462
1365632519000, -0.20250183, -0.16126843, 0.19517145
1365637495000, -0.20097467, -0.18020524, 0.21166481
1365642566000, -0.20586158, -0.204029, 0.21991149
1365647455000, -0.1994475, -0.2134974, 0.2302962
1365652521000, -0.19883664, -0.22174409, 0.23854288
1365657470000, -0.20677789, -0.22479841, 0.2415972
1365662505000, -0.19761491, -0.23426682, 0.23701571
1365667440000, -0.20250183, -0.24984388, 0.24465153
1365672462000, -0.19333886, -0.25350907, 0.24740042
1365677455000, -0.1966986, -0.21930063, 0.23151793
1365683208000, -0.2003638, -0.21930063, 0.22021692
1365687488000, -0.19761491, -0.21471913, 0.22143865
1365692570000, -0.19425514, -0.226631, 0.21044308
1365697496000, -0.18295415, -0.24098633, 0.20372356
1365702517000, -0.1863139, -0.25473082, 0.19211712
1365707492000, -0.17562376, -0.26175576, 0.18784106
1365712500000, -0.16707164, -0.25717425, 0.16646078
1365717673000, -0.16340645, -0.26206118, 0.15760323
1365722482000, -0.1591304, -0.26175576, 0.1441642
1365727633000, -0.14508049, -0.23732115, 0.13164146
1365732495000, -0.14446963, -0.21624629, 0.12644911
1365737452000, -0.13958271, -0.2125811, 0.1133155
1365742563000, -0.15271631, -0.204029, 0.11056661
1365747489000, -0.15668693, -0.19242255, 0.09865474
1365752617000, -0.15668693, -0.18570304, 0.094989546
1365757502000, -0.14966199, -0.18203785, 0.09987647
1365762487000, -0.16187929, -0.17104226, 0.09254608
1365767421000, -0.15882497, -0.14538592, 0.087964594
1365772471000, -0.14508049, -0.110872045, 0.07819075
1365777446000, -0.15271631, -0.07727446, 0.07971791
1365782490000, -0.14538592, -0.03481932, 0.07360926
1365787495000, -0.16676621, -0.019547688, 0.06536258
1365792500000, -0.1957823, 0.0018325958, 0.03970624
1365797424000, -0.2171626, 0.013439035, 0.025961773
1365802495000, -0.23701571, 0.025045475, 0.008246681
1365807491000, -0.25442538, 0.03145956, -0.01160644
1365812492000, -0.26542094, 0.029626964, -0.028099801
1365817488000, -0.2733622, 0.028405234, -0.030848695
1365822588000, -0.2761111, 0.00580322, -0.04734206
1365827498000, -0.28069258, -0.022296581, -0.04550946
1365832491000, -0.28893927, -0.064751714, -0.043982297
1365837514000, -0.29840767, -0.12675454, -0.039095376
1365842588000, -0.30634892, -0.20891592, -0.02687807
1365847533000, -0.30482176, -0.2843578, -0.022907447
1365852524000, -0.31642818, -0.33353242, -0.018936822
1365857555000, -0.32253686, -0.4089743, 0.010079277
1365862528000, -0.32345316, -0.46486846, 0.026572637
1365867526000, -0.321926, -0.5119051, 0.050396383
1365872465000, -0.3145956, -0.5164866, 0.07574729
1365877473000, -0.30390546, -0.4981606, 0.09590584
1365882446000, -0.29138273, -0.44226643, 0.11178834
1365887471000, -0.29229903, -0.39095375, 0.11575896
1365892635000, -0.28069258, -0.33017266, 0.12797627
1365897487000, -0.29138273, -0.25350907, 0.13439035
1365902776000, -0.32559118, -0.16615535, 0.1432479
1365907497000, -0.35155296, -0.1151481, 0.14874569
1365912468000, -0.36682457, -0.041233405, 0.13927728
1365917503000, -0.39553526, 0.04184427, 0.1301143
1365922464000, -0.4456262, 0.13897185, 0.122783914
1365927474000, -0.5177083, 0.21044308, 0.118202426
1365932434000, -0.5699373, 0.2666427, 0.12064589
1365937460000, -0.61544675, 0.344528, 0.115453534
1365942469000, -0.6713409, 0.3368922, 0.116675265
1365947499000, -0.68630713, 0.31612277, 0.1001819
1365952423000, -0.6973027, 0.29901853, 0.09773844
1365957491000, -0.7275405, 0.28344148, 0.09101892
1365962439000, -0.77457714, 0.25625798, 0.07788532
1365967487000, -0.8011498, 0.23854288, 0.07696902
1365972510000, -0.8179486, 0.19211712, 0.07086037
1365977455000, -0.80848014, 0.15088372, 0.06780604
1365982455000, -0.806953, 0.16065755, 0.07544186
1365987502000, -0.79504114, 0.17898351, 0.09468412
1365992522000, -0.7809912, 0.17989981, 0.124311075
1365997496000, -0.732122, 0.19608775, 0.14477506
1366002508000, -0.6753115, 0.19547687, 0.1518
1366008314000, -0.63041294, 0.19181168, 0.160963
1366012513000, -0.61086524, 0.18234327, 0.16065755
1366017470000, -0.59681535, 0.1731803, 0.15668693
1366022510000, -0.58093286, 0.15149458, 0.15424347
1366027492000, -0.5900958, 0.12767084, 0.17165314
1366032533000, -0.60139686, 0.112704635, 0.1872302
1366037487000, -0.6044512, 0.1020145, 0.19394971
1366042549000, -0.6200282, 0.07513642, 0.20738874
1366047464000, -0.6404922, 0.049480084, 0.22357668
1366052460000, -0.6423248, -0.0015271631, 0.25870144
1366057495000, -0.627664, -0.05681047, 0.29077184
1366062465000, -0.59131753, -0.1160644, 0.31429017
1366067541000, -0.5513059, -0.17134771, 0.36010507
1366072538000, -0.48808134, -0.23671028, 0.39706242
1366078283000, -0.4184427, -0.29443705, 0.4456262
1366082539000, -0.3643811, -0.36468655, 0.4908302
1366087633000, -0.29901853, -0.40469822, 0.5403103
1366092518000, -0.26358834, -0.4352415, 0.5708536
1366097438000, -0.23732115, -0.46609017, 0.5876524
1366102462000, -0.22143865, -0.47494772, 0.600786
1366107390000, -0.2134974, -0.50732356, 0.6084218
1366112412000, -0.17959438, -0.5323691, 0.61086524
1366117355000, -0.17531833, -0.5729916, 0.61483586
1366122437000, -0.18784106, -0.600786, 0.6072
1366127393000, -0.19425514, -0.59437186, 0.6096435
1366132430000, -0.19456059, -0.5681047, 0.6081163
1366137374000, -0.17501289, -0.5540548, 0.6010914
1366142458000, -0.15668693, -0.5308419, 0.61178154
1366147413000, -0.15424347, -0.5311473, 0.61361414
1366152517000, -0.13683382, -0.54153204, 0.6081163
1366157503000, -0.12522738, -0.5534439, 0.6068946
1366162529000, -0.121256754, -0.5494733, 0.59681535
1366167527000, -0.12614368, -0.5497787, 0.57848936
1366172519000, -0.12583824, -0.5039638, 0.58184916
1366177541000, -0.1554652, -0.4615087, 0.5534439
1366182491000, -0.19975294, -0.41325033, 0.5155703
1366187517000, -0.2519819, -0.37873647, 0.49113566
1366192549000, -0.2761111, -0.3594942, 0.48075095
1366197533000, -0.2837469, -0.34972036, 0.46395215
1366202520000, -0.2846632, -0.33964106, 0.44929138
1366207507000, -0.27183503, -0.33658674, 0.4456262
1366212464000, -0.258396, -0.355829, 0.43127087
1366217501000, -0.26389378, -0.41141775, 0.40958515
1366222467000, -0.28619036, -0.46914452, 0.39400807
1366227497000, -0.29871312, -0.5186246, 0.37751472
1366232489000, -0.31123585, -0.5488624, 0.3555236
1366237498000, -0.34574974, -0.57604593, 0.34391713
1366242588000, -0.35979962, -0.5842926, 0.34055737
1366247530000, -0.36102137, -0.5891795, 0.3436117
1366252513000, -0.35002577, -0.5833763, 0.3417791
1366257609000, -0.34330627, -0.5561928, 0.32375857
1366262424000, -0.31978795, -0.52595496, 0.30390546
1366267530000, -0.31673363, -0.48349985, 0.3109304
1366272502000, -0.3203988, -0.45081854, 0.3023783
1366277479000, -0.32589662, -0.41508293, 0.28680122
1366282467000, -0.3268129, -0.35888332, 0.2660318
1366287482000, -0.32498032, -0.3042109, 0.26236662
1366292578000, -0.32742378, -0.24220806, 0.24648413
1366297573000, -0.3042109, -0.1695151, 0.23823744
1366302454000, -0.30298916, -0.12034045, 0.21380283
1366307610000, -0.28344148, -0.040011674, 0.18845193
1366312544000, -0.28008172, 0.041233405, 0.17684549
1366317526000, -0.2929099, 0.09040806, 0.14477506
1366322516000, -0.2874121, 0.16218472, 0.13408493
1366327530000, -0.29840767, 0.2180789, 0.10903945
1366333151000, -0.31887165, 0.26908615, 0.086437434
1366337527000, -0.34391713, 0.27885997, 0.064446285
1366342531000, -0.3378085, 0.28313604, 0.05497787
1366347490000, -0.34269542, 0.27885997, 0.03359759
1366352543000, -0.36682457, 0.27091873, 0.015882496
1366357506000, -0.38331795, 0.25320363, 0.0125227375
1366362562000, -0.40194935, 0.22968534, -0.007941248
1366367519000, -0.39706242, 0.22418754, -0.01740966
1366372525000, -0.39584067, 0.22357668, -0.029626964
1366377879000, -0.39706242, 0.24007004, -0.04917465
1366382497000, -0.3857614, 0.27855456, -0.06169739
1366387497000, -0.38698313, 0.31948254, -0.06688975
1366392495000, -0.39064834, 0.3454443, -0.082161374
1366397429000, -0.40317106, 0.3622431, -0.092240654
1366402949000, -0.4071417, 0.36163223, -0.09896017
1366407509000, -0.3924809, 0.3652974, -0.11484267
1366412496000, -0.38148534, 0.35613444, -0.13316862
1366417505000, -0.38606682, 0.32742378, -0.14263703
1366422475000, -0.38056904, 0.29932398, -0.15241088
1366427501000, -0.3921755, 0.27183503, -0.1704314
1366432487000, -0.398895, 0.23457226, -0.17195857
1366437478000, -0.39675698, 0.22082779, -0.16676621
1366442581000, -0.39828414, 0.17867808, -0.1591304
1366447498000, -0.39950588, 0.14019357, -0.16249016
1366452490000, -0.40591997, 0.11759156, -0.16615535
1366457549000, -0.38820487, 0.1160644, -0.172264
1366462491000, -0.39828414, 0.10873401, -0.17470746
1366467489000, -0.40439278, 0.09621128, -0.17867808
1366472984000, -0.39950588, 0.08735373, -0.18142697
1366477473000, -0.3930918, 0.07880162, -0.19394971
1366482486000, -0.40011674, 0.0852157, -0.20250183
1366487533000, -0.40042216, 0.106901415, -0.20250183
1366492518000, -0.40866885, 0.12644911, -0.22266038
1366497498000, -0.4156938, 0.13652839, -0.24740042
1366502484000, -0.4129449, 0.14202617, -0.2751948
1366507576000, -0.40775254, 0.14355333, -0.3005457
1366512487000, -0.42943826, 0.15974127, -0.31795537
1366517486000, -0.462425, 0.15088372, -0.3387248
1366522475000, -0.49449542, 0.15699236, -0.34788775
1366527503000, -0.52503866, 0.13591751, -0.36468655
1366532444000, -0.5543602, 0.12217305, -0.3652974
1366537493000, -0.5708536, 0.083383106, -0.36865717
1366542513000, -0.5897904, 0.02565634, -0.38912117
1366547499000, -0.59040123, -0.052839845, -0.4025602
1366552446000, -0.5934556, -0.1255328, -0.40622538
1366557524000, -0.59528816, -0.17470746, -0.40530908
1366562459000, -0.6044512, -0.18478674, -0.3827071
1366567498000, -0.605062, -0.15057829, -0.37323865
1366572474000, -0.6053675, -0.09437868, -0.37507126
1366577504000, -0.61819565, -0.055283304, -0.3576616
1366582490000, -0.6026186, -0.06658431, -0.37843102
1366587497000, -0.5885687, -0.11911872, -0.410196
1366592551000, -0.55741453, -0.17715092, -0.43127087
1366597493000, -0.54092115, -0.20555615, -0.44990227
1366602629000, -0.54061574, -0.20433442, -0.46395215
1366607520000, -0.56688297, -0.15241088, -0.46181414
1366612470000, -0.61178154, -0.07696902, -0.45265114
1366617492000, -0.6618725, -0.008246681, -0.45112398
1366622450000, -0.7174612, 0.007941248, -0.44959682
1366627502000, -0.7516697, -0.006414085, -0.4474588
1366632428000, -0.7861836, -0.02443461, -0.44776422
1366637503000, -0.81122905, -0.07696902, -0.4633413
1366642503000, -0.8604037, -0.15668693, -0.46609017
1366647492000, -0.87781334, -0.22602014, -0.47769663
1366652486000, -0.8790351, -0.26236662, -0.46609017
1366658339000, -0.8872818, -0.26939157, -0.46211955
1366662496000, -0.8775079, -0.28863382, -0.4529566
1366667488000, -0.8720101, -0.2910773, -0.45234573
1366672477000, -0.84788096, -0.2843578, -0.464563
1366677465000, -0.8216137, -0.29138273, -0.4605924
1366682497000, -0.8026769, -0.2828306, -0.47128254
1366687478000, -0.7901542, -0.27305678, -0.48075095
1366692559000, -0.7370089, -0.23396139, -0.49693888
1366697523000, -0.68661255, -0.20677789, -0.5222898
1366702524000, -0.6762278, -0.15821409, -0.5479461
1366707527000, -0.7089091, -0.10476339, -0.5497787
1366712543000, -0.7635816, -0.052534413, -0.5519168
1366717523000, -0.84604836, -0.013744468, -0.5381723
1366722527000, -0.9257663, -0.028405234, -0.53023106
1366728362000, -0.9786061, -0.07269296, -0.51343226
1366732527000, -0.990518, -0.1151481, -0.50793445
1366739116000, -1.0015136, -0.22724187, -0.4792238
1366742546000, -0.95478237, -0.2602286, -0.46914452
1366747519000, -0.9416488, -0.31948254, -0.43493605
1366752526000, -0.926988, -0.38056904, -0.37812558
1366757504000, -0.8912524, -0.43463063, -0.3295618
1366762535000, -0.8762862, -0.52290064, -0.28863382
1366767445000, -0.8142834, -0.61453044, -0.2574797
1366772482000, -0.7360926, -0.7122689, -0.22785273
1366777458000, -0.6533204, -0.7779369, -0.20677789
1366782598000, -0.5919284, -0.8173377, -0.17715092
1366787434000, -0.5653558, -0.8741482, -0.15668693
1366792509000, -0.54367006, -0.90285885, -0.14721853
1366797527000, -0.5390886, -0.9068295, -0.13041973
1366802492000, -0.5421429, -0.94134337, -0.11942416
1366807509000, -0.5717699, -0.9816604, -0.10934488
1366812505000, -0.6020077, -1.0348058, -0.11728613
1366817483000, -0.623388, -1.0842859, -0.13041973
1366822480000, -0.64965516, -1.105666, -0.14172074
1366827511000, -0.66981375, -1.1194105, -0.15241088
1366832488000, -0.70463306, -1.1187997, -0.14874569
1366837664000, -0.72418076, -1.0644327, -0.12705997
1366842570000, -0.8026769, -0.945314, -0.07880162
1366847554000, -0.92179567, -0.8005389, -0.009162978
1366852483000, -1.0638218, -0.6817256, 0.06414085
1366857536000, -1.2311989, -0.65057147, 0.14782938
1366862499000, -1.3726143, -0.7593055, 0.22082779
1366867737000, -1.4288138, -0.95233893, 0.28069258
1366872484000, -1.3588698, -1.1468995, 0.31612277
1366877513000, -1.2030991, -1.2709051, 0.33108896
1366882487000, -0.98471475, -1.3154984, 0.33414328
1366887498000, -0.7669413, -1.2831224, 0.32436943
1366892537000, -0.59498274, -1.1728612, 0.3359759
1366897593000, -0.49174652, -1.0363328, 0.33964106
1366902485000, -0.47403142, -0.88331115, 0.3399465
1366907465000, -0.49357912, -0.7675522, 0.34208453
1366912487000, -0.54183745, -0.65118235, 0.34116822
1366917426000, -0.6032294, -0.5183192, 0.33628133
1366922477000, -0.7076874, -0.40133846, 0.3203988
1366927434000, -0.80481493, -0.35308012, 0.31123585
1366932490000, -0.8503244, -0.2764165, 0.28680122
1366937459000, -0.91965765, -0.24312437, 0.2678644
1366942561000, -0.9941832, -0.29046643, 0.25595254
1366947547000, -1.0442741, -0.40591997, 0.24373524
1366952490000, -1.0720685, -0.5510005, 0.2574797
1366957513000, -1.0812315, -0.6792821, 0.2770274
1366962471000, -1.0922271, -0.7489208, 0.32895094
1366967494000, -1.128879, -0.75441855, 0.39003745
1366972471000, -1.169807, -0.73792523, 0.45356745
1366977468000, -1.1917981, -0.6627888, 0.51923543
1366982476000, -1.1917981, -0.48716503, 0.5335908
1366987455000, -1.1591167, -0.3744604, 0.548557
1366992812000, -1.1362094, -0.26542094, 0.5549711
1366997456000, -1.1478158, -0.18875736, 0.5317582
1367002487000, -1.135904, -0.12858713, 0.52381694
1367007387000, -1.1374311, -0.04795292, 0.5186246
1367012379000, -1.1325442, 0.023823744, 0.5161811
1367017404000, -1.1349876, 0.057421334, 0.51343226
1367022388000, -1.1374311, 0.0842994, 0.50701815
1367027421000, -1.1392636, 0.15943582, 0.514654
1367032412000, -1.1334605, 0.160963, 0.5448918
1367037401000, -1.1682798, 0.15302174, 0.55863625
1367042420000, -1.2299771, 0.06780604, 0.5729916
1367047407000, -1.3060299, -0.10934488, 0.5705481
1367052525000, -1.3869696, -0.33536503, 0.57360244
1367057447000, -1.4416419, -0.53023106, 0.5879578
1367062405000, -1.4761559, -0.67256266, 0.6261369
1367067414000, -1.4844025, -0.76144356, 0.67164636
1367072392000, -1.488984, -0.80848014, 0.6945538
1367077420000, -1.5115861, -0.7874053, 0.7147123
1367082400000, -1.5222762, -0.7089091, 0.71959925
1367087684000, -1.5375478, -0.60139686, 0.71593404
1367092448000, -1.5555683, -0.47067168, 0.7067711
1367097413000, -1.5234979, -0.3145956, 0.6960809
1367102815000, -1.5360206, -0.18203785, 0.68539083
1367107534000, -1.5247196, -0.086132, 0.68569624
1367112503000, -1.5234979, -0.011301007, 0.6966918
1367117520000, -1.5384641, 0.010079277, 0.70463306
1367122443000, -1.5454891, -0.02687807, 0.6963864
1367127531000, -1.527774, -0.12308934, 0.6927212
1367132424000, -1.4834863, -0.2321288, 0.66614854
1367139150000, -1.4391985, -0.36774087, 0.63041294
1367142486000, -1.3735305, -0.39920044, 0.6243043
1367147522000, -1.3579534, -0.44806966, 0.6084218
1367152419000, -1.3252722, -0.4877759, 0.59315014
1367157473000, -1.3222178, -0.52778757, 0.56688297
1367162468000, -1.3154984, -0.5555819, 0.5513059
1367167523000, -1.3161092, -0.58276546, 0.5311473
1367172510000, -1.3041973, -0.5705481, 0.5170974
1367177514000, -1.3038919, -0.5390886, 0.50640726
1367182485000, -1.2846496, -0.48899764, 0.48166725
1367187520000, -1.2596041, -0.4373795, 0.4636467
1367192559000, -1.2498302, -0.3924809, 0.43768495
1367197525000, -1.248914, -0.36163223, 0.41691554
1367202522000, -1.2629639, -0.3359759, 0.39828414
1367207564000, -1.3139712, -0.31856623, 0.38148534
1367212528000, -1.3808609, -0.30757064, 0.37384954
1367217518000, -1.4437801, -0.2938262, 0.3567453
1367222524000, -1.4856243, -0.28619036, 0.34972036
1367227599000, -1.4923438, -0.32895094, 0.3295618
1367232523000, -1.502423, -0.39736784, 0.31887165
1367237542000, -1.5005904, -0.46944994, 0.30818152
1367242935000, -1.4996742, -0.56779927, 0.28680122
1367247513000, -1.4929546, -0.6765333, 0.26450464
1367252490000, -1.4844025, -0.78038037, 0.25320363
1367257572000, -1.473407, -0.89461213, 0.23976462
1367262535000, -1.484708, -0.94806284, 0.23304509
1367267482000, -1.5042557, -0.96883225, 0.21410827
1367272542000, -1.541213, -0.93584555, 0.21044308
1367277531000, -1.5592335, -0.8933904, 0.20311269
1367282492000, -1.5818355, -0.8542951, 0.19883664
1367287532000, -1.6007724, -0.81336707, 0.18875736
1367292553000, -1.6105462, -0.79290307, 0.21380283
1367297428000, -1.6081028, -0.7370089, 0.22602014
1367302509000, -1.6071864, -0.6957755, 0.22266038
1367307591000, -1.5848899, -0.6930266, 0.20891592
1367312503000, -1.5445728, -0.68508536, 0.1966986
1367317571000, -1.4895949, -0.6637051, 0.19120082
1367322642000, -1.4230106, -0.6087272, 0.19608775
1367327590000, -1.4031575, -0.5525276, 0.21074851
1367332591000, -1.3753631, -0.52015173, 0.23396139
1367339183000, -1.3738359, -0.4147775, 0.30573806
1367343165000, -1.3683381, -0.398895, 0.31520647
1367347513000, -1.3478742, -0.37782016, 0.32711834
1367352461000, -1.3127494, -0.3652974, 0.35155296
1367357741000, -1.2605205, -0.4034765, 0.36102137
1367362573000, -1.2140946, -0.44990227, 0.37018433
1367367524000, -1.1737776, -0.47983465, 0.37201694
1367372966000, -1.1435398, -0.49541172, 0.3820962
1367377723000, -1.1120802, -0.5161811, 0.38759398
1367382875000, -1.065349, -0.54641896, 0.40622538
1367387561000, -1.0195341, -0.59315014, 0.42241332
1367392516000, -0.9660834, -0.64751714, 0.4560109
1367397528000, -0.9202685, -0.63804877, 0.4886922
1367402401000, -0.89919364, -0.59223384, 0.52442783
1367407488000, -0.88361657, -0.5299256, 0.5653558
1367412789000, -0.88331115, -0.44776422, 0.5842926
1367417420000, -0.8915578, -0.4147775, 0.5946773
1367422415000, -0.89766645, -0.3662137, 0.6081163
1367427430000, -0.8885035, -0.34055737, 0.6151413
1367432392000, -0.8775079, -0.3735441, 0.6282749
1367437406000, -0.88422745, -0.44409904, 0.6429357
1367442462000, -0.91721416, -0.56138515, 0.65240407
1367447429000, -0.97402465, -0.68477994, 0.66706485
1367452414000, -1.0250319, -0.7788532, 0.6768387
1367457511000, -1.0769554, -0.8564331, 0.68569624
1367462491000, -1.1224649, -0.89858276, 0.68844515
1367467481000, -1.1633929, -0.9236283, 0.6918049
1367472484000, -1.1542299, -0.93218035, 0.6914995
1367477499000, -1.1808025, -0.9428705, 0.6722572
1367482834000, -1.2021828, -0.9193522, 0.6606508
1367487484000, -1.2330315, -0.9202685, 0.6386596
1367492539000, -1.2638801, -0.9440922, 0.6197228
1367497493000, -1.3048081, -0.96883225, 0.6068946
1367502476000, -1.3503176, -1.003957, 0.5815437
1367507531000, -1.3946054, -1.0326678, 0.5543602
1367512529000, -1.4526376, -1.0519099, 0.535118
1367517488000, -1.4801265, -1.0861185, 0.5317582
1367522477000, -1.4831808, -1.1026118, 0.5207626
1367527464000, -1.5005904, -1.1297953, 0.52564955
1367532496000, -1.4795157, -1.153619, 0.52839845
1367539079000, -1.4746287, -1.1456778, 0.5476407
1367542514000, -1.4541647, -1.1432343, 0.5503896
1367547492000, -1.4428637, -1.1520919, 0.5714644
1367552672000, -1.4306464, -1.1856894, 0.59406644
1367557500000, -1.4001031, -1.1988231, 0.6188065
1367562497000, -1.3756685, -1.2156218, 0.64751714
1367567480000, -1.3423764, -1.2479976, 0.66767573
1367572479000, -1.2983941, -1.2889256, 0.6585127
1367577639000, -1.2501358, -1.303281, 0.6533204
1367582487000, -1.2003502, -1.2932017, 0.67011917
1367587494000, -1.1337659, -1.2583824, 0.6805039
1367592495000, -1.0711522, -1.2104294, 0.68875057
1367597566000, -1.0277808, -1.1731668, 0.71685034
1367602489000, -0.981355, -1.1395692, 0.7480045
1367607482000, -0.9477574, -1.1264355, 0.7858781
1367612495000, -0.91354895, -1.1203269, 0.8032878
1367617421000, -0.9059132, -1.1404854, 0.8588765
1367622475000, -0.88789266, -1.1896601, 0.9120218
1367627430000, -0.88056225, -1.260215, 0.98349303
1367632488000, -0.8579602, -1.3329079, 1.0595458
1367637503000, -0.8313876, -1.4001031, 1.142318
1367642507000, -0.7690793, -1.4596626, 1.217149
1367647426000, -0.7315111, -1.4740179, 1.3005321
1367652486000, -0.66737026, -1.4474452, 1.3817772
1367657522000, -0.60994893, -1.4269812, 1.4648548
1367662495000, -0.5540548, -1.4440855, 1.5570955
1367668196000, -0.45478916, -1.5213599, 1.6371188
1367672473000, -0.33536503, -1.5146403, 1.7369953
1367677500000, -0.2574797, -1.5091426, 1.8167132
1367682493000, -0.20280726, -1.5027285, 1.8808541
1367687480000, -0.10262536, -1.4391985, 1.9874501
1367692481000, 0.014049901, -1.3255776, 2.1029036
1367697492000, 0.13836098, -1.1927143, 2.1948388
1367702438000, 0.27366763, -1.0067059, 2.281887
1367707489000, 0.4361578, -0.9101892, 2.363743
1367712433000, 0.52320606, -0.67011917, 2.3952026
1367717487000, 0.6927212, -0.42455134, 2.4553728
1367722495000, 0.80481493, -0.27397305, 2.5127943
1367727500000, 0.82863873, -0.19058995, 2.5705209
1367732483000, 0.8313876, -0.0870483, 2.6120598
1367737947000, 0.82619524, 0.1518, 2.5714374
1367742455000, 0.7870999, 0.41050145, 2.4834726
1367747493000, 0.6627888, 0.7275405, 2.457511
1367752455000, 0.5128214, 1.0219775, 2.4529295
1367757539000, 0.34574974, 1.2635747, 2.4459045
1367762476000, 0.23609942, 1.4370605, 2.5298984
1367767486000, 0.20525073, 1.5619824, 2.5482244
1367772552000, 0.14721853, 1.8133535, 2.5149322
1367777504000, -0.08093964, 1.8603901, 2.4672847
1367782504000, -0.29260445, 1.7956384, 2.4486532
1367787474000, -0.46761733, 1.7406605, 2.3860397
1367792559000, -0.63224554, 1.6945401, 2.327702
1367797541000, -0.77488256, 1.6545285, 2.2809708
1367802489000, -0.90469146, 1.6484199, 2.1997259
1367808081000, -1.0241156, 1.6136005, 2.119397
1367812486000, -1.0968086, 1.5958854, 2.0693061
1367817484000, -1.1334605, 1.5329664, 1.996613
1367822482000, -1.2012665, 1.4223998, 1.9043725
1367827503000, -1.2559389, 1.2809844, 1.7931949
1367832584000, -1.294118, 1.1478158, 1.7296649
1367837471000, -1.2846496, 1.0629056, 1.6728544
1367842574000, -1.3063353, 0.93584555, 1.5876387
1367847545000, -1.3319917, 0.8341365, 1.527774
1367852734000, -1.3252722, 0.752586, 1.4514158
1367857478000, -1.3332134, 0.66828656, 1.396438
1367862508000, -1.3368785, 0.59742624, 1.3466524
1367867488000, -1.3417655, 0.54153204, 1.3109168
1367872477000, -1.3182472, 0.4654793, 1.2660183
1367877694000, -1.3051136, 0.3885103, 1.2266175
1367882489000, -1.287704, 0.3472769, 1.2070698
1367887504000, -1.2760975, 0.3042109, 1.1701124
1367892545000, -1.2608259, 0.2284636, 1.1447614
1367897547000, -1.2275337, 0.16126843, 1.1239921
1367902488000, -1.1914927, 0.13591751, 1.1065824
1367907501000, -1.185384, 0.09560041, 1.0986412
1367912495000, -1.1798862, 0.07819075, 1.0891727
1367917487000, -1.1600331, 0.074830994, 1.0793989
1367922476000, -1.1343768, 0.06841691, 1.0595458
1367927499000, -1.1212431, 0.086132, 1.0458013
1367932487000, -1.110553, 0.11148291, 1.0241156
1367937470000, -1.105666, 0.12797627, 1.0115929
1367942580000, -1.0974194, 0.13927728, 1.024421
1367947528000, -1.0482447, 0.17684549, 1.003957
1367952488000, -1.0262536, 0.19272798, 0.9795224
1367957501000, -0.9831876, 0.17898351, 0.9569204
1367962497000, -0.92087936, 0.14569137, 0.9428705
1367967489000, -0.84574294, 0.13713925, 0.90010995
1367972481000, -0.79779, 0.12034045, 0.8567385
1367977473000, -0.7144069, 0.10934488, 0.8136725
1367982515000, -0.6420194, 0.11026118, 0.79534656
1367987500000, -0.5296202, 0.109650314, 0.7449502
1367992554000, -0.4560109, 0.089491755, 0.6948592
1367997512000, -0.36865717, 0.09315695, 0.64476824
1368002567000, -0.29993483, 0.090713486, 0.5925393
1368007456000, -0.22388211, 0.087964594, 0.5723807
1368012530000, -0.18845193, 0.08277224, 0.5345071
1368017442000, -0.124311075, 0.06566802, 0.49021935
1368022495000, -0.06383542, 0.0290161, 0.45845437
1368047474000, 0.10415252, -0.0983493, 0.23457226
1368052523000, 0.13347405, -0.11728613, 0.19242255
1368057554000, 0.1518, -0.12980886, 0.16401732
1368062993000, 0.18997909, -0.13713925, 0.1337795
1368067495000, 0.21410827, -0.12797627, 0.12461651
1368072479000, 0.25442538, -0.079107046, 0.13958271
1368077807000, 0.3100141, -0.07727446, 0.081855945
1368082490000, 0.3231477, -0.13133603, 0.025045475
1368087477000, 0.3417791, -0.15607607, 9.162979E-4
1368092574000, 0.40103304, -0.16187929, -0.01985312
1368097675000, 0.47800204, -0.16554448, -0.037873644
1368102487000, 0.5693264, -0.1731803, -0.05009095
1368107500000, 0.6282749, -0.17959438, -0.08155051
1368112496000, 0.72692966, -0.19547687, -0.1133155
1368117484000, 0.82650065, -0.22052236, -0.1337795
1368122478000, 0.9251554, -0.23945917, -0.16768251
1368127499000, 1.0216721, -0.2779437, -0.18997909
1368133132000, 1.099252, -0.32925636, -0.22082779
1368137474000, 1.174083, -0.41050145, -0.24831672
1368142498000, 1.212262, -0.5112942, -0.2782491
1368147500000, 1.2592987, -0.6169739, -0.30451632
1368152489000, 1.2858714, -0.70249504, -0.32467487
1368157498000, 1.3121386, -0.7797695, -0.34666604
1368162489000, 1.325883, -0.84116143, -0.36132678
1368167490000, 1.314582, -0.88789266, -0.3817908
1368172479000, 1.3014483, -0.91996306, -0.40866885
1368177503000, 1.2834278, -0.94806284, -0.43493605
1368182459000, 1.2534955, -0.95111716, -0.46944994
1368187471000, 1.2406673, -0.9401216, -0.4978552
1368192460000, 1.2144, -0.9025534, -0.51251596
1368197493000, 1.1994339, -0.8775079, -0.5329799
1368202735000, 1.180497, -0.81581056, -0.5348125
1368207507000, 1.1749994, -0.79473567, -0.54153204
1368212498000, 1.174083, -0.7651087, -0.52106804
1368217487000, 1.1725558, -0.7244862, -0.5027421
1368222510000, 1.1618657, -0.6985244, -0.48838675
1368227505000, 1.1688906, -0.6765333, -0.43035457
1368232495000, 1.1557571, -0.67073005, -0.41233405
1368237476000, 1.1600331, -0.64996064, -0.4092797
1368242881000, 1.1768318, -0.623388, -0.37659842
1368247491000, 1.1997393, -0.5723807, -0.35918877
1368252421000, 1.2318097, -0.50854534, -0.34422258
1368257524000, 1.2742649, -0.44776422, -0.33567044
1368262451000, 1.3326025, -0.39736784, -0.34391713
1368267492000, 1.382999, -0.34300083, -0.3491095
1368272481000, 1.4333953, -0.2996294, -0.34697145
1368277484000, 1.4804319, -0.25809056, -0.3475823
1368282425000, 1.5216653, -0.21960606, -0.35430184
1368287471000, 1.5451837, -0.17867808, -0.35155296
1368292476000, 1.5534303, -0.17379116, -0.33017266
1368297497000, 1.5632042, -0.21410827, -0.33933565
1368302493000, 1.568702, -0.2669481, -0.34055737
1368307483000, 1.5925257, -0.37690386, -0.33536503
1368312499000, 1.6187929, -0.53786683, -0.32742378
1368317487000, 1.6380352, -0.7110472, -0.32711834
1368322474000, 1.6358972, -0.87598073, -0.33261612
1368327469000, 1.6233743, -1.0183123, -0.3494149
1368332503000, 1.602605, -1.1242975, -0.3594942
1368337528000, 1.5555683, -1.1972959, -0.36377025
1368342572000, 1.5247196, -1.2000448, -0.38087448
1368347511000, 1.4703526, -1.174083, -0.4111123
1368352572000, 1.428203, -1.1258247, -0.43249258
1368357466000, 1.3845261, -1.0512991, -0.4578435
1368362504000, 1.3515394, -0.97402465, -0.5103779
1368367490000, 1.3121386, -0.874759, -0.55833083
1368372478000, 1.2437216, -0.73853606, -0.61208695
1368377497000, 1.1420126, -0.5036584, -0.6096435
1368382486000, 0.9230174, -0.23701571, -0.61636305
1368388128000, 0.5488624, -0.0076358155, -0.5748242
1368392513000, 0.04917465, 0.06291912, -0.4896085
1368397522000, -0.40622538, 0.15271631, -0.43218717
1368402486000, -0.6102544, 0.19975294, -0.3222314
1368407477000, -0.95172805, 0.2846632, -0.25442538
1368412525000, -1.2082914, 0.2910773, -0.2171626
1368417496000, -1.3655893, 0.03359759, -0.20952678
1368422538000, -1.3530666, -0.3115413, -0.20372356
1368427468000, -1.1734722, -0.6227771, -0.20830505
1368432489000, -0.91782504, -0.7788532, -0.2125811
1368437478000, -0.6047566, -0.79901177, -0.22632557
1368442572000, -0.30665436, -0.7629707, -0.24770586
1368447558000, -0.07666359, -0.72509706, -0.25961772
1368452484000, 0.06719518, -0.7199047, -0.28160888
1368458116000, 0.09162979, -0.75716746, -0.3145956
1368462491000, 0.06261369, -0.79504114, -0.35430184
1368467467000, -3.0543262E-4, -0.7834347, -0.40011674
1368472528000, -0.056199603, -0.7648033, -0.43004912
1368477479000, -0.093767814, -0.7131852, -0.44837508
1368482495000, -0.09743301, -0.63163465, -0.44135013
1368487546000, -0.0842994, -0.51068336, -0.41691554
1368492595000, -0.047647487, -0.4288274, -0.39003745
1368497718000, -0.013744468, -0.25992316, -0.35155296
1368502510000, 0.004581489, -0.07971791, -0.33078352
1368507715000, 0.0143553335, 0.070249505, -0.2770274
1368512525000, 0.0290161, 0.17440203, -0.21319197
1368517468000, 0.040317107, 0.23182335, -0.13805555
1368522537000, 0.04520403, 0.24465153, -0.06291912
1368527866000, 0.04520403, 0.23151793, -0.007330383
1368532522000, 0.0421497, 0.21288654, 0.01985312
1368538304000, 0.023518313, 0.15515977, 0.007941248
1368542611000, -0.028710667, 0.09712757, -0.01985312
1368547599000, -0.09193522, 0.046731193, -0.065973446
1368552522000, -0.15393804, 0.023518313, -0.11575896
1368557498000, -0.20922135, 0.003970624, -0.15607607
1368562494000, -0.24831672, -0.028099801, -0.18692477
1368567484000, -0.28160888, -0.042455133, -0.20250183
1368572471000, -0.30573806, -0.0421497, -0.20891592
1368577506000, -0.30879238, -0.025045475, -0.22327125
1368582490000, -0.31764993, -0.005192355, -0.23945917
1368587476000, -0.33536503, 0.0027488936, -0.21655174
1368592487000, -0.33169982, 0.021380283, -0.19883664
1368597512000, -0.3368922, 0.03848451, -0.17898351
1368602488000, -0.34697145, 0.04886922, -0.1432479
1368607520000, -0.33414328, 0.042455133, -0.08277224
1368612498000, -0.31978795, 0.01740966, -0.04520403
1368617489000, -0.2938262, -0.010995574, -0.023518313
1368622449000, -0.26389378, -0.070554934, -0.012217305
1368627486000, -0.23854288, -0.119729586, -0.02321288
1368632472000, -0.19639318, -0.16676621, -0.018020526
1368637472000, -0.17654006, -0.21135938, -0.0021380284
1368642525000, -0.14172074, -0.22357668, 0.0061086523
1368647588000, -0.09773844, -0.18875736, 0.014660766
1368652422000, -0.04428773, -0.14630222, 0.01038471
1368657522000, -0.014966198, -0.09010262, 0.014049901
1368662427000, 0.019242255, -0.018020526, 0.021380283
1368667489000, 0.030848695, 0.04917465, 0.021991149
1368672479000, 0.039095376, 0.09101892, 0.032986723
1368677625000, 0.04734206, 0.13408493, 0.038179077
1368682488000, 0.044898596, 0.18051068, 0.05222898
1368687475000, 0.035430185, 0.19272798, 0.059864793
1368692527000, 0.02321288, 0.23701571, 0.06383542
1368697591000, 0.020158553, 0.26633725, 0.08002335
1368702480000, 0.002443461, 0.29565877, 0.08277224
1368707541000, -0.009162978, 0.2968805, 0.095294975
1368713127000, -0.02321288, 0.29810223, 0.10415252
1368717488000, -0.029932396, 0.28130344, 0.11026118
1368722509000, -0.014966198, 0.26389378, 0.1133155
1368727500000, -0.010995574, 0.23579398, 0.12370021
1368732553000, -0.0021380284, 0.1966986, 0.12980886
1368738867000, 0.002443461, 0.14874569, 0.12950343
1368743092000, 0.013744468, 0.11178834, 0.13316862
1368747596000, 0.027488936, 0.07941248, 0.13347405
1368752745000, 0.017104227, 0.042455133, 0.14202617
1368757544000, 0.023823744, 6.1086525E-4, 0.1337795
1368762459000, 0.02565634, -0.027794369, 0.1328632
1368767490000, 0.008857546, -0.034208454, 0.13347405
1368772455000, 0.009468411, -0.04520403, 0.1282817
1368777503000, 0.0033597588, -0.03634648, 0.12186762
1368783065000, -0.0018325958, -0.028405234, 0.10903945
1368787474000, -0.007330383, -0.018325957, 0.11301007
1368792545000, -0.013439035, 0.0033597588, 0.112704635
1368797530000, -0.03359759, 0.040011674, 0.106595986
1368802457000, -0.035430185, 0.067500606, 0.087659165
1368807532000, -0.047036625, 0.09407325, 0.08979719
1368812475000, -0.048563786, 0.11453723, 0.08155051
1368817489000, -0.055588737, 0.11484267, 0.06719518
1368822491000, -0.052839845, 0.11728613, 0.057726767
1368827498000, -0.046731193, 0.10629055, 0.049785517
1368832481000, -0.039095376, 0.09560041, 0.039095376
1368837471000, -0.02321288, 0.087659165, 0.027488936
1368842606000, -0.008552114, 0.082161374, 0.025045475
1368847532000, 3.0543262E-4, 0.05589417, 0.036651913
1368852959000, 0.013133603, 0.046120327, 0.030848695
1368857527000, 0.016493361, 0.04520403, 0.02565634
1368862495000, 0.01985312, 0.032070424, 0.025961773
1368867486000, 0.022907447, 0.022907447, 0.03359759
1368872477000, 0.015882496, 0.020463986, 0.02687807
1368877489000, 0.029626964, 0.013133603, 0.030848695
1368882489000, 0.022296581, 0.015577064, 0.030543262
1368887481000, 0.021991149, 0.0106901415, 0.03604105
1368892564000, 0.017715093, 0.008246681, 0.027488936
1368897467000, 0.015577064, 0.01038471, 0.037873644
1368902486000, 0.017104227, 0.0030543262, 0.0290161
1368907533000, 0.0125227375, 0.015882496, 0.032986723
1368912498000, 0.0012217305, 0.02443461, 0.03023783
1368917427000, -0.011911872, 0.03268129, 0.026572637
1368922622000, -0.0076358155, 0.045814894, 0.02687807
1368927455000, -0.012217305, 0.046731193, 0.025350908
1368932491000, -0.013439035, 0.05009095, 0.027488936
1368938887000, -0.015577064, 0.048563786, 0.03573562
1368942507000, -0.0143553335, 0.051923547, 0.03145956
1368947486000, -0.0143553335, 0.051618114, 0.036957346
1368952485000, -0.015577064, 0.042455133, 0.028710667
1368957495000, -0.004886922, 0.043676864, 0.028710667
1368962494000, -0.014966198, 0.030848695, 0.035430185
1368967510000, -0.014966198, 0.014660766, 0.030543262
1368972523000, -0.016493361, 0.010995574, 0.029321533
1368977514000, -0.015882496, -0.003970624, 0.031154128
1368982452000, -0.015882496, -0.01282817, 0.027488936
1368987493000, -0.017715093, -0.016187929, 0.022296581
1368992507000, -0.02076942, -0.014049901, 0.018936822
1368997471000, -0.014660766, -0.019547688, 0.01282817
1369002505000, -0.023823744, -0.027794369, 0.014966198
1369007502000, -0.024129177, -0.034513887, 0.010079277
1369012479000, -0.030543262, -0.03634648, 0.0036651916
1369017508000, -0.014966198, -0.045814894, 0.002443461
1369022513000, -0.013744468, -0.041233405, 0.0021380284
1369027501000, -0.02687807, -0.047036625, 0.0021380284
1369032512000, -0.02076942, -0.041233405, 0.0021380284
1369038251000, -0.02443461, -0.049785517, 0.0012217305
1369042655000, -0.017715093, -0.041233405, -0.00580322
1369047569000, -0.018936822, -0.03604105, -0.0076358155
1369052517000, -0.02687807, -0.040927973, -0.009468411
1369057582000, -0.027488936, -0.053145275, -0.016187929
1369062517000, -0.018325957, -0.043676864, -0.0106901415
1369067526000, -0.021685716, -0.049785517, -0.009162978
1369072526000, -0.022907447, -0.04428773, -0.016798794
1369077534000, -0.025961773, -0.047036625, -0.0061086523
1369082487000, -0.032986723, -0.046120327, -0.015882496
1369087529000, -0.01863139, -0.049480084, -0.015271631
1369092659000, -0.022602014, -0.048563786, -0.01863139
1369097602000, -0.026267206, -0.059253927, -0.02076942
1369102518000, -0.025350908, -0.058948494, -0.020463986
1369108237000, -0.025045475, -0.06169739, -0.024129177
1369112517000, -0.033292156, -0.062002823, -0.022602014
1369117524000, -0.042760566, -0.06719518, -0.025350908
1369122512000, -0.032986723, -0.06963864, -0.02565634
1369127534000, -0.03848451, -0.08124508, -0.024740042
1369132515000, -0.03726278, -0.07238753, -0.025350908
1369139146000, -0.04795292, -0.06872234, -0.02443461
1369142673000, -0.043982297, -0.08002335, -0.029932396
1369147539000, -0.050396383, -0.0720821, -0.03145956
1369152465000, -0.04550946, -0.0720821, -0.03023783
1369157580000, -0.05131268, -0.0693332, -0.032070424
1369162446000, -0.048563786, -0.0580322, -0.02565634
1369167531000, -0.035430185, -0.043676864, -0.03390302
1369172445000, -0.05681047, -0.04550946, -0.036957346
1369178162000, -0.04642576, -0.03756821, -0.039095376
1369182423000, -0.04520403, -0.038179077, -0.03756821
1369187527000, -0.046731193, -0.038179077, -0.040011674
1369192565000, -0.042455133, -0.03756821, -0.035430185
1369197511000, -0.05681047, -0.032986723, -0.033292156
1369202462000, -0.049785517, -0.029932396, -0.03634648
1369207527000, -0.044593163, -0.03726278, -0.03726278
1369212534000, -0.044898596, -0.036957346, -0.040011674
1369217522000, -0.044593163, -0.03481932, -0.03940081
1369222482000, -0.050396383, -0.03940081, -0.042760566
1369227500000, -0.046731193, -0.043676864, -0.03481932
1369232506000, -0.043982297, -0.04337143, -0.035430185
1369237523000, -0.04917465, -0.043066, -0.032070424
1369242763000, -0.04062254, -0.04795292, -0.029626964
1369247547000, -0.040011674, -0.04428773, -0.025961773
1369254001000, -0.035124753, -0.040927973, -0.025350908
1369257567000, -0.03359759, -0.042455133, -0.011911872
1369262466000, -0.042455133, -0.032986723, -0.017104227
1369267525000, -0.03145956, -0.030848695, -0.02076942
1369272577000, -0.028710667, -0.03390302, -0.019242255
1369277580000, -0.018936822, -0.018325957, -0.015577064
1369282606000, -0.02687807, -0.022296581, -0.01740966
1369287473000, -0.023823744, -0.019547688, -0.016493361
1369292579000, -0.02321288, -0.015271631, -0.01038471
1369297648000, -0.02107485, -0.0125227375, -0.005497787
1369302489000, -0.01985312, -0.008857546, -0.01160644
1369307485000, -0.019242255, -0.008552114, -0.007330383
1369312505000, -0.01740966, -0.004886922, -0.013744468
1369317472000, -0.013133603, 6.1086525E-4, -0.009773844
1369322476000, -0.015882496, 0.0015271631, -0.010995574
1369327458000, -0.011301007, 0.009773844, -0.010995574
1369332493000, -0.01863139, 0.013133603, -9.162979E-4
1369339085000, -0.018325957, 0.025350908, 0.0021380284
1369342516000, -0.015882496, 0.033292156, 9.162979E-4
1369347486000, -0.018325957, 0.030543262, 9.162979E-4
1369352525000, -0.02321288, 0.03848451, 0.011911872
1369357589000, -0.01160644, 0.040927973, 0.01160644
1369362520000, -0.007941248, 0.04550946, 0.01740966
1369367525000, -0.013439035, 0.047036625, 0.013133603
1369372510000, -0.010079277, 0.050396383, 0.02107485
1369377494000, -0.011301007, 0.06261369, 0.02076942
1369382491000, -0.0070249503, 0.07086037, 0.022602014
1369387480000, -0.0033597588, 0.064751714, 0.027488936
1369392672000, -0.0067195175, 0.067500606, 0.029626964
1369397504000, -0.008857546, 0.064446285, 0.03268129
1369402530000, 0.0012217305, 0.06261369, 0.03145956
1369407437000, 9.162979E-4, 0.051618114, 0.029626964
1369412533000, -0.0061086523, 0.045814894, 0.030543262
1369417423000, 6.1086525E-4, 0.048258353, 0.029932396
1369422521000, 0.0027488936, 0.04153884, 0.02076942
1369427436000, -0.0018325958, 0.039095376, 0.026572637
1369432986000, 0.007330383, 0.032986723, 0.029626964
1369437468000, -0.0012217305, 0.03145956, 0.025961773
1369442627000, -0.008552114, 0.014049901, 0.025045475
1369447593000, -0.009773844, 0.016187929, 0.015271631
1369452523000, -0.0076358155, 0.015882496, 0.021685716
1369457906000, -0.012217305, 0.013744468, 0.021991149
1369462529000, -0.017715093, 0.01740966, 0.02107485
1369467465000, -0.02443461, 0.013744468, 0.019547688
1369472521000, -0.019242255, 0.009773844, 0.021380283
1369477459000, -0.021991149, 0.027183503, 0.018020526
1369482490000, -0.03359759, 0.01985312, 0.021991149
1369487525000, -0.04153884, 0.024129177, 0.022907447
1369492601000, -0.028710667, 0.021991149, 0.019547688
1369497641000, -0.0290161, 0.028405234, 0.02076942
1369503125000, -0.047036625, 0.026572637, 0.021380283
1369507493000, -0.04734206, 0.022907447, 0.02443461
1369512504000, -0.04550946, 0.020463986, 0.020158553
1369517490000, -0.032070424, 0.019547688, 0.016187929
1369522514000, -0.030543262, 0.009162978, 0.01282817
1369527534000, -0.027183503, 9.162979E-4, 0.015577064
1369532523000, -0.03390302, -0.0036651916, 0.0070249503
1369539143000, -0.025045475, -0.013744468, 9.162979E-4
1369542516000, -0.013439035, -0.01863139, 6.1086525E-4
1369547527000, -0.016798794, -0.019242255, 6.1086525E-4
1369552417000, -0.018325957, -0.02443461, -0.0012217305
1369557611000, -0.012217305, -0.028710667, -9.162979E-4
1369562440000, -0.008552114, -0.022602014, -0.004581489
1369567527000, -0.011911872, -0.029626964, -0.01038471
1369572764000, -0.0067195175, -0.020463986, -0.010079277
1369577528000, -0.020158553, -0.021380283, -0.0036651916
1369582510000, -0.022296581, -0.02321288, -0.0061086523
1369587493000, -0.009468411, -0.016493361, -0.008552114
1369592593000, -0.013744468, -0.01160644, -0.0027488936
1369597498000, -0.021380283, -6.1086525E-4, -0.0033597588
1369602492000, -0.022602014, -0.0076358155, -0.0021380284
1369607467000, -0.013744468, -0.0076358155, -9.162979E-4
1369612457000, -0.028405234, 0.004276057, -0.004886922
1369617512000, -0.025961773, 0.0015271631, -0.004276057
1369622471000, -0.030848695, -0.0018325958, -0.0021380284
1369627527000, -0.0290161, -0.005497787, 6.1086525E-4
1369632478000, -0.030848695, 0.004886922, 0.005192355
1369637500000, -0.035124753, 0.0030543262, 0.003970624
1369642475000, -0.029626964, -0.0076358155, 0.003970624
1369647493000, -0.034208454, -0.0027488936, 0.005192355
1369652425000, -0.03573562, -0.0070249503, 0.00580322
1369657512000, -0.030848695, -0.0027488936, 0.00580322
1369662468000, -0.0290161, -0.008552114, 0.0033597588
1369667523000, -0.03145956, 0.0033597588, 0.008552114
1369672518000, -0.029626964, -3.0543262E-4, 0.006414085
1369677494000, -0.022602014, 0.0012217305, 0.0012217305
1369682495000, -0.01160644, 0.004886922, 0.007941248
1369687491000, -0.014966198, 0.0012217305, 0.0036651916
1369692638000, -0.018325957, 0.0027488936, 0.0067195175
1369697550000, -0.011911872, 0.0027488936, -0.0015271631
1369702512000, -0.008246681, 0.004276057, 0.0033597588
1369707477000, -0.0061086523, 0.0018325958, 0.0106901415
1369712500000, -0.013744468, -0.0021380284, 0.0015271631
1369717484000, -0.0012217305, -0.006414085, 0.009773844
1369722561000, -3.0543262E-4, -0.0070249503, 0.004276057
1369727488000, -3.0543262E-4, -0.004581489, 0.0015271631
1369732489000, -0.006414085, -0.0061086523, 0.006414085
1369739108000, -0.018325957, -0.014049901, 0.0036651916
1369742610000, -0.018936822, -0.003970624, 0.015882496
1369747514000, -0.0143553335, -0.009162978, 0.015577064
1369752485000, -0.018936822, -0.0061086523, 0.0067195175
1369758053000, -0.017715093, -0.008246681, 0.0070249503
1369762478000, -0.027183503, -0.0067195175, 0.0076358155
1369767476000, -0.018020526, -0.008552114, 0.010079277
1369772531000, -0.02321288, -0.00580322, 0.009162978
1369777439000, -0.024740042, -0.0106901415, 0.0067195175
1369782471000, -0.017104227, -0.009162978, 0.003970624
1369787486000, -0.014660766, -0.006414085, 0.00580322
1369792763000, -0.027794369, -0.014966198, 0.008552114
1369797454000, -0.03359759, -0.01740966, 0.008246681
1369802380000, -0.026572637, -0.01740966, 0.0061086523
1369807398000, -0.028405234, -0.019547688, 0.002443461
1369812429000, -0.029626964, -0.0070249503, 0.009468411
1369817406000, -0.03023783, -0.0018325958, 0.0061086523
1369822408000, -0.028710667, -0.00580322, 0.007330383
1369827735000, -0.026267206, -0.003970624, 0.005192355
1369832407000, -0.025045475, 0.004886922, 0.002443461
1369837747000, -0.02687807, 0.009468411, 0.0012217305
1369842446000, -0.030848695, 0.016798794, 0.005192355
1369847530000, -0.031154128, 0.009773844, 0.010079277
1369852459000, -0.029321533, 0.01282817, 0.012217305
1369857701000, -0.026267206, 0.009468411, 0.0061086523
1369862473000, -0.032070424, 0.008246681, 0.00580322
1369867456000, -0.026267206, 6.1086525E-4, 0.005497787
1369872453000, -0.028710667, 0.003970624, 0.004581489
1369877409000, -0.023823744, -0.007330383, 0.009773844
1369882462000, -0.03023783, -0.007941248, 0.006414085
1369887447000, -0.023823744, -0.017715093, 0.00580322
1369892504000, -0.022296581, -0.01985312, 0.006414085
1369897669000, -0.032070424, -0.02076942, 0.007330383
1369902476000, -0.018936822, -0.018325957, 0.0067195175
1369907436000, -0.022602014, -0.014660766, 0.005497787
1369912533000, -0.022602014, -0.007941248, 0.004276057
1369917420000, -0.02443461, -0.0076358155, 0.0027488936
1369922514000, -0.022907447, -0.0015271631, 0.0021380284
1369927440000, -0.021380283, 0.0061086523, 0.0015271631
1369932526000, -0.017104227, 0.004276057, 9.162979E-4
1369939073000, -0.022296581, 0.0021380284, 9.162979E-4
1369942506000, -0.01985312, 0.0015271631, 9.162979E-4
1369947531000, -0.024129177, 0.007941248, 0.004581489
1369952515000, -0.020158553, 0.008246681, 0.004581489
1369957506000, -0.01740966, 6.1086525E-4, 0.004581489
1369962517000, -0.02443461, 0.005192355, 3.0543262E-4
1369967498000, -0.016493361, -3.0543262E-4, 0.0030543262
1369972499000, -0.034513887, -3.0543262E-4, 0.002443461
1369977487000, -0.02443461, -0.0015271631, 0.0030543262
1369982416000, -0.018325957, -0.004886922, 0.003970624
1369987482000, -0.021991149, -6.1086525E-4, 0.004581489
1369992476000, -0.02321288, -0.004276057, -0.0036651916
1369997498000, -0.013744468, -0.0061086523, 0.0021380284
1370002456000, -0.020463986, -0.0015271631, 0.005192355
1370007512000, -0.017715093, -0.0061086523, 0.0015271631
1370012467000, -0.025045475, -0.0033597588, 0.0070249503
1370017526000, -0.028405234, -0.003970624, 0.003970624
1370022796000, -0.022907447, -0.004886922, -0.0012217305
1370027531000, -0.0061086523, -0.0030543262, 0.0027488936
1370032547000, -0.026267206, -0.004886922, 0.0030543262
1370037670000, -0.019547688, -0.0033597588, -0.00580322
1370042473000, -0.01038471, -0.005192355, -0.0018325958
1370047499000, -0.018325957, -0.0033597588, 0.00580322
1370052516000, -0.028099801, -0.005192355, 0.004886922
1370057470000, -0.01740966, 0.0012217305, 0.007941248
1370062494000, -0.020158553, -0.0012217305, 0.008246681
1370067488000, -0.030543262, -0.0015271631, 0.004581489
1370072820000, -0.036957346, -0.0018325958, 0.0015271631
1370077462000, -0.028710667, 0.0018325958, 0.004581489
1370082487000, -0.029626964, 0.002443461, 0.0070249503
1370087454000, -0.031154128, 0.009773844, 0.004886922
1370092548000, -0.030848695, -0.004581489, 0.0076358155
1370097531000, -0.027794369, -0.007330383, 0.0030543262
1370102421000, -0.023518313, 0.0012217305, 0.0012217305
1370107465000, -0.022907447, -0.0036651916, 0.004276057
1370112516000, -0.021991149, 3.0543262E-4, 0.0027488936
1370117491000, -0.022907447, 0.0021380284, 0.0018325958
1370122499000, -0.015882496, 3.0543262E-4, 0.0070249503
1370127497000, -0.027488936, 0.0033597588, 0.004276057
1370132490000, -0.019242255, 0.007330383, 0.0027488936
1370137468000, -0.011911872, 0.0061086523, 0.003970624
1370142510000, -0.019547688, 0.004276057, 0.004581489
1370147495000, -0.02076942, 0.0027488936, 0.005192355
1370152492000, -0.016187929, 0.011301007, 0.0070249503
1370157470000, -0.018325957, 0.0036651916, 0.0067195175
1370162504000, -0.02076942, -0.005192355, 0.005497787
1370167488000, -0.009773844, -0.0033597588, 0.008246681
1370172474000, -0.019547688, -0.0027488936, 0.008246681
1370177494000, -0.0143553335, 0.010079277, 0.011911872
1370182492000, -0.026267206, 0.0030543262, 0.007330383
1370187484000, -0.022296581, -0.00580322, 0.002443461
1370192502000, -0.015271631, 0.0021380284, 0.0125227375
1370197487000, -0.021685716, 9.162979E-4, 0.008552114
1370202489000, -0.021380283, 0.0015271631, 0.007330383
1370207469000, -0.01985312, 0.0030543262, 0.003970624
1370212497000, -0.02107485, 0.0021380284, 0.012217305
1370217490000, -0.021991149, 0.004581489, 0.009773844
1370222469000, -0.016493361, 0.0106901415, 6.1086525E-4
1370227425000, -0.010079277, 0.01160644, 0.009468411
1370232492000, -0.011911872, -3.0543262E-4, 0.004276057
1370237473000, -0.010995574, 0.004581489, 0.0027488936
1370242555000, -0.015577064, -0.004581489, 0.0015271631
1370247687000, -0.008857546, 0.0036651916, 0.0033597588
1370252481000, -0.013439035, 6.1086525E-4, -0.0012217305
1370257578000, -0.020158553, 0.023823744, 0.00580322
1370262498000, -0.021991149, 0.01740966, 0.0021380284
1370267708000, -0.021380283, -0.008552114, -3.0543262E-4
1370272493000, -0.019242255, -0.0106901415, 0.0027488936
1370277481000, -0.019547688, -0.020158553, 0.0018325958
1370282492000, -0.022296581, -0.015882496, -9.162979E-4
1370287482000, -0.021685716, -0.008857546, 6.1086525E-4
1370292505000, -0.027183503, -0.009773844, -0.004581489
1370297449000, -0.0290161, -0.015577064, 6.1086525E-4
1370302484000, -0.017104227, -0.016493361, -0.00580322
1370307505000, -0.02107485, -0.010995574, 6.1086525E-4
1370312494000, -0.03023783, -0.004581489, 0.0030543262
1370317488000, -0.022602014, -0.011911872, 0.0015271631
1370322463000, -0.023518313, -0.0125227375, -0.0027488936
1370327501000, -0.03268129, -0.007330383, 0.0030543262
1370332511000, -0.025045475, -0.007330383, -0.0027488936
1370337501000, -0.028405234, -0.0067195175, -9.162979E-4
1370342998000, -0.02076942, -0.009162978, -9.162979E-4
1370347494000, -0.02565634, -0.01038471, 0.007941248
1370352485000, -0.027488936, -0.0012217305, 0.0027488936
1370357479000, -0.024129177, -0.0061086523, 3.0543262E-4
1370362495000, -0.018936822, -0.013133603, 0.0021380284
1370367487000, -0.024740042, -0.014660766, 0.0030543262
1370372458000, -0.023518313, -0.012217305, 0.003970624
1370377512000, -0.02687807, -0.008552114, 0.0033597588
1370382490000, -0.02107485, -0.009468411, -6.1086525E-4
1370387478000, -0.028405234, -0.019547688, -6.1086525E-4
1370392538000, -0.02107485, -9.162979E-4, 0.002443461
1370397511000, -0.030848695, -0.00580322, 0.008246681
1370402489000, -0.02443461, -0.005192355, 0.01038471
1370407506000, -0.027488936, -0.0021380284, 0.0018325958
1370412488000, -0.027794369, -0.008246681, 0.006414085
1370417490000, -0.029626964, -0.0070249503, 0.005192355
1370422493000, -0.029626964, -0.008857546, 0.01038471
1370427524000, -0.021991149, -0.0012217305, 0.007941248
1370432545000, -0.028405234, 0.0012217305, 0.004276057
1370437611000, -0.02565634, 0.0012217305, 0.004886922
1370442563000, -0.02443461, -0.0015271631, 0.0125227375
1370447556000, -0.028405234, 0.004886922, 0.010079277
1370452470000, -0.020158553, 0.004886922, 0.0106901415
1370457524000, -0.022602014, 0.0030543262, 0.0061086523
1370462495000, -0.02076942, 0.010079277, 0.0143553335
1370467527000, -0.015882496, 0.01160644, 0.0106901415
1370472532000, -0.020158553, 0.0018325958, 0.01282817
1370477539000, -0.019547688, 0.011301007, 0.007330383
1370482522000, -0.01863139, 0.0070249503, 0.009773844
1370487555000, -0.016187929, 0.0015271631, 0.01160644
1370492646000, -0.020158553, 0.006414085, 0.013133603
1370497562000, -0.019242255, 0.007941248, 0.006414085
1370502826000, -0.0125227375, 6.1086525E-4, 0.011301007
1370507512000, -0.020158553, -0.0027488936, 0.009773844
1370512497000, -0.01985312, 6.1086525E-4, 0.006414085
1370517521000, -0.016493361, 0.0018325958, 0.014660766
1370522484000, -0.016493361, -3.0543262E-4, 0.011301007
1370527485000, -0.022907447, 0.0012217305, 0.016798794
1370532446000, -0.028710667, 0.009162978, 0.014966198
1370539138000, -0.016798794, 0.004276057, 0.00580322
1370542555000, -0.0106901415, 0.002443461, 0.009162978
1370547585000, -0.02321288, -0.003970624, 0.009773844
1370552421000, -0.020158553, 0.007330383, 0.008246681
1370557511000, -0.017715093, 0.0033597588, 0.007330383
1370562473000, -0.008857546, 0.0030543262, 0.003970624
1370567519000, -0.015271631, 0.0067195175, 0.006414085
1370572515000, -0.025350908, 0.0067195175, 0.009468411
1370577528000, -0.02321288, 3.0543262E-4, 0.0033597588
1370582476000, -0.02076942, 0.0012217305, 0.0015271631
1370587568000, -0.019547688, -0.01160644, 0.00580322
1370592626000, -0.02107485, -0.01740966, 0.003970624
1370597560000, -0.027183503, -0.028099801, -6.1086525E-4
1370602533000, -0.026572637, -0.022907447, 0.0027488936
1370607521000, -0.030543262, -0.028710667, 0.003970624
1370612535000, -0.019547688, -0.028405234, 0.004581489
1370617521000, -0.034208454, -0.025961773, 0.008857546
1370622523000, -0.032070424, -0.027794369, 0.0018325958
1370627488000, -0.028099801, -0.021991149, 3.0543262E-4
1370632522000, -0.025961773, -0.011911872, 0.0021380284
1370637533000, -0.02443461, -0.004276057, 0.0036651916
1370642511000, -0.02687807, -0.0030543262, 0.0036651916
1370647487000, -0.019242255, -0.0030543262, 0.004886922
1370652484000, -0.029626964, -0.0015271631, 0.0036651916
1370657521000, -0.029321533, -0.0015271631, 9.162979E-4
1370662524000, -0.023823744, 0.005192355, -3.0543262E-4
1370667520000, -0.034208454, 0.00580322, -3.0543262E-4
1370672506000, -0.030848695, 0.0067195175, 6.1086525E-4
1370677525000, -0.027794369, 0.03268129, -0.0061086523
1370682489000, -0.03268129, 0.03176499, 9.162979E-4
1370687556000, -0.035124753, 0.003970624, 0.006414085
1370692616000, -0.03176499, -0.0018325958, 0.006414085
1370697551000, -0.014966198, -0.0061086523, -9.162979E-4
1370702522000, -0.010995574, -0.011911872, -0.0021380284
1370707506000, -0.022907447, -0.010079277, 0.0021380284
1370712533000, -0.031154128, -0.018020526, 0.0067195175
1370717510000, -0.017715093, -0.008246681, -0.0015271631
1370722505000, -0.020158553, -0.004581489, 0.0021380284
1370727450000, -0.015271631, -0.009162978, -9.162979E-4
1370732528000, -0.020463986, -0.004581489, -0.0036651916
1370738937000, -0.010995574, -0.010995574, -6.1086525E-4
1370742597000, -0.015271631, 0.003970624, 0.0067195175
1370747422000, -0.018020526, -0.0033597588, 0.007330383
1370752522000, -0.01740966, 0.0036651916, 0.009162978
1370757440000, -0.022907447, 0.0021380284, 0.0067195175
1370762529000, -0.015882496, 0.009468411, 0.0012217305
1370767419000, -0.019242255, 0.01038471, 0.01160644
1370772501000, -0.022296581, 0.0036651916, 0.011301007
1370777436000, -0.029626964, -0.0027488936, 0.009468411
1370782491000, -0.0290161, -0.004581489, 0.0125227375
1370787485000, -0.02076942, 0.0018325958, 0.01038471
1370792611000, -0.02321288, 0.016493361, 0.008552114
1370797537000, -0.02687807, 0.002443461, 0.008857546
1370802528000, -0.029321533, -0.004276057, 0.009162978
1370807512000, -0.027183503, 0.011911872, 0.004581489
1370812532000, -0.024740042, 0.045814894, 0.009773844
1370817499000, -0.038789943, 0.018325957, 0.008857546
1370822512000, -0.032986723, -0.0030543262, 0.009162978
1370827847000, -0.02107485, -0.0030543262, 0.007941248
1370832529000, -0.01863139, 0.003970624, 0.008246681
1370837538000, -0.02107485, 0.0061086523, 0.009162978
1370842619000, -0.014966198, 0.0036651916, 0.0061086523
1370847514000, -0.018325957, -0.0018325958, 0.002443461
1370852523000, -0.013744468, -0.0021380284, 0.0012217305
1370857453000, -0.013439035, -0.0076358155, 0.00580322
1370862515000, -0.02076942, -0.012217305, -0.0030543262
1370867496000, -0.01160644, -0.005497787, 0.0030543262
1370872489000, -0.0143553335, -0.015882496, 0.004276057
1370877499000, -0.014049901, -0.0106901415, 0.004276057
1370882489000, -0.015577064, -0.0030543262, 0.003970624
1370887535000, -0.014966198, -0.004581489, -3.0543262E-4
1370892582000, -0.0106901415, -0.0021380284, -0.007941248
1370897633000, -0.015271631, 0.004886922, 0.00580322
1370902522000, -0.015271631, 0.00580322, 0.0012217305
1370907531000, -0.015577064, 0.014049901, 0.0067195175
1370912513000, -0.02076942, 9.162979E-4, 0.009773844
1370917525000, -0.02443461, 0.0018325958, 0.005192355
1370922513000, -0.025961773, 0.0067195175, 0.0067195175
1370927517000, -0.018936822, 0.0021380284, 0.005192355
