#Rate of rotation around the x y z axes (Angular velocity).
#timestamp(ns),x,y,z(rad/s)
#Datetime: 15/05/2015 17:37:49
##########################################
#Activity: 8 - CSI - Car-Step in - 6s
#Subject ID: 53
#First Name: sub53
#Last Name: sub53
#Age: 27
#Height(cm): 186
#Weight(kg): 120
#Gender: Male
##########################################

@DATA
1035333320000, -0.45173484, 0.32406402, 0.17898351
1035338256000, -0.42302418, 0.30848694, 0.24587326
1035343280000, -0.3866777, 0.29535335, 0.30940324
1035348377000, -0.36163223, 0.3115413, 0.36926803
1035353260000, -0.3286455, 0.3387248, 0.41691554
1035358275000, -0.32498032, 0.37873647, 0.4615087
1035363316000, -0.30757064, 0.4251622, 0.4896085
1035368262000, -0.30451632, 0.46883908, 0.5109888
1035373265000, -0.3118467, 0.49541172, 0.528093
1035378285000, -0.30482176, 0.5467244, 0.5314528
1035383268000, -0.31429017, 0.61636305, 0.5122105
1035388259000, -0.33078352, 0.68233645, 0.50610185
1035394119000, -0.3491095, 0.8026769, 0.46792278
1035398347000, -0.36835176, 0.8454375, 0.45814893
1035403300000, -0.36926803, 0.8906415, 0.43004912
1035408282000, -0.36285394, 0.9486737, 0.398895
1035413308000, -0.3662137, 0.98990715, 0.3827071
1035418268000, -0.35002577, 1.0241156, 0.35033122
1035423253000, -0.32467487, 1.0552697, 0.33475417
1035428291000, -0.30879238, 1.054048, 0.32589662
1035433267000, -0.29993483, 1.0595458, 0.32895094
1035438258000, -0.2761111, 1.0571023, 0.32895094
1035443277000, -0.2669481, 1.0485502, 0.3371976
1035448329000, -0.24831672, 1.063211, 0.34147367
1035453260000, -0.23243423, 1.1459832, 0.3417791
1035458251000, -0.21930063, 1.1838568, 0.34422258
1035463958000, -0.21135938, 1.1129965, 0.36163223
1035468264000, -0.16249016, 1.047023, 0.38789943
1035473253000, -0.14172074, 1.0262536, 0.40622538
1035478287000, -0.13958271, 0.9963212, 0.41508293
1035483263000, -0.10323623, 0.97310835, 0.43463063
1035488266000, -0.07971791, 0.9407325, 0.453262
1035493326000, -0.04428773, 0.90377516, 0.4728097
1035498410000, -0.018325957, 0.8491027, 0.49846604
1035503302000, 0.009162978, 0.80481493, 0.52320606
1035508380000, 0.030848695, 0.763887, 0.54519725
1035513355000, 0.048563786, 0.7247916, 0.559858
1035518309000, 0.049480084, 0.7089091, 0.5656612
1035523296000, 0.044593163, 0.6985244, 0.5833763
1035528353000, 0.019547688, 0.7141015, 0.5861252
1035533309000, -0.003970624, 0.73823065, 0.59223384
1035538278000, -0.058643065, 0.7706065, 0.60048056
1035543354000, -0.1151481, 0.80848014, 0.60231316
1035548320000, -0.19211712, 0.8268061, 0.6075055
1035553264000, -0.2489276, 0.86620694, 0.60231316
1035558266000, -0.2941316, 0.915687, 0.5861252
1035563353000, -0.3109304, 0.95630956, 0.56596667
1035568313000, -0.29168814, 0.9966267, 0.5513059
1035573303000, -0.2602286, 1.0137309, 0.52503866
1035578335000, -0.23579398, 1.0619892, 0.5137377
1035583321000, -0.20525073, 1.1139128, 0.4990769
1035588304000, -0.1872302, 1.1527027, 0.49113566
1035593331000, -0.1863139, 1.1985176, 0.48380527
1035598385000, -0.19853121, 1.2623531, 0.46486846
1035603315000, -0.17898351, 1.3255776, 0.441961
1035608389000, -0.14019357, 1.3695599, 0.42332962
1035613383000, -0.06352998, 1.4129313, 0.41386122
1035618300000, 0.022296581, 1.434617, 0.41813725
1035623299000, 0.0983493, 1.4223998, 0.42363504
1035628337000, 0.16462818, 1.3949108, 0.4266894
1035633307000, 0.204029, 1.3381003, 0.42180246
1035638259000, 0.24556783, 1.3041973, 0.3921755
1035643304000, 0.2751948, 1.2794572, 0.35002577
1035648366000, 0.28680122, 1.235475, 0.30695978
1035653299000, 0.29871312, 1.1713341, 0.2519819
1035658287000, 0.29901853, 1.0812315, 0.2098322
1035663319000, 0.31337386, 1.0155635, 0.1872302
1035668260000, 0.31612277, 1.0085385, 0.17531833
1035673271000, 0.29657507, 0.9841039, 0.1685988
1035678291000, 0.2941316, 0.96669424, 0.15424347
1035683267000, 0.28191432, 0.97219205, 0.14569137
1035688255000, 0.28527406, 0.9935723, 0.13347405
1035693281000, 0.28619036, 1.0149527, 0.112704635
1035698374000, 0.28802297, 1.0644327, 0.095294975
1035703259000, 0.3203988, 1.1074986, 0.07666359
1035708249000, 0.37812558, 1.1374311, 0.06780604
1035713311000, 0.441961, 1.1527027, 0.058643065
1035718899000, 0.49663344, 1.1624765, 0.039095376
1035723262000, 0.5500842, 1.1377366, 0.025961773
1035728288000, 0.60903263, 1.0800097, 0.024129177
1035733267000, 0.66248333, 1.0225884, 0.030848695
1035738257000, 0.713796, 0.96761054, 0.040927973
1035743298000, 0.73975784, 0.93462384, 0.050701816
1035748326000, 0.7492262, 0.9245446, 0.07238753
1035753319000, 0.7315111, 0.92271197, 0.09285152
1035758255000, 0.70280045, 0.94225967, 0.1001819
1035763322000, 0.68477994, 0.9605856, 0.115453534
1035768278000, 0.64843345, 0.9810496, 0.12217305
1035773251000, 0.6200282, 1.0115929, 0.13255776
1035778290000, 0.55680364, 1.0231993, 0.1459968
1035783266000, 0.48075095, 1.0155635, 0.15974127
1035788695000, 0.3930918, 1.0079277, 0.18173242
1035793287000, 0.30940324, 0.9825767, 0.2012801
1035798334000, 0.25809056, 0.9282097, 0.23671028
1035803260000, 0.22693644, 0.8542951, 0.2648101
1035808253000, 0.20341812, 0.7470882, 0.28710666
1035813309000, 0.21777347, 0.6056729, 0.29565877
1035818262000, 0.25778514, 0.4642576, 0.2910773
1035823252000, 0.3210097, 0.32711834, 0.27091873
1035828291000, 0.3894266, 0.20525073, 0.26297748
1035833265000, 0.43371433, 0.1432479, 0.24648413
1035838263000, 0.45448375, 0.14110987, 0.24098633
1035843280000, 0.4560109, 0.1731803, 0.2452624
1035848316000, 0.45723262, 0.22449298, 0.25350907
1035853259000, 0.45998153, 0.2611449, 0.27366763
1035858722000, 0.46792278, 0.2929099, 0.29260445
1035863332000, 0.47342056, 0.30024028, 0.31123585
1035868263000, 0.47678033, 0.27763826, 0.31978795
1035873252000, 0.47647488, 0.20677789, 0.33658674
1035878286000, 0.4792238, 0.10445796, 0.35338554
1035883273000, 0.505491, -0.013439035, 0.376293
1035888255000, 0.516792, -0.17470746, 0.41050145
1035893280000, 0.47983465, -0.47769663, 0.47647488
1035898323000, 0.37323865, -0.8542951, 0.50946164
1035903258000, 0.29810223, -1.1316279, 0.5030475
1035908262000, 0.28802297, -1.2476922, 0.46944994
1035913312000, 0.31581733, -1.221425, 0.42485678
1035918262000, 0.34238997, -1.0812315, 0.35888332
1035923252000, 0.36041048, -0.87964594, 0.2773328
1035928398000, 0.364992, -0.66645396, 0.22113322
1035933288000, 0.35613444, -0.48747048, 0.17012598
1035938257000, 0.3200934, -0.36041048, 0.1469131
1035943285000, 0.267559, -0.3213151, 0.14385876
1035948306000, 0.21227567, -0.34788775, 0.14110987
1035953261000, 0.17501289, -0.4083634, 0.14844026
1035958255000, 0.12675454, -0.4465425, 0.16126843
1035963319000, 0.06536258, -0.45753807, 0.1695151
1035968255000, 0.007941248, -0.4804455, 0.17867808
1035973253000, -0.036651913, -0.52564955, 0.17989981
1035978297000, -0.08002335, -0.56688297, 0.16462818
1035983279000, -0.10903945, -0.55771995, 0.1423316
1035988255000, -0.10476339, -0.54519725, 0.12156218
1035993277000, -0.0842994, -0.50671273, 0.10629055
1035998337000, -0.05467244, -0.50610185, 0.09865474
1036003264000, -0.013133603, -0.516792, 0.09101892
1036008256000, 0.02687807, -0.5412266, 0.06994407
1036013337000, 0.073303826, -0.5571091, 0.063224554
1036018263000, 0.09590584, -0.5684101, 0.061086524
1036023262000, 0.09101892, -0.5671884, 0.06536258
1036028294000, 0.07452556, -0.5748242, 0.06872234
1036033269000, 0.06811147, -0.55863625, 0.076052725
1036038258000, 0.063224554, -0.5018258, 0.08093964
1036044024000, 0.06383542, -0.42760566, 0.08246681
1036048343000, 0.084910266, -0.36163223, 0.069027774
1036053261000, 0.15057829, -0.3051272, 0.040927973
1036058249000, 0.25228736, -0.2574797, 0.017104227
1036063315000, 0.37201694, -0.24617869, -0.0027488936
1036068278000, 0.40591997, -0.33444872, 0.005192355
1036073253000, 0.44501534, -0.559858, 0.049480084
1036078280000, 0.43860126, -0.75625116, 0.10903945
1036083265000, 0.39614612, -0.8231409, 0.19181168
1036088254000, 0.36041048, -0.8188649, 0.2764165
1036093281000, 0.3359759, -0.77396625, 0.33017266
1036098267000, 0.33383787, -0.71959925, 0.35796702
1036103296000, 0.34300083, -0.6774496, 0.3726278
1036108286000, 0.3381139, -0.6575964, 0.38056904
1036114096000, 0.3295618, -0.68233645, 0.36560285
1036118266000, 0.31673363, -0.7012733, 0.35094208
1036123246000, 0.3191771, -0.70646566, 0.32375857
1036128293000, 0.31215215, -0.6780604, 0.2932153
1036133263000, 0.29993483, -0.6603453, 0.28069258
1036138268000, 0.2837469, -0.64965516, 0.28710666
1036143262000, 0.28099802, -0.66767573, 0.30970868
1036148326000, 0.2669481, -0.7290677, 0.3481932
1036153289000, 0.23640485, -0.84696466, 0.39675698
1036158251000, 0.19914207, -0.9275989, 0.45051312
1036163297000, 0.16340645, -1.0891727, 0.47250426
1036168273000, 0.15607607, -1.244638, 0.50610185
1036173274000, 0.11056661, -1.3634512, 0.5174029
1036178286000, 0.070554934, -1.398576, 0.5039638
1036183505000, 0.043066, -1.4141531, 0.4877759
1036188260000, 0.025045475, -1.4782939, 0.4746423
1036193320000, -0.0106901415, -1.6178766, 0.4428773
1036198326000, -0.048258353, -1.7171422, 0.3662137
1036203611000, -0.09285152, -1.7434094, 0.26297748
1036208263000, -0.1423316, -1.6563611, 0.10598512
1036213327000, -0.15760323, -1.4618006, -0.049785517
1036218267000, -0.099265605, -1.2657127, -0.1441642
1036223532000, -0.010995574, -1.2082914, -0.1441642
1036228291000, 0.025961773, -1.3219124, -0.09040806
1036233271000, 0.009773844, -1.4883732, -0.03970624
1036238257000, -0.06811147, -1.6371188, 0.0015271631
1036243296000, -0.19181168, -1.7605137, 0.018325957
1036248324000, -0.35827246, -1.8402315, 0.0067195175
1036253341000, -0.5314528, -1.9028453, -0.030848695
1036258301000, -0.68966687, -1.9275852, -0.06414085
1036263361000, -0.8390234, -1.9834795, -0.08735373
1036268304000, -0.895223, -2.0491474, -0.1469131
1036273310000, -1.0091494, -2.1374176, -0.2180789
1036278340000, -1.119716, -2.2024746, -0.30115658
1036283312000, -1.2263119, -2.2424862, -0.38789943
1036288304000, -1.3420709, -2.2840252, -0.48258355
1036293331000, -1.4566082, -2.3490822, -0.56321776
1036298428000, -1.564426, -2.3863451, -0.6426302
1036303405000, -1.6395624, -2.4275784, -0.7098254
1036308295000, -1.7104226, -2.4904976, -0.7852673
1036313356000, -1.7504344, -2.597399, -0.8136725
1036318298000, -1.7931949, -2.6789496, -0.82924956
1036323338000, -1.8139644, -2.6868908, -0.8472701
1036328278000, -1.7989981, -2.5778513, -0.8762862
1036333315000, -1.7574593, -2.4853053, -0.9236283
1036338239000, -1.72264, -2.3924537, -1.022283
1036343340000, -1.7266107, -2.2482896, -1.1441506
1036348284000, -1.7101172, -2.1325307, -1.2644911
1036353262000, -1.6743816, -2.1413882, -1.4016303
1036358267000, -1.6346754, -2.2036965, -1.464244
1036363305000, -1.6334536, -2.3860397, -1.5989398
1036369633000, -1.670411, -2.7079656, -1.7427986
1036373263000, -1.8026633, -2.7672195, -1.7690657
1036378311000, -1.8469511, -2.808453, -1.8197676
1036383266000, -1.9028453, -2.7733283, -1.7999145
1036388269000, -1.8848248, -2.7543914, -1.754405
1036393303000, -1.8594738, -2.692694, -1.7073684
1036398323000, -1.8438967, -2.6487117, -1.627345
1036403259000, -1.8219056, -2.6413813, -1.5228871
1036408263000, -1.767844, -2.6282477, -1.428203
1036413343000, -1.7186694, -2.5848763, -1.348485
1036418320000, -1.6893479, -2.5784621, -1.2666291
1036423294000, -1.6450601, -2.5399778, -1.201572
1036428318000, -1.6132951, -2.519819, -1.1652255
1036433264000, -1.5836681, -2.538756, -1.1371256
1036439065000, -1.5601498, -2.5393667, -1.1001683
1036443282000, -1.5329664, -2.499355, -1.0491611
1036448382000, -1.5109752, -2.475226, -1.010982
1036453258000, -1.4721853, -2.4758368, -0.9578367
1036458246000, -1.4135422, -2.431549, -0.9282097
1036463312000, -1.3808609, -2.3881776, -0.9230174
1036468263000, -1.3002267, -2.3313673, -0.9095783
1036473252000, -1.2278391, -2.2782218, -0.9450085
1036478287000, -1.151481, -2.182316, -0.9801333
1036483262000, -1.099252, -2.0598376, -1.0283916
1036488261000, -1.035722, -1.9260582, -1.1160508
1036493259000, -0.9776898, -1.813659, -1.2092078
1036498342000, -0.9126327, -1.6890424, -1.2883148
1036503235000, -0.8686504, -1.5925257, -1.409877
1036508558000, -0.81153446, -1.484708, -1.5213599
1036513291000, -0.7443393, -1.3521502, -1.6077974
1036518267000, -0.7189884, -1.3051136, -1.7098118
1036523255000, -0.677755, -1.2486086, -1.7889189
1036528284000, -0.65148777, -1.2211196, -1.8417587
1036533404000, -0.6575964, -1.3304645, -1.8988746
1036538259000, -0.6609562, -1.4795157, -1.9098701
1036543325000, -0.6939429, -1.68385, -1.9233092
1036548324000, -0.7076874, -1.8839084, -1.9162843
1036553262000, -0.69027776, -1.9920316, -1.8616118
1036558261000, -0.68783426, -2.266921, -1.8319849
1036563300000, -0.70188415, -2.5228734, -1.7782288
1036568261000, -0.68630713, -2.698192, -1.756543
1036573257000, -0.6414085, -2.7586675, -1.7534887
1036578373000, -0.6252206, -2.7605, -1.6664404
1036583326000, -0.8472701, -2.7537806, -1.6606371
1036588259000, -0.9767735, -2.756224, -1.6966782
1036593256000, -1.0415252, -2.7091873, -1.72264
1036598327000, -1.0839803, -2.6682594, -1.7519615
1036603374000, -1.1236867, -2.595872, -1.7641789
1036608247000, -1.1957687, -2.5185974, -1.7663169
1036613684000, -1.273654, -2.405282, -1.783421
1036618258000, -1.3319917, -2.2907448, -1.8353447
1036623361000, -1.3683381, -2.2403483, -1.8756617
1036628290000, -1.4083499, -2.2928827, -1.8726074
1036633619000, -1.4770721, -2.4110851, -1.7864754
1036638259000, -1.4899004, -2.5277603, -1.7776178
1036643281000, -1.4150693, -2.727208, -1.8429805
1036648304000, -1.325883, -3.0017917, -1.9025398
1036653239000, -1.3264939, -3.1343496, -1.920255
1036658257000, -1.3515394, -3.2852333, -1.9446895
1036663269000, -1.3888022, -3.2947018, -1.9517145
1036668257000, -1.4077389, -3.164282, -1.9630154
1036673268000, -1.4074335, -2.9553661, -1.9624046
1036678287000, -1.3790283, -2.7446175, -1.9688187
1036683268000, -1.3411547, -2.622139, -1.9953914
1036688255000, -1.320996, -2.5662448, -2.010663
1036693282000, -1.3023647, -2.5793786, -2.035403
1036698307000, -1.3112222, -2.620001, -2.0518963
1036703259000, -1.31672, -2.6881125, -2.0604484
1036708253000, -1.3261884, -2.7614164, -2.0540345
1036713311000, -1.3396275, -2.8286116, -2.0497584
1036718265000, -1.3622295, -2.9177978, -2.046704
1036723252000, -1.3881912, -2.9663615, -2.026851
1036728279000, -1.4132367, -3.015231, -2.005776
1036733272000, -1.4300356, -3.0094275, -1.9828686
1036738271000, -1.4453071, -2.987131, -1.9785925
1036743297000, -1.4450017, -2.9565878, -1.9828686
1036748312000, -1.4437801, -2.9434543, -1.9804251
1036753259000, -1.4569136, -2.9019153, -1.9764545
1036758231000, -1.4688255, -2.8735101, -1.9630154
1036764251000, -1.4743233, -2.8921416, -2.010663
1036768237000, -1.5085317, -2.9022207, -2.0137172
1036773250000, -1.5121969, -2.9116893, -2.0088303
1036778295000, -1.509448, -2.9092457, -2.014939
1036783269000, -1.4950926, -2.871372, -2.022575
1036788259000, -1.4880677, -2.839607, -2.0409007
1036793279000, -1.4654657, -2.7999008, -2.0323486
1036798346000, -1.41904, -2.7430904, -2.0271564
1036803259000, -1.3674219, -2.6871963, -2.0244074
1036808255000, -1.3338243, -2.666427, -2.0274618
1036813317000, -1.2959507, -2.6633725, -2.017077
1036818265000, -1.2641857, -2.6535985, -2.0161607
1036823253000, -1.2449434, -2.6578746, -2.0146337
1036828274000, -1.2260065, -2.6816983, -2.0207422
1036833483000, -1.2144, -2.7097983, -2.017077
1036838256000, -1.1960741, -2.7241535, -2.0054705
1036843295000, -1.1921035, -2.6984973, -2.002111
1036848327000, -1.1713341, -2.6881125, -1.9734001
1036853259000, -1.1432343, -2.6621506, -1.9633209
1036858312000, -1.1340714, -2.6013696, -1.9315559
1036863330000, -1.1246029, -2.5045476, -1.8832976
1036868265000, -1.1114693, -2.5121834, -1.8692477
1036873253000, -1.0913107, -2.4917192, -1.8258762
1036878291000, -1.0613784, -2.447737, -1.7794504
1036883263000, -1.0299188, -2.4007003, -1.7424932
1036888234000, -0.98349303, -2.3365595, -1.7424932
1036893290000, -0.93737274, -2.2321017, -1.6789632
1036898820000, -0.8753699, -2.1542163, -1.6392568
1036903621000, -0.80664754, -2.0735822, -1.5958854
1036908452000, -0.74067414, -2.01219, -1.5741998
1036913345000, -0.6612616, -1.9706513, -1.5409076
1036918265000, -0.56596667, -1.8866574, -1.4972308
1036923256000, -0.48838675, -1.7583756, -1.466382
1036928264000, -0.39828414, -1.6093245, -1.4278975
1036933266000, -0.312763, -1.4706581, -1.3863586
1036938235000, -0.22266038, -1.3374895, -1.346347
1036943294000, -0.15485434, -1.2095132, -1.3182472
1036948311000, -0.05375614, -1.1456778, -1.2980887
1036953259000, -0.012217305, -1.0082331, -1.2641857
1036958262000, 0.050701816, -0.8585711, -1.2360858
1036963324000, 0.13316862, -0.72265357, -1.2147056
1036968261000, 0.21655174, -0.593761, -1.1792754
1036973277000, 0.29626966, -0.4596761, -1.1557571
1036978299000, 0.39492437, -0.3145956, -1.1291844
1036983266000, 0.49602258, -0.18967366, -1.1001683
1036988275000, 0.6026186, -0.08093964, -1.0818423
1036993303000, 0.7119634, 0.019242255, -1.0516045
1036998362000, 0.8216137, 0.09132435, -1.024421
1037003258000, 0.9275989, 0.15057829, -0.9972375
1037008247000, 1.033584, 0.21044308, -0.96944314
1037013328000, 1.1258247, 0.2519819, -0.9440922
1037018262000, 1.2113458, 0.26633725, -0.9193522
1037023254000, 1.3038919, 0.27183503, -0.9083566
1037028286000, 1.382999, 0.26816985, -0.89644474
1037033264000, 1.4828753, 0.2452624, -0.8885035
1037038258000, 1.5598444, 0.25411993, -0.8900307
1037043309000, 1.6206255, 0.26633725, -0.88239485
1037048320000, 1.6584991, 0.30207285, -0.87598073
1037053306000, 1.6899587, 0.34605515, -0.8585711
1037058290000, 1.7284433, 0.3717115, -0.8368854
1037063317000, 1.745242, 0.37507126, -0.7974846
1037068271000, 1.7779233, 0.38453966, -0.75441855
1037073257000, 1.7956384, 0.39187005, -0.7180721
1037078281000, 1.8023579, 0.3998113, -0.66675943
1037083262000, 1.8057177, 0.4120286, -0.6093381
1037088913000, 1.7901406, 0.40103304, -0.5360342
1037093264000, 1.7675385, 0.3830125, -0.45234573
1037098265000, 1.7412714, 0.3866777, -0.3848451
1037103194000, 1.6924021, 0.42485678, -0.29749137
1037108200000, 1.6319265, 0.45998153, -0.20738874
1037113201000, 1.536937, 0.48533243, -0.12583824
1037118194000, 1.4333953, 0.50243664, -0.0421497
1037123176000, 1.3344351, 0.51007247, 0.030848695
1037128251000, 1.2257011, 0.52198434, 0.100792766
1037133208000, 1.1233811, 0.54702985, 0.14508049
1037138180000, 1.0412198, 0.5467244, 0.20066923
1037143192000, 0.9999864, 0.5726862, 0.22602014
1037148202000, 0.93370754, 0.59315014, 0.2843578
1037153209000, 0.86254174, 0.6059783, 0.33017266
1037158323000, 0.81336707, 0.59406644, 0.3839288
1037163258000, 0.745561, 0.5858198, 0.4297437
1037168236000, 0.68875057, 0.5693264, 0.44776422
1037173213000, 0.64812803, 0.5656612, 0.45448375
1037178266000, 0.6059783, 0.56291234, 0.4474588
1037183232000, 0.58459806, 0.57360244, 0.42241332
1037188230000, 0.5757405, 0.61117065, 0.3830125
1037193756000, 0.571159, 0.64599, 0.3399465
1037198307000, 0.5693264, 0.6640105, 0.2947425
1037203321000, 0.5546656, 0.67164636, 0.25809056
1037208289000, 0.5531385, 0.6618725, 0.22540927
1037213306000, 0.54550266, 0.6356053, 0.18936823
1037218295000, 0.5561928, 0.59559363, 0.16768251
1037223397000, 0.5888741, 0.5537493, 0.16126843
1037228280000, 0.6395759, 0.5403103, 0.17531833
1037233454000, 0.7122689, 0.5326745, 0.204029
1037238290000, 0.782213, 0.54244834, 0.23609942
1037243300000, 0.8597928, 0.58123827, 0.25992316
1037248336000, 0.8872818, 0.61422503, 0.30268374
1037253335000, 0.95539325, 0.68477994, 0.35521814
1037258255000, 1.0360274, 0.75716746, 0.3998113
1037263390000, 1.1074986, 0.81489426, 0.4700608
1037268264000, 1.1734722, 0.82344633, 0.55680364
1037273262000, 1.2226468, 0.75777835, 0.67347896
1037278288000, 1.255328, 0.6392705, 0.7901542
1037283290000, 1.2669345, 0.4831944, 0.9053023
1037288255000, 1.2696834, 0.2947425, 1.0231993
1037293304000, 1.314582, 0.10873401, 1.1383474
1037298350000, 1.3723087, -0.09315695, 1.2241739
1037303253000, 1.4382823, -0.29626966, 1.2904528
1037308258000, 1.496009, -0.49602258, 1.3249667
1037313344000, 1.5494597, -0.6927212, 1.3213016
1037318259000, 1.5971072, -0.8698721, 1.2852604
1037323298000, 1.6395624, -1.0112875, 1.2226468
1037328291000, 1.6691893, -1.1646146, 1.1301007
1037333291000, 1.6652187, -1.2837334, 0.9819659
1037338259000, 1.5888605, -1.3252722, 0.7816021
1037343304000, 1.5195273, -1.3799446, 0.66920286
1037348371000, 1.3423764, -1.3472633, 0.38759398
1037353258000, 1.1328496, -1.1087204, 0.0070249503
1037358300000, 0.93431836, -0.6188065, -0.4801401
1037363381000, 0.79229224, -0.04886922, -0.9923506
1037368282000, 0.6985244, 0.39614612, -1.4126259
1037373257000, 0.60231316, 0.55833083, -1.676825
1037378281000, 0.48197266, 0.32925636, -1.7302758
1037383308000, 0.29657507, -0.13652839, -1.6200147
1037388253000, 0.07391469, -0.636827, -1.3900238
1037393288000, -0.14263703, -1.0647382, -1.1230757
1037398308000, -0.31031954, -1.3878858, -0.86437434
1037403279000, -0.3680463, -1.5381587, -0.62949663
1037408253000, -0.34208453, -1.4798211, -0.43401974
1037413342000, -0.2828306, -1.217149, -0.30879238
1037418259000, -0.16462818, -0.850019, -0.23243423
1037423255000, -0.017104227, -0.45356745, -0.21166481
1037428283000, 0.15210545, -0.115453534, -0.23060162
1037433265000, 0.30390546, 0.032070424, -0.25717425
1037438255000, 0.39064834, 0.2724459, -0.27916542
1037443293000, 0.41996986, 0.43401974, -0.3109304
1037448910000, 0.44073927, 0.47647488, -0.32375857
1037453311000, 0.40561453, 0.45814893, -0.30909783
1037458226000, 0.33383787, 0.44440445, -0.30757064
1037463387000, 0.24312437, 0.43463063, -0.33475417
1037468232000, 0.17012598, 0.47678033, -0.37415496
1037473298000, 0.032986723, 0.59681535, -0.4465425
1037478250000, -0.110872045, 0.6994407, -0.56413406
1037483361000, -0.21044308, 0.68019843, -0.7461719
1037488246000, -0.22235495, 0.44409904, -0.9166033
1037493311000, -0.18203785, 0.087964594, -1.0253373
1037498415000, -0.17379116, -0.24190263, -1.0894781
1037503299000, -0.23273966, -0.48502702, -1.1487321
1037508249000, -0.3585779, -0.72509706, -1.1636983
1037513317000, -0.5195409, -0.9941832, -1.1456778
1037518940000, -0.6575964, -1.3283265, -1.0473285
1037523253000, -0.75411314, -1.6520851, -0.9324858
1037528281000, -0.81581056, -1.9110919, -0.81153446
1037533268000, -0.8671232, -2.0094411, -0.6908886
1037538254000, -0.9294315, -2.1618521, -0.6426302
1037543298000, -0.9816604, -2.238821, -0.53786683
1037548401000, -1.0619892, -2.2421808, -0.45845437
1037553259000, -1.1542299, -2.1798725, -0.39370266
1037558271000, -1.2299771, -2.0705278, -0.36132678
1037563334000, -1.2672399, -1.8903224, -0.3735441
1037568240000, -1.2782356, -1.6362026, -0.45540005
1037573252000, -1.2247849, -1.3322971, -0.56688297
1037578264000, -1.1096367, -0.9947941, -0.68600166
1037583264000, -0.95356065, -0.6246097, -0.8347474
1037588528000, -0.75411314, -0.3036, -0.97097033
1037593310000, -0.54428095, -0.07513642, -1.0479393
1037598295000, -0.40439278, 0.002443461, -1.0742066
1037603258000, -0.3436117, -0.016798794, -1.0549643
1037608229000, -0.37904188, -0.02076942, -1.0305296
1037613314000, -0.46028697, -0.024129177, -0.9627236
1037618260000, -0.5558874, -0.024129177, -0.8695667
1037623252000, -0.6462954, -0.024129177, -0.7480045
1037628274000, -0.68691796, 0.03848451, -0.6123924
1037633262000, -0.70463306, 0.0571159, -0.5342017
1037638257000, -0.70402217, 0.09040806, -0.38453966
1037643304000, -0.70157874, 0.116980694, -0.22876903
1037648361000, -0.7012733, 0.118202426, -0.10262536
1037653258000, -0.6948592, 0.111177474, -0.007941248
1037658253000, -0.691194, 0.11026118, 0.045814894
1037663333000, -0.65484756, 0.12705997, 0.04184427
1037668286000, -0.59803706, 0.1414153, 0.018936822
1037673250000, -0.5152648, 0.14538592, -0.017104227
1037678281000, -0.41783184, 0.12980886, -0.055283304
1037683263000, -0.3145956, 0.113926366, -0.09712757
1037688257000, -0.21746802, 0.09193522, -0.14660765
1037693299000, -0.113926366, 0.03268129, -0.19181168
1037698319000, -0.018936822, -0.003970624, -0.2565634
1037703258000, 0.048258353, -0.034208454, -0.3145956
1037708247000, 0.10781772, -0.070554934, -0.37934732
1037713279000, 0.15577064, -0.118202426, -0.44012842
1037718263000, 0.21380283, -0.15057829, -0.4914411
1037723250000, 0.24587326, -0.17959438, -0.5494733
1037728282000, 0.2910773, -0.17898351, -0.59528816
1037733257000, 0.33933565, -0.15790866, -0.6093381
1037738352000, 0.3539964, -0.09407325, -0.65270954
1037743304000, 0.38973203, -3.0543262E-4, -0.65209866
1037748323000, 0.38698313, 0.10629055, -0.65118235
1037753255000, 0.38362336, 0.20586158, -0.6356053
1037758245000, 0.344528, 0.29077184, -0.61086524
1037763300000, 0.26847526, 0.32650748, -0.5644395
1037768293000, 0.20158553, 0.31612277, -0.49541172
1037773831000, 0.12492194, 0.26267207, -0.44135013
1037778283000, 0.015271631, 0.22174409, -0.38881573
1037783261000, -0.07819075, 0.23182335, -0.33475417
1037788255000, -0.18509217, 0.2782491, -0.26083946
1037793306000, -0.2938262, 0.3231477, -0.20341812
1037798313000, -0.41996986, 0.31031954, -0.16401732
1037803245000, -0.54305923, 0.28955013, -0.096516706
1037808321000, -0.6407976, 0.26083946, -0.038179077
1037813296000, -0.7107417, 0.26847526, 0.004886922
1037818266000, -0.7654142, 0.269697, 0.043066
1037823239000, -0.79351395, 0.26511553, 0.06872234
1037828287000, -0.81489426, 0.2706133, 0.08827003
1037833254000, -0.8549059, 0.26297748, 0.099265605
1037838254000, -0.8875872, 0.30298916, 0.10873401
1037845431000, -0.93034774, 0.48166725, 0.09437868
1037848322000, -0.9850202, 0.5626069, 0.08124508
1037853322000, -0.97494096, 0.6768387, 0.050396383
1037858249000, -0.958753, 0.7498371, 0.032070424
1037863359000, -0.95814216, 0.7834347, 0.02076942
1037868276000, -0.9578367, 0.79198676, -0.002443461
1037873275000, -0.9370673, 0.7706065, -0.030543262
1037878282000, -0.8912524, 0.6976081, -0.0580322
1037883269000, -0.7974846, 0.59406644, -0.10415252
1037888255000, -0.68203104, 0.47250426, -0.14996742
1037893333000, -0.573297, 0.37384954, -0.21288654
1037898348000, -0.49388456, 0.30115658, -0.2855795
1037903273000, -0.44409904, 0.2666427, -0.37201694
1037908268000, -0.42455134, 0.28191432, -0.4642576
1037913693000, -0.43554693, 0.33353242, -0.5674938
1037918275000, -0.4474588, 0.37995818, -0.68508536
1037923250000, -0.4896085, 0.40011674, -0.80909103
1037928280000, -0.52778757, 0.40591997, -0.86620694
1037933277000, -0.54550266, 0.36163223, -0.9718866
1037938268000, -0.5992588, 0.2782491, -1.0409144
1037943292000, -0.6713409, 0.18234327, -1.0680978
1037948348000, -0.7370089, 0.064751714, -1.0525209
1037953271000, -0.81000733, -0.04337143, -1.0024298
1037958469000, -0.8872818, -0.14538592, -0.9202685
1037963290000, -0.95905846, -0.18295415, -0.8228355
1037968268000, -1.0015136, -0.18112154, -0.7556403
1037973256000, -1.0173961, -0.1441642, -0.6908886
1037978286000, -0.9993755, -0.1133155, -0.65209866
1037983291000, -0.97219205, -0.073303826, -0.6270532
1037988256000, -0.9483683, -0.03390302, -0.60048056
1037993307000, -0.9401216, 0.019242255, -0.5910121
1037998327000, -0.9440922, 0.0842994, -0.5864306
1038003257000, -0.95417154, 0.14874569, -0.5674938
1038008253000, -0.99021256, 0.20922135, -0.56046885
1038013279000, -1.0158689, 0.25778514, -0.53786683
1038018262000, -1.0574077, 0.2843578, -0.5177083
1038023298000, -1.0852021, 0.28710666, -0.50579643
1038028334000, -1.1032226, 0.30176744, -0.5018258
1038033317000, -1.10139, 0.30757064, -0.49968776
1038038359000, -1.1203269, 0.31245756, -0.5018258
1038043327000, -1.1511755, 0.32528573, -0.51893
1038048342000, -1.1704178, 0.34147367, -0.54244834
1038053309000, -1.185384, 0.36865717, -0.5580254
1038058333000, -1.2095132, 0.36468655, -0.5858198
1038063379000, -1.1911873, 0.36285394, -0.6044512
1038068317000, -1.181108, 0.34208453, -0.61422503
1038073281000, -1.1560625, 0.3210097, -0.62858033
1038078286000, -1.1239921, 0.29260445, -0.64568454
1038083267000, -1.1065824, 0.25717425, -0.66889745
1038088331000, -1.0986412, 0.25717425, -0.6985244
1038093319000, -1.0848967, 0.27488935, -0.7290677
1038098928000, -1.067487, 0.3295618, -0.7687739
1038103292000, -1.0668762, 0.3210097, -0.79717916
1038108328000, -1.0494665, 0.30115658, -0.82619524
1038113293000, -1.0341948, 0.29016098, -0.84574294
1038118339000, -1.035722, 0.28588495, -0.86529064
1038128222000, -1.0262536, 0.24556783, -0.8924741
1038133202000, -1.0167851, 0.21868975, -0.89980453
1038138181000, -1.0186177, 0.1826487, -0.9059132
1038143186000, -1.0302242, 0.1863139, -0.91599244
1038148206000, -1.0494665, 0.19883664, -0.91354895
1038153196000, -1.0729848, 0.19792034, -0.9025534
1038158213000, -1.0824533, 0.2012801, -0.87964594
1038163263000, -1.0830641, 0.19394971, -0.8527679
1038168707000, -1.104139, 0.19272798, -0.81397796
1038173224000, -1.1157454, 0.19730948, -0.77518797
1038178251000, -1.142318, 0.21930063, -0.74189585
1038183220000, -1.1496484, 0.24923302, -0.7079928
1038188215000, -1.1707232, 0.30604348, -0.68691796
1038193241000, -1.169807, 0.3726278, -0.657291
1038198298000, -1.1878275, 0.35705075, -0.64873886
1038203279000, -1.196685, 0.35735616, -0.64751714
1038208254000, -1.2183707, 0.35277468, -0.65240407
1038213369000, -1.2428054, 0.36102137, -0.6536258
1038218260000, -1.2825116, 0.3481932, -0.6640105
1038223248000, -1.3038919, 0.3286455, -0.6630942
1038228289000, -1.325883, 0.32162055, -0.6704246
1038233302000, -1.3628404, 0.33841935, -0.6774496
1038238230000, -1.4095715, 0.36132678, -0.6786713
1038243306000, -1.4538593, 0.3921755, -0.6722572
1038248348000, -1.5106697, 0.38362336, -0.66248333
1038253306000, -1.5558738, 0.38056904, -0.65270954
1038258290000, -1.6081028, 0.36957347, -0.62858033
1038263301000, -1.6511687, 0.3726278, -0.59895337
1038268256000, -1.6881261, 0.37048978, -0.5662721
1038273253000, -1.7296649, 0.3921755, -0.5216789
1038278275000, -1.7440202, 0.40378192, -0.4978552
1038283267000, -1.7470746, 0.36041048, -0.4746423
1038288250000, -1.7751744, 0.3323107, -0.43676865
1038293283000, -1.7754798, 0.3286455, -0.40775254
1038298304000, -1.751656, 0.32650748, -0.3631594
1038303265000, -1.7073684, 0.32498032, -0.34422258
1038308350000, -1.6539177, 0.30726522, -0.3268129
1038313367000, -1.5891659, 0.25778514, -0.32834008
1038318254000, -1.5442673, 0.24923302, -0.32436943
1038323254000, -1.5335772, 0.24495697, -0.3368922
1038328288000, -1.5225816, 0.18997909, -0.35460728
1038333264000, -1.5015068, 0.1160644, -0.3747658
1038338255000, -1.4752395, 0.053145275, -0.38515055
1038343336000, -1.4602734, -0.009773844, -0.39920044
1038348276000, -1.4300356, -0.030543262, -0.4007276
1038353279000, -1.4159856, -0.02076942, -0.4092797
1038358239000, -1.3930782, -0.08307768, -0.40653083
1038363351000, -1.3552046, -0.13805555, -0.38637227
1038368234000, -1.3206906, -0.14782938, -0.3640757
1038373282000, -1.3026701, -0.12705997, -0.32498032
1038378255000, -1.294118, -0.121256754, -0.29138273
1038383305000, -1.2855659, -0.14294247, -0.27275133
1038388260000, -1.2846496, -0.19120082, -0.267559
1038393350000, -1.289842, -0.22632557, -0.26816985
1038398314000, -1.2986995, -0.23151793, -0.26053402
1038403305000, -1.3115277, -0.2098322, -0.26083946
1038408275000, -1.3197744, -0.17348573, -0.26847526
1038413417000, -1.3341297, -0.11789699, -0.2678644
1038418333000, -1.3393221, -0.10140363, -0.2660318
1038423961000, -1.3426818, -0.048563786, -0.26633725
1038428319000, -1.3445144, -0.021380283, -0.2602286
1038433304000, -1.3371841, -0.037873644, -0.23793201
1038438266000, -1.3203852, -0.07727446, -0.21471913
1038443327000, -1.2840388, -0.13072516, -0.19883664
1038448297000, -1.2458596, -0.21105394, -0.16493362
1038453282000, -1.2217305, -0.2947425, -0.12889257
1038458667000, -1.1759156, -0.35124752, -0.110872045
1038463345000, -1.1505647, -0.38637227, -0.08032878
1038468247000, -1.1429288, -0.40530908, -0.06414085
1038473254000, -1.1355985, -0.38056904, -0.059253927
1038478292000, -1.1435398, -0.3231477, -0.071776666
1038483269000, -1.1383474, -0.2648101, -0.081855945
1038488263000, -1.135293, -0.20158553, -0.089186326
1038493772000, -1.1456778, -0.14782938, -0.090713486
1038498321000, -1.1545353, -0.101098195, -0.10629055
1038503268000, -1.1563679, -0.036957346, -0.11056661
1038508248000, -1.1701124, 0.044898596, -0.1459968
1038513311000, -1.1643091, 0.14477506, -0.16737708
1038518295000, -1.1661417, 0.18417588, -0.1872302
1038523253000, -1.1823297, 0.2519819, -0.23060162
1038528349000, -1.1951579, 0.29810223, -0.24953845
1038533268000, -1.2238685, 0.3359759, -0.28771752
1038538256000, -1.2562444, 0.3472769, -0.30757064
1038543284000, -1.2321151, 0.36468655, -0.3268129
1038548338000, -1.1985176, 0.3943135, -0.35643986
1038553260000, -1.1414018, 0.41813725, -0.38973203
1038558249000, -1.07665, 0.45937067, -0.41141775
1038563846000, -1.0158689, 0.47739118, -0.44837508
1038568258000, -0.98471475, 0.48808134, -0.48441613
1038573248000, -0.95356065, 0.50610185, -0.5149594
1038578295000, -0.9492846, 0.52778757, -0.52748215
1038583266000, -0.9560041, 0.54244834, -0.5348125
1038588255000, -0.9798279, 0.53786683, -0.52931476
1038593284000, -0.9947941, 0.54825157, -0.5164866
1038598326000, -0.9975429, 0.5403103, -0.5015204
1038603254000, -1.0042624, 0.5390886, -0.48838675
1038608245000, -0.99112886, 0.54305923, -0.4841107
1038613274000, -0.96486163, 0.5534439, -0.4804455
1038618263000, -0.9401216, 0.5580254, -0.47311515
1038623252000, -0.88300574, 0.5748242, -0.47128254
1038628291000, -0.84574294, 0.56291234, -0.46944994
1038633454000, -0.8017606, 0.5739079, -0.46761733
1038638256000, -0.7706065, 0.5849035, -0.46822822
1038643266000, -0.7486154, 0.6038403, -0.45662177
1038648329000, -0.7296785, 0.6291912, -0.44990227
1038653239000, -0.69974613, 0.65209866, -0.45142943
1038658258000, -0.66339964, 0.6560693, -0.44593164
1038663295000, -0.6224717, 0.6533204, -0.44104472
1038668267000, -0.5717699, 0.6417139, -0.42913285
1038673230000, -0.53023106, 0.62796944, -0.408058
1038678297000, -0.49418998, 0.5821546, -0.3753767
1038683238000, -0.4550946, 0.5656612, -0.3475823
1038688256000, -0.42485678, 0.57543504, -0.3100141
1038693299000, -0.40591997, 0.5885687, -0.27397305
1038698309000, -0.40439278, 0.5888741, -0.23518312
1038703617000, -0.419359, 0.5699373, -0.19150625
1038708251000, -0.42943826, 0.5656612, -0.14355333
1038713308000, -0.44257188, 0.5546656, -0.1160644
1038718266000, -0.4560109, 0.54153204, -0.047647487
1038723249000, -0.47616947, 0.50640726, 0.008857546
1038728290000, -0.48991394, 0.48258355, 0.08674286
1038733372000, -0.5128214, 0.4642576, 0.15149458
1038738254000, -0.55680364, 0.45937067, 0.20433442
1038743287000, -0.6026186, 0.47158796, 0.24862215
1038749109000, -0.65087694, 0.50823987, 0.27366763
1038753553000, -0.70616025, 0.5653558, 0.27855456
1038758248000, -0.74220127, 0.64843345, 0.27183503
1038763685000, -0.78893244, 0.6994407, 0.2556471
1038768264000, -0.8188649, 0.7467828, 0.23151793
1038773236000, -0.8384125, 0.77824235, 0.2125811
1038778282000, -0.8313876, 0.78954333, 0.1826487
1038783278000, -0.820392, 0.8078693, 0.14508049
1038788255000, -0.80939645, 0.84849185, 0.1151481
1038793297000, -0.79259765, 0.8744536, 0.08155051
1038798319000, -0.77274454, 0.9126327, 0.05681047
1038803300000, -0.7458665, 0.93676186, 0.03390302
1038808253000, -0.72204274, 0.9492846, 0.023823744
1038813305000, -0.7180721, 0.9618073, 0.018020526
1038818740000, -0.6969972, 0.977079, 0.009468411
1038823231000, -0.6646214, 0.9850202, 0.0070249503
1038828288000, -0.6432411, 0.9999864, 0.018020526
1038833245000, -0.6105598, 1.0106765, 0.02321288
1038838256000, -0.58032197, 1.0216721, 0.046120327
1038843297000, -0.56138515, 1.0305296, 0.08552113
1038848276000, -0.54611355, 1.0369438, 0.1160644
1038853384000, -0.5314528, 1.0317514, 0.15393804
1038858253000, -0.52839845, 1.0180069, 0.17379116
1038863336000, -0.50640726, 1.0158689, 0.18448131
1038868259000, -0.5195409, 1.0085385, 0.19639318
1038873252000, -0.49968776, 0.98899084, 0.19425514
1038878293000, -0.50243664, 0.9776898, 0.17592919
1038883264000, -0.50640726, 0.9462303, 0.16157386
1038888839000, -0.48288897, 0.9068295, 0.14019357
1038893284000, -0.462425, 0.85918194, 0.11881329
1038898333000, -0.43982297, 0.8063421, 0.09743301
1038903264000, -0.41050145, 0.7370089, 0.077579886
1038908248000, -0.38698313, 0.70524395, 0.06719518
1038913315000, -0.3735441, 0.6398814, 0.05100725
1038918258000, -0.34147367, 0.58184916, 0.042760566
1038923256000, -0.31520647, 0.52381694, 0.03604105
1038928276000, -0.28069258, 0.47952923, 0.043676864
1038933270000, -0.2489276, 0.43982297, 0.057726767
1038938251000, -0.22968534, 0.3753767, 0.059864793
1038943286000, -0.23671028, 0.29168814, 0.064446285
1038948317000, -0.23915374, 0.22602014, 0.062002823
1038953277000, -0.2574797, 0.172264, 0.064446285
1038958508000, -0.2706133, 0.12308934, 0.0711658
1038963324000, -0.2938262, 0.07819075, 0.07086037
1038968264000, -0.31978795, 0.040011674, 0.08124508
1038973252000, -0.3491095, -0.0143553335, 0.086437434
1038978317000, -0.36743546, -0.06627888, 0.099571034
1038983302000, -0.36743546, -0.11942416, 0.10995574
1038988286000, -0.3717115, -0.17684549, 0.11728613
1038993295000, -0.36560285, -0.2519819, 0.12217305
1038998294000, -0.35033122, -0.30940324, 0.1414153
1039003293000, -0.34697145, -0.36468655, 0.14966199
1039008274000, -0.3231477, -0.37965274, 0.15302174
1039013391000, -0.31520647, -0.3924809, 0.16065755
1039018497000, -0.3203988, -0.4175264, 0.1572978
1039023265000, -0.32070425, -0.43676865, 0.17287487
1039028271000, -0.32895094, -0.46853364, 0.17348573
1039033266000, -0.35246924, -0.50976706, 0.16737708
1039038308000, -0.3622431, -0.5390886, 0.17348573
1039043288000, -0.3726278, -0.58032197, 0.17012598
1039048683000, -0.36835176, -0.6020077, 0.16982053
1039053257000, -0.37048978, -0.63224554, 0.16187929
1039058504000, -0.35308012, -0.68539083, 0.17165314
1039063317000, -0.32986724, -0.72295904, 0.17623462
1039068283000, -0.31245756, -0.76144356, 0.17654006
1039073254000, -0.27183503, -0.79290307, 0.17287487
1039078266000, -0.23854288, -0.8136725, 0.172264
1039083274000, -0.18936823, -0.8176431, 0.16890424
1039088239000, -0.13744467, -0.8237518, 0.15974127
1039093290000, -0.06872234, -0.80481493, 0.13958271
1039098271000, -0.004581489, -0.7690793, 0.11301007
1039103267000, 0.055588737, -0.75411314, 0.09101892
1039108349000, 0.07544186, -0.7309003, 0.07452556
1039113271000, 0.11789699, -0.7150178, 0.048258353
1039118265000, 0.14263703, -0.7101309, 0.021380283
1039123285000, 0.17012598, -0.70707655, 0.010995574
1039128308000, 0.183565, -0.7254025, -0.0015271631
1039133267000, 0.1957823, -0.72143185, -0.0018325958
1039138252000, 0.19303341, -0.7156286, -0.014049901
1039143841000, 0.19639318, -0.7049385, -0.014049901
1039148370000, 0.20066923, -0.7076874, -0.014660766
1039153236000, 0.1994475, -0.6786713, 3.0543262E-4
1039158176000, 0.20738874, -0.64873886, 0.025350908
1039163213000, 0.22632557, -0.60139686, 0.039095376
1039168183000, 0.22815818, -0.56291234, 0.06383542
1039173177000, 0.22449298, -0.5039638, 0.076358154
1039178238000, 0.21685717, -0.45753807, 0.08979719
1039183181000, 0.21991149, -0.42485678, 0.08552113
1039188176000, 0.22357668, -0.37782016, 0.089186326
1039193201000, 0.22357668, -0.32498032, 0.089186326
1039198215000, 0.20311269, -0.30207285, 0.08979719
1039203253000, 0.183565, -0.25900686, 0.09254608
1039208246000, 0.19242255, -0.22357668, 0.081855945
1039213990000, 0.16798794, -0.20219639, 0.10048734
1039218262000, 0.15363261, -0.2012801, 0.10903945
1039223251000, 0.1386664, -0.21197024, 0.12583824
1039228293000, 0.113926366, -0.21044308, 0.15454891
1039233263000, 0.10170906, -0.2125811, 0.1908954
1039238256000, 0.087964594, -0.23304509, 0.23335053
1039243287000, 0.08857546, -0.25625798, 0.28893927
1039248285000, 0.09193522, -0.27152961, 0.33078352
1039253265000, 0.119729586, -0.25961772, 0.37751472
1039258246000, 0.1282817, -0.25381452, 0.42638394
1039263269000, 0.14508049, -0.2406809, 0.47739118
1039268262000, 0.1572978, -0.25442538, 0.5180137
1039273252000, 0.17989981, -0.26206118, 0.55741453
1039278293000, 0.17623462, -0.267559, 0.5821546
1039283584000, 0.16676621, -0.25137106, 0.58551437
1039288255000, 0.160963, -0.226631, 0.5907067
1039293281000, 0.16493362, -0.21471913, 0.5833763
1039298372000, 0.15607607, -0.20830505, 0.5885687
1039303328000, 0.16126843, -0.2125811, 0.5839872
1039308256000, 0.16249016, -0.22449298, 0.5873469
1039313251000, 0.14477506, -0.2593123, 0.5900958
1039318265000, 0.1423316, -0.27885997, 0.59681535
1039323247000, 0.15302174, -0.29260445, 0.60903263
1039328286000, 0.15485434, -0.312763, 0.6215554
1039333273000, 0.14294247, -0.30757064, 0.63255095
1039338267000, 0.14294247, -0.28008172, 0.6420194
1039343311000, 0.14172074, -0.24862215, 0.643852
1039348320000, 0.13683382, -0.21930063, 0.6239988
1039353324000, 0.118202426, -0.2049453, 0.6087272
1039358252000, 0.07849618, -0.19272798, 0.55924714
1039363320000, 0.022907447, -0.1695151, 0.5128214
1039368270000, -0.04734206, -0.13713925, 0.4605924
1039373279000, -0.12675454, -0.10293079, 0.4120286
1039378279000, -0.19303341, -0.03970624, 0.40011674
1039383260000, -0.24465153, 0.02443461, 0.40133846
1039388266000, -0.25595254, 0.07391469, 0.4370741
1039393313000, -0.25686884, 0.08979719, 0.48533243
1039398308000, -0.2284636, 0.079107046, 0.55955255
1039403268000, -0.21044308, 0.044898596, 0.5879578
1039408249000, -0.2003638, -0.021685716, 0.6462954
1039413343000, -0.1826487, -0.06841691, 0.69027776
1039418265000, -0.18325958, -0.10873401, 0.7199047
1039423240000, -0.19700404, -0.14172074, 0.74067414
1039428287000, -0.20433442, -0.16737708, 0.7431176
1039433731000, -0.21868975, -0.18478674, 0.73823065
1039438255000, -0.23701571, -0.19150625, 0.74220127
1039443308000, -0.24587326, -0.21594086, 0.7275405
1039448285000, -0.2406809, -0.2171626, 0.7174612
1039453280000, -0.22357668, -0.2012801, 0.70096785
1039458256000, -0.18112154, -0.18478674, 0.6780604
1039463323000, -0.13408493, -0.15882497, 0.6588182
1039468892000, -0.08307768, -0.12767084, 0.62796944
1039473252000, -0.05131268, -0.0983493, 0.61453044
1039478292000, -0.027183503, -0.07574729, 0.6026186
1039483281000, -0.03176499, -0.0852157, 0.59742624
1039488263000, -0.044898596, -0.1133155, 0.5934556
1039493293000, -0.059253927, -0.129198, 0.6068946
1039498305000, -0.07391469, -0.13683382, 0.63194007
1039503384000, -0.06658431, -0.16249016, 0.6417139
1039508250000, -0.086132, -0.16768251, 0.6747007
1039513308000, -0.087659165, -0.16982053, 0.70280045
1039518268000, -0.08307768, -0.16554448, 0.74220127
1039523255000, -0.08093964, -0.17684549, 0.77671516
1039528251000, -0.0729984, -0.19914207, 0.82711154
1039533283000, -0.08032878, -0.23426682, 0.8744536
1039538288000, -0.084910266, -0.2510656, 0.9080512
1039543323000, -0.09682214, -0.26419923, 0.9456194
1039548305000, -0.084910266, -0.26297748, 0.9660834
1039553263000, -0.08857546, -0.2602286, 0.9822713
1039558231000, -0.10995574, -0.2501493, 0.9975429
1039563306000, -0.14446963, -0.2489276, 1.0051788
1039568279000, -0.172264, -0.24556783, 1.0118983
1039573255000, -0.21502456, -0.27152961, 1.0112875
1039578269000, -0.24556783, -0.33200526, 1.0228939
1039583281000, -0.2910773, -0.40591997, 1.0415252
1039588270000, -0.34238997, -0.47250426, 1.0629056
1039593277000, -0.38240165, -0.49205196, 1.0937542
1039598368000, -0.419359, -0.4615087, 1.0977248
1039603285000, -0.4361578, -0.39095375, 1.1142182
1039608671000, -0.46273044, -0.36071593, 1.1517864
1039613354000, -0.49632803, -0.36957347, 1.169807
1039618259000, -0.50335294, -0.38362336, 1.2046263
1039623251000, -0.5384777, -0.40042216, 1.237613
1039628289000, -0.56199604, -0.43585235, 1.2702943
1039633298000, -0.56230146, -0.42119157, 1.294118
1039638260000, -0.57360244, -0.42119157, 1.2983941
1039643282000, -0.5919284, -0.42149702, 1.2928963
1039648302000, -0.60048056, -0.3921755, 1.2864822
1039653270000, -0.6252206, -0.3643811, 1.2522738
1039658283000, -0.6258314, -0.32284227, 1.2266175
1039663315000, -0.63194007, -0.28008172, 1.1899655
1039668399000, -0.64934975, -0.23151793, 1.1569787
1039673295000, -0.64751714, -0.16065755, 1.1255192
1039678328000, -0.64996064, -0.10262536, 1.0922271
1039683326000, -0.64873886, -0.065973446, 1.0671816
1039688235000, -0.6377433, -0.013744468, 1.0506883
1039693338000, -0.6401868, -0.0070249503, 1.0430524
1039698398000, -0.6258314, 0.024740042, 1.033584
1039703399000, -0.6218608, 0.0030543262, 1.0180069
1039708235000, -0.6081163, -0.02443461, 0.9816604
1039713338000, -0.5833763, -0.040011674, 0.9492846
1039718280000, -0.56779927, -0.023823744, 0.9056077
1039723281000, -0.5491679, 0.030543262, 0.8503244
1039728313000, -0.5375614, 0.09285152, 0.7834347
1039733307000, -0.52656585, 0.1328632, 0.72204274
1039738263000, -0.5006041, 0.1554652, 0.66339964
1039743340000, -0.4746423, 0.16768251, 0.60139686
1039748444000, -0.47036624, 0.19058995, 0.52595496
1039753358000, -0.441961, 0.22632557, 0.45631635
1039758303000, -0.4251622, 0.26083946, 0.3894266
1039763361000, -0.39614612, 0.29932398, 0.32162055
1039768309000, -0.38637227, 0.34483343, 0.26206118
1039773297000, -0.37995818, 0.38820487, 0.21105394
1039778319000, -0.3924809, 0.44532076, 0.16371189
1039783305000, -0.40744713, 0.52290064, 0.12950343
1039788296000, -0.44715336, 0.537256, 0.11362094
1039794011000, -0.4709771, 0.573297, 0.105068825
1039798436000, -0.47678033, 0.55741453, 0.098043874
1039803354000, -0.48930305, 0.5345071, 0.09865474
1039808300000, -0.48349985, 0.5103779, 0.106901415
1039813356000, -0.47647488, 0.4783075, 0.12095132
1039818304000, -0.45173484, 0.49632803, 0.122783914
1039823289000, -0.4166101, 0.49632803, 0.1151481
1039828474000, -0.39370266, 0.48624873, 0.09162979
1039833309000, -0.37904188, 0.48258355, 0.06414085
1039838261000, -0.35155296, 0.47158796, 0.032070424
1039843330000, -0.32375857, 0.50976706, 0.015577064
1039848430000, -0.3036, 0.58368176, -0.008246681
1039853362000, -0.28527406, 0.6945538, -0.037873644
1039858276000, -0.27885997, 0.799928, -0.06719518
1039864087000, -0.29138273, 0.8857546, -0.09315695
1039868312000, -0.29077184, 0.91751957, -0.13622294
1039873290000, -0.28405234, 0.89949906, -0.1826487
1039878339000, -0.26816985, 0.84329945, -0.21960606
1039883754000, -0.2556471, 0.75716746, -0.258396
1039888467000, -0.23335053, 0.6979135, -0.30390546
1039893352000, -0.22693644, 0.6750061, -0.33017266
1039898425000, -0.23060162, 0.6068946, -0.36865717
1039903330000, -0.24984388, 0.5714644, -0.41874814
1039908303000, -0.2434298, 0.5516113, -0.46089783
1039913331000, -0.23793201, 0.54611355, -0.48472157
1039918341000, -0.20555615, 0.54825157, -0.49968776
1039923326000, -0.18203785, 0.5363397, -0.49174652
1039928283000, -0.1563815, 0.5158757, -0.47403142
1039933945000, -0.13713925, 0.47891834, -0.45051312
1039938281000, -0.11362094, 0.43218717, -0.43463063
1039943341000, -0.0983493, 0.3585779, -0.42302418
1039948343000, -0.1020145, 0.27916542, -0.42302418
1039953235000, -0.116980694, 0.18081611, -0.43463063
1039958402000, -0.129198, 0.07391469, -0.44165558
1039963282000, -0.13133603, -0.013744468, -0.45662177
1039968267000, -0.12675454, -0.086437434, -0.45265114
1039973189000, -0.11026118, -0.15821409, -0.45173484
1039978209000, -0.09254608, -0.2134974, -0.4266894
1039983184000, -0.05375614, -0.22907446, -0.3933972
1039988375000, -0.012217305, -0.2782491, -0.3368922
1039993220000, 0.008857546, -0.2950479, -0.30482176
1039998487000, 0.02321288, -0.31490102, -0.23884831
1040003231000, 0.0729984, -0.31520647, -0.1685988
1040008232000, 0.105374254, -0.31520647, -0.106595986
1040013327000, 0.14263703, -0.3286455, -0.0421497
1040018220000, 0.17195857, -0.3475823, 0.0106901415
1040023230000, 0.19364429, -0.37782016, 0.06078109
1040028270000, 0.22510384, -0.41813725, 0.10293079
1040033240000, 0.2434298, -0.46761733, 0.15057829
1040038233000, 0.25137106, -0.5006041, 0.18936823
1040043253000, 0.24037547, -0.5152648, 0.22693644
1040048282000, 0.23548855, -0.5021312, 0.25350907
1040053312000, 0.23060162, -0.48380527, 0.28252518
1040058282000, 0.226631, -0.45234573, 0.3109304
1040063328000, 0.21930063, -0.419359, 0.32803464
1040068319000, 0.21594086, -0.37995818, 0.34605515
1040073381000, 0.20708331, -0.3390302, 0.36102137
1040078305000, 0.21685717, -0.3210097, 0.36987892
1040083281000, 0.23365596, -0.3136793, 0.37812558
1040088271000, 0.23732115, -0.27885997, 0.38545597
1040093280000, 0.24251351, -0.25778514, 0.39003745
1040098317000, 0.25992316, -0.25411993, 0.38148534
1040103261000, 0.27214047, -0.26297748, 0.3652974
1040108256000, 0.28313604, -0.28863382, 0.35246924
1040113301000, 0.29260445, -0.3191771, 0.33628133
1040118266000, 0.30298916, -0.35155296, 0.3231477
1040123295000, 0.32375857, -0.3830125, 0.3191771
1040128340000, 0.3381139, -0.41141775, 0.30787608
1040133310000, 0.36774087, -0.4175264, 0.30024028
1040138257000, 0.3827071, -0.41263947, 0.30665436
1040143286000, 0.41386122, -0.4089743, 0.30573806
1040148307000, 0.43004912, -0.38728857, 0.3136793
1040153266000, 0.44073927, -0.36713, 0.3203988
1040158250000, 0.45173484, -0.3323107, 0.32589662
1040163297000, 0.4709771, -0.2855795, 0.3203988
1040168287000, 0.4728097, -0.2443461, 0.32436943
1040173261000, 0.48563787, -0.20647246, 0.31245756
1040178338000, 0.5045747, -0.17959438, 0.3005457
1040183236000, 0.50946164, -0.160963, 0.2947425
1040188302000, 0.5164866, -0.14385876, 0.27977628
1040193260000, 0.5335908, -0.15302174, 0.27030787
1040198432000, 0.5332854, -0.16462818, 0.26419923
1040203309000, 0.5500842, -0.19822577, 0.24923302
1040208301000, 0.5662721, -0.23457226, 0.23884831
1040213314000, 0.56321776, -0.2764165, 0.23579398
1040218310000, 0.5589417, -0.32253686, 0.22327125
1040223268000, 0.5671884, -0.36926803, 0.20311269
1040228340000, 0.5742133, -0.41691554, 0.19303341
1040233281000, 0.5888741, -0.4783075, 0.18417588
1040238257000, 0.59864795, -0.5363397, 0.17501289
1040243284000, 0.60994893, -0.5925393, 0.172264
1040248469000, 0.62858033, -0.6178902, 0.16493362
1040253452000, 0.63132924, -0.6133087, 0.15485434
1040258295000, 0.6258314, -0.5867361, 0.15790866
1040263478000, 0.6221663, -0.5479461, 0.16615535
1040268258000, 0.59986967, -0.48075095, 0.1853976
1040273281000, 0.5858198, -0.42058071, 0.19608775
1040278290000, 0.5757405, -0.3747658, 0.21044308
1040283237000, 0.5693264, -0.34880406, 0.21166481
1040288256000, 0.56688297, -0.32528573, 0.2171626
1040293283000, 0.56230146, -0.29657507, 0.22540927
1040298370000, 0.5644395, -0.31245756, 0.21930063
1040303304000, 0.5684101, -0.34483343, 0.21777347
1040308253000, 0.57910025, -0.41263947, 0.21135938
1040313277000, 0.57757306, -0.48838675, 0.19181168
1040318262000, 0.59528816, -0.54550266, 0.183565
1040323232000, 0.6020077, -0.5907067, 0.16646078
1040328297000, 0.62796944, -0.5852089, 0.14752395
1040333246000, 0.63804877, -0.5522222, 0.13255776
1040338256000, 0.65576386, -0.48624873, 0.12583824
1040343278000, 0.66339964, -0.41172317, 0.111177474
1040348394000, 0.66798115, -0.3182608, 0.10567969
1040353308000, 0.6649268, -0.24923302, 0.09621128
1040358252000, 0.66645396, -0.18661933, 0.10598512
1040363328000, 0.6597345, -0.13041973, 0.09132435
1040368260000, 0.6728681, -0.070249505, 0.10354166
1040373263000, 0.66248333, -0.030848695, 0.10262536
1040378293000, 0.6658431, -0.021991149, 0.100792766
1040383291000, 0.67256266, 0.032986723, 0.10720685
1040388255000, 0.6783658, 0.06566802, 0.122478485
1040393308000, 0.66339964, 0.12675454, 0.14752395
1040398379000, 0.63529986, 0.20677789, 0.17562376
1040403330000, 0.6215554, 0.30451632, 0.21563543
1040408254000, 0.61758476, 0.38331795, 0.25534168
1040413286000, 0.5907067, 0.39675698, 0.2761111
1040418262000, 0.54825157, 0.3747658, 0.27091873
1040423250000, 0.46395215, 0.3042109, 0.23915374
1040428271000, 0.35979962, 0.22266038, 0.23548855
1040433268000, 0.22724187, 0.11759156, 0.19242255
1040438254000, 0.098043874, -0.014966198, 0.13713925
1040443278000, -0.038179077, -0.19211712, 0.09040806
1040448344000, -0.1563815, -0.34116822, 0.026572637
1040453363000, -0.2284636, -0.4269948, -0.029932396
1040458250000, -0.28527406, -0.48166725, -0.095294975
1040463305000, -0.30818152, -0.49205196, -0.15424347
1040468254000, -0.30085114, -0.48075095, -0.1966986
1040473248000, -0.28313604, -0.43493605, -0.22968534
1040478281000, -0.27000242, -0.3912592, -0.24678956
1040483282000, -0.25137106, -0.28252518, -0.24984388
1040488246000, -0.21838433, -0.15485434, -0.24037547
1040493293000, -0.20891592, -0.042760566, -0.19822577
1040498361000, -0.20433442, 0.060170226, -0.16737708
1040503345000, -0.21502456, 0.13103059, -0.12339478
1040508229000, -0.21930063, 0.1563815, -0.09132435
1040513312000, -0.22021692, 0.13988814, -0.06414085
1040518234000, -0.20066923, 0.1020145, -0.01985312
1040523247000, -0.16493362, 0.06658431, 0.030543262
1040528252000, -0.14721853, 0.016187929, 0.08246681
1040533268000, -0.12003502, -0.02321288, 0.14355333
1040538246000, -0.122478485, -0.04428773, 0.18845193
1040543291000, -0.12034045, -0.050396383, 0.22174409
1040548309000, -0.11148291, -0.073303826, 0.258396
1040553259000, -0.100792766, -0.09285152, 0.28252518
1040558246000, -0.09407325, -0.12308934, 0.3118467
1040563312000, -0.08674286, -0.12858713, 0.34391713
1040568260000, -0.08827003, -0.15027285, 0.37995818
1040573251000, -0.093462385, -0.14905111, 0.4025602
1040578309000, -0.08827003, -0.13652839, 0.4120286
1040583301000, -0.084910266, -0.13225232, 0.4364632
1040588252000, -0.058948494, -0.13744467, 0.45081854
1040593293000, -0.030543262, -0.11728613, 0.4605924
1040598347000, 0.003970624, -0.0852157, 0.47769663
1040603360000, 0.036957346, -0.042760566, 0.47494772
1040608260000, 0.03970624, 0.013439035, 0.48472157
1040613296000, 0.06841691, 0.079107046, 0.46486846
1040618272000, 0.07727446, 0.13072516, 0.46761733
1040623253000, 0.08307768, 0.15454891, 0.44409904
1040628433000, 0.08093964, 0.16584991, 0.41630468
1040633268000, 0.07360926, 0.16218472, 0.37965274
1040638294000, 0.0693332, 0.15027285, 0.34391713
1040643284000, 0.07971791, 0.15607607, 0.30879238
1040648430000, 0.06872234, 0.15149458, 0.267559
1040653262000, 0.06505715, 0.15393804, 0.2312125
1040658412000, 0.0571159, 0.16554448, 0.19822577
1040663280000, 0.055283304, 0.17867808, 0.1600467
1040668543000, 0.06047566, 0.21166481, 0.12950343
1040673251000, 0.06169739, 0.23060162, 0.102319926
1040678255000, 0.06505715, 0.28038713, 0.089186326
1040683307000, 0.07269296, 0.32375857, 0.07971791
1040688235000, 0.06169739, 0.3717115, 0.06719518
1040693333000, 0.042760566, 0.3924809, 0.07269296
1040698383000, 0.030543262, 0.43096542, 0.06841691
1040703345000, 0.022602014, 0.47067168, 0.06291912
1040708307000, 0.025045475, 0.50579643, 0.06291912
1040713330000, 0.017715093, 0.539394, 0.057726767
1040718309000, -0.0021380284, 0.55771995, 0.049785517
1040723295000, -0.013439035, 0.57635134, 0.05497787
1040728340000, -0.0036651916, 0.5876524, 0.04428773
1040733302000, -0.003970624, 0.59223384, 0.060170226
1040738306000, 0.015882496, 0.5934556, 0.065973446
1040743353000, 0.01160644, 0.5751296, 0.07422013
1040748446000, 0.029932396, 0.55680364, 0.08246681
1040753337000, 0.04886922, 0.52656585, 0.08857546
1040758344000, 0.07269296, 0.48624873, 0.10354166
1040763367000, 0.089491755, 0.44623706, 0.10598512
1040768336000, 0.108123146, 0.41599923, 0.11911872
1040773304000, 0.11911872, 0.4166101, 0.13683382
1040778347000, 0.12705997, 0.3827071, 0.13164146
1040783301000, 0.13805555, 0.35369098, 0.13683382
1040788303000, 0.14202617, 0.3472769, 0.14721853
1040793337000, 0.1554652, 0.3313944, 0.15302174
1040798438000, 0.16798794, 0.32467487, 0.16707164
1040803379000, 0.17440203, 0.3231477, 0.16920967
1040808302000, 0.16615535, 0.33658674, 0.18173242
1040813324000, 0.14752395, 0.3576616, 0.19364429
1040818302000, 0.13836098, 0.38056904, 0.20158553
1040823283000, 0.1151481, 0.3998113, 0.21624629
1040828331000, 0.0852157, 0.41080686, 0.22082779
1040833228000, 0.055588737, 0.4196644, 0.23609942
1040838259000, 0.034208454, 0.43371433, 0.23793201
1040843253000, 0.015577064, 0.44409904, 0.2415972
1040848388000, -0.009773844, 0.45631635, 0.2565634
1040853325000, -0.01985312, 0.46120325, 0.26358834
1040858298000, -0.03756821, 0.48472157, 0.2773328
1040863247000, -0.05100725, 0.5036584, 0.29260445
1040868300000, -0.06169739, 0.5174029, 0.3051272
1040873234000, -0.07360926, 0.55771995, 0.30879238
1040878330000, -0.07422013, 0.5934556, 0.31642818
1040883266000, -0.08032878, 0.6261369, 0.31673363
1040888303000, -0.07971791, 0.66523224, 0.3200934
1040893297000, -0.06780604, 0.70707655, 0.32467487
1040898384000, -0.05955936, 0.7498371, 0.32803464
1040903342000, -0.03573562, 0.78893244, 0.321926
1040908303000, -0.014660766, 0.8350528, 0.32650748
1040913314000, -0.006414085, 0.86559606, 0.3200934
1040918304000, 0.0061086523, 0.89980453, 0.33567044
1040923279000, 0.005497787, 0.93584555, 0.3454443
1040928336000, -0.0027488936, 0.99173975, 0.35643986
1040933488000, -0.0070249503, 1.0393872, 0.3680463
1040938259000, -0.024129177, 1.1142182, 0.37934732
1040943611000, -0.03481932, 1.1585059, 0.39187005
1040948465000, -0.034208454, 1.1887437, 0.40775254
1040953826000, -0.029626964, 1.2006557, 0.41538838
1040958296000, -0.013744468, 1.20371, 0.4251622
1040963292000, -0.0018325958, 1.1936307, 0.44073927
1040968299000, 0.01038471, 1.1847731, 0.44348818
1040973257000, 0.008246681, 1.1505647, 0.44898596
1040978340000, 0.011301007, 1.1285735, 0.4560109
1040983306000, 0.023518313, 1.105666, 0.45814893
1040988303000, 0.018020526, 1.0845913, 0.46273044
1040993326000, 0.017715093, 1.0839803, 0.45051312
1040998427000, 0.021991149, 1.0726794, 0.44684792
1041003380000, 0.0125227375, 1.0659598, 0.43035457
1041008298000, 0.008246681, 1.0546589, 0.39553526
1041013352000, -0.00580322, 1.0415252, 0.37140608
1041018294000, 0.002443461, 1.0103711, 0.33658674
1041023295000, -0.003970624, 0.98624194, 0.2919936
1041028324000, -0.0070249503, 0.93126404, 0.23793201
1041033330000, 0.0033597588, 0.8784242, 0.18997909
