#Rate of rotation around the x y z axes (Angular velocity).
#timestamp(ns),x,y,z(rad/s)
#Datetime: 02/04/2015 17:34:50
##########################################
#Activity: 8 - CSI - Car-Step in - 6s
#Subject ID: 42
#First Name: sub42
#Last Name: sub42
#Age: 22
#Height(cm): 173
#Weight(kg): 73
#Gender: Male
##########################################

@DATA
1058807334000, -0.12522738, 0.22052236, -0.008552114
1058812357000, -0.111177474, 0.22785273, -0.007330383
1058817267000, -0.08979719, 0.2312125, -0.008857546
1058822335000, -0.087659165, 0.23335053, -0.006414085
1058827318000, -0.073303826, 0.22449298, -0.0061086523
1058832313000, -0.064751714, 0.24220806, -0.011301007
1058837327000, -0.04153884, 0.24678956, -0.015577064
1058842319000, -0.029321533, 0.2660318, -0.004581489
1058847319000, -0.026267206, 0.269697, -0.0125227375
1058852330000, -0.014660766, 0.2883284, -0.014660766
1058857306000, -0.021380283, 0.37323865, 0.0021380284
1058862343000, -0.03359759, 0.39736784, -0.003970624
1058867370000, -0.044898596, 0.3747658, -0.01038471
1058872365000, -0.03756821, 0.30024028, -0.013133603
1058878119000, -0.032070424, 0.26939157, 0.007330383
1058882347000, -0.030543262, 0.22021692, 0.016798794
1058887332000, -0.027794369, 0.21960606, 0.025045475
1058892327000, -0.040011674, 0.28038713, 0.029626964
1058897318000, -0.05375614, 0.30940324, 0.027183503
1058902338000, -0.057421334, 0.29168814, 0.025045475
1058907318000, -0.0571159, 0.25717425, 0.030848695
1058912363000, -0.04886922, 0.2180789, 0.034513887
1058917417000, -0.04184427, 0.18906279, 0.037873644
1058922327000, -0.038179077, 0.18448131, 0.038179077
1058927356000, -0.034513887, 0.21074851, 0.03634648
1058932385000, -0.029626964, 0.23548855, 0.03573562
1058937365000, -0.039095376, 0.25870144, 0.022602014
1058942363000, -0.034513887, 0.2837469, 0.014966198
1058947617000, -0.0018325958, 0.32834008, 0.0033597588
1058952370000, -0.0033597588, 0.30024028, 0.008246681
1058957313000, -0.020463986, 0.23701571, -0.0027488936
1058962340000, -0.02687807, 0.17287487, -0.0015271631
1058967340000, -0.032986723, 0.118507855, 0.01038471
1058972337000, -0.03634648, 0.081855945, 0.017104227
1058977349000, -0.035124753, 0.0720821, 0.012217305
1058982343000, -0.029626964, 0.069027774, 0.014660766
1058987330000, -0.026267206, 0.07819075, 0.018325957
1058992315000, -0.025350908, 0.07147124, 0.017715093
1058997372000, -0.021991149, 0.07544186, 0.01740966
1059002361000, -0.012217305, 0.1518, 0.026267206
1059007380000, -0.035124753, 0.29352075, 0.03756821
1059012367000, -0.08460484, 0.13683382, 0.0061086523
1059017831000, -0.036957346, 0.02687807, -0.015882496
1059022379000, -0.01985312, 0.09101892, -0.005192355
1059027327000, -0.064446285, 0.036651913, -0.022602014
1059032346000, -0.129198, -0.14966199, -0.050396383
1059037366000, -0.12339478, -0.25595254, -0.027183503
1059042364000, -0.11484267, -0.17623462, 0.015577064
1059047358000, -0.16646078, -0.10842858, 0.041233405
1059052371000, -0.20189096, -0.12370021, 0.04184427
1059057354000, -0.1853976, -0.13194689, 0.041233405
1059062418000, -0.15515977, -0.099265605, 0.040317107
1059067473000, -0.14080444, -0.0571159, 0.03848451
1059072370000, -0.13408493, -0.007330383, 0.01985312
1059077386000, -0.118507855, 0.04520403, 0.013744468
1059082379000, -0.093767814, 0.10720685, 0.008857546
1059087339000, -0.0720821, 0.14049901, 0.01038471
1059092365000, -0.049785517, 0.13072516, 0.003970624
1059097381000, -0.022907447, 0.05955936, 0.01160644
1059102368000, -0.02321288, -0.03604105, 0.013744468
1059107364000, -0.02565634, -0.11484267, 0.019547688
1059112345000, -0.027794369, -0.15607607, 0.03023783
1059117368000, -0.03970624, -0.21410827, 0.037873644
1059122370000, -0.04795292, -0.20372356, 0.05100725
1059127335000, -0.05681047, -0.17562376, 0.058948494
1059133147000, -0.03940081, -0.15241088, 0.054367006
1059137322000, -0.03359759, -0.12889257, 0.04642576
1059142375000, -0.035430185, -0.116675265, 0.04550946
1059147348000, -0.050396383, -0.10873401, 0.04428773
1059152364000, -0.07269296, -0.11301007, 0.043066
1059157321000, -0.07391469, -0.11942416, 0.041233405
1059162341000, -0.09040806, -0.13347405, 0.0421497
1059167334000, -0.09407325, -0.14049901, 0.03756821
1059172330000, -0.0888809, -0.14446963, 0.04184427
1059177318000, -0.07513642, -0.13652839, 0.04734206
1059182376000, -0.055588737, -0.12492194, 0.042760566
1059187349000, -0.053450707, -0.11178834, 0.046731193
1059192347000, -0.04153884, -0.09162979, 0.045814894
1059197338000, -0.035430185, -0.067500606, 0.03970624
1059203140000, -0.026572637, -0.02443461, 0.048563786
1059207302000, -0.027794369, 0.026572637, 0.051618114
1059212362000, -0.022296581, 0.043066, 0.04795292
1059218822000, -0.038789943, 0.07819075, 0.03756821
1059222370000, -0.03359759, 0.08124508, 0.03970624
1059227346000, -0.034208454, 0.07941248, 0.036651913
1059232376000, -0.025045475, 0.059253927, 0.03634648
1059237367000, -0.012217305, 0.03145956, 0.03756821
1059242367000, 0.0067195175, -0.01038471, 0.0421497
1059247375000, 0.005497787, -0.051923547, 0.03604105
1059252375000, -0.014660766, -0.110872045, 0.03756821
1059257382000, -0.022602014, -0.15882497, 0.04062254
1059262430000, -0.064446285, -0.19242255, 0.045814894
1059267431000, -0.069027774, -0.19700404, 0.0571159
1059272692000, -0.07147124, -0.17654006, 0.05955936
1059277379000, -0.0720821, -0.14782938, 0.05589417
1059282367000, -0.06872234, -0.11759156, 0.04550946
1059287366000, -0.060170226, -0.087659165, 0.03848451
1059292351000, -0.06536258, -0.051923547, 0.019242255
1059297366000, -0.057421334, -0.01740966, 0.0033597588
1059302364000, -0.05681047, 0.010079277, -0.013744468
1059307377000, -0.05955936, 0.026267206, -0.027183503
1059312398000, -0.052534413, 0.038179077, -0.05131268
1059317459000, -0.050701816, 0.06078109, -0.057421334
1059322351000, -0.036957346, 0.06261369, -0.07544186
1059327369000, -0.01282817, 0.058948494, -0.07727446
1059332314000, 0.022602014, 0.043066, -0.08368854
1059337372000, 0.04153884, 0.025350908, -0.08277224
1059342611000, 0.058337633, -0.0018325958, -0.08368854
1059347361000, 0.06536258, -0.07544186, -0.087964594
1059352369000, 0.064751714, -0.1469131, -0.07544186
1059357369000, 0.064751714, -0.19730948, -0.06169739
1059362403000, 0.08124508, -0.22418754, -0.054061573
1059367479000, 0.07422013, -0.22815818, -0.041233405
1059372366000, 0.06169739, -0.20677789, -0.039095376
1059377384000, 0.035124753, -0.17348573, -0.037873644
1059382508000, 0.026267206, -0.13133603, -0.043066
1059387369000, 6.1086525E-4, -0.09468412, -0.054061573
1059392320000, -0.016187929, -0.053450707, -0.055588737
1059397367000, -0.03848451, -0.019242255, -0.055588737
1059402265000, -0.050396383, 0.0106901415, -0.06261369
1059407365000, -0.05589417, 0.031154128, -0.06566802
1059412488000, -0.058337633, 0.036957346, -0.06719518
1059418831000, -0.0580322, 0.03756821, -0.080634214
1059422323000, -0.048258353, 0.03970624, -0.074830994
1059427398000, -0.041233405, 0.043066, -0.07147124
1059432344000, -0.028710667, 0.050701816, -0.08155051
1059437376000, -0.015577064, 0.069027774, -0.08857546
1059442368000, -0.004581489, 0.070554934, -0.077579886
1059447365000, 0.015577064, 0.09101892, -0.07238753
1059452366000, 0.02565634, 0.10903945, -0.06291912
1059457374000, 0.044898596, 0.12095132, -0.057726767
1059462380000, 0.058948494, 0.13958271, -0.04642576
1059467364000, 0.056199603, 0.1685988, -0.01282817
1059472367000, 0.052534413, 0.20769419, 0.0061086523
1059477361000, 0.052534413, 0.2302962, 0.0290161
1059482365000, 0.04184427, 0.24648413, 0.055283304
1059487350000, 0.03176499, 0.26083946, 0.0888809
1059492346000, 0.018325957, 0.28221974, 0.122478485
1059497265000, 0.008552114, 0.2941316, 0.15118915
1059502364000, -0.020463986, 0.30695978, 0.19242255
1059507313000, -0.04550946, 0.2910773, 0.23426682
1059512396000, -0.0711658, 0.28099802, 0.2519819
1059517300000, -0.12614368, 0.26633725, 0.29779682
1059522372000, -0.17654006, 0.2501493, 0.33567044
1059527389000, -0.24037547, 0.2312125, 0.3662137
1059532343000, -0.30024028, 0.19883664, 0.39920044
1059537290000, -0.35246924, 0.18448131, 0.42821655
1059542332000, -0.40958515, 0.16462818, 0.4474588
1059547325000, -0.46028697, 0.14172074, 0.47800204
1059552347000, -0.52320606, 0.13958271, 0.5039638
1059557330000, -0.5907067, 0.12858713, 0.52595496
1059562346000, -0.6600399, 0.15088372, 0.55771995
1059567350000, -0.7290677, 0.1957823, 0.58246
1059572350000, -0.79534656, 0.23945917, 0.61269784
1059577327000, -0.86132, 0.28008172, 0.65240407
1059582352000, -0.91538155, 0.3378085, 0.70952
1059587360000, -0.9669997, 0.40683624, 0.7620544
1059592341000, -1.0042624, 0.4813618, 0.8219192
1059598069000, -1.0497719, 0.54641896, 0.8753699
1059602365000, -1.0870347, 0.59620446, 0.929126
1059607378000, -1.1261301, 0.6243043, 0.99082345
1059612418000, -1.1542299, 0.6411031, 1.0177015
1059619069000, -1.1643091, 0.59437186, 1.0690142
1059622362000, -1.210735, 0.54458636, 1.0793989
1059627334000, -1.2293663, 0.4474588, 1.0848967
1059632343000, -1.2513574, 0.3640757, 1.1010846
1059637308000, -1.2907583, 0.3436117, 1.1178834
1059642307000, -1.3374895, 0.3735441, 1.1276573
1059647338000, -1.385137, 0.4596761, 1.1343768
1059652436000, -1.3988814, 0.6010914, 1.135904
1059657315000, -1.4034629, 0.75136423, 1.1325442
1059662334000, -1.3723087, 0.8848383, 1.1194105
1059667377000, -1.3390167, 0.9807441, 1.0812315
1059672326000, -1.2730432, 0.977079, 1.0345002
1059677321000, -1.2070698, 0.9636399, 0.9978484
1059682332000, -1.1420126, 0.9795224, 0.9877691
1059687328000, -1.0940597, 1.0027353, 0.9477574
1059692335000, -1.0488557, 1.0100657, 0.90316427
1059697311000, -0.9950995, 1.0458013, 0.852157
1059702289000, -0.93645644, 1.0726794, 0.80970186
1059707323000, -0.8781188, 1.1362094, 0.79137594
1059712325000, -0.8564331, 1.212873, 0.7626653
1059717340000, -0.79229224, 1.3182472, 0.73792523
1059722284000, -0.73884153, 1.4144585, 0.7150178
1059727383000, -0.70921457, 1.4795157, 0.6994407
1059732291000, -0.68630713, 1.5293012, 0.6740898
1059737335000, -0.65026605, 1.5402967, 0.65209866
1059742306000, -0.6114761, 1.5296066, 0.6282749
1059747342000, -0.5653558, 1.5079209, 0.6078109
1059752310000, -0.5174029, 1.4715744, 0.5873469
1059757295000, -0.45356745, 1.4288138, 0.571159
1059762392000, -0.39522982, 1.3686435, 0.5448918
1059767356000, -0.33536503, 1.2928963, 0.52198434
1059772336000, -0.2773328, 1.2370021, 0.49388456
1059777411000, -0.22632557, 1.1749994, 0.46395215
1059782344000, -0.19120082, 1.1187997, 0.44073927
1059787368000, -0.1441642, 1.071763, 0.41538838
1059792300000, -0.096516706, 1.0409144, 0.38789943
1059797367000, -0.06841691, 1.0186177, 0.37690386
1059802335000, -0.029626964, 0.9896017, 0.35430184
1059807365000, -0.005192355, 0.9309586, 0.34055737
1059812381000, 0.008857546, 0.8588765, 0.33017266
1059818837000, 0.05497787, 0.82436264, 0.30482176
1059822266000, 0.13072516, 0.82833326, 0.2910773
1059827409000, 0.15699236, 0.84635377, 0.2742785
1059832276000, 0.20708331, 0.8781188, 0.2452624
1059837363000, 0.2678644, 0.9062186, 0.22082779
1059842281000, 0.32467487, 0.91874135, 0.18906279
1059847326000, 0.38698313, 0.93279123, 0.16371189
1059852976000, 0.44104472, 0.95630956, 0.13164146
1059857314000, 0.5009095, 0.9810496, 0.10720685
1059862367000, 0.5525276, 1.0262536, 0.08155051
1059867339000, 0.6093381, 1.0516045, 0.053145275
1059872346000, 0.66859204, 1.0833695, 0.004276057
1059877315000, 0.7058548, 1.1090258, -0.035124753
1059882339000, 0.77854776, 1.1203269, -0.082161374
1059887328000, 0.8258898, 1.1212431, -0.12217305
1059892317000, 0.8723156, 1.0919216, -0.17654006
1059897359000, 0.9279043, 1.0482447, -0.22296582
1059902336000, 0.97035944, 1.0241156, -0.2724459
1059907365000, 1.0323622, 0.9630291, -0.29565877
1059912389000, 1.0592403, 0.8744536, -0.3475823
1059917397000, 1.1151345, 0.7797695, -0.3894266
1059922746000, 1.1545353, 0.6954701, -0.43401974
1059927311000, 1.1997393, 0.6081163, -0.4746423
1059932339000, 1.2272283, 0.54061574, -0.5131268
1059937326000, 1.2516629, 0.46914452, -0.552833
1059942314000, 1.2589933, 0.40103304, -0.5919284
1059947313000, 1.2617421, 0.3387248, -0.61819565
1059952334000, 1.2379184, 0.28802297, -0.6365216
1059957341000, 1.2140946, 0.24281894, -0.6432411
1059962356000, 1.1749994, 0.18753563, -0.64996064
1059967298000, 1.1551461, 0.12461651, -0.64660084
1059972335000, 1.1169671, 0.06841691, -0.63224554
1059977313000, 1.0815369, 0.0290161, -0.61361414
1059982346000, 1.0546589, 0.020463986, -0.59040123
1059987316000, 0.9960158, 0.03848451, -0.548557
1059992439000, 0.9239337, 0.1020145, -0.4978552
1059997343000, 0.82344633, 0.19975294, -0.43310347
1060002332000, 0.7247916, 0.24740042, -0.35521814
1060007382000, 0.657291, 0.33383787, -0.31795537
1060012388000, 0.52381694, 0.37873647, -0.24465153
1060019125000, 0.3811799, 0.3885103, -0.129198
1060022335000, 0.14905111, 0.37323865, -0.09040806
1060027287000, 0.06872234, 0.30115658, -0.03176499
1060032337000, -0.0571159, 0.16829337, 0.02107485
1060037333000, -0.15088372, -0.019242255, 0.06414085
1060042357000, -0.19150625, -0.28588495, 0.09132435
1060047370000, -0.13988814, -0.61361414, 0.110872045
1060052365000, -0.040927973, -0.8949176, 0.10140363
1060057361000, 0.08124508, -1.1010846, 0.05681047
1060062762000, 0.21594086, -1.2034045, -0.027794369
1060067397000, 0.36743546, -1.212873, -0.12003502
1060072360000, 0.48472157, -1.1377366, -0.19486602
1060077451000, 0.5919284, -0.9746355, -0.2452624
1060082364000, 0.6621779, -0.7370089, -0.22815818
1060087372000, 0.7058548, -0.4538729, -0.15393804
1060092362000, 0.71868294, -0.14630222, -0.0580322
1060097373000, 0.6759224, 0.15668693, 0.06811147
1060102363000, 0.5891795, 0.28863382, 0.12675454
1060107381000, 0.54092115, 0.4654793, 0.23335053
1060112331000, 0.44012842, 0.48716503, 0.30848694
1060117372000, 0.33567044, 0.36835176, 0.34116822
1060122350000, 0.27030787, 0.118202426, 0.32406402
1060127391000, 0.24129178, -0.13927728, 0.3005457
1060132347000, 0.2312125, -0.34513888, 0.27091873
1060137354000, 0.24129178, -0.4783075, 0.22876903
1060142300000, 0.28008172, -0.5207626, 0.16646078
1060147371000, 0.33750305, -0.473726, 0.111177474
1060152262000, 0.3921755, -0.3594942, 0.039095376
1060157344000, 0.4266894, -0.19792034, -0.028405234
1060162310000, 0.44898596, -0.059253927, -0.09896017
1060167336000, 0.41905355, 0.049480084, -0.15210545
1060172342000, 0.3680463, 0.16126843, -0.19456059
1060178222000, 0.30268374, 0.28985557, -0.22388211
1060182348000, 0.23090707, 0.45204028, -0.26083946
1060187353000, 0.15668693, 0.63255095, -0.3173445
1060192330000, 0.070249505, 0.7715228, -0.39706242
1060197369000, -0.024740042, 0.82436264, -0.48472157
1060202711000, -0.15088372, 0.9294315, -0.59773165
1060207336000, -0.27672195, 0.9779953, -0.659429
1060212325000, -0.36285394, 1.0848967, -0.7892379
1060218757000, -0.5412266, 1.2592987, -0.88300574
1060222281000, -0.7657196, 1.3002267, -0.8732319
1060227314000, -0.7984009, 1.3127494, -0.8491027
1060232331000, -0.86437434, 1.2626585, -0.81000733
1060237329000, -0.8753699, 1.1026118, -0.77182823
1060242325000, -0.7800749, 0.81031275, -0.7086037
1060248126000, -0.56505036, 0.45662177, -0.59131753
1060252354000, -0.28588495, 0.20861048, -0.4147775
1060257332000, -0.022602014, 0.020158553, -0.19425514
1060262580000, 0.22296582, -0.17837265, 0.03573562
1060267358000, 0.44226643, -0.39706242, 0.2312125
1060272528000, 0.6062838, -0.63041294, 0.3998113
1060277331000, 0.7284568, -0.86529064, 0.56321776
1060282292000, 0.784351, -1.0311406, 0.6985244
1060287329000, 0.80573124, -1.1163563, 0.7715228
1060292277000, 0.79901177, -1.1047498, 0.7690793
1060297306000, 0.7855727, -1.0815369, 0.74097955
1060302326000, 0.7699956, -0.95630956, 0.72112644
1060307329000, 0.7147123, -0.7461719, 0.66706485
1060312459000, 0.6411031, -0.48288897, 0.5873469
1060317562000, 0.55741453, -0.2098322, 0.4972443
1060322347000, 0.46303585, 0.006414085, 0.42180246
1060327313000, 0.3903429, 0.122783914, 0.39370266
1060332342000, 0.376293, 0.11789699, 0.40042216
1060337331000, 0.38759398, 0.043066, 0.4382958
1060342323000, 0.40958515, -0.049480084, 0.48991394
1060347319000, 0.40103304, -0.10598512, 0.54550266
1060352366000, 0.40317106, -0.09743301, 0.6197228
1060357337000, 0.40744713, -0.038789943, 0.68386364
1060362349000, 0.43401974, 0.07147124, 0.7309003
1060367349000, 0.44715336, 0.13408493, 0.75716746
1060372328000, 0.45478916, 0.08674286, 0.7715228
1060377307000, 0.43982297, -0.043982297, 0.75411314
1060382374000, 0.39645153, -0.19639318, 0.7113526
1060387599000, 0.33841935, -0.3032946, 0.6719518
1060392309000, 0.26083946, -0.36254853, 0.6365216
1060397308000, 0.2125811, -0.49571714, 0.6252206
1060402335000, 0.19120082, -0.6221663, 0.600786
1060407317000, 0.16798794, -0.7348709, 0.58368176
1060412419000, 0.15851954, -0.816116, 0.55680364
1060418820000, 0.17134771, -0.8151997, 0.50885075
1060422333000, 0.2144137, -0.799928, 0.4868596
1060427311000, 0.23762658, -0.7312057, 0.4364632
1060432338000, 0.25870144, -0.6203337, 0.3979787
1060437330000, 0.25534168, -0.50488013, 0.355829
1060442318000, 0.25320363, -0.43493605, 0.30451632
1060447317000, 0.22632557, -0.40958515, 0.27550024
1060452334000, 0.22052236, -0.36682457, 0.22327125
1060457334000, 0.20005837, -0.31673363, 0.16523905
1060462403000, 0.16584991, -0.2837469, 0.13622294
1060467320000, 0.14385876, -0.2501493, 0.119729586
1060472330000, 0.14080444, -0.20372356, 0.11759156
1060477327000, 0.13897185, -0.15393804, 0.10354166
1060482344000, 0.14813483, -0.111177474, 0.099265605
1060487259000, 0.13225232, -0.09315695, 0.087659165
1060492314000, 0.112704635, -0.09437868, 0.071776666
1060497271000, 0.10140363, -0.106901415, 0.06078109
1060503154000, 0.09315695, -0.13316862, 0.038789943
1060507324000, 0.086437434, -0.14630222, 0.012217305
1060512399000, 0.0842994, -0.15668693, -0.00580322
1060517695000, 0.071776666, -0.17898351, -0.026572637
1060522330000, 0.06688975, -0.19761491, -0.03176499
1060527306000, 0.06841691, -0.2180789, -0.032375857
1060532335000, 0.08307768, -0.23579398, -0.02107485
1060537297000, 0.08674286, -0.24648413, -0.0036651916
1060542308000, 0.082161374, -0.24648413, 0.015882496
1060547346000, 0.06536258, -0.25167647, 0.04184427
1060552298000, 0.080634214, -0.27672195, 0.05497787
1060557302000, 0.083383106, -0.30604348, 0.049480084
1060562306000, 0.06505715, -0.33841935, 0.060170226
1060567332000, 0.052839845, -0.38056904, 0.04917465
1060573109000, 0.02443461, -0.43585235, 0.03848451
1060577310000, -0.026267206, -0.51007247, 0.026572637
1060582306000, -0.07544186, -0.5558874, 0.011301007
1060587336000, -0.11728613, -0.5864306, -0.0067195175
1060592305000, -0.16584991, -0.59956425, -0.03481932
1060597306000, -0.19822577, -0.60994893, -0.038179077
1060602196000, -0.25809056, -0.61758476, -0.05467244
1060607230000, -0.32070425, -0.59956425, -0.07788532
1060615160000, -0.3998113, -0.6068946, -0.122783914
1060617226000, -0.52473325, -0.60994893, -0.12736541
1060622244000, -0.56107974, -0.62125, -0.15882497
1060627278000, -0.60903263, -0.65393126, -0.17470746
1060632227000, -0.6270532, -0.6976081, -0.18936823
1060637262000, -0.64751714, -0.7360926, -0.19914207
1060642238000, -0.6805039, -0.7809912, -0.21533
1060647251000, -0.6976081, -0.8029824, -0.23548855
1060652262000, -0.7174612, -0.7825184, -0.24709499
1060657243000, -0.74220127, -0.76174897, -0.2507602
1060662298000, -0.768163, -0.7324274, -0.26939157
1060667266000, -0.79229224, -0.7119634, -0.27030787
1060672260000, -0.80878556, -0.70096785, -0.28619036
1060677553000, -0.8194757, -0.7067711, -0.28863382
1060682303000, -0.8533788, -0.7370089, -0.29657507
1060687262000, -0.870483, -0.7538077, -0.3036
1060692242000, -0.8680395, -0.7693848, -0.310625
1060697266000, -0.8720101, -0.7675522, -0.31123585
1060702327000, -0.8756753, -0.75533485, -0.31795537
1060707320000, -0.8979719, -0.7632761, -0.31490102
1060712346000, -0.9211848, -0.7644979, -0.31978795
1060717334000, -0.97127575, -0.766025, -0.30207285
1060722330000, -1.0189233, -0.77824235, -0.27305678
1060727307000, -1.0595458, -0.829555, -0.2415972
1060732370000, -1.0885619, -0.89766645, -0.20433442
1060737334000, -1.1102476, -0.97219205, -0.16035213
1060742303000, -1.1227703, -1.058324, -0.10873401
1060747557000, -1.1502593, -1.1273518, -0.06536258
1060752340000, -1.2034045, -1.1759156, -0.029321533
1060757313000, -1.2589933, -1.2070698, 0.014049901
1060762332000, -1.3063353, -1.187522, 0.04428773
1060767311000, -1.3509285, -1.1618657, 0.07666359
1060772334000, -1.4483615, -1.1209377, 0.09010262
1060777293000, -1.5247196, -1.0775663, 0.09407325
1060782342000, -1.5968018, -1.0509937, 0.105374254
1060787257000, -1.6578883, -1.0494665, 0.11575896
1060792327000, -1.6691893, -1.0852021, 0.118202426
1060797283000, -1.676825, -1.1866057, 0.11911872
1060802363000, -1.6355917, -1.3454307, 0.116675265
1060807314000, -1.5564847, -1.5311338, 0.09865474
1060812342000, -1.4865406, -1.7012597, 0.07941248
1060818897000, -1.4504995, -1.9181169, 0.03176499
1060822368000, -1.3946054, -1.9553796, 0.015577064
1060827282000, -1.3759739, -1.9847012, -0.011911872
1060832366000, -1.3090842, -1.9159788, -0.020158553
1060837266000, -1.2104294, -1.7849482, -0.01985312
1060842352000, -1.1059716, -1.6346754, -0.01038471
1060847389000, -1.0204504, -1.4807373, 0.0018325958
1060852372000, -0.9392053, -1.3148874, 0.013439035
1060857318000, -0.8744536, -1.1545353, 0.02321288
1060863101000, -0.8078693, -1.0180069, 0.029321533
1060867321000, -0.7690793, -0.9398162, 0.03359759
1060872342000, -0.7293731, -0.88606006, 0.048563786
1060877367000, -0.70738196, -0.8549059, 0.063224554
1060882384000, -0.6969972, -0.84757555, 0.07788532
1060887330000, -0.74464476, -0.8530733, 0.09560041
1060892345000, -0.8219192, -0.88422745, 0.099265605
1060897518000, -0.8784242, -0.89461213, 0.1142318
1060902367000, -0.9972375, -0.86132, 0.13439035
1060907346000, -1.131017, -0.78038037, 0.14172074
1060912338000, -1.2837334, -0.70249504, 0.13500121
1060917394000, -1.3982705, -0.61453044, 0.12858713
1060922332000, -1.4514158, -0.5500842, 0.1423316
1060927458000, -1.466382, -0.56138515, 0.16829337
1060933044000, -1.4001031, -0.6389651, 0.17623462
1060937373000, -1.3142766, -0.7425067, 0.17134771
1060942362000, -1.2388347, -0.84635377, 0.13041973
1060947359000, -1.1704178, -0.93462384, 0.064751714
1060952353000, -1.1279627, -0.9941832, -0.008857546
1060957386000, -1.1050552, -1.0070114, -0.08124508
1060962360000, -1.0891727, -0.95264435, -0.1518
1060967445000, -1.0574077, -0.8014552, -0.2098322
1060972337000, -1.0366384, -0.5842926, -0.22174409
1060977317000, -1.0387764, -0.3286455, -0.21074851
1060982335000, -1.0375546, -0.046731193, -0.15882497
1060987333000, -1.0891727, 0.09132435, -0.07849618
1060992304000, -1.1221595, 0.36682457, -0.03176499
1060997311000, -1.2232577, 0.5992588, 0.080634214
1061002863000, -1.3435981, 0.7330383, 0.22907446
1061007377000, -1.5103643, 0.6988298, 0.25992316
1061012342000, -1.5577064, 0.5015204, 0.2919936
1061018877000, -1.5961909, 0.13683382, 0.3286455
1061022318000, -1.63437, 0.044593163, 0.32436943
1061027352000, -1.65911, -0.0720821, 0.32559118
1061032291000, -1.704925, -0.052839845, 0.31612277
1061037368000, -1.7574593, 0.03390302, 0.32345316
1061042278000, -1.7901406, 0.110872045, 0.33292156
1061047324000, -1.8038851, 0.054061573, 0.3295618
1061052262000, -1.8075503, -0.20250183, 0.3023783
1061057389000, -1.7321084, -0.55863625, 0.26816985
1061062286000, -1.6013832, -0.8943067, 0.22082779
1061067351000, -1.428203, -1.142318, 0.18997909
1061072294000, -1.2745703, -1.2647965, 0.1337795
1061077328000, -1.1582005, -1.2415836, 0.06414085
1061082296000, -1.0937542, -1.181108, -0.006414085
1061087331000, -1.078788, -1.0421361, -0.038789943
1061092309000, -1.0842859, -0.8885035, -0.10293079
1061097332000, -1.0989466, -0.7663304, -0.1459968
1061102338000, -1.1377366, -0.6453791, -0.16493362
1061107380000, -1.1795808, -0.49388456, -0.15943582
1061112313000, -1.221425, -0.33108896, -0.1469131
1061117350000, -1.2611313, -0.129198, -0.112704635
1061122333000, -1.3368785, 0.05497787, -0.05589417
1061127312000, -1.4263704, 0.18906279, 0.003970624
1061132331000, -1.5079209, 0.25625798, 0.05009095
1061137330000, -1.6093245, 0.28221974, 0.07971791
1061142345000, -1.7030923, 0.25228736, 0.10751228
1061147423000, -1.7886134, 0.16249016, 0.12858713
1061152392000, -1.8099937, 0.054367006, 0.15057829
1061157376000, -1.7788396, -0.020463986, 0.17470746
1061162448000, -1.6853772, -0.058643065, 0.1957823
1061167338000, -1.6194037, -0.06963864, 0.19517145
1061172552000, -1.5653422, -0.06261369, 0.18478674
1061177316000, -1.5488489, -0.04642576, 0.17256944
1061182314000, -1.5482379, -0.030543262, 0.15241088
1061187332000, -1.5445728, 0.010079277, 0.13897185
1061192317000, -1.5427402, 0.06566802, 0.11575896
1061197312000, -1.5393804, 0.1020145, 0.11301007
1061202264000, -1.5271631, 0.14874569, 0.10903945
1061207382000, -1.5115861, 0.18142697, 0.12370021
1061212293000, -1.5088371, 0.16982053, 0.11881329
1061217313000, -1.5161675, 0.16523905, 0.103847094
1061222300000, -1.5555683, 0.16432275, 0.09407325
1061227316000, -1.6230689, 0.15851954, 0.055283304
1061232339000, -1.7040086, 0.13683382, 0.031154128
1061237332000, -1.7742581, 0.08460484, 0.0033597588
1061242306000, -1.8277088, 0.008552114, -0.0027488936
1061247346000, -1.8277088, -0.079107046, -0.02076942
1061252365000, -1.8020525, -0.1740966, -0.051923547
1061257840000, -1.7589865, -0.24831672, -0.05955936
1061262443000, -1.7253889, -0.3051272, -0.06719518
1061267370000, -1.6383406, -0.31490102, -0.064446285
1061272370000, -1.5354098, -0.25992316, -0.0421497
1061277353000, -1.4315627, -0.16523905, -0.026572637
1061282386000, -1.3326025, -0.10415252, 0.0076358155
1061287361000, -1.2767084, -0.01282817, 0.01038471
1061292472000, -1.244027, -0.025961773, 0.0012217305
1061297368000, -1.1872166, -0.06658431, -0.002443461
1061302356000, -1.1004738, -0.10170906, 0.030543262
1061307388000, -0.98899084, -0.1459968, 0.051923547
1061312332000, -0.91232723, -0.1957823, 0.07574729
1061317366000, -0.8888089, -0.25686884, 0.111177474
1061322367000, -0.9245446, -0.31306845, 0.13652839
1061327961000, -0.9999864, -0.29657507, 0.16615535
1061332299000, -1.0955868, -0.21166481, 0.19639318
1061337331000, -1.2208142, -0.10415252, 0.23732115
1061342314000, -1.3640621, 0.005497787, 0.28496864
1061347300000, -1.5274686, 0.1160644, 0.31612277
1061352346000, -1.6756034, 0.2003638, 0.33628133
1061357375000, -1.8264871, 0.22052236, 0.3118467
1061362324000, -1.9517145, 0.23640485, 0.2678644
1061367296000, -2.0409007, 0.18203785, 0.21044308
1061372330000, -2.1432207, 0.08093964, 0.14996742
1061377289000, -2.2284365, 0.023518313, 0.113926366
1061382348000, -2.3185391, -0.057726767, 0.09987647
1061387261000, -2.3652701, -0.0842994, 0.09407325
1061392320000, -2.4700336, -0.08093964, 0.0693332
1061397420000, -2.5460863, -0.040011674, 0.04337143
1061402415000, -2.6181684, 0.022602014, -0.007941248
1061407356000, -2.6691756, 0.16615535, -0.025045475
1061412338000, -2.6929994, 0.32375857, -0.04520403
1061418929000, -2.713158, 0.5421429, -0.05497787
1061422337000, -2.7278187, 0.6053675, -0.057726767
1061427312000, -2.712547, 0.6936375, -0.0693332
1061432339000, -2.708271, 0.77640975, -0.08735373
1061437384000, -2.741258, 0.8582657, -0.116675265
1061442339000, -2.7904325, 0.8668178, -0.15241088
1061447376000, -2.7980683, 0.8045095, -0.1908954
1061452366000, -2.796541, 0.6899723, -0.22327125
1061457398000, -2.7934868, 0.5748242, -0.24220806
1061462373000, -2.8093693, 0.43066, -0.26725355
1061467375000, -2.8313603, 0.27855456, -0.27672195
1061472362000, -2.8582385, 0.1994475, -0.2648101
1061477370000, -2.8506026, 0.20708331, -0.23518312
1061482376000, -2.8484647, 0.22235495, -0.22327125
1061487354000, -2.839607, 0.2302962, -0.1957823
1061492346000, -2.8194485, 0.2312125, -0.16035213
1061497352000, -2.8166997, 0.18509217, -0.13194689
1061502364000, -2.7983737, 0.12339478, -0.093462385
1061507401000, -2.7623327, 0.03970624, -0.06627888
1061512312000, -2.6929994, -0.032375857, -0.048563786
1061517380000, -2.5955665, -0.118202426, -0.038179077
1061522294000, -2.4853053, -0.17012598, -0.026572637
1061527399000, -2.3628268, -0.20922135, -0.03359759
1061532268000, -2.2278256, -0.23823744, -0.024740042
1061537346000, -2.1068742, -0.26939157, -0.01160644
1061542267000, -1.9929478, -0.267559, -0.01160644
1061547389000, -1.890628, -0.24617869, 0.009162978
1061552267000, -1.8102992, -0.23548855, 0.024129177
1061557330000, -1.7186694, -0.21777347, 0.039095376
1061562288000, -1.6297885, -0.2049453, 0.05222898
1061567361000, -1.5491543, -0.17745635, 0.058948494
1061572307000, -1.4822645, -0.14935656, 0.0580322
1061577364000, -1.4333953, -0.12675454, 0.05131268
1061582823000, -1.4037683, -0.06536258, 0.051618114
1061587371000, -1.3927728, -0.038789943, 0.04795292
1061592590000, -1.361924, -0.023518313, 0.052839845
1061597376000, -1.3286319, -0.05009095, 0.0571159
1061602334000, -1.278541, -0.115453534, 0.076358154
1061607374000, -1.2299771, -0.20250183, 0.09285152
1061612363000, -1.1893547, -0.2764165, 0.12308934
1061618878000, -1.1575897, -0.42271876, 0.13805555
1061622268000, -1.1374311, -0.462425, 0.14660765
1061627350000, -1.1337659, -0.49663344, 0.1695151
1061632274000, -1.1307116, -0.49510628, 0.17623462
1061637368000, -1.1429288, -0.46883908, 0.1881465
1061642282000, -1.1633929, -0.4529566, 0.19883664
1061647357000, -1.16492, -0.44532076, 0.21533
1061652860000, -1.1829406, -0.45081854, 0.24617869
1061657362000, -1.2046263, -0.47647488, 0.2761111
1061662359000, -1.2235631, -0.4972443, 0.30726522
1061667340000, -1.2293663, -0.49938235, 0.34300083
1061672329000, -1.235475, -0.51251596, 0.38881573
1061677301000, -1.1979067, -0.5140431, 0.41325033
1061682315000, -1.1927143, -0.52839845, 0.45753807
1061687329000, -1.178359, -0.54336464, 0.50701815
1061692309000, -1.1539245, -0.53786683, 0.54275376
1061697316000, -1.1484267, -0.5045747, 0.56596667
1061702335000, -1.1447614, -0.464563, 0.573297
1061707376000, -1.1505647, -0.4184427, 0.55833083
1061712348000, -1.1441506, -0.3717115, 0.54305923
1061717369000, -1.1481212, -0.31123585, 0.52564955
1061722685000, -1.1688906, -0.24587326, 0.50854534
1061727332000, -1.2153164, -0.20097467, 0.50762904
1061732387000, -1.2333369, -0.19120082, 0.5164866
1061737307000, -1.2247849, -0.2284636, 0.54367006
1061742351000, -1.2021828, -0.28771752, 0.5885687
1061747287000, -1.1468995, -0.35155296, 0.6462954
1061752345000, -1.0855075, -0.42424592, 0.71837753
1061757403000, -1.0290025, -0.5039638, 0.8020661
1061762339000, -0.96577793, -0.5870415, 0.90377516
1061767337000, -0.91232723, -0.68630713, 1.0033462
1061772329000, -0.83291477, -0.72295904, 1.1053606
1061777283000, -0.7858781, -0.7874053, 1.1578951
1061782344000, -0.75900006, -0.8344419, 1.2559389
1061787264000, -0.7141015, -0.8881981, 1.3542882
1061792358000, -0.6740898, -0.93370754, 1.425454
1061797308000, -0.63194007, -0.9505063, 1.4862351
1061802333000, -0.6020077, -0.97433007, 1.5018122
1061807316000, -0.57696223, -0.95447695, 1.5057828
1061812332000, -0.5494733, -0.9275989, 1.4798211
1061818821000, -0.5561928, -0.7837401, 1.4520267
1061822330000, -0.5684101, -0.7031059, 1.459968
1061827308000, -0.5879578, -0.5510005, 1.4645494
1061832334000, -0.61636305, -0.4007276, 1.4523321
1061837348000, -0.62858033, -0.2864958, 1.4446963
1061842346000, -0.6356053, -0.12583824, 1.4526376
1061847375000, -0.6658431, -0.0067195175, 1.4569136
1061852353000, -0.64721173, 0.05955936, 1.4792101
1061857371000, -0.5870415, 0.07513642, 1.5280794
1061862331000, -0.5360342, 0.020463986, 1.5760323
1061867358000, -0.5002986, -0.108123146, 1.625207
1061872408000, -0.47800204, -0.15607607, 1.6728544
1061877324000, -0.4886922, -0.16920967, 1.6844609
1061882291000, -0.52320606, -0.18142697, 1.6963727
1061887331000, -0.5510005, -0.16646078, 1.6823229
1061892549000, -0.58276546, -0.15485434, 1.6581937
1061897363000, -0.5665775, -0.18509217, 1.5925257
1061902417000, -0.5390886, -0.21319197, 1.5406022
1061907989000, -0.5103779, -0.23090707, 1.496009
1061912615000, -0.4792238, -0.22785273, 1.4559973
1061917347000, -0.47250426, -0.17379116, 1.4370605
1061922655000, -0.50671273, -0.12156218, 1.4370605
1061927320000, -0.54519725, -0.056199603, 1.427592
1061932316000, -0.5870415, 0.027183503, 1.4220943
1061937346000, -0.6337727, 0.13316862, 1.416902
1061942404000, -0.6774496, 0.2012801, 1.4208726
1061947370000, -0.70646566, 0.19547687, 1.4153748
1061952326000, -0.7492262, 0.18936823, 1.3891076
1061957358000, -0.7669413, 0.19608775, 1.3414601
1061962391000, -0.8008443, 0.20952678, 1.3023647
1061967330000, -0.8313876, 0.26053402, 1.2675453
1061972320000, -0.8567385, 0.28955013, 1.2357804
1061977975000, -0.88117313, 0.39675698, 1.2073752
1061982325000, -0.93859446, 0.43799037, 1.2012665
1061987297000, -0.9560041, 0.52473325, 1.1826351
1061992340000, -0.9450085, 0.57726765, 1.1588113
1061997418000, -0.9419542, 0.57848936, 1.1325442
1062002360000, -0.93737274, 0.5375614, 1.1010846
1062007275000, -0.9279043, 0.47616947, 1.0677924
1062012266000, -0.92271197, 0.40042216, 1.0323622
1062018368000, -0.91446525, 0.3323107, 0.9969321
1062022233000, -0.91232723, 0.30726522, 0.95722586
1062027666000, -0.9104946, 0.29443705, 0.9224065
1062032254000, -0.8943067, 0.3210097, 0.8958339
1062037546000, -0.8677341, 0.34574974, 0.87109387
1062042258000, -0.8213083, 0.37934732, 0.8512407
1062047407000, -0.78038037, 0.3817908, 0.82863873
1062052217000, -0.73364913, 0.37048978, 0.7834347
1062057273000, -0.6814202, 0.3735441, 0.74128497
1062062266000, -0.63316184, 0.37995818, 0.68539083
1062067204000, -0.5647449, 0.3735441, 0.63163465
1062072220000, -0.5332854, 0.34880406, 0.6053675
1062077212000, -0.49113566, 0.28955013, 0.5571091
1062082241000, -0.45570546, 0.22907446, 0.505491
1062087185000, -0.40591997, 0.15057829, 0.453262
1062092233000, -0.3539964, 0.094989546, 0.3933972
1062097189000, -0.29229903, 0.04886922, 0.3549127
1062102248000, -0.22693644, -9.162979E-4, 0.31337386
1062107229000, -0.16768251, -0.040927973, 0.2764165
1062112278000, -0.1151481, -0.07513642, 0.24740042
1062117226000, -0.057421334, -0.11484267, 0.20219639
1062122245000, 0.009773844, -0.13500121, 0.18051068
1062127252000, 0.074830994, -0.15790866, 0.15149458
1062132251000, 0.13591751, -0.16187929, 0.12308934
1062137243000, 0.2098322, -0.16371189, 0.07880162
1062142240000, 0.2782491, -0.14569137, 0.032375857
1062147255000, 0.34330627, -0.13927728, -0.0076358155
1062152330000, 0.42332962, -0.12461651, -0.04153884
1062157384000, 0.5006041, -0.115453534, -0.070249505
1062162372000, 0.5580254, -0.111177474, -0.08368854
1062167428000, 0.6075055, -0.112399206, -0.089491755
1062172330000, 0.6386596, -0.1386664, -0.08277224
1062177314000, 0.6542367, -0.1469131, -0.056199603
1062182337000, 0.66767573, -0.1685988, -0.054061573
1062187333000, 0.6945538, -0.23884831, -0.065973446
1062192276000, 0.73792523, -0.33017266, -0.06658431
1062197494000, 0.79901177, -0.4266894, -0.07086037
1062202287000, 0.8512407, -0.50243664, -0.0729984
1062207393000, 0.89980453, -0.5665775, -0.08552113
1062212334000, 0.9575313, -0.6273586, -0.105068825
1062218825000, 1.0247264, -0.64721173, -0.15027285
1062222306000, 1.10139, -0.6310238, -0.16554448
1062227321000, 1.1102476, -0.589485, -0.21594086
1062232319000, 1.1163563, -0.5366451, -0.26847526
1062237333000, 1.1059716, -0.46700647, -0.32589662
1062242935000, 1.0601566, -0.40653083, -0.38240165
1062247356000, 1.0112875, -0.33353242, -0.43676865
1062252312000, 0.95356065, -0.26633725, -0.4728097
1062257393000, 0.88208944, -0.17562376, -0.4981606
1062262483000, 0.8185594, -0.086437434, -0.48930305
1062267330000, 0.7733554, -0.042455133, -0.47678033
1062272326000, 0.74220127, 0.02107485, -0.462425
1062277310000, 0.7247916, 0.06505715, -0.42760566
1062282336000, 0.72051555, 0.093462385, -0.3943135
1062287326000, 0.73853606, 0.08857546, -0.37018433
1062292908000, 0.7648033, 0.007941248, -0.33292156
1062297340000, 0.8023715, -0.10720685, -0.29016098
1062302966000, 0.8570439, -0.2144137, -0.23579398
1062307403000, 0.895223, -0.32253686, -0.20219639
1062312300000, 0.93126404, -0.40103304, -0.17623462
1062317297000, 0.9761627, -0.4392121, -0.15454891
1062322260000, 1.0027353, -0.44440445, -0.12980886
1062327318000, 1.0094548, -0.42088616, -0.115453534
1062332315000, 0.9859365, -0.37048978, -0.116675265
1062337331000, 0.9315695, -0.31306845, -0.12308934
1062342314000, 0.8894198, -0.23579398, -0.1423316
1062347353000, 0.8164214, -0.15393804, -0.16432275
1062352361000, 0.74372846, -0.06383542, -0.17806722
1062357411000, 0.68508536, 0.042455133, -0.19333886
1062362428000, 0.61391956, 0.14874569, -0.21227567
1062367333000, 0.57604593, 0.19211712, -0.23457226
1062372845000, 0.56321776, 0.32436943, -0.24862215
1062377312000, 0.5369505, 0.37782016, -0.2489276
1062382345000, 0.5342017, 0.4343252, -0.25717425
1062387333000, 0.54611355, 0.43188173, -0.27488935
1062392321000, 0.5888741, 0.4016439, -0.27458394
1062397351000, 0.6236934, 0.3549127, -0.27977628
1062402386000, 0.6444628, 0.27885997, -0.29657507
1062407353000, 0.6731735, 0.18875736, -0.3145956
1062412330000, 0.6627888, 0.10293079, -0.33383787
1062419449000, 0.6423248, 0.025350908, -0.3857614
1062422338000, 0.56138515, 0.016493361, -0.39920044
1062427301000, 0.52442783, 0.019242255, -0.43371433
1062432342000, 0.46395215, 0.054367006, -0.5018258
1062437330000, 0.3652974, 0.10140363, -0.54519725
1062442515000, 0.2864958, 0.17501289, -0.59315014
1062447330000, 0.20219639, 0.24953845, -0.6273586
1062452347000, 0.13622294, 0.3368922, -0.65148777
1062457343000, 0.07696902, 0.4269948, -0.66675943
1062462348000, 0.035430185, 0.50915617, -0.655153
1062467269000, 0.022907447, 0.5458081, -0.64721173
1062472372000, 0.035124753, 0.59559363, -0.61758476
1062477279000, 0.05222898, 0.6469063, -0.58276546
1062482383000, 0.07360926, 0.6267477, -0.5122105
1062487375000, 0.116980694, 0.53878313, -0.44837508
1062492401000, 0.16646078, 0.40744713, -0.38515055
1062497396000, 0.21319197, 0.24495697, -0.33383787
1062502359000, 0.27947086, 0.04886922, -0.301462
1062507449000, 0.35460728, -0.13103059, -0.29810223
1062512377000, 0.40317106, -0.28619036, -0.2932153
1062517365000, 0.36865717, -0.38698313, -0.28008172
1062522338000, 0.26175576, -0.42149702, -0.3005457
1062527362000, 0.05589417, -0.3921755, -0.32406402
1062532329000, -0.1966986, -0.30298916, -0.33108896
1062537328000, -0.42424592, -0.16646078, -0.30451632
1062542351000, -0.59681535, -0.03756821, -0.25625798
1062547365000, -0.6774496, 0.03940081, -0.18692477
1062552334000, -0.67103547, 0.032986723, -0.11026118
1062557330000, -0.602924, -0.029321533, -0.05222898
1062562344000, -0.49877146, -0.056505036, 0.006414085
1062567344000, -0.37201694, -0.10323623, 0.025961773
1062572334000, -0.30634892, -0.13103059, 0.07544186
1062577357000, -0.15210545, -0.09865474, 0.11453723
1062582312000, 0.01740966, -0.057726767, 0.15607607
1062587355000, 0.18112154, -0.039095376, 0.1881465
1062592302000, 0.3203988, -0.0125227375, 0.20861048
1062597459000, 0.43951756, 0.0106901415, 0.226631
1062602308000, 0.4908302, 0.04550946, 0.24251351
1062607376000, 0.5021312, 0.07788532, 0.2519819
1062612298000, 0.47250426, 0.09285152, 0.2415972
1062618753000, 0.4089743, 0.06963864, 0.20586158
1062622265000, 0.30390546, 0.021991149, 0.18509217
1062628086000, 0.2724459, -0.027183503, 0.1432479
1062632277000, 0.22571471, -0.04520403, 0.08735373
1062637368000, 0.17898351, -0.044593163, 0.028405234
1062642311000, 0.13072516, -0.037873644, -0.026267206
1062647381000, 0.087659165, -0.0580322, -0.069027774
1062652338000, 0.08827003, -0.09987647, -0.11636983
1062657397000, 0.07880162, -0.15271631, -0.16218472
1062662836000, 0.06261369, -0.22693644, -0.19853121
1062667343000, 0.069027774, -0.27458394, -0.21655174
1062672265000, 0.06963864, -0.36743546, -0.2452624
1062677315000, 0.09896017, -0.45540005, -0.26542094
1062682308000, 0.11881329, -0.54336464, -0.29016098
1062687334000, 0.14630222, -0.62888575, -0.32345316
1062692313000, 0.1863139, -0.6933321, -0.34697145
1062697892000, 0.19639318, -0.743423, -0.36774087
1062702373000, 0.2098322, -0.768163, -0.37293324
1062707332000, 0.21685717, -0.77824235, -0.36010507
1062712345000, 0.22937989, -0.81214535, -0.33964106
1062717335000, 0.23457226, -0.8063421, -0.30879238
1062722332000, 0.24251351, -0.7797695, -0.27458394
1062727309000, 0.22968534, -0.7357872, -0.25411993
1062732339000, 0.19028452, -0.68325275, -0.23182335
1062737331000, 0.16218472, -0.6151413, -0.20097467
1062742311000, 0.10354166, -0.5885687, -0.18234327
1062747339000, 0.06505715, -0.5946773, -0.15118915
1062752333000, 0.028405234, -0.6096435, -0.11636983
1062757335000, -0.002443461, -0.64476824, -0.08124508
1062762353000, -0.02107485, -0.6579019, -0.06536258
1062767575000, -0.027794369, -0.6957755, -0.059253927
1062772325000, -0.03634648, -0.7147123, -0.06719518
1062777341000, -0.043982297, -0.70371675, -0.09010262
1062782340000, -0.053450707, -0.68691796, -0.1133155
1062787531000, -0.0571159, -0.6957755, -0.13408493
1062792313000, -0.0720821, -0.7107417, -0.1740966
1062797450000, -0.08827003, -0.72021013, -0.2134974
1062802332000, -0.100792766, -0.70616025, -0.24770586
1062807311000, -0.12492194, -0.68386364, -0.2733622
1062812353000, -0.15790866, -0.6377433, -0.3136793
1062818845000, -0.18203785, -0.59589905, -0.34422258
1062822332000, -0.23304509, -0.5516113, -0.3576616
1062827314000, -0.25045475, -0.47067168, -0.37140608
1062832334000, -0.2938262, -0.38423425, -0.38515055
1062837334000, -0.33658674, -0.2950479, -0.37568212
1062842305000, -0.39920044, -0.2003638, -0.36468655
1062847346000, -0.44409904, -0.10567969, -0.35308012
1062852332000, -0.49877146, -0.0143553335, -0.33261612
1062857323000, -0.5305365, 0.03756821, -0.2996294
1062862335000, -0.5647449, 0.13194689, -0.28008172
1062867334000, -0.58551437, 0.21991149, -0.24556783
1062872329000, -0.6160576, 0.31581733, -0.21533
1062877318000, -0.6365216, 0.39614612, -0.1777618
1062882334000, -0.6450737, 0.45112398, -0.14569137
1062887332000, -0.65668017, 0.5006041, -0.0729984
1062892301000, -0.6453791, 0.56779927, -0.008552114
1062897367000, -0.64599, 0.64812803, 0.035430185
1062902273000, -0.6426302, 0.7312057, 0.08827003
1062907327000, -0.6780604, 0.81489426, 0.122783914
1062912301000, -0.68600166, 0.8943067, 0.16126843
1062917366000, -0.70157874, 0.97005403, 0.18478674
1062922262000, -0.7150178, 1.0149527, 0.19730948
1062927316000, -0.6945538, 1.0247264, 0.2134974
1062932268000, -0.66767573, 0.98837996, 0.21380283
1062937328000, -0.6450737, 0.8793405, 0.22327125
1062942306000, -0.61483586, 0.7370089, 0.23945917
1062947406000, -0.5757405, 0.56596667, 0.26511553
1062952842000, -0.5342017, 0.40225476, 0.28955013
1062957339000, -0.49235737, 0.32406402, 0.3359759
1062962431000, -0.47036624, 0.17501289, 0.37048978
1062967335000, -0.408058, 0.040927973, 0.38820487
1062972346000, -0.34666604, -0.064751714, 0.41630468
1062977313000, -0.2770274, -0.17562376, 0.43188173
1062982327000, -0.2125811, -0.26511553, 0.44990227
1062987336000, -0.16065755, -0.32925636, 0.46914452
1062992296000, -0.12339478, -0.37751472, 0.47647488
1062997372000, -0.106595986, -0.4370741, 0.48166725
1063002319000, -0.094989546, -0.47647488, 0.49021935
1063007339000, -0.10354166, -0.5112942, 0.50671273
1063012344000, -0.11636983, -0.5335908, 0.5137377
1063018779000, -0.100792766, -0.5158757, 0.5183192
1063022965000, -0.115453534, -0.4981606, 0.5149594
1063027316000, -0.122478485, -0.46303585, 0.5235115
1063032685000, -0.16035213, -0.41538838, 0.51251596
1063037328000, -0.21624629, -0.35369098, 0.48624873
1063042283000, -0.27550024, -0.29535335, 0.4633413
1063047355000, -0.33292156, -0.22449298, 0.44684792
1063052279000, -0.3924809, -0.19975294, 0.42943826
1063057327000, -0.4089743, -0.14446963, 0.39400807
1063062312000, -0.41416663, -0.08735373, 0.36835176
1063067326000, -0.42119157, -0.0018325958, 0.3173445
1063072271000, -0.43951756, 0.112704635, 0.27183503
1063077312000, -0.46731192, 0.23090707, 0.23518312
1063082365000, -0.47983465, 0.28130344, 0.16737708
1063087328000, -0.46731192, 0.27947086, 0.10048734
1063092690000, -0.453262, 0.2602286, 0.029321533
1063097345000, -0.46578476, 0.19822577, -0.028710667
1063102333000, -0.4642576, 0.12308934, -0.074830994
1063107338000, -0.4718934, 0.045814894, -0.10354166
1063112434000, -0.46670106, -0.038789943, -0.122783914
1063117430000, -0.45081854, -0.15057829, -0.14721853
1063122333000, -0.4269948, -0.24709499, -0.15668693
1063127305000, -0.3659083, -0.30757064, -0.16371189
1063132341000, -0.30451632, -0.2938262, -0.16187929
1063137330000, -0.25870144, -0.21227567, -0.18448131
1063142308000, -0.22174409, -0.124005646, -0.20463985
1063147341000, -0.18112154, -0.0720821, -0.22418754
1063152332000, -0.14263703, -0.046120327, -0.23090707
1063157346000, -0.105068825, -0.022907447, -0.23182335
1063162369000, -0.09162979, 0.019547688, -0.22815818
1063167383000, -0.07147124, 0.076052725, -0.22418754
1063172329000, -0.063224554, 0.10140363, -0.20647246
1063177313000, -0.081855945, 0.0711658, -0.19120082
1063182343000, -0.07666359, 0.051923547, -0.17501289
1063187288000, -0.0983493, 0.02565634, -0.18295415
1063192321000, -0.101098195, 0.0070249503, -0.17654006
1063197358000, -0.099265605, -0.02107485, -0.18997909
1063202329000, -0.089186326, -0.036957346, -0.17501289
1063207293000, -0.08460484, -0.043676864, -0.15515977
1063212455000, -0.1020145, -0.04153884, -0.1459968
1063218717000, -0.118507855, -0.029932396, -0.13041973
1063222335000, -0.12339478, -0.025961773, -0.119729586
1063227510000, -0.13347405, -0.024740042, -0.10903945
1063232341000, -0.15057829, -0.038789943, -0.09193522
1063237573000, -0.15515977, -0.07238753, -0.07086037
1063242415000, -0.14660765, -0.09560041, -0.06291912
1063247368000, -0.14080444, -0.122478485, -0.058337633
1063252329000, -0.116675265, -0.1423316, -0.047647487
1063257305000, -0.1142318, -0.17654006, -0.038789943
1063262440000, -0.09101892, -0.22479841, -0.028405234
1063267414000, -0.047647487, -0.28527406, -0.009162978
1063272328000, -6.1086525E-4, -0.3313944, -0.004276057
1063277979000, 0.033292156, -0.36377025, 0.008246681
1063282332000, 0.08246681, -0.37140608, 0.02076942
1063287329000, 0.121256754, -0.376293, 0.024129177
1063292300000, 0.16035213, -0.3717115, 0.025045475
1063297353000, 0.19547687, -0.3894266, 0.014966198
1063302296000, 0.22174409, -0.38148534, 0.0015271631
1063307348000, 0.24862215, -0.36285394, -0.019547688
1063312438000, 0.25778514, -0.3295618, -0.04917465
1063317337000, 0.25350907, -0.28985557, -0.08857546
1063322264000, 0.22418754, -0.22876903, -0.12889257
1063327323000, 0.1872302, -0.16401732, -0.16340645
1063332308000, 0.160963, -0.09773844, -0.20250183
1063337333000, 0.129198, -0.028405234, -0.23396139
1063342678000, 0.08032878, 0.03359759, -0.25778514
1063347372000, 0.03390302, 0.09407325, -0.28924468
1063352323000, -0.028405234, 0.118507855, -0.3173445
1063357352000, -0.048563786, 0.15149458, -0.33414328
1063362419000, -0.09896017, 0.16279559, -0.36071593
1063367425000, -0.13652839, 0.15790866, -0.38453966
1063372323000, -0.15577064, 0.14844026, -0.40469822
1063377317000, -0.19425514, 0.1441642, -0.41416663
1063382340000, -0.23151793, 0.12003502, -0.4196644
1063387327000, -0.24312437, 0.07727446, -0.42485678
1063392309000, -0.2593123, 0.034513887, -0.41996986
1063397333000, -0.24831672, 0.01038471, -0.41050145
1063402336000, -0.23243423, -0.013133603, -0.39828414
1063407333000, -0.19853121, -0.029932396, -0.39584067
1063412399000, -0.18936823, -0.03359759, -0.3915646
1063419401000, -0.1740966, -0.029626964, -0.39278635
1063422326000, -0.17012598, -0.03359759, -0.3912592
1063427303000, -0.16218472, -0.023823744, -0.38545597
1063432340000, -0.1731803, -0.002443461, -0.38423425
1063437328000, -0.18081611, 0.020463986, -0.3857614
1063442314000, -0.21074851, 0.045814894, -0.38087448
1063447384000, -0.20372356, 0.08002335, -0.37598756
1063452334000, -0.20891592, 0.09132435, -0.3717115
1063457347000, -0.21319197, 0.121256754, -0.3717115
1063462416000, -0.21288654, 0.15515977, -0.37201694
1063467373000, -0.2125811, 0.17104226, -0.37659842
1063472332000, -0.20799962, 0.16798794, -0.37048978
1063477272000, -0.21074851, 0.16187929, -0.36377025
1063482345000, -0.20647246, 0.15088372, -0.3707952
1063487330000, -0.19364429, 0.13927728, -0.36560285
1063492359000, -0.17959438, 0.13164146, -0.37048978
1063497385000, -0.17470746, 0.11728613, -0.38881573
1063502333000, -0.16615535, 0.108123146, -0.40591997
1063507350000, -0.15668693, 0.1020145, -0.40561453
1063512372000, -0.12767084, 0.0983493, -0.40408736
1063517560000, -0.106901415, 0.09773844, -0.39675698
1063522310000, -0.10048734, 0.1001819, -0.39920044
1063527304000, -0.09315695, 0.106595986, -0.3943135
1063532308000, -0.083383106, 0.11148291, -0.37873647
1063537281000, -0.07941248, 0.09254608, -0.36163223
1063542335000, -0.0711658, 0.08368854, -0.3368922
1063547383000, -0.06383542, 0.06261369, -0.3203988
1063552337000, -0.059253927, 0.040927973, -0.3042109
1063557355000, -0.046731193, 0.038789943, -0.27122417
1063562328000, -0.03726278, 0.01038471, -0.24831672
1063567470000, -0.005192355, 0.0061086523, -0.2125811
1063572329000, -0.005192355, -0.006414085, -0.17928895
1063577319000, 0.04550946, -0.022296581, -0.13164146
1063582332000, 0.061086524, -0.033292156, -0.093462385
1063587317000, 0.092240654, -0.049480084, -0.055588737
1063592325000, 0.12675454, -0.071776666, -0.01160644
1063597366000, 0.15424347, -0.08460484, 0.0290161
1063602287000, 0.1853976, -0.106595986, 0.063224554
1063607351000, 0.21777347, -0.11575896, 0.10476339
1063612343000, 0.23884831, -0.111177474, 0.1441642
1063618825000, 0.23182335, -0.10323623, 0.16829337
1063622289000, 0.23854288, -0.087964594, 0.20005837
1063627324000, 0.2434298, -0.08552113, 0.21868975
1063632343000, 0.24923302, -0.07513642, 0.2434298
1063637330000, 0.24801129, -0.09010262, 0.25411993
1063642312000, 0.2657264, -0.099571034, 0.25961772
1063647363000, 0.26419923, -0.101098195, 0.27458394
1063652334000, 0.25717425, -0.11453723, 0.27580565
1063657352000, 0.26175576, -0.110872045, 0.2843578
1063662350000, 0.2507602, -0.13469578, 0.27672195
1063667327000, 0.26053402, -0.13103059, 0.27305678
1063672328000, 0.24923302, -0.13927728, 0.26816985
1063677306000, 0.23671028, -0.14813483, 0.24709499
1063682338000, 0.2275473, -0.14355333, 0.23915374
1063687324000, 0.20280726, -0.14477506, 0.22907446
1063692313000, 0.19028452, -0.14721853, 0.21624629
1063697337000, 0.17379116, -0.15118915, 0.19975294
1063702333000, 0.15149458, -0.15577064, 0.1957823
1063707336000, 0.13194689, -0.15974127, 0.18112154
1063712351000, 0.099265605, -0.16920967, 0.16707164
1063717327000, 0.08155051, -0.16737708, 0.14905111
1063722331000, 0.07727446, -0.1518, 0.14446963
1063727299000, 0.053450707, -0.13530666, 0.13072516
1063732343000, 0.036651913, -0.13103059, 0.12644911
1063737326000, 0.018936822, -0.116675265, 0.110872045
1063742304000, 0.011301007, -0.0983493, 0.105068825
1063747380000, -0.0067195175, -0.0693332, 0.10048734
1063752332000, -0.018936822, -0.029321533, 0.099571034
1063757349000, -0.044898596, 0.00580322, 0.093767814
1063762356000, -0.06078109, 0.027794369, 0.09407325
1063767327000, -0.09621128, 0.035124753, 0.09193522
1063772330000, -0.12705997, 0.038789943, 0.095294975
1063777285000, -0.14844026, 0.039095376, 0.09987647
1063782335000, -0.17195857, 0.05681047, 0.10842858
1063787269000, -0.1853976, 0.083383106, 0.11209377
1063792306000, -0.20525073, 0.09315695, 0.11789699
1063797361000, -0.20158553, 0.122783914, 0.11026118
1063802333000, -0.20769419, 0.15241088, 0.10262536
1063807286000, -0.2012801, 0.18753563, 0.09712757
1063812360000, -0.18325958, 0.20922135, 0.087964594
1063818817000, -0.17195857, 0.22143865, 0.07941248
1063822328000, -0.15485434, 0.23182335, 0.073303826
1063827289000, -0.13500121, 0.23762658, 0.06261369
1063832333000, -0.112399206, 0.23518312, 0.064446285
1063837260000, -0.087964594, 0.2284636, 0.06414085
1063842311000, -0.07391469, 0.21594086, 0.05681047
1063847326000, -0.054061573, 0.2003638, 0.054061573
1063852331000, -0.0421497, 0.18203785, 0.051923547
1063857258000, -0.03176499, 0.1414153, 0.045814894
1063862348000, -0.014660766, 0.112399206, 0.042455133
1063867267000, -0.007941248, 0.07941248, 0.03604105
1063872326000, -0.007941248, 0.0571159, 0.032070424
1063877280000, 0.010995574, 0.04062254, 0.027794369
1063882340000, 0.009468411, 0.01160644, 0.02443461
1063887304000, 0.0036651916, -0.01160644, 0.017104227
1063892309000, -0.004581489, -0.041233405, -0.0018325958
1063897381000, -0.003970624, -0.045814894, -3.0543262E-4
1063902332000, -0.014049901, -0.057726767, -0.009773844
1063907310000, -0.018020526, -0.07269296, -0.016187929
1063912339000, -0.01282817, -0.07269296, -0.019242255
1063917328000, -0.01160644, -0.094989546, -0.022907447
1063922327000, -9.162979E-4, -0.093462385, -0.023518313
1063927325000, -0.0012217305, -0.0870483, -0.019242255
1063932338000, 0.0061086523, -0.10354166, -0.028405234
1063937348000, 0.017715093, -0.10629055, -0.02565634
1063942305000, 0.018325957, -0.10415252, -0.022907447
1063947393000, 0.02076942, -0.10354166, -0.027488936
1063952329000, 0.029321533, -0.10293079, -0.03634648
1063957376000, 0.03573562, -0.09682214, -0.04062254
1063962337000, 0.036651913, -0.09682214, -0.04153884
1063967330000, 0.042455133, -0.086132, -0.04520403
1063972329000, 0.04734206, -0.08246681, -0.046731193
1063977320000, 0.026572637, -0.08124508, -0.044898596
1063982338000, 0.01282817, -0.07422013, -0.048258353
1063987325000, 0.011911872, -0.07269296, -0.058337633
1063992299000, 0.0012217305, -0.076358154, -0.073303826
1063997387000, -0.019242255, -0.076358154, -0.074830994
1064002331000, -0.022602014, -0.07696902, -0.07727446
1064007378000, -0.043676864, -0.07819075, -0.07788532
1064012345000, -0.053450707, -0.076052725, -0.07971791
1064018879000, -0.05955936, -0.06994407, -0.08277224
1064022327000, -0.07880162, -0.07696902, -0.08735373
1064027309000, -0.08857546, -0.07544186, -0.09010262
1064032334000, -0.10476339, -0.07360926, -0.08093964
1064037326000, -0.12034045, -0.06811147, -0.07788532
1064042281000, -0.13255776, -0.06719518, -0.07391469
1064047410000, -0.13133603, -0.060170226, -0.07391469
1064052329000, -0.13500121, -0.04062254, -0.064751714
1064057380000, -0.13897185, -0.019242255, -0.055283304
1064062419000, -0.13927728, -0.010079277, -0.050396383
1064067403000, -0.13500121, 0.007330383, -0.03634648
1064072321000, -0.13805555, 0.02107485, -0.030848695
1064077308000, -0.12034045, 0.03023783, -0.02321288
1064082320000, -0.12095132, 0.04917465, -0.017715093
1064087326000, -0.10567969, 0.064751714, -0.011911872
1064092306000, -0.09590584, 0.0711658, -0.01160644
1064097394000, -0.09132435, 0.07666359, -0.013439035
1064102261000, -0.08368854, 0.08368854, -0.013439035
1064107351000, -0.07086037, 0.07391469, -0.010995574
1064112302000, -0.056199603, 0.076052725, -0.018020526
1064117335000, -0.057421334, 0.059253927, -0.018325957
1064122276000, -0.048563786, 0.03634648, -0.023518313
1064127313000, -0.05131268, 0.023823744, -0.021380283
1064132289000, -0.038789943, 0.014660766, -0.024740042
1064137326000, -0.026572637, 0.004886922, -0.03359759
1064142676000, -0.0290161, -0.007330383, -0.031154128
1064147363000, -0.022602014, -0.0106901415, -0.03848451
1064152497000, -0.016187929, -0.01282817, -0.04184427
1064157350000, -0.004581489, -0.02321288, -0.05131268
1064162693000, -0.015271631, -0.028710667, -0.047036625
1064167333000, -0.011911872, -0.027488936, -0.04550946
1064172677000, -0.017104227, -0.039095376, -0.032375857
1064177308000, -0.022907447, -0.040317107, -0.03848451
1064182333000, -0.019547688, -0.043982297, -0.028710667
1064187327000, -0.02565634, -0.04337143, -0.025045475
1064192286000, -0.0143553335, -0.034513887, -0.019242255
1064197367000, -0.010079277, -0.026267206, -0.02076942
1064202267000, -0.007941248, -0.0143553335, -0.01282817
1064207416000, -0.008857546, -0.0012217305, -0.008857546
1064212319000, -0.009162978, 0.0070249503, 0.00580322
1064218843000, 0.0018325958, 0.0125227375, 0.011301007
1064222327000, -0.0030543262, 0.026267206, 0.021991149
1064227312000, -0.0027488936, 0.028710667, 0.025961773
1064232338000, 0.0033597588, 0.0290161, 0.028710667
1064237328000, 0.003970624, 0.029321533, 0.03940081
1064242313000, 0.007941248, 0.0125227375, 0.038179077
1064247336000, 0.007941248, 0.0076358155, 0.044898596
1064252333000, 0.015271631, 0.0030543262, 0.05375614
1064257323000, 0.01038471, 0.008246681, 0.059864793
1064262457000, 0.008552114, -0.0067195175, 0.06994407
1064267326000, 0.014966198, -0.010995574, 0.08002335
1064272328000, 0.005497787, -0.017715093, 0.07727446
1064277304000, 0.004276057, -0.015882496, 0.08552113
1064282336000, 0.004276057, -0.016798794, 0.0870483
1064287325000, 0.005497787, -0.017715093, 0.089491755
1064292300000, 0.004276057, -0.016493361, 0.087964594
1064297330000, -0.00580322, -0.013439035, 0.09254608
1064302364000, 0.0027488936, -0.0143553335, 0.1020145
1064307383000, 0.004276057, -0.0030543262, 0.10140363
1064312342000, 0.004276057, 0.010995574, 0.10873401
1064317329000, -0.0125227375, 0.0143553335, 0.10140363
1064322328000, -0.014660766, 0.01038471, 0.10415252
1064327300000, -0.008246681, 0.010079277, 0.09315695
1064332339000, -0.010079277, 0.021380283, 0.10445796
1064337328000, -0.016798794, 0.02443461, 0.10415252
1064342310000, -0.02107485, 0.02076942, 0.0983493
1064347319000, -0.016493361, 0.016798794, 0.08674286
1064352334000, -0.013439035, 0.022602014, 0.08460484
1064357330000, -0.019242255, 0.013133603, 0.08093964
1064362346000, -0.022296581, 0.007941248, 0.074830994
1064367310000, -0.021685716, -0.0027488936, 0.06994407
1064372325000, -0.0143553335, 0.0027488936, 0.056505036
1064377290000, -0.0143553335, 0.0018325958, 0.042760566
1064382342000, -0.0076358155, 0.0143553335, 0.02687807
1064387260000, -0.008857546, 0.01740966, 0.02321288
1064392313000, -0.016798794, 0.008552114, 0.014049901
1064397368000, -0.009773844, 0.0067195175, 0.0033597588
1064402331000, -0.007941248, 0.0067195175, -0.0076358155
1064407258000, -0.009773844, 0.0027488936, -0.011911872
1064412331000, -0.0125227375, -0.006414085, -0.017104227
1064418810000, -0.027183503, -0.014966198, -0.01985312
1064422323000, -0.023823744, -0.015271631, -0.027488936
1064427284000, -0.03268129, -0.024129177, -0.032375857
1064432342000, -0.039095376, -0.027183503, -0.040317107
1064437263000, -0.03573562, -0.022907447, -0.042760566
1064442306000, -0.036651913, -0.020158553, -0.043066
1064447401000, -0.040011674, -0.022907447, -0.05009095
1064452317000, -0.04520403, -0.025350908, -0.04520403
1064457290000, -0.04642576, -0.021991149, -0.048258353
1064462389000, -0.054061573, -0.015882496, -0.043982297
1064467317000, -0.053450707, -0.009162978, -0.048563786
1064472313000, -0.043676864, 0.0015271631, -0.04428773
1064477317000, -0.040927973, 0.007330383, -0.048258353
1064482337000, -0.047036625, 0.009468411, -0.04337143
1064487340000, -0.048258353, 0.01282817, -0.04428773
1064492313000, -0.035430185, 0.0143553335, -0.04734206
1064497351000, -0.019547688, 0.017104227, -0.045814894
1064502331000, -0.029626964, 0.015577064, -0.039095376
