#Rate of rotation around the x y z axes (Angular velocity).
#timestamp(ns),x,y,z(rad/s)
#Datetime: 29/04/2015 14:20:23
##########################################
#Activity: 8 - CSI - Car-Step in - 6s
#Subject ID: 46
#First Name: sub46
#Last Name: sub46
#Age: 23
#Height(cm): 175
#Weight(kg): 68
#Gender: Female
##########################################

@DATA
664214013000, -0.07941248, 0.030543262, 0.013133603
664218310000, -0.0888809, 0.043676864, 0.023518313
664223261000, -0.09254608, 0.04184427, 0.024129177
664228338000, -0.10170906, 0.035430185, 0.030543262
664233325000, -0.105068825, 0.032986723, 0.0290161
664238315000, -0.11636983, 0.03176499, 0.03726278
664243346000, -0.12064589, 0.03359759, 0.040927973
664248324000, -0.12736541, 0.03573562, 0.043982297
664253306000, -0.1301143, 0.030848695, 0.04795292
664258292000, -0.14202617, 0.036651913, 0.05375614
664263329000, -0.14538592, 0.030848695, 0.04886922
664268307000, -0.15118915, 0.032070424, 0.058643065
664273298000, -0.1469131, 0.03023783, 0.061391957
664278318000, -0.14538592, 0.027488936, 0.0711658
664284064000, -0.15088372, 0.03634648, 0.06505715
664288314000, -0.15210545, 0.03940081, 0.0711658
664293415000, -0.14569137, 0.026267206, 0.07666359
664298416000, -0.14874569, 0.028405234, 0.07574729
664303309000, -0.15057829, 0.029932396, 0.07971791
664308301000, -0.14569137, 0.034513887, 0.07360926
664313320000, -0.14355333, 0.035430185, 0.0729984
664318310000, -0.1441642, 0.026572637, 0.06780604
664323293000, -0.14752395, 0.015271631, 0.069027774
664328366000, -0.14477506, 0.015271631, 0.069027774
664333311000, -0.1469131, 0.01160644, 0.062308256
664338324000, -0.15057829, 0.0143553335, 0.05681047
664343338000, -0.13744467, 0.0143553335, 0.056505036
664348293000, -0.13927728, -0.008552114, 0.045814894
664353425000, -0.14263703, -0.022296581, 0.045814894
664358315000, -0.14049901, -0.024740042, 0.036651913
664363321000, -0.13988814, -0.03848451, 0.03970624
664368311000, -0.1255328, -0.04520403, 0.03573562
664373286000, -0.1160644, -0.042455133, 0.03970624
664378310000, -0.112399206, -0.054367006, 0.03726278
664383388000, -0.102319926, -0.06383542, 0.029321533
664388339000, -0.11178834, -0.06963864, 0.033292156
664393414000, -0.102319926, -0.067500606, 0.026572637
664398353000, -0.099571034, -0.07666359, 0.032375857
664403322000, -0.08857546, -0.08979719, 0.025961773
664408309000, -0.086132, -0.089491755, 0.031154128
664413319000, -0.08368854, -0.08368854, 0.029626964
664418302000, -0.08032878, -0.087659165, 0.02687807
664423506000, -0.0720821, -0.0870483, 0.032986723
664428430000, -0.05955936, -0.09682214, 0.031154128
664433430000, -0.055588737, -0.111177474, 0.036651913
664438352000, -0.040927973, -0.11636983, 0.03573562
664443382000, -0.043676864, -0.12217305, 0.034513887
664448380000, -0.04062254, -0.11911872, 0.032986723
664453309000, -0.032070424, -0.11942416, 0.032070424
664458309000, -0.030543262, -0.1142318, 0.03604105
664463318000, -0.02321288, -0.11301007, 0.032070424
664468311000, -0.024129177, -0.11178834, 0.025961773
664473291000, -0.013439035, -0.12034045, 0.0290161
664478320000, -0.022296581, -0.113926366, 0.029932396
664483306000, -0.019547688, -0.11575896, 0.027488936
664488334000, -0.01863139, -0.112704635, 0.024129177
664493398000, -0.008552114, -0.105374254, 0.019242255
664498324000, -0.0021380284, -0.10781772, 0.020463986
664503314000, -0.020158553, -0.10415252, 0.01863139
664508310000, -0.01038471, -0.096516706, 0.011301007
664513325000, -0.00580322, -0.09865474, 0.0033597588
664518321000, 3.0543262E-4, -0.0888809, -0.0012217305
664523296000, -6.1086525E-4, -0.087964594, -0.0021380284
664528289000, 0.005497787, -0.087659165, -0.004886922
664533312000, 0.010995574, -0.08827003, -0.018936822
664539091000, 0.020463986, -0.077579886, -0.0290161
664543393000, 0.03023783, -0.07147124, -0.042455133
664548340000, 0.03848451, -0.07422013, -0.053145275
664553312000, 0.061391957, -0.070554934, -0.061391957
664558299000, 0.0720821, -0.093462385, -0.064446285
664563295000, 0.076358154, -0.11148291, -0.064751714
664568307000, 0.08124508, -0.13041973, -0.06872234
664573291000, 0.102319926, -0.13561209, -0.07880162
664578314000, 0.10720685, -0.13683382, -0.084910266
664583341000, 0.10445796, -0.14019357, -0.0888809
664588391000, 0.09773844, -0.14355333, -0.09468412
664593422000, 0.11636983, -0.13805555, -0.09193522
664598422000, 0.12675454, -0.12980886, -0.094989546
664603321000, 0.15393804, -0.12339478, -0.09132435
664609056000, 0.16310102, -0.13316862, -0.090713486
664613320000, 0.16829337, -0.1563815, -0.08857546
664618309000, 0.18753563, -0.18020524, -0.08307768
664623291000, 0.1966986, -0.183565, -0.07819075
664628320000, 0.21502456, -0.18906279, -0.07269296
664633316000, 0.226631, -0.17745635, -0.073303826
664638328000, 0.22693644, -0.18509217, -0.07574729
664643424000, 0.23518312, -0.19547687, -0.07880162
664648349000, 0.23701571, -0.23609942, -0.09468412
664653313000, 0.25625798, -0.25503623, -0.09712757
664658299000, 0.26389378, -0.30695978, -0.11209377
664663315000, 0.267559, -0.35735616, -0.12217305
664668346000, 0.27091873, -0.39736784, -0.13622294
664673339000, 0.2864958, -0.4288274, -0.15332718
664678913000, 0.28680122, -0.43554693, -0.17195857
664683349000, 0.2864958, -0.4465425, -0.16707164
664688336000, 0.2941316, -0.44532076, -0.17592919
664693410000, 0.2742785, -0.4098906, -0.19333886
664698330000, 0.2669481, -0.37873647, -0.17745635
664703325000, 0.2434298, -0.3454443, -0.160963
664708302000, 0.24709499, -0.310625, -0.13897185
664713319000, 0.24190263, -0.27397305, -0.13530666
664718310000, 0.2302962, -0.2312125, -0.12217305
664723288000, 0.21074851, -0.20555615, -0.105374254
664728301000, 0.20311269, -0.18661933, -0.09254608
664733312000, 0.19792034, -0.16065755, -0.0842994
664738289000, 0.20219639, -0.12217305, -0.07238753
664743445000, 0.18661933, -0.10873401, -0.065973446
664748650000, 0.1853976, -0.12156218, -0.07086037
664753325000, 0.17898351, -0.1282817, -0.07238753
664758311000, 0.1826487, -0.11178834, -0.061086524
664763320000, 0.20525073, -0.1142318, -0.06780604
664768334000, 0.22357668, -0.13255776, -0.06841691
664773289000, 0.22724187, -0.15699236, -0.07727446
664778350000, 0.21868975, -0.19333886, -0.093462385
664783313000, 0.20708331, -0.21319197, -0.10720685
664788315000, 0.19914207, -0.22602014, -0.106595986
664793413000, 0.2012801, -0.23884831, -0.10842858
664798344000, 0.1853976, -0.2648101, -0.115453534
664803327000, 0.16890424, -0.28313604, -0.10934488
664808322000, 0.17195857, -0.2883284, -0.10354166
664813318000, 0.17837265, -0.31429017, -0.10567969
664818310000, 0.19822577, -0.31429017, -0.09315695
664823282000, 0.21105394, -0.31612277, -0.080634214
664828351000, 0.21502456, -0.31337386, -0.082161374
664833346000, 0.20555615, -0.31978795, -0.083383106
664838358000, 0.17684549, -0.3051272, -0.07513642
664843389000, 0.13652839, -0.31123585, -0.08368854
664848340000, 0.095294975, -0.3051272, -0.07880162
664853315000, 0.06505715, -0.29077184, -0.076358154
664858316000, 0.015882496, -0.30482176, -0.08246681
664864105000, -0.021380283, -0.30940324, -0.076052725
664868317000, -0.058643065, -0.32436943, -0.082161374
664873283000, -0.0870483, -0.34574974, -0.07788532
664878312000, -0.0870483, -0.37140608, -0.07452556
664883345000, -0.0983493, -0.42058071, -0.082161374
664888376000, -0.10476339, -0.44501534, -0.10598512
664893405000, -0.07788532, -0.48288897, -0.112399206
664898472000, -0.049480084, -0.5491679, -0.13500121
664903379000, -0.01038471, -0.58551437, -0.15424347
664908329000, 0.03268129, -0.61269784, -0.18600847
664913360000, 0.09468412, -0.6389651, -0.22143865
664918340000, 0.1282817, -0.6591236, -0.28130344
664923311000, 0.16279559, -0.6747007, -0.35155296
664928408000, 0.20677789, -0.6945538, -0.42852196
664934125000, 0.20280726, -0.6814202, -0.48716503
664938385000, 0.19517145, -0.6789767, -0.54305923
664943363000, 0.1966986, -0.6545421, -0.61117065
664948352000, 0.19333886, -0.6762278, -0.65179324
664953346000, 0.17012598, -0.7174612, -0.7076874
664958333000, 0.13561209, -0.72082096, -0.7443393
664963309000, 0.116980694, -0.72601336, -0.7528914
664968351000, 0.118202426, -0.76052725, -0.7473936
664973319000, 0.11636983, -0.75502944, -0.7483099
664978344000, 0.12644911, -0.64873886, -0.74067414
664983340000, 0.096516706, -0.5403103, -0.74006325
664988337000, 0.034513887, -0.61391956, -0.74464476
664993318000, 0.017104227, -0.7107417, -0.73761976
664998313000, 0.011911872, -0.852157, -0.71837753
665004021000, 0.03573562, -0.8762862, -0.70280045
665008335000, 0.06658431, -0.84329945, -0.6569856
665013319000, 0.1133155, -0.7360926, -0.61483586
665018264000, 0.10934488, -0.7107417, -0.589485
665023216000, 0.12522738, -0.7672467, -0.57726765
665028258000, 0.14263703, -0.8729264, -0.5867361
665033211000, 0.15027285, -0.8753699, -0.5674938
665038238000, 0.17379116, -0.82711154, -0.52748215
665043216000, 0.14874569, -0.74372846, -0.52198434
665048252000, 0.14385876, -0.7651087, -0.5305365
665053183000, 0.14844026, -0.84757555, -0.548557
665058296000, 0.14874569, -0.9315695, -0.5531385
665063268000, 0.17989981, -0.8891144, -0.5225952
665068312000, 0.19517145, -0.7825184, -0.49480084
665073520000, 0.2171626, -0.81183994, -0.49205196
665078317000, 0.25625798, -0.8903361, -0.50701815
665083245000, 0.26358834, -0.9764681, -0.51893
665088334000, 0.26389378, -0.9456194, -0.50762904
665093340000, 0.26328292, -0.8509353, -0.50762904
665098318000, 0.226631, -0.6979135, -0.46700647
665103318000, 0.19517145, -0.66920286, -0.46028697
665108330000, 0.160963, -0.7104363, -0.47128254
665113344000, 0.13408493, -0.6771441, -0.45906523
665118344000, 0.119729586, -0.56382865, -0.4260785
665123322000, 0.09590584, -0.38820487, -0.39400807
665128409000, 0.06047566, -0.37568212, -0.38026363
665133350000, 0.06688975, -0.34238997, -0.36774087
665138346000, 0.083383106, -0.37934732, -0.3539964
665143419000, 0.12980886, -0.37812558, -0.3387248
665148357000, 0.16035213, -0.408058, -0.33841935
665153356000, 0.16157386, -0.4343252, -0.34483343
665158337000, 0.17256944, -0.40622538, -0.3585779
665163374000, 0.16676621, -0.28099802, -0.37323865
665168307000, 0.17256944, -0.3417791, -0.42271876
665173325000, 0.21044308, -0.31490102, -0.4447099
665178411000, 0.23793201, -0.24678956, -0.46211955
665183348000, 0.2687807, -0.18753563, -0.46273044
665188309000, 0.30695978, -0.12675454, -0.4437936
665193389000, 0.3463606, -0.07452556, -0.44135013
665198243000, 0.36835176, -0.04062254, -0.42913285
665203332000, 0.39920044, -0.009773844, -0.4175264
665208312000, 0.39553526, -0.0015271631, -0.40866885
665213423000, 0.41416663, -0.0015271631, -0.37904188
665218307000, 0.40958515, 0.008552114, -0.36346483
665223298000, 0.42271876, -0.0067195175, -0.32559118
665228374000, 0.4260785, -0.0021380284, -0.28008172
665233356000, 0.45570546, -0.015882496, -0.24281894
665238365000, 0.4746423, -0.020463986, -0.19456059
665243337000, 0.49021935, -0.032375857, -0.17256944
665248294000, 0.49418998, -0.07849618, -0.15668693
665253307000, 0.5180137, -0.09315695, -0.12186762
665259487000, 0.5290093, -0.14446963, -0.07544186
665263314000, 0.55771995, -0.15943582, -0.058643065
665268247000, 0.5653558, -0.2012801, -0.036651913
665273294000, 0.5946773, -0.2144137, -0.004276057
665278332000, 0.6200282, -0.20677789, 0.03390302
665283317000, 0.6453791, -0.204029, 0.06627888
665288358000, 0.6600399, -0.21197024, 0.10262536
665293319000, 0.67073005, -0.21044308, 0.1386664
665298248000, 0.6774496, -0.20066923, 0.1881465
665303310000, 0.6762278, -0.1863139, 0.24007004
665308323000, 0.6640105, -0.16890424, 0.28588495
665313288000, 0.65026605, -0.12767084, 0.3203988
665318294000, 0.6032294, -0.026267206, 0.35735616
665323291000, 0.55771995, 0.038179077, 0.38515055
665328334000, 0.5235115, 0.09193522, 0.40683624
665333311000, 0.49021935, 0.1777618, 0.42760566
665338333000, 0.44104472, 0.19853121, 0.43066
665343311000, 0.41599923, 0.20708331, 0.42852196
665348317000, 0.35155296, 0.18020524, 0.42546764
665353320000, 0.2932153, 0.18448131, 0.41691554
665358358000, 0.25503623, 0.16554448, 0.41783184
665363342000, 0.25228736, 0.12095132, 0.41416663
665368429000, 0.23090707, 0.069027774, 0.40622538
665373279000, 0.2275473, 0.020158553, 0.38698313
665378320000, 0.23609942, -0.041233405, 0.3866777
665383310000, 0.25259277, -0.08032878, 0.37812558
665388336000, 0.28344148, -0.13897185, 0.3652974
665393315000, 0.2947425, -0.18661933, 0.3594942
665398392000, 0.3222314, -0.25259277, 0.35613444
665403306000, 0.32742378, -0.2929099, 0.35827246
665408335000, 0.3268129, -0.27366763, 0.37140608
665413308000, 0.34300083, -0.29138273, 0.3903429
665418336000, 0.36193767, -0.32589662, 0.40042216
665423263000, 0.37018433, -0.3707952, 0.42271876
665428280000, 0.37048978, -0.33841935, 0.42821655
665433281000, 0.37995818, -0.32589662, 0.453262
665438359000, 0.39522982, -0.30298916, 0.45906523
665443335000, 0.3894266, -0.31337386, 0.47158796
665448326000, 0.37965274, -0.27214047, 0.4972443
665453322000, 0.37018433, -0.22479841, 0.51923543
665458291000, 0.36560285, -0.16371189, 0.53786683
665463293000, 0.34666604, -0.122783914, 0.5537493
665468418000, 0.32742378, -0.087659165, 0.5729916
665473339000, 0.31520647, -0.029932396, 0.5839872
665478373000, 0.31031954, 0.015271631, 0.60139686
665483288000, 0.30665436, 0.014660766, 0.59742624
665488395000, 0.29779682, 0.032070424, 0.5900958
665493439000, 0.3136793, 0.082161374, 0.59559363
665498353000, 0.32925636, 0.116980694, 0.59589905
665503478000, 0.3640757, 0.10323623, 0.5928447
665508358000, 0.39187005, 0.12156218, 0.5925393
665513483000, 0.4156938, 0.16065755, 0.59895337
665518325000, 0.44257188, 0.183565, 0.6081163
665523285000, 0.47800204, 0.15149458, 0.6075055
665528319000, 0.5039638, 0.10720685, 0.5873469
665533385000, 0.52290064, 0.079107046, 0.5983425
665538421000, 0.5335908, 0.098043874, 0.5888741
665543379000, 0.5403103, 0.23426682, 0.5757405
665548444000, 0.5360342, 0.26389378, 0.57910025
665553352000, 0.5522222, 0.25137106, 0.56382865
665558298000, 0.56230146, 0.24465153, 0.5540548
665563347000, 0.58368176, 0.18997909, 0.5467244
665568316000, 0.6047566, 0.049480084, 0.5510005
665573301000, 0.6337727, 0.08307768, 0.51343226
665578377000, 0.63621616, 0.12217305, 0.50488013
665583687000, 0.63285637, 0.048258353, 0.49510628
665588321000, 0.61727935, -0.06963864, 0.48899764
665593383000, 0.61819565, -0.18051068, 0.5015204
665598440000, 0.6420194, -0.26419923, 0.5012149
665603345000, 0.68600166, -0.3173445, 0.51923543
665608335000, 0.7348709, -0.34788775, 0.54336464
665613314000, 0.76144356, -0.37904188, 0.56199604
665618309000, 0.7611381, -0.39767328, 0.56505036
665623348000, 0.7516697, -0.41905355, 0.5757405
665628298000, 0.7535023, -0.43096542, 0.5644395
665633313000, 0.74372846, -0.46028697, 0.56505036
665638269000, 0.7425067, -0.5546656, 0.5879578
665643357000, 0.75869465, -0.5317582, 0.5561928
665648247000, 0.7696902, -0.52442783, 0.54153204
665654061000, 0.8072584, -0.5897904, 0.5158757
665658261000, 0.84482664, -0.6169739, 0.50946164
665663340000, 0.8546005, -0.65057147, 0.50915617
665668274000, 0.86406887, -0.7812967, 0.5235115
665673328000, 0.8744536, -0.8213083, 0.49327368
665678444000, 0.8695667, -0.78038037, 0.4801401
665683348000, 0.8536842, -0.806953, 0.4636467
665688366000, 0.8347474, -0.883922, 0.44929138
665693405000, 0.82344633, -1.0158689, 0.419359
665698428000, 0.7993172, -1.063211, 0.3726278
665703347000, 0.79290307, -1.1187997, 0.3295618
665708355000, 0.81000733, -1.2382239, 0.29138273
665713344000, 0.8393288, -1.3402383, 0.2565634
665718320000, 0.88789266, -1.4101825, 0.21655174
665723310000, 0.91782504, -1.491733, 0.18967366
665728448000, 0.95142263, -1.5720617, 0.16615535
665733351000, 0.9465357, -1.5726726, 0.13713925
665738321000, 0.92149025, -1.5995506, 0.08307768
665743326000, 0.8558222, -1.616044, 0.044898596
665748344000, 0.79809546, -1.6224581, 0.016493361
665753348000, 0.7507534, -1.6951511, 0.03023783
665758419000, 0.7107417, -1.5396858, -0.04550946
665763291000, 0.63529986, -1.4590516, -0.110872045
665768570000, 0.57910025, -1.4248432, -0.16737708
665773338000, 0.5739079, -1.4278975, -0.22907446
665778326000, 0.57543504, -1.402852, -0.29779682
665783344000, 0.5946773, -1.3811663, -0.39370266
665788265000, 0.65270954, -1.5329664, -0.5439755
665793545000, 0.7684685, -1.6022996, -0.6969972
665798253000, 0.90010995, -1.3387111, -0.72387534
665803341000, 1.0616838, -1.0482447, -0.589485
665808330000, 1.1728612, -0.7663304, -0.24923302
665813375000, 1.2049317, -0.86437434, -0.0870483
665818354000, 0.8790351, -0.85062987, -0.029932396
665823347000, 0.7174612, -0.63285637, 0.0030543262
665828405000, 0.7058548, -0.51007247, 0.03176499
665833300000, 0.6826419, -0.3295618, 0.045814894
665838300000, 0.62858033, -0.26175576, 0.054061573
665843319000, 0.61850107, -0.22174409, 0.058643065
665848321000, 0.6414085, -0.18325958, 0.059253927
665853594000, 0.6554584, -0.17623462, 0.06047566
665858300000, 0.68233645, -0.15607607, 0.06688975
665863666000, 0.7104363, -0.15210545, 0.053450707
665868330000, 0.75625116, -0.16646078, 0.05375614
665873282000, 0.8038987, -0.16554448, -0.0030543262
665878322000, 0.8436049, -0.17104226, -0.008857546
665883247000, 0.8900307, -0.18600847, -0.004886922
665888305000, 0.9447031, -0.18845193, 0.006414085
665893307000, 1.0064005, -0.1731803, 0.013744468
665898313000, 1.0393872, -0.1572978, 0.022296581
665903243000, 1.0256428, -0.19242255, 0.031154128
665909136000, 0.98563105, -0.22999077, 0.038789943
665913343000, 0.92057395, -0.33169982, 0.10354166
665918326000, 0.89919364, -0.2947425, 0.09590584
665923295000, 0.8729264, -0.28160888, 0.11362094
665928355000, 0.8570439, -0.28069258, 0.13255776
665933315000, 0.81306165, -0.25625798, 0.20311269
665938325000, 0.782213, -0.35796702, 0.28344148
665943322000, 0.81306165, -0.46792278, 0.33750305
665948283000, 0.8546005, -0.3286455, 0.40439278
665953271000, 0.84635377, -0.2678644, 0.44135013
665958279000, 0.84482664, -0.28924468, 0.49693888
665963281000, 0.8781188, -0.27885997, 0.52870387
665968284000, 0.9202685, -0.21135938, 0.5326745
665973274000, 0.9465357, -0.16615535, 0.52015173
665979087000, 0.9841039, -0.15515977, 0.50671273
665983339000, 1.0042624, -0.1563815, 0.49938235
665988331000, 1.0485502, -0.089186326, 0.49571714
665998323000, 1.1136073, 0.18753563, 0.5235115
666003358000, 1.1301007, 0.10415252, 0.47800204
666008238000, 1.185384, 0.09010262, 0.4269948
666013254000, 1.2260065, 0.08246681, 0.4016439
666018253000, 1.255328, 0.05131268, 0.473726
666023219000, 1.2605205, 0.22968534, 0.46853364
666028250000, 1.2632693, 0.19272798, 0.45875978
666033251000, 1.282817, 0.21594086, 0.47800204
666038253000, 1.2840388, 0.2657264, 0.514654
666043256000, 1.2702943, 0.31215215, 0.54519725
666048230000, 1.2663237, 0.33169982, 0.5723807
666053305000, 1.282817, 0.38331795, 0.62949663
666058302000, 1.2986995, 0.48502702, 0.6209445
666063323000, 1.3139712, 0.47128254, 0.6178902
666068327000, 1.3494014, 0.516792, 0.600786
666073294000, 1.3775011, 0.5739079, 0.5849035
666078595000, 1.4187346, 0.5308419, 0.5308419
666083681000, 1.4676038, 0.4905248, 0.47983465
666088785000, 1.505172, 0.43035457, 0.43157628
666093314000, 1.5219707, 0.30909783, 0.38148534
666098250000, 1.5601498, 0.25503623, 0.34269542
666103311000, 1.5592335, 0.25961772, 0.32467487
666108274000, 1.5909985, 0.3145956, 0.26633725
666113323000, 1.6019942, 0.3494149, 0.23182335
666118292000, 1.6447546, 0.27916542, 0.13194689
666123289000, 1.6826283, 0.21685717, 0.099571034
666128337000, 1.6954565, 0.2669481, 0.06963864
666133311000, 1.7116444, 0.33017266, 0.058337633
666138322000, 1.7342464, 0.37018433, 0.051618114
666143320000, 1.750129, 0.3817908, 0.044898596
666148312000, 1.7895297, 0.38240165, 0.0125227375
666153372000, 1.8197676, 0.32711834, -0.025350908
666158301000, 1.8658879, 0.29779682, -0.056505036
666163321000, 1.9303342, 0.28680122, -0.06658431
666168319000, 2.0042489, 0.3182608, -0.07422013
666173287000, 2.0735822, 0.34513888, -0.07391469
666178371000, 2.1184807, 0.3594942, -0.08368854
666183293000, 2.1658227, 0.37873647, -0.10293079
666188333000, 2.207667, 0.3622431, -0.10873401
666193294000, 2.225993, 0.35033122, -0.12736541
666198312000, 2.2467623, 0.35155296, -0.15454891
666203244000, 2.2470677, 0.32803464, -0.19425514
666208300000, 2.2327125, 0.31764993, -0.1966986
666213269000, 2.2058344, 0.3115413, -0.20891592
666218300000, 2.1572707, 0.26175576, -0.20769419
666223293000, 2.1310034, 0.22785273, -0.16890424
666228346000, 2.0937407, 0.22907446, -0.15607607
666233453000, 2.0387628, 0.22510384, -0.111177474
666238312000, 2.010663, 0.19853121, -0.09407325
666243630000, 1.9746219, 0.18509217, -0.06872234
666248456000, 1.9315559, 0.21533, -0.017104227
666253242000, 1.8823812, 0.16646078, -0.009773844
666258333000, 1.8619173, 0.14477506, 0.004581489
666263253000, 1.8249599, 0.14508049, 0.03970624
666268971000, 1.8014416, 0.18325958, 0.07880162
666273269000, 1.7605137, 0.14477506, 0.0888809
666278409000, 1.7446312, 0.13622294, 0.11362094
666283246000, 1.7168368, 0.16340645, 0.14874569
666288357000, 1.6865989, 0.20891592, 0.17104226
666293304000, 1.6624697, 0.1572978, 0.124311075
666298425000, 1.6520851, 0.14049901, 0.12064589
666303423000, 1.6377298, 0.1386664, 0.11911872
666308339000, 1.6352862, 0.13469578, 0.10934488
666313336000, 1.6539177, 0.12644911, 0.10781772
666318326000, 1.6896533, 0.10842858, 0.09621128
666323292000, 1.7098118, 0.07696902, 0.06383542
666328368000, 1.7269161, 0.03481932, 0.047647487
666333349000, 1.7186694, 0.01282817, 0.053450707
666338756000, 1.6991217, 0.0143553335, 0.056505036
666343364000, 1.6517797, 0.008552114, 0.04428773
666348331000, 1.6013832, 0.028405234, 0.04428773
666353350000, 1.5674802, 0.021685716, 0.0070249503
666358342000, 1.5115861, -0.09437868, -0.059253927
666363342000, 1.4807373, -0.084910266, -0.07880162
666368325000, 1.4453071, -0.0729984, -0.09560041
666373339000, 1.4541647, -0.092240654, -0.108123146
666378319000, 1.4575244, -0.08735373, -0.14935656
666383332000, 1.4584408, -0.10048734, -0.19608775
666388367000, 1.4563028, -0.14813483, -0.2565634
666393386000, 1.473407, -0.14844026, -0.2660318
666398328000, 1.4795157, -0.13744467, -0.33414328
666403310000, 1.4672983, -0.13103059, -0.3753767
666408272000, 1.4556919, -0.11362094, -0.41722095
666413353000, 1.4404203, -0.10934488, -0.46792278
666418278000, 1.4398094, -0.10567969, -0.4905248
666423320000, 1.4266758, -0.106901415, -0.528093
666428307000, 1.4223998, -0.11209377, -0.5522222
666433349000, 1.4248432, -0.11178834, -0.5723807
666438297000, 1.430341, -0.10323623, -0.5910121
666443315000, 1.4379768, -0.12950343, -0.61819565
666448281000, 1.4446963, -0.15057829, -0.64904433
666453304000, 1.4309518, -0.17959438, -0.68325275
666458322000, 1.416902, -0.183565, -0.7189884
666463320000, 1.4001031, -0.19639318, -0.7473936
666468312000, 1.382388, -0.183565, -0.79381937
666473308000, 1.3698653, -0.17715092, -0.8436049
666478915000, 1.3405437, -0.16829337, -0.8857546
666483388000, 1.3246613, -0.13836098, -0.947452
666489596000, 1.2855659, -0.13347405, -0.98807454
666493327000, 1.258077, -0.109650314, -1.0268645
666498248000, 1.2144, -0.08032878, -1.0659598
666503312000, 1.1707232, -0.049480084, -1.110553
666508266000, 1.1087204, -0.043676864, -1.1542299
666513320000, 1.0491611, -0.04337143, -1.180497
666518241000, 1.0152581, -0.033292156, -1.2119566
666523321000, 0.95569867, -0.0076358155, -1.2519683
666528339000, 0.89766645, 0.020158553, -1.3005321
666533374000, 0.8622363, 0.042760566, -1.353372
666538313000, 0.86620694, 0.0729984, -1.391551
666543321000, 0.8527679, 0.09560041, -1.4068227
666548320000, 0.84391034, 0.13041973, -1.3637567
666553309000, 0.8414669, 0.12767084, -1.2864822
666558297000, 0.84665924, 0.10873401, -1.2266175
666563317000, 0.8384125, 0.13225232, -1.2577715
666568311000, 0.8188649, 0.09590584, -1.3588698
666573314000, 0.79381937, 0.1600467, -1.4727961
666578329000, 0.7089091, 0.18387043, -1.500285
666583255000, 0.6441574, 0.1414153, -1.5656476
666588325000, 0.5720753, 0.17959438, -1.5879441
666594106000, 0.47250426, 0.19272798, -1.564426
666598316000, 0.3933972, 0.16829337, -1.5354098
666603267000, 0.34422258, 0.16249016, -1.518611
666608292000, 0.2843578, 0.15760323, -1.4999796
666613593000, 0.25992316, 0.17165314, -1.4926492
666618312000, 0.19486602, 0.18692477, -1.4984524
666623307000, 0.18020524, 0.22235495, -1.5149459
666628341000, 0.13683382, 0.27183503, -1.5164729
666633308000, 0.09712757, 0.28069258, -1.5231925
666638335000, 0.06047566, 0.2660318, -1.5329664
666643333000, 0.02565634, 0.27977628, -1.5427402
666648314000, 0.011911872, 0.32375857, -1.5546521
666653291000, -0.016798794, 0.38240165, -1.5366315
666658284000, -0.03481932, 0.40378192, -1.5402967
666663968000, -0.024740042, 0.410196, -1.5558738
666668346000, -0.035124753, 0.40561453, -1.5662584
666673318000, -0.069027774, 0.38912117, -1.5696182
666678324000, -0.119729586, 0.42180246, -1.5815301
666683330000, -0.21044308, 0.39003745, -1.5818355
666688338000, -0.2874121, 0.34116822, -1.6001616
666693326000, -0.34147367, 0.30787608, -1.6077974
666698391000, -0.37782016, 0.27550024, -1.5958854
666703343000, -0.39492437, 0.24465153, -1.6044376
666708316000, -0.41172317, 0.22021692, -1.5995506
666713354000, -0.40591997, 0.19425514, -1.5940529
666718344000, -0.38331795, 0.20525073, -1.5961909
666723325000, -0.3848451, 0.18081611, -1.6053538
666728327000, -0.35888332, 0.16982053, -1.5992452
666733841000, -0.34330627, 0.17715092, -1.5974126
666738321000, -0.32589662, 0.17531833, -1.606881
666743321000, -0.3032946, 0.18906279, -1.6166549
666748346000, -0.27488935, 0.19181168, -1.6181821
666753350000, -0.23365596, 0.20616703, -1.6071864
666758342000, -0.20250183, 0.21960606, -1.5946637
666763352000, -0.1704314, 0.20066923, -1.5836681
666768343000, -0.1563815, 0.18997909, -1.5683966
666773330000, -0.15974127, 0.16310102, -1.5467108
666778390000, -0.17806722, 0.13652839, -1.5076154
666783346000, -0.20738874, 0.099265605, -1.4645494
666788374000, -0.23701571, 0.061086524, -1.426065
666793385000, -0.28160888, 0.02443461, -1.3973542
666798336000, -0.3313944, -0.011911872, -1.3778065
666803538000, -0.36743546, -0.02687807, -1.3616186
666808293000, -0.39003745, -0.030543262, -1.353372
666813356000, -0.39828414, -0.053145275, -1.3429873
666818269000, -0.4147775, -0.083383106, -1.3435981
666823359000, -0.4025602, -0.099571034, -1.3384057
666828464000, -0.39003745, -0.101098195, -1.3460416
666833326000, -0.3866777, -0.10934488, -1.3481796
666838284000, -0.37751472, -0.09254608, -1.350623
666843314000, -0.3707952, -0.08155051, -1.3423764
666848293000, -0.35888332, -0.09193522, -1.3402383
666853293000, -0.31948254, -0.09773844, -1.314582
666858327000, -0.27122417, -0.10140363, -1.271516
666863273000, -0.23915374, -0.09621128, -1.2385293
666868314000, -0.19792034, -0.09407325, -1.1982121
666873312000, -0.15332718, -0.09162979, -1.1597277
666878365000, -0.109650314, -0.102319926, -1.1224649
666883309000, -0.09101892, -0.12583824, -1.0809261
666888316000, -0.06414085, -0.11209377, -1.0451905
666893324000, -0.043982297, -0.116675265, -1.01312
666898400000, -0.04428773, -0.106901415, -1.0042624
666903308000, -0.050701816, -0.11056661, -0.9978484
666908530000, -0.056505036, -0.1301143, -0.99387777
666913317000, -0.062308256, -0.16523905, -0.98899084
666918306000, -0.079107046, -0.1853976, -0.9615019
666923287000, -0.12950343, -0.21166481, -0.9437868
666928339000, -0.16554448, -0.25503623, -0.9309586
666933308000, -0.1994475, -0.28863382, -0.92057395
666938337000, -0.22266038, -0.2938262, -0.9101892
666943287000, -0.2510656, -0.32834008, -0.8927795
666948282000, -0.27550024, -0.33536503, -0.872621
666953291000, -0.29840767, -0.33475417, -0.8374963
666958291000, -0.30695978, -0.32406402, -0.79168135
666963257000, -0.3005457, -0.30665436, -0.7309003
666968277000, -0.30451632, -0.29749137, -0.66950834
666973274000, -0.28863382, -0.2761111, -0.600786
666978283000, -0.27580565, -0.26816985, -0.5222898
666983287000, -0.2574797, -0.267559, -0.45265114
666988331000, -0.24770586, -0.21991149, -0.37415496
666993362000, -0.24465153, -0.17592919, -0.30451632
666998378000, -0.24007004, -0.15332718, -0.2452624
667003327000, -0.2406809, -0.14935656, -0.21655174
667008235000, -0.23487769, -0.13500121, -0.17745635
667013230000, -0.23304509, -0.12644911, -0.15393804
667018191000, -0.22693644, -0.14355333, -0.1414153
667023312000, -0.23457226, -0.14813483, -0.13041973
667028202000, -0.24709499, -0.13988814, -0.1301143
667033227000, -0.25228736, -0.13103059, -0.124311075
667038206000, -0.26633725, -0.1328632, -0.1255328
667043264000, -0.26389378, -0.116675265, -0.14844026
667048220000, -0.23732115, -0.12858713, -0.18081611
667053303000, -0.24007004, -0.14935656, -0.21044308
667058863000, -0.2510656, -0.17531833, -0.23396139
667063322000, -0.26633725, -0.18142697, -0.258396
667068306000, -0.2761111, -0.16035213, -0.2837469
667073294000, -0.26542094, -0.12797627, -0.2929099
667078382000, -0.24617869, -0.10751228, -0.29840767
667083311000, -0.22571471, -0.05955936, -0.30940324
667088374000, -0.1994475, -0.020463986, -0.3155119
667093324000, -0.18692477, 0.03726278, -0.31245756
667098278000, -0.16065755, 0.077579886, -0.30543262
667103305000, -0.14874569, 0.10903945, -0.30970868
667108286000, -0.12339478, 0.13805555, -0.31856623
667113323000, -0.09437868, 0.12889257, -0.3173445
667118559000, -0.07452556, 0.047036625, -0.34880406
667123289000, -0.0125227375, -6.1086525E-4, -0.38759398
667128641000, 0.03756821, 0.01985312, -0.41905355
667133310000, 0.07544186, 0.04642576, -0.44501534
667138255000, 0.09712757, 0.060170226, -0.45112398
667143315000, 0.0983493, 0.03176499, -0.462425
667148250000, 0.1001819, -0.015271631, -0.47800204
667153313000, 0.111177474, -0.084910266, -0.49388456
667158262000, 0.110872045, -0.19333886, -0.5122105
667163320000, 0.11026118, -0.25137106, -0.5112942
667168271000, 0.10262536, -0.27397305, -0.5045747
667173291000, 0.09101892, -0.26419923, -0.49754974
667178378000, 0.06872234, -0.24556783, -0.47708577
667183309000, 0.060170226, -0.31245756, -0.4615087
667188311000, 0.09560041, -0.37140608, -0.41325033
667193312000, 0.11789699, -0.364992, -0.36193767
667198293000, 0.1020145, -0.27122417, -0.34116822
667203305000, 0.07086037, -0.20463985, -0.321926
667208303000, 0.028710667, -0.1863139, -0.29840767
667213317000, -0.024740042, -0.19394971, -0.28496864
667218346000, -0.046120327, -0.22693644, -0.2855795
667223268000, -0.058948494, -0.29229903, -0.2968805
667228420000, -0.046731193, -0.344528, -0.30451632
667233334000, -0.039095376, -0.39522982, -0.31215215
667238412000, -0.01038471, -0.45112398, -0.32559118
667243320000, 0.015577064, -0.5222898, -0.33017266
667248354000, 0.025045475, -0.569021, -0.33108896
667253283000, 0.022296581, -0.62888575, -0.33322698
667258337000, 0.027488936, -0.6737844, -0.31245756
667263306000, 0.03726278, -0.72418076, -0.3032946
667268346000, 0.06352998, -0.7330383, -0.2846632
667273335000, 0.07880162, -0.7486154, -0.25289822
667278476000, 0.10720685, -0.7666359, -0.23365596
667283334000, 0.12156218, -0.8060367, -0.21410827
667288411000, 0.13683382, -0.80939645, -0.19608775
667293385000, 0.14660765, -0.79626286, -0.18417588
667298355000, 0.1554652, -0.77396625, -0.18020524
667303260000, 0.1685988, -0.8240572, -0.19914207
667308346000, 0.22602014, -0.8344419, -0.21594086
667313837000, 0.2959642, -0.82344633, -0.23273966
667318345000, 0.36285394, -0.8054258, -0.24312437
667323339000, 0.41996986, -0.81031275, -0.26358834
667328367000, 0.46609017, -0.8032878, -0.25717425
667333297000, 0.4886922, -0.7837401, -0.26450464
667338407000, 0.47067168, -0.7901542, -0.25961772
667343370000, 0.45051312, -0.8384125, -0.26236662
667348378000, 0.43066, -0.90408057, -0.27366763
667353340000, 0.40225476, -0.94714653, -0.28985557
667358350000, 0.36041048, -0.9639453, -0.29016098
667363365000, 0.31245756, -0.9728029, -0.30115658
667368393000, 0.24740042, -0.96791595, -0.31520647
667373323000, 0.18600847, -0.9776898, -0.3231477
667378373000, 0.11911872, -0.9816604, -0.35033122
667383834000, 0.06780604, -0.9776898, -0.37873647
667388287000, 0.0106901415, -0.956615, -0.4129449
667393356000, -0.038789943, -0.9242391, -0.4288274
667398284000, -0.062002823, -0.883922, -0.45570546
667403203000, -0.1142318, -0.84696466, -0.47342056
667408218000, -0.16371189, -0.8045095, -0.49327368
667413260000, -0.21899518, -0.73914695, -0.5039638
667418201000, -0.28863382, -0.6178902, -0.5109888
667423230000, -0.38362336, -0.46639562, -0.50732356
667428215000, -0.47769663, -0.2874121, -0.5018258
667433214000, -0.54244834, -0.15943582, -0.43249258
667438200000, -0.53023106, -0.032375857, -0.30115658
667443252000, -0.44776422, 0.26633725, -0.31795537
667448219000, -0.4896085, 0.514654, -0.31215215
667453190000, -0.5320636, 0.5870415, -0.29168814
667458248000, -0.5183192, 0.5213735, -0.2489276
667463257000, -0.38423425, 0.44715336, -0.20769419
667468195000, -0.20952678, 0.41416663, -0.16737708
667473225000, -0.082161374, 0.46395215, -0.112399206
667478226000, 0.0125227375, 0.5030475, -0.049480084
667483200000, 0.10629055, 0.4990769, 0.003970624
667488193000, 0.22021692, 0.45142943, 0.028405234
667493235000, 0.2773328, 0.38637227, 0.08124508
667498219000, 0.37232238, 0.29565877, 0.14355333
667503213000, 0.43371433, 0.1685988, 0.21197024
667508201000, 0.4700608, 0.040927973, 0.26542094
667513215000, 0.47708577, -0.122478485, 0.27305678
667518204000, 0.4343252, -0.29932398, 0.24770586
667523205000, 0.3643811, -0.48472157, 0.19394971
667528325000, 0.2657264, -0.61911196, 0.16462818
667533211000, 0.1469131, -0.74189585, 0.16493362
667538246000, 0.032986723, -0.8567385, 0.22113322
667543240000, -0.022907447, -0.95142263, 0.29993483
667548337000, -0.058948494, -0.99112886, 0.39767328
667553210000, -0.059864793, -0.96669424, 0.4914411
667558502000, -0.03756821, -0.8933904, 0.59223384
667563214000, -0.018020526, -0.75991637, 0.6979135
667568495000, 0.007330383, -0.63285637, 0.8338311
667573205000, 0.0067195175, -0.5018258, 0.9492846
667578188000, 0.0018325958, -0.36987892, 1.0433578
667583212000, 0.025045475, -0.3145956, 1.0824533
667588186000, 0.043982297, -0.26053402, 1.087951
667593251000, 0.11728613, -0.25259277, 1.0965031
667598176000, 0.21227567, -0.2938262, 1.0665708
667603411000, 0.29871312, -0.28985557, 1.0192287
667608266000, 0.34666604, -0.26145032, 0.9575313
667613321000, 0.33841935, -0.23945917, 0.8729264
667618315000, 0.3222314, -0.23579398, 0.7877107
667623316000, 0.3042109, -0.21685717, 0.69974613
667628331000, 0.2669481, -0.23671028, 0.61575216
667633311000, 0.23335053, -0.26236662, 0.54275376
667638975000, 0.19242255, -0.33017266, 0.5161811
667643325000, 0.15485434, -0.4578435, 0.5183192
667648313000, 0.15332718, -0.40530908, 0.5045747
667653274000, 0.089491755, -0.3213151, 0.48563787
667658294000, -0.016493361, -0.27977628, 0.4700608
667663321000, -0.10048734, -0.22143865, 0.4550946
667668306000, -0.19700404, -0.21166481, 0.45540005
667673402000, -0.2302962, -0.21166481, 0.4633413
667678330000, -0.23609942, -0.1853976, 0.49388456
667683313000, -0.2134974, -0.1600467, 0.5030475
667688306000, -0.17470746, -0.112399206, 0.49418998
667693355000, -0.15699236, -0.049785517, 0.49388456
667698311000, -0.12156218, -0.08307768, 0.5131268
667703308000, -0.04917465, -0.030543262, 0.49266282
667708880000, 0.019242255, 0.016493361, 0.441961
667713319000, 0.063224554, 0.05955936, 0.38881573
667718310000, 0.10476339, 0.06078109, 0.33383787
667723287000, 0.13836098, 0.06963864, 0.28099802
667728338000, 0.1740966, 0.034208454, 0.22235495
667733349000, 0.22479841, 0.08032878, 0.15577064
667738343000, 0.23426682, 0.061086524, 0.098043874
667743351000, 0.23609942, 0.025350908, 0.059253927
667748349000, 0.21930063, 0.008552114, 0.023823744
667753334000, 0.19058995, -0.023823744, 0.0015271631
667758326000, 0.14874569, -0.022602014, -0.0076358155
667763355000, 0.106901415, -0.024740042, -0.018936822
667768337000, 0.060170226, -0.023518313, -0.019547688
667773334000, 0.024740042, -0.025350908, -0.016798794
667778812000, 0.0012217305, -0.016493361, 6.1086525E-4
667783345000, -0.029321533, -0.0018325958, 0.015882496
667788237000, -0.042455133, 0.01038471, 0.023518313
667793355000, -0.05497787, -0.022907447, 0.06352998
667798246000, -0.03359759, -0.019242255, 0.07971791
667803344000, -0.017104227, 0.10567969, 0.06383542
667808257000, -0.054061573, 0.12308934, 0.045814894
667813352000, -0.05375614, 0.14721853, 0.040927973
667818268000, -0.028710667, 0.16493362, 0.04184427
667823313000, -0.0015271631, 0.19058995, 0.032375857
667828356000, 0.035124753, 0.2098322, 0.028099801
667833349000, 0.06047566, 0.22632557, 0.022907447
667838302000, 0.093462385, 0.22327125, 0.0070249503
667843365000, 0.12003502, 0.22907446, -0.0021380284
667848485000, 0.13683382, 0.23518312, -0.013439035
667853349000, 0.15668693, 0.226631, -0.02076942
667858302000, 0.17073683, 0.21899518, -0.025961773
667863322000, 0.16676621, 0.20280726, -0.04520403
667868651000, 0.172264, 0.18936823, -0.058948494
667873292000, 0.17745635, 0.17623462, -0.05589417
667878335000, 0.1731803, 0.17195857, -0.0720821
667883315000, 0.16462818, 0.1704314, -0.07238753
667888240000, 0.16279559, 0.1600467, -0.08246681
667893394000, 0.14202617, 0.13072516, -0.09437868
667898324000, 0.12705997, 0.051618114, -0.105374254
667903307000, 0.14172074, 0.08246681, -0.09896017
667908304000, 0.094989546, 0.082161374, -0.08002335
667913314000, 0.08002335, 0.07696902, -0.07574729
667918312000, 0.073303826, 0.082161374, -0.07971791
667923287000, 0.0580322, 0.0720821, -0.07880162
667928375000, 0.055283304, 0.07544186, -0.0729984
667933309000, 0.053145275, 0.080634214, -0.0571159
667938301000, 0.044898596, 0.09101892, -0.056505036
667943314000, 0.040927973, 0.1020145, -0.056199603
667948281000, 0.025045475, 0.11484267, -0.050701816
667953267000, -9.162979E-4, 0.12889257, -0.05955936
667958283000, -0.009773844, 0.1328632, -0.071776666
667963275000, -0.0076358155, 0.124311075, -0.08093964
667968271000, -0.0061086523, 0.15699236, -0.08124508
667973268000, -0.0061086523, 0.160963, -0.06719518
667978284000, 0.007330383, 0.15821409, -0.076358154
667983277000, 0.017104227, 0.11759156, -0.08246681
667988281000, 0.030543262, 0.14263703, -0.089186326
667993285000, 0.022602014, 0.13194689, -0.08735373
667998469000, 0.008857546, 0.10415252, -0.08307768
668003229000, 0.010079277, 0.040317107, -0.08582657
668008245000, 0.021685716, 0.035430185, -0.08093964
668013236000, 0.0018325958, 0.034208454, -0.08124508
668018228000, -0.032375857, 0.021685716, -0.06291912
668023206000, -0.05222898, -0.0021380284, -0.06169739
668028273000, -0.061086524, -0.022907447, -0.056505036
668033481000, -0.06291912, -0.03145956, -0.043982297
668038226000, -0.06963864, -0.04153884, -0.03634648
668043197000, -0.08124508, -0.040317107, -0.032986723
668048232000, -0.084910266, -0.041233405, -0.022296581
668053240000, -0.094989546, -0.038179077, -0.018325957
668058293000, -0.0983493, -0.029626964, -0.013439035
668063261000, -0.110872045, -0.015271631, -0.01740966
668068337000, -0.119729586, -0.007941248, -0.011911872
668073316000, -0.13652839, 0.004581489, -0.016798794
668078325000, -0.1328632, 0.007330383, -0.017104227
668083284000, -0.13652839, 0.01160644, -0.007330383
668088309000, -0.12095132, 0.014966198, 0.008857546
668093299000, -0.118507855, 0.03176499, -0.016493361
668098317000, -0.110872045, 0.029321533, -0.023518313
668104144000, -0.10415252, 0.02107485, -0.03359759
668108295000, -0.1001819, 0.01282817, -0.032070424
668113253000, -0.09407325, 0.009773844, -0.041233405
668118310000, -0.07727446, 0.02076942, -0.06169739
668123265000, -0.0720821, 0.032986723, -0.07941248
668128314000, -0.05100725, 0.020463986, -0.08093964
668133245000, -0.034208454, 0.029626964, -0.053145275
668138307000, -0.016493361, 0.03726278, -0.040317107
668143303000, 0.0018325958, 0.045814894, -0.05681047
668148317000, 0.018936822, -0.0021380284, -0.07727446
668153269000, 0.051923547, -0.028099801, -0.090713486
668158293000, 0.077579886, 0.016187929, -0.06872234
668163313000, 0.06414085, 0.019242255, -0.057421334
668168327000, 0.082161374, 0.011301007, -0.040317107
668173589000, 0.09773844, -0.03726278, -0.046120327
668178387000, 0.119729586, -0.036651913, -0.041233405
668184288000, 0.12492194, 0.018325957, -0.024740042
668188308000, 0.10842858, 0.04153884, -0.017104227
668193504000, 0.113926366, 0.06719518, -0.012217305
668198284000, 0.12461651, 0.047647487, -0.02107485
668203290000, 0.15760323, 0.043982297, -0.03023783
668208294000, 0.19425514, 0.096516706, -0.021685716
668213368000, 0.17959438, 0.10567969, -0.03359759
668218340000, 0.1695151, 0.10048734, -0.038789943
668223335000, 0.16920967, 0.07727446, -0.046120327
668228302000, 0.16615535, 0.06505715, -0.044593163
668233315000, 0.15943582, 0.06536258, -0.032375857
668238287000, 0.14508049, 0.039095376, -0.027183503
668243308000, 0.13652839, 0.03268129, -0.021685716
668248273000, 0.13622294, 0.032375857, -0.009468411
668253310000, 0.14966199, 0.03848451, -0.0076358155
668258325000, 0.15699236, 0.058643065, 6.1086525E-4
668263308000, 0.1731803, 0.06811147, -0.0021380284
668268710000, 0.17806722, 0.06780604, -0.0018325958
668273289000, 0.19028452, 0.069027774, -0.0067195175
668278351000, 0.19761491, 0.08002335, -0.009468411
668283312000, 0.20616703, 0.10567969, -0.005192355
668288243000, 0.19333886, 0.12095132, 0.006414085
668293354000, 0.18478674, 0.10140363, 0.009468411
668298319000, 0.18753563, 0.05589417, -0.008246681
668303343000, 0.19547687, 0.035124753, -0.021685716
668308344000, 0.1881465, 0.0290161, -0.020158553
668313348000, 0.15668693, 0.03145956, -0.013744468
668318346000, 0.14935656, 0.030543262, -0.005497787
668323374000, 0.14049901, 0.015577064, -0.009162978
668328334000, 0.13072516, 0.012217305, -0.013439035
668333329000, 0.14019357, 0.013744468, -0.013133603
668338344000, 0.1337795, 0.02687807, -0.009773844
668343355000, 0.11942416, 0.03145956, -0.01282817
668348351000, 0.11484267, 0.03176499, -0.010079277
668353341000, 0.1142318, 0.014966198, -0.02076942
668359046000, 0.11942416, -0.019242255, -0.0290161
668363344000, 0.11453723, -0.009468411, -0.03481932
668368345000, 0.09254608, 0.00580322, -0.032986723
668373346000, 0.06811147, 0.008246681, -0.032070424
668378314000, 0.056199603, 0.021991149, -0.015271631
668383335000, 0.046120327, 0.019547688, -0.0125227375
668388346000, 0.04550946, 0.0125227375, -0.0067195175
668393422000, 0.05467244, 0.013744468, -0.01038471
668398351000, 0.04642576, 0.010995574, -0.0061086523
668403243000, 0.038789943, 0.014660766, -6.1086525E-4
668408349000, 0.043676864, 0.016798794, 0.0012217305
668413252000, 0.040317107, 0.02321288, -0.0033597588
668418344000, 0.032070424, 0.034208454, 0.003970624
668423263000, 0.03726278, 0.03176499, 0.0027488936
668429005000, 0.028099801, 0.034208454, -0.0027488936
668433249000, 0.02107485, 0.03268129, 0.0036651916
668438339000, 0.023823744, 0.028710667, -9.162979E-4
668443344000, 0.011301007, 0.019242255, -0.004886922
668448348000, 0.01282817, 0.020463986, -0.0030543262
668453368000, -0.007941248, 0.024129177, -0.005497787
668458341000, -0.005192355, 0.0143553335, -0.01282817
668463360000, -0.008246681, 0.015271631, -0.018325957
668468341000, -0.0027488936, 0.009468411, -0.02076942
668473296000, -0.01282817, -0.0018325958, -0.027488936
668478376000, -0.020158553, -0.008857546, -0.038179077
668483316000, -0.021380283, -0.00580322, -0.040927973
668488307000, -0.021380283, -0.0125227375, -0.044898596
668493315000, -0.02565634, -0.032375857, -0.0421497
668498578000, -0.021685716, -0.02565634, -0.03604105
668503311000, -0.0061086523, -0.029932396, -0.038789943
668508289000, -0.0061086523, -0.027183503, -0.03634648
668513321000, -0.010079277, -0.026572637, -0.04062254
668518309000, -0.0143553335, -0.028710667, -0.026267206
668523307000, -0.015271631, -0.013439035, -0.019547688
668528321000, -0.01160644, -0.014049901, -0.021991149
668533374000, -0.013744468, -0.014049901, -0.02687807
668538309000, -0.010079277, 0.004581489, -0.013439035
668543319000, -0.02076942, 0.0033597588, -0.007941248
668548311000, -0.020158553, 0.009773844, -0.0076358155
668553310000, -0.018020526, 0.007330383, -0.0036651916
668558272000, -0.020158553, 0.003970624, -0.00580322
668563320000, -0.013439035, -0.0015271631, -0.008552114
668568245000, -0.030848695, -0.0033597588, -0.008246681
668573307000, -0.02076942, -9.162979E-4, -0.01038471
668578285000, -0.01282817, -0.002443461, -0.015271631
668583311000, -0.011301007, -0.007330383, -0.009773844
668588278000, -0.0015271631, -0.0018325958, -0.015577064
668593309000, 0.0061086523, 0.004886922, -0.01282817
668598285000, 9.162979E-4, 0.002443461, -0.017104227
668603309000, -0.004581489, -0.006414085, -0.011911872
668608293000, 0.0018325958, -0.0018325958, -0.013133603
668613316000, -0.0012217305, 0.0067195175, -0.01038471
668618314000, 0.0033597588, 0.008857546, 0.0015271631
668623333000, 0.0036651916, 0.018325957, -0.002443461
668628332000, 0.005192355, 0.002443461, -0.004276057
668633347000, 0.004276057, 0.004276057, 0.005192355
668638716000, 0.013133603, 0.013744468, 0.005497787
668643373000, 0.013744468, 0.018325957, 0.01160644
668648370000, 0.017104227, 0.01985312, 0.008857546
668653281000, 0.008857546, 0.013744468, 0.011911872
668658367000, 0.017715093, 0.019547688, 0.006414085
668663279000, 0.028405234, 0.018325957, 0.010079277
668668269000, 0.020463986, 0.012217305, 0.014049901
668673359000, 0.0067195175, 0.0125227375, 0.005497787
668678363000, 0.0067195175, 0.012217305, 0.01038471
668683337000, 3.0543262E-4, 0.007330383, 0.0143553335
668688392000, -0.008246681, 0.01282817, 0.01160644
668693352000, -0.025961773, 0.0067195175, 0.010995574
668698322000, -0.03145956, 0.0067195175, 0.01282817
668703303000, -0.03604105, 0.009162978, 0.009162978
668708295000, -0.039095376, 0.009468411, 0.015882496
668713318000, -0.049785517, 0.008552114, 0.015882496
668718330000, -0.06261369, 0.0018325958, 0.009773844
668723272000, -0.053145275, -0.0030543262, 0.011911872
668728325000, -0.06169739, 0.0036651916, 0.01282817
668733311000, -0.047647487, 0.0015271631, 6.1086525E-4
668738299000, -0.051618114, 0.0027488936, -0.0012217305
668743334000, -0.04886922, 3.0543262E-4, -0.0018325958
668748324000, -0.04062254, -0.0033597588, -0.0036651916
668753937000, -0.03481932, -0.010079277, -0.009162978
668758295000, -0.030543262, -0.010079277, -0.0070249503
668763315000, -0.031154128, -0.007330383, -0.013744468
668768308000, -0.027794369, -0.009468411, -0.022907447
668773301000, -0.021380283, -0.0076358155, -0.033292156
668778338000, -0.008857546, -0.008857546, -0.022296581
668783274000, -0.010079277, -0.028710667, -0.034513887
668788305000, -0.005192355, -0.019242255, -0.03634648
668793330000, -0.014049901, -0.014966198, -0.038179077
668798327000, 0.0021380284, -0.01038471, -0.035430185
668803237000, -0.01038471, -0.016187929, -0.03390302
668808295000, -0.005497787, -0.021685716, -0.03940081
668813245000, -0.011301007, -0.025045475, -0.025045475
668818308000, -0.014966198, -0.018936822, -0.011301007
668823659000, -0.015882496, -0.013439035, -0.005192355
668828324000, -0.014049901, -0.005192355, -0.0036651916
668833247000, -0.014966198, -0.011301007, -0.009773844
668838343000, -0.01985312, -0.011911872, 0.002443461
668843325000, -0.03023783, -0.003970624, 0.0143553335
668848353000, -0.022907447, -0.0021380284, 0.0106901415
668853289000, -0.019547688, 0.0018325958, 0.01863139
668858333000, -0.01282817, -0.005497787, 0.025045475
668863342000, -0.01740966, 0.008552114, 0.020463986
668868327000, -0.004276057, 0.018020526, 0.033292156
668873333000, -0.015577064, 0.009468411, 0.036957346
668878419000, -0.0106901415, 0.013439035, 0.038179077
668883418000, -0.01160644, 0.013744468, 0.043982297
668888339000, -0.00580322, 0.01740966, 0.032375857
668893453000, -0.004276057, 0.016493361, 0.032986723
668898356000, -0.009468411, 0.004581489, 0.03848451
668903346000, 0.004581489, 0.0015271631, 0.03359759
668908336000, -9.162979E-4, 0.008857546, 0.03176499
668913362000, 0.008246681, 0.0012217305, 0.034208454
668918341000, 0.009162978, 0.0030543262, 0.031154128
668923296000, 0.012217305, 0.0015271631, 0.021685716
668928422000, 0.015882496, 0.004581489, 0.02687807
668933285000, 0.0125227375, -0.01985312, 0.030848695
668938294000, 0.025045475, -0.0036651916, 0.021685716
668943323000, 0.01282817, -0.013439035, 0.0290161
668948301000, 0.010079277, -0.014966198, 0.026267206
668953315000, 0.011911872, -0.011301007, 0.03145956
668958299000, 0.017104227, -0.005192355, 0.024129177
668963297000, 0.017104227, -0.018936822, 0.026572637
668968283000, 0.022907447, -0.014049901, 0.03481932
668973414000, 0.013133603, -0.013133603, 0.02687807
668978286000, 0.0070249503, -0.010079277, 0.025961773
668983342000, 3.0543262E-4, 0.0070249503, 0.029626964
668988239000, 0.0067195175, 6.1086525E-4, 0.0290161
668993330000, 0.009773844, 0.0036651916, 0.015271631
668998248000, 0.004581489, 0.009162978, 0.028405234
669003228000, 0.005192355, 0.008552114, 0.018936822
669008577000, -9.162979E-4, 0.015882496, 0.012217305
669013230000, -0.0076358155, 0.016187929, 0.019547688
669018175000, -0.0067195175, 0.0076358155, 0.006414085
669023214000, -0.013133603, 0.0036651916, 0.0076358155
669028235000, -0.01160644, -9.162979E-4, 0.0012217305
669033234000, -0.016493361, -9.162979E-4, -3.0543262E-4
669038190000, -0.02565634, -0.00580322, -0.005192355
669043256000, -0.03145956, -0.0036651916, -9.162979E-4
669048203000, -0.03390302, -0.004276057, -0.009773844
669053275000, -0.028099801, -0.009773844, -0.0076358155
669058270000, -0.030848695, -0.005497787, -0.01038471
669063289000, -0.027488936, 0.0018325958, -0.0143553335
669068280000, -0.035124753, 0.0012217305, -0.0143553335
669073307000, -0.02076942, 0.009162978, -0.018325957
669078331000, -0.02107485, -0.0027488936, -0.0125227375
669083310000, -0.029626964, 0.0033597588, -0.015882496
669088303000, -0.024740042, -0.002443461, -0.013439035
669093386000, -0.024129177, 0.002443461, -0.004886922
669098336000, -0.030848695, 0.005497787, -0.01282817
669103311000, -0.036651913, -0.0018325958, -0.007941248
669108272000, -0.028099801, 0.004276057, 6.1086525E-4
669113328000, -0.027794369, 0.0036651916, 0.0021380284
669118317000, -0.029321533, 0.008246681, -0.0015271631
669123340000, -0.024740042, 0.003970624, 0.0021380284
669128434000, -0.027794369, 0.004581489, 0.004886922
669133346000, -0.024129177, -0.0012217305, 0.008246681
669138341000, -0.025961773, 0.0021380284, 0.0027488936
669143393000, -0.018325957, -0.002443461, 0.0061086523
669148413000, -0.020158553, 0.003970624, 0.004581489
669153333000, -0.017104227, 0.0033597588, 0.0036651916
669158486000, -0.016187929, 0.002443461, 0.005497787
669163353000, -0.02565634, 0.0030543262, 0.0015271631
669168606000, -0.027794369, 0.002443461, 0.0015271631
669173331000, -0.0290161, 0.004886922, 0.013133603
669178301000, -0.021991149, 0.0061086523, 0.004886922
669183348000, -0.015271631, -0.0027488936, 0.015577064
669188253000, -0.02107485, 0.0018325958, -3.0543262E-4
669193377000, -0.011301007, 0.0033597588, 0.005497787
669198249000, -0.020463986, -0.004276057, 0.005192355
669203338000, -0.019547688, -0.0030543262, 0.010079277
669208268000, -0.021380283, -0.0036651916, 0.009773844
669213347000, -0.013133603, -0.008552114, 0.014966198
669218253000, -0.015271631, -0.009773844, 0.011911872
669223331000, -0.019242255, -0.0061086523, 0.018325957
669228293000, -0.018936822, -0.0070249503, 0.015577064
669233333000, -0.01740966, -0.008246681, 0.01160644
669238316000, -0.012217305, -0.004581489, 0.018325957
669243412000, -0.014049901, -0.008857546, 0.01282817
669248333000, -0.008552114, -0.0015271631, 0.0106901415
669253339000, -0.015882496, 0.0030543262, 0.021380283
669258357000, -0.01740966, -0.005192355, 0.01160644
669263355000, -0.011301007, -9.162979E-4, 0.016187929
669268340000, -0.0125227375, 0.0015271631, 0.01740966
669273294000, 0.0027488936, 0.004886922, 0.011911872
669278410000, -0.008857546, -0.005497787, 0.007330383
669283342000, -0.019242255, -0.004581489, 0.013439035
669288324000, -0.027183503, -0.013744468, 0.014966198
669293335000, -0.01985312, -0.015882496, 0.00580322
669298336000, -0.01160644, -0.014049901, 0.00580322
669303333000, -0.011301007, -0.0067195175, 0.008246681
669308336000, -0.020158553, -0.01160644, 0.003970624
669313334000, -0.007330383, -0.0067195175, 0.006414085
669318341000, -0.009468411, -0.016798794, 0.006414085
669323283000, -0.008246681, -0.012217305, -0.0027488936
669328333000, -0.0030543262, -0.01282817, 0.0033597588
669333345000, -0.005497787, -0.010995574, 0.005192355
669338315000, -0.013133603, -0.018936822, 0.002443461
669343370000, -0.0070249503, -0.008246681, 0.009468411
669348363000, -0.020158553, -0.005192355, 0.01038471
669353401000, -0.015882496, -0.013744468, 0.0070249503
669358306000, -0.01038471, -0.004581489, 0.009162978
669363308000, -0.013744468, 6.1086525E-4, 0.015271631
669368308000, -0.022602014, -0.0070249503, 0.01282817
669373308000, -0.025350908, -0.003970624, 0.019242255
669378319000, -0.028405234, -0.0076358155, 0.01740966
669383294000, -0.031154128, -0.0061086523, 0.02076942
669388301000, -0.02687807, -0.0061086523, 0.019242255
669393336000, -0.021380283, -0.0012217305, 0.015577064
669398313000, -0.025350908, -0.009773844, 0.004276057
669403280000, -0.015882496, -0.01740966, 0.01038471
669408299000, -0.02443461, -0.0143553335, 0.005192355
669413244000, -0.018936822, -0.014049901, -6.1086525E-4
669418310000, -0.019547688, -0.016493361, -0.0067195175
669423301000, -0.011301007, -0.012217305, -0.013744468
669428327000, -0.014049901, -0.020463986, 9.162979E-4
669433314000, -0.024129177, -0.009773844, -0.0015271631
669438307000, -0.010995574, 0.0021380284, -9.162979E-4
669443335000, -0.017104227, 0.0018325958, 0.0027488936
669448310000, -0.0125227375, 0.0076358155, -0.0012217305
669453305000, -0.012217305, 0.013744468, -0.0030543262
669458298000, -0.017715093, 0.013133603, -0.0033597588
669463319000, -0.01282817, 0.009162978, 6.1086525E-4
669468304000, -0.016493361, 0.0033597588, 0.005192355
669473298000, -0.02443461, 0.0125227375, 0.0012217305
669478314000, -0.021685716, 0.0033597588, -0.004276057
669483313000, -0.030543262, -0.0033597588, 0.002443461
669488307000, -0.027488936, -0.004886922, -0.0012217305
669493324000, -0.03023783, -0.0018325958, 0.005192355
669498304000, -0.030543262, -0.007941248, -0.004886922
669503306000, -0.029932396, -0.004581489, -0.004886922
669508290000, -0.02687807, -0.010995574, -0.008857546
669513321000, -0.03604105, -0.005497787, -0.0036651916
669518309000, -0.031154128, -0.011911872, -0.004886922
669523301000, -0.030848695, -0.0027488936, 0.0015271631
669528324000, -0.021380283, -0.0021380284, -0.0027488936
669533314000, -0.025350908, -0.009162978, 3.0543262E-4
669538309000, -0.032375857, -0.009162978, 0.0027488936
669543318000, -0.019242255, 3.0543262E-4, 0.0015271631
669548311000, -0.014049901, 0.00580322, -0.0021380284
669553305000, -0.007330383, 0.007330383, 0.009468411
669558316000, -0.016798794, -0.0021380284, 0.0027488936
669563326000, -0.012217305, 3.0543262E-4, 0.006414085
669568277000, -0.010995574, 0.004276057, 0.01160644
669573316000, -0.014049901, 0.013133603, 0.013439035
669578298000, -0.02076942, 0.004886922, 0.0070249503
669583315000, -0.013744468, 0.003970624, 0.014660766
669588260000, -0.017104227, 0.008857546, 0.013439035
669593355000, -0.015577064, 0.002443461, 0.017715093
669598271000, -0.015271631, -0.0012217305, 0.015271631
669603311000, -0.028099801, -0.007330383, 0.008552114
669608286000, -0.008246681, -0.0030543262, 0.009468411
669613322000, -0.016493361, -0.0018325958, 0.009468411
669618293000, -0.01282817, -9.162979E-4, 0.010995574
669623313000, -0.015882496, 0.0030543262, 0.0070249503
669628379000, -0.003970624, -0.004276057, 0.002443461
669633306000, -0.0125227375, -0.0106901415, 6.1086525E-4
669638324000, -0.017104227, -0.009162978, 0.0021380284
669643353000, -0.0070249503, -0.004581489, -0.0027488936
669648314000, -0.0125227375, -0.0015271631, 0.0027488936
669653310000, -0.016493361, -0.009162978, 0.009468411
669658284000, -0.019547688, -0.005497787, 0.004276057
669663323000, -0.017104227, -0.003970624, 0.008246681
669668292000, -0.020463986, -0.0033597588, 0.013133603
669673316000, -0.017104227, -0.009468411, 0.003970624
669678380000, -0.014660766, -0.0036651916, 0.011301007
669683380000, -0.01863139, 0.0033597588, 0.010079277
669688272000, -0.016493361, -0.0018325958, 0.009162978
669693310000, -0.016493361, -0.0018325958, 0.0076358155
669698250000, -0.02443461, -6.1086525E-4, -9.162979E-4
669703305000, -0.01038471, 0.004581489, 0.002443461
669708265000, -0.02076942, 0.007330383, 0.0067195175
669713320000, -0.016798794, 0.010079277, 0.009773844
669718244000, -0.01863139, 6.1086525E-4, 9.162979E-4
669723319000, -0.014966198, 0.0030543262, 0.007330383
669728304000, -0.015577064, 0.0021380284, 0.008246681
669733310000, -0.015882496, -0.0015271631, 0.006414085
669738242000, -0.021991149, -0.0036651916, 0.0061086523
669743304000, -0.018020526, -0.0036651916, -0.003970624
669748275000, -0.010079277, 0.0021380284, -0.002443461
669753304000, -0.027183503, -0.004886922, 0.0033597588
669758286000, -0.0143553335, -0.005497787, -3.0543262E-4
669763321000, -0.026572637, -0.005497787, 0.0033597588
669768308000, -0.0125227375, -9.162979E-4, 0.008857546
669773306000, -0.012217305, -9.162979E-4, 0.0036651916
669778361000, -0.015577064, -0.0061086523, -0.0021380284
669783310000, -0.0143553335, 3.0543262E-4, 6.1086525E-4
669788305000, -0.021380283, -0.0036651916, -0.0061086523
669793286000, -0.0106901415, 0.0012217305, -0.0018325958
669798315000, -0.017104227, 0.0012217305, 0.0015271631
669803301000, -0.01038471, 0.008857546, 0.0067195175
669808343000, -0.017715093, -0.0033597588, 3.0543262E-4
669813321000, -0.016187929, 0.0021380284, 0.0061086523
669818307000, -0.0106901415, 0.004581489, 0.007941248
669823316000, -0.015577064, 0.0076358155, -0.0018325958
669828345000, -0.007330383, 0.0070249503, 0.004886922
669833237000, -0.0070249503, 0.003970624, 0.0027488936
669838308000, -0.0061086523, 0.0030543262, 0.0030543262
669843280000, -0.006414085, 0.0067195175, 0.0018325958
669848316000, -0.013439035, 0.0015271631, -0.0027488936
669853242000, -0.022296581, 6.1086525E-4, 0.00580322
669858295000, -0.016798794, 3.0543262E-4, 0.013439035
669863250000, -0.018936822, -0.004581489, 0.005192355
669868307000, -0.010995574, -0.008246681, 0.00580322
669873339000, -0.02565634, -0.013744468, 0.007330383
669878320000, -0.00580322, -0.012217305, 6.1086525E-4
669883300000, -0.012217305, -0.008552114, -6.1086525E-4
669888306000, -0.01863139, -0.0018325958, 0.004276057
669893342000, -0.01160644, 0.004886922, -0.0015271631
669898318000, -0.007330383, 0.007330383, -0.004886922
669903286000, -0.0036651916, 0.0125227375, 0.0076358155
669908297000, -0.0036651916, 0.021380283, 0.002443461
669913389000, -0.010079277, 0.016493361, 0.004886922
