#Rate of rotation around the x y z axes (Angular velocity).
#timestamp(ns),x,y,z(rad/s)
#Datetime: 03/04/2015 11:05:33
##########################################
#Activity: 8 - CSI - Car-Step in - 6s
#Subject ID: 43
#First Name: sub43
#Last Name: sub43
#Age: 24
#Height(cm): 179
#Weight(kg): 80
#Gender: Male
##########################################

@DATA
7975497311000, -0.047036625, -0.05955936, -0.06078109
7975502317000, -0.04642576, -0.056505036, -0.08032878
7975507285000, -0.053145275, -0.05222898, -0.102319926
7975512293000, -0.06841691, -0.042760566, -0.12889257
7975517320000, -0.083383106, -0.030848695, -0.15363261
7975522311000, -0.09285152, -0.01282817, -0.1731803
7975527290000, -0.10048734, 0.004276057, -0.18112154
7975532322000, -0.11178834, 0.0106901415, -0.19150625
7975537318000, -0.12370021, 0.014049901, -0.19853121
7975542303000, -0.1423316, 0.03573562, -0.20005837
7975547312000, -0.13927728, 0.056199603, -0.19700404
7975552985000, -0.15393804, 0.08582657, -0.1826487
7975557310000, -0.16401732, 0.13439035, -0.15821409
7975562297000, -0.16798794, 0.19456059, -0.13072516
7975567316000, -0.15424347, 0.27122417, -0.10842858
7975572309000, -0.13622294, 0.36560285, -0.07360926
7975577331000, -0.12950343, 0.46914452, -0.057421334
7975582325000, -0.10903945, 0.5540548, -0.044593163
7975587314000, -0.09254608, 0.6374379, -0.022602014
7975592301000, -0.08368854, 0.6817256, -0.010079277
7975597408000, -0.059864793, 0.6844745, 0.008552114
7975602362000, -0.061391957, 0.625526, 0.030543262
7975607330000, -0.050396383, 0.5299256, 0.048563786
7975612303000, -0.04184427, 0.3943135, 0.062308256
7975617319000, -0.017104227, 0.25778514, 0.06780604
7975622961000, -0.017104227, 0.098043874, 0.076358154
7975627287000, -0.013133603, -0.05100725, 0.07666359
7975632386000, 0.007330383, -0.15057829, 0.08002335
7975637376000, 0.014049901, -0.183565, 0.07849618
7975642236000, 0.027794369, -0.25228736, 0.08093964
7975647321000, 0.027488936, -0.29168814, 0.08246681
7975652324000, 0.044593163, -0.31581733, 0.096516706
7975657332000, 0.04642576, -0.34116822, 0.11026118
7975662297000, 0.060170226, -0.36010507, 0.11636983
7975667321000, 0.055283304, -0.3921755, 0.11728613
7975672313000, 0.052839845, -0.42058071, 0.1151481
7975677299000, 0.0693332, -0.42852196, 0.12186762
7975682331000, 0.061391957, -0.43127087, 0.13103059
7975687310000, 0.06291912, -0.43371433, 0.12736541
7975692315000, 0.059864793, -0.42485678, 0.13133603
7975697318000, 0.041233405, -0.39828414, 0.13103059
7975702313000, 0.01038471, -0.37293324, 0.13775012
7975707304000, -0.020158553, -0.33353242, 0.14721853
7975712294000, -0.0580322, -0.29046643, 0.14385876
7975717319000, -0.082161374, -0.24495697, 0.13988814
7975722320000, -0.11728613, -0.19394971, 0.1301143
7975727296000, -0.1432479, -0.1423316, 0.124311075
7975732391000, -0.15974127, -0.121256754, 0.116980694
7975737397000, -0.17287487, -0.07971791, 0.105374254
7975742309000, -0.17684549, -0.027183503, 0.089491755
7975747300000, -0.19547687, 0.018936822, 0.082161374
7975752311000, -0.20280726, 0.053145275, 0.07086037
7975757304000, -0.20525073, 0.0870483, 0.0580322
7975762482000, -0.2125811, 0.12767084, 0.05131268
7975767350000, -0.20555615, 0.17195857, 0.037873644
7975772336000, -0.18570304, 0.22479841, 0.028710667
7975777292000, -0.17715092, 0.25259277, 0.016798794
7975782366000, -0.15241088, 0.2669481, 0.005192355
7975787384000, -0.12370021, 0.2678644, -0.003970624
7975792309000, -0.11148291, 0.26389378, -0.009773844
7975797327000, -0.0729984, 0.25778514, -0.02321288
7975802320000, -0.03756821, 0.23609942, -0.032986723
7975807306000, -0.011301007, 0.21502456, -0.03481932
7975812298000, 0.015271631, 0.1853976, -0.03359759
7975817315000, 0.032070424, 0.15027285, -0.03634648
7975822309000, 0.054061573, 0.11026118, -0.043982297
7975827281000, 0.064446285, 0.06169739, -0.04062254
7975832382000, 0.076052725, 0.04062254, -0.037873644
7975837315000, 0.06963864, 0.003970624, -0.035430185
7975842238000, 0.0693332, -0.051618114, -0.03848451
7975847319000, 0.05009095, -0.09987647, -0.030848695
7975852331000, 0.022296581, -0.14752395, -0.035124753
7975857316000, -0.0021380284, -0.18387043, -0.024740042
7975862292000, -0.030848695, -0.22021692, -0.029321533
7975867332000, -0.05589417, -0.24831672, -0.029626964
7975872308000, -0.09193522, -0.27488935, -0.03268129
7975877315000, -0.110872045, -0.2855795, -0.03848451
7975882368000, -0.12675454, -0.2846632, -0.04062254
7975887313000, -0.118202426, -0.27122417, -0.04062254
7975892302000, -0.12858713, -0.25411993, -0.04550946
7975897306000, -0.13225232, -0.22693644, -0.050701816
7975902321000, -0.12950343, -0.1881465, -0.046731193
7975907306000, -0.12339478, -0.15424347, -0.036651913
7975912295000, -0.11301007, -0.11148291, -0.03634648
7975917314000, -0.10781772, -0.07238753, -0.03359759
7975922310000, -0.09682214, -0.05467244, -0.028710667
7975927294000, -0.10415252, -0.03573562, -0.021991149
7975932421000, -0.109650314, -0.02565634, -0.02321288
7975937334000, -0.099265605, -0.0125227375, -0.023518313
7975942301000, -0.10842858, -0.022296581, -0.013439035
7975948105000, -0.1001819, -0.019547688, -0.011301007
7975952328000, -0.089186326, -0.016798794, -0.0125227375
7975957310000, -0.08368854, -0.022907447, -0.0033597588
7975962293000, -0.0729984, -0.027794369, 0.0027488936
7975967322000, -0.06047566, -0.03970624, 0.009773844
7975972332000, -0.063224554, -0.046731193, 0.008246681
7975977298000, -0.061391957, -0.04337143, 0.014966198
7975982311000, -0.067500606, -0.04062254, 0.025961773
7975987319000, -0.06658431, -0.038789943, 0.020158553
7975992303000, -0.076358154, -0.03634648, 0.018936822
7975997298000, -0.083383106, -0.036957346, 0.022296581
7976002285000, -0.09101892, -0.026572637, 0.021685716
7976007309000, -0.10629055, -0.0125227375, 0.019242255
7976012296000, -0.109650314, 0.0033597588, 0.025350908
7976017904000, -0.118507855, 0.02076942, 0.028710667
7976022313000, -0.13164146, 0.05131268, 0.038789943
7976027282000, -0.1301143, 0.05955936, 0.05131268
7976032353000, -0.12889257, 0.08399397, 0.06291912
7976037355000, -0.12522738, 0.11728613, 0.071776666
7976042244000, -0.11209377, 0.15118915, 0.08032878
7976047317000, -0.10170906, 0.16768251, 0.092240654
7976052340000, -0.100792766, 0.19211712, 0.0870483
7976057306000, -0.09621128, 0.21074851, 0.105374254
7976062332000, -0.089186326, 0.22449298, 0.12003502
7976067338000, -0.09773844, 0.23548855, 0.13255776
7976072389000, -0.10140363, 0.25442538, 0.14477506
7976077290000, -0.09621128, 0.2660318, 0.15271631
7976082380000, -0.105068825, 0.28130344, 0.17073683
7976087334000, -0.1133155, 0.301462, 0.18875736
7976092308000, -0.112704635, 0.31948254, 0.19914207
7976097290000, -0.106901415, 0.3378085, 0.2134974
7976102326000, -0.10873401, 0.35246924, 0.22571471
7976107239000, -0.0983493, 0.36132678, 0.24312437
7976112297000, -0.09010262, 0.36254853, 0.25259277
7976117318000, -0.0720821, 0.37415496, 0.2510656
7976122309000, -0.060170226, 0.37201694, 0.26083946
7976127357000, -0.057421334, 0.36835176, 0.25992316
7976132321000, -0.04917465, 0.39095375, 0.26053402
7976137302000, -0.03848451, 0.40530908, 0.25870144
7976142307000, -0.02321288, 0.43279803, 0.25809056
7976147335000, -0.018936822, 0.4615087, 0.2660318
7976152284000, -0.0143553335, 0.4886922, 0.26267207
7976157263000, -9.162979E-4, 0.5143485, 0.25870144
7976162294000, 0.0067195175, 0.53023106, 0.27214047
7976167249000, 0.015882496, 0.5320636, 0.27091873
7976172307000, 0.01985312, 0.5308419, 0.27885997
7976177285000, 0.03848451, 0.5317582, 0.28008172
7976182315000, 0.047036625, 0.51159966, 0.28527406
7976187313000, 0.07086037, 0.5039638, 0.2932153
7976192304000, 0.08552113, 0.47708577, 0.30757064
7976197265000, 0.108123146, 0.45478916, 0.3191771
7976202318000, 0.12003502, 0.441961, 0.32284227
7976207331000, 0.1282817, 0.42210788, 0.3417791
7976212289000, 0.14202617, 0.41080686, 0.35521814
7976217284000, 0.14110987, 0.40133846, 0.37995818
7976222311000, 0.14752395, 0.39064834, 0.39858958
7976227280000, 0.16035213, 0.3839288, 0.40683624
7976232303000, 0.15454891, 0.36651915, 0.41141775
7976237287000, 0.1685988, 0.34605515, 0.43279803
7976242268000, 0.17959438, 0.33841935, 0.44409904
7976247266000, 0.17684549, 0.33750305, 0.4578435
7976252340000, 0.20677789, 0.32986724, 0.46670106
7976257333000, 0.22235495, 0.32559118, 0.47555858
7976262310000, 0.24495697, 0.3277292, 0.48716503
7976267312000, 0.26816985, 0.33322698, 0.4914411
7976273117000, 0.29443705, 0.34605515, 0.4905248
7976277298000, 0.33108896, 0.35918877, 0.4990769
7976282292000, 0.3555236, 0.37690386, 0.48533243
7976302282000, 0.44135013, 0.48624873, 0.49571714
7976307268000, 0.46120325, 0.5036584, 0.4896085
7976312277000, 0.47861293, 0.52931476, 0.48899764
7976317286000, 0.47952923, 0.5519168, 0.4877759
7976322288000, 0.49632803, 0.56138515, 0.49296826
7976327286000, 0.4896085, 0.57635134, 0.49021935
7976332313000, 0.5036584, 0.5885687, 0.49021935
7976337319000, 0.5119051, 0.59681535, 0.48624873
7976342280000, 0.5207626, 0.63041294, 0.48655418
7976347325000, 0.5180137, 0.65179324, 0.4813618
7976352256000, 0.5213735, 0.68752885, 0.48197266
7976357309000, 0.52687126, 0.72601336, 0.48808134
7976362262000, 0.54000485, 0.7492262, 0.48533243
7976367294000, 0.5549711, 0.7629707, 0.49113566
7976372244000, 0.5467244, 0.7535023, 0.48808134
7976377284000, 0.54244834, 0.76144356, 0.49571714
7976382334000, 0.54092115, 0.7819075, 0.49602258
7976387302000, 0.5516113, 0.7910705, 0.4792238
7976392275000, 0.55955255, 0.784351, 0.4569272
7976397320000, 0.5653558, 0.786489, 0.45631635
7976402323000, 0.5757405, 0.7742717, 0.4392121
7976407313000, 0.5882632, 0.7657196, 0.42210788
7976412627000, 0.61300325, 0.7556403, 0.4156938
7976417308000, 0.6160576, 0.7715228, 0.39278635
7976422303000, 0.6273586, 0.766025, 0.38515055
7976427285000, 0.6441574, 0.7858781, 0.3753767
7976432407000, 0.6704246, 0.81031275, 0.36957347
7976437350000, 0.691194, 0.8374963, 0.36865717
7976442304000, 0.7021896, 0.86742866, 0.36010507
7976447308000, 0.7296785, 0.9059132, 0.35216382
7976452318000, 0.75808376, 0.9486737, 0.3417791
7976457304000, 0.7846564, 0.990518, 0.34422258
7976462303000, 0.79290307, 1.0204504, 0.32925636
7976467290000, 0.8032878, 1.0509937, 0.32711834
7976472310000, 0.8185594, 1.0693196, 0.31031954
7976477277000, 0.82863873, 1.1038336, 0.29718593
7976482403000, 0.84299403, 1.1624765, 0.28619036
7976487309000, 0.8689558, 1.1319333, 0.26358834
7976492303000, 0.85062987, 1.1392636, 0.24831672
7976497290000, 0.8741482, 1.1325442, 0.22113322
7976502315000, 0.893085, 1.1224649, 0.20066923
7976507308000, 0.9104946, 1.1221595, 0.18478674
7976512295000, 0.9108001, 1.1187997, 0.16920967
7976517301000, 0.92149025, 1.1187997, 0.14874569
7976522308000, 0.9456194, 1.1246029, 0.13530666
7976527279000, 0.95447695, 1.133155, 0.112704635
7976532352000, 0.96944314, 1.1505647, 0.0852157
7976537313000, 0.99265605, 1.1609493, 0.062308256
7976542301000, 1.0100657, 1.1945469, 0.019242255
7976547277000, 1.0231993, 1.2235631, -0.016187929
7976552322000, 1.029308, 1.2733486, -0.058643065
7976557256000, 1.0360274, 1.3191634, -0.10873401
7976562300000, 1.0387764, 1.3771957, -0.16249016
7976567255000, 1.0516045, 1.4175128, -0.19883664
7976572308000, 1.0586295, 1.4395039, -0.22693644
7976577316000, 1.0626001, 1.4450017, -0.25350907
7976582401000, 1.0473285, 1.4514158, -0.27122417
7976587313000, 1.0348058, 1.4468343, -0.30024028
7976592303000, 1.0045679, 1.4477507, -0.3399465
7976598000000, 0.9789116, 1.4443909, -0.3726278
7976602321000, 0.9630291, 1.4517213, -0.40317106
7976607304000, 0.9492846, 1.4575244, -0.4373795
7976612286000, 0.9584476, 1.45783, -0.49266282
7976617320000, 0.9767735, 1.4535538, -0.54183745
7976622315000, 1.0207558, 1.4419475, -0.56413406
7976627349000, 1.0512991, 1.4358387, -0.61544675
7976632361000, 1.1160508, 1.4376713, -0.6603453
7976637313000, 1.1951579, 1.4364496, -0.6939429
7976642303000, 1.2904528, 1.4306464, -0.70432764
7976647296000, 1.3833044, 1.4059063, -0.71868294
7976652317000, 1.4737124, 1.3839152, -0.7312057
7976657308000, 1.5418239, 1.350623, -0.7440339
7976662281000, 1.6022996, 1.3206906, -0.752586
7976668124000, 1.6316211, 1.3121386, -0.7467828
7976672307000, 1.63437, 1.3112222, -0.71685034
7976677309000, 1.627345, 1.3200798, -0.6609562
7976682290000, 1.577254, 1.3310753, -0.5925393
7976687309000, 1.4721853, 1.3344351, -0.5320636
7976692273000, 1.2993103, 1.3420709, -0.47250426
7976697296000, 1.0412198, 1.3665055, -0.43951756
7976702248000, 0.7510588, 1.3637567, -0.408058
7976707310000, 0.54336464, 1.3671165, -0.34972036
7976712289000, 0.49754974, 1.4165965, -0.27488935
7976717288000, 0.6197228, 1.4517213, -0.23854288
7976722297000, 0.72326446, 1.5928311, -0.17715092
7976727336000, 0.9233228, 1.8011361, -0.15057829
7976732318000, 1.070236, 2.0882428, -0.12461651
7976737772000, 1.1863003, 2.4440718, -0.086437434
7976742305000, 1.2712106, 2.798679, -0.061391957
7976747306000, 1.3393221, 3.157257, -0.08032878
7976752296000, 1.3771957, 3.5274413, -0.13713925
7976757307000, 1.3600914, 3.8612792, -0.2415972
7976762791000, 1.2938126, 4.1963387, -0.36987892
7976767326000, 1.2330315, 4.5167375, -0.54153204
7976772280000, 1.1856894, 4.7934594, -0.72692966
7976777324000, 1.1676689, 4.9651127, -0.9266826
7976782327000, 1.1597277, 5.0320024, -1.1551461
7976787392000, 1.1676689, 4.9296827, -1.3582588
7976792269000, 1.1786644, 4.7439795, -1.5543466
7976797299000, 1.2382239, 4.411058, -1.7305813
7976802304000, 1.3121386, 3.9715405, -1.8417587
7976807405000, 1.4080443, 3.4541376, -1.9315559
7976812307000, 1.5103643, 3.1758883, -1.996613
7976817277000, 1.5879441, 2.6120598, -2.0415115
7976822310000, 1.6108516, 2.0341814, -2.0931299
7976827332000, 1.6001616, 1.5601498, -2.119397
7976832304000, 1.5439619, 1.196685, -2.1138992
7976837311000, 1.4544702, 0.95264435, -2.0726657
7976842300000, 1.2996159, 0.84788096, -1.9807305
7976847290000, 1.1215485, 0.84207773, -1.8408424
7976852316000, 0.8863655, 0.9080512, -1.6523905
7976857307000, 0.6554584, 1.0299188, -1.4364496
7976862287000, 0.44623706, 1.1432343, -1.1927143
7976867283000, 0.27885997, 1.1951579, -0.9098838
7976872311000, 0.09193522, 1.1774428, -0.6017023
7976877343000, -0.116980694, 1.183246, -0.26450464
7976882333000, -0.19028452, 1.3054191, -0.0106901415
7976887283000, -0.077579886, 1.6249015, 0.086132
7976892303000, 0.050396383, 2.1197023, 0.052839845
7976897266000, 0.17134771, 2.7204883, -0.04428773
7976902331000, 0.2941316, 3.3481524, -0.13622294
7976907242000, 0.37293324, 3.9348884, -0.19608775
7976912288000, 0.43860126, 4.178013, -0.25595254
7976917282000, 0.46181414, 4.546365, -0.2941316
7976923028000, 0.50335294, 4.694194, -0.38881573
7976927311000, 0.52534413, 4.65632, -0.4905248
7976932317000, 0.49327368, 4.45107, -0.59498274
7976937261000, 0.43096542, 4.133725, -0.67256266
7976942304000, 0.3182608, 3.7528505, -0.7302894
7976947281000, 0.14752395, 3.375336, -0.7593055
7976952323000, -0.043066, 3.03936, -0.78893244
7976957275000, -0.27091873, 2.7687466, -0.8176431
7976962291000, -0.49418998, 2.5576928, -0.8396343
7976967329000, -0.70280045, 2.3710735, -0.86315256
7976972310000, -0.8866709, 2.19209, -0.8671232
7976977317000, -1.0537425, 1.9950858, -0.8170323
7976982405000, -1.2095132, 1.8209893, -0.7443393
7976987310000, -1.3539828, 1.6679676, -0.655153
7976993018000, -1.46852, 1.5506815, -0.559858
7976997278000, -1.5442673, 1.4590516, -0.46883908
7977002385000, -1.6307048, 1.4001031, -0.35705075
7977007334000, -1.7189748, 1.3790283, -0.24098633
7977013425000, -1.7935003, 1.4129313, -0.1255328
7977017327000, -1.8414533, 1.4727961, -0.07360926
7977022289000, -1.8567249, 1.6771306, 0.011301007
7977028540000, -1.8967366, 2.1450534, 0.15271631
7977032302000, -1.9688187, 2.307849, 0.19761491
7977037274000, -2.017077, 2.5415049, 0.30879238
7977042285000, -2.1664336, 2.5906794, 0.4783075
7977047319000, -2.36863, 2.3958135, 0.7131852
7977052225000, -2.6193902, 2.006387, 1.0085385
7977057226000, -2.9239066, 1.5738943, 1.3753631
7977062370000, -3.303254, 1.1682798, 1.8329011
7977067230000, -3.6914587, 0.8961393, 2.3692408
7977072223000, -4.085772, 0.79320854, 2.930626
7977077210000, -4.490776, 0.8979719, 3.4122932
7977082258000, -4.894558, 1.1621711, 3.7849212
7977087232000, -5.347209, 1.4541647, 3.9639046
7977092223000, -5.8707204, 1.709201, 3.8835757
7977097234000, -6.494414, 1.8228219, 3.7006216
7977102307000, -7.2384477, 1.7993035, 3.5023959
7977107310000, -7.7164497, 1.7119498, 3.3542612
7977112287000, -7.574729, 1.4162911, 3.320358
7977117288000, -7.225925, 1.2657127, 3.242778
7977122281000, -6.416834, 1.5488489, 3.1093042
7977127317000, -5.8649173, 1.9941696, 2.8600712
7977132605000, -5.4269266, 1.9520199, 2.631913
7977137311000, -4.936402, 1.5088371, 2.4975226
7977142546000, -4.5188756, 0.8857546, 2.3835962
7977147307000, -4.308738, 0.15974127, 2.262034
7977152274000, -4.319428, -0.50701815, 2.1774292
7977157314000, -4.4538183, -0.88697636, 2.1771238
7977162329000, -4.65632, -0.90102625, 2.1981986
7977167346000, -4.9134946, -0.66767573, 2.1783454
7977172303000, -5.191438, -0.39553526, 2.1578815
7977177306000, -5.491984, -0.16432275, 2.1594086
7977182313000, -5.644089, -0.06963864, 2.1606305
7977187312000, -5.597358, -0.16340645, 2.1768184
7977192251000, -5.388137, -0.37415496, 2.2482896
7977197288000, -5.099503, -0.6215554, 2.3176227
7977202302000, -4.8295007, -0.87995136, 2.3979516
7977207308000, -4.6337185, -1.0177015, 2.4801128
7977212284000, -4.584238, -1.3686435, 2.5103507
7977217281000, -4.5286493, -1.749518, 2.5909848
7977222307000, -4.5561385, -2.16399, 2.6780334
7977227306000, -4.624861, -2.5173757, 2.770274
7977232323000, -4.664567, -2.726597, 2.8328876
7977237256000, -4.663956, -2.706744, 2.8756483
7977242263000, -4.639827, -2.4178047, 2.8680124
7977248108000, -4.560109, -1.7299703, 2.831055
7977252291000, -4.330424, -0.9098838, 2.8112018
7977257283000, -3.8847976, -0.5723807, 2.797152
7977262324000, -3.5198054, -0.5555819, 2.7482827
7977267303000, -3.2039883, -0.54153204, 2.6535985
7977272338000, -2.9669726, -0.45478916, 2.5751023
7977277311000, -2.758362, -0.52748215, 2.4452937
7977282339000, -2.5552492, -0.70921457, 2.3548856
7977292289000, -2.1313088, -0.87689704, 2.1911736
7977297470000, -1.9529362, -0.9932669, 2.0528126
7977302204000, -1.8277088, -0.99387777, 1.9425515
7977307222000, -1.7650951, -1.0036516, 1.8723019
7977312210000, -1.6569719, -1.0305296, 1.7379116
7977317635000, -1.5540411, -1.0855075, 1.5796975
7977322226000, -1.4822645, -1.0778717, 1.5280794
7977327193000, -1.3775011, -1.0390818, 1.4419475
7977332258000, -1.2620476, -1.0057896, 1.3451253
7977337316000, -1.135904, -0.82344633, 1.2861768
7977342224000, -0.93218035, -0.679893, 1.287093
7977347199000, -0.7458665, -0.7629707, 1.2110404
7977352599000, -0.6227771, -0.8268061, 1.1071932
7977357485000, -0.5299256, -0.8790351, 0.99112886
7977362230000, -0.4184427, -0.9416488, 0.8549059
7977367236000, -0.30634892, -1.0073168, 0.7128797
7977372266000, -0.20463985, -1.0821478, 0.54183745
7977377728000, -0.09987647, -1.1753048, 0.3866777
7977382274000, -0.004276057, -1.2568552, 0.21563543
7977387700000, 0.10262536, -1.3634512, 0.07452556
7977392256000, 0.22418754, -1.455081, -0.06383542
7977397268000, 0.35002577, -1.5473217, -0.18142697
7977402296000, 0.48624873, -1.5851953, -0.29871312
7977407266000, 0.5674938, -1.6319265, -0.3631594
7977412281000, 0.69027776, -1.6560557, -0.48991394
7977417279000, 0.8188649, -1.6713274, -0.6160576
7977422377000, 0.95325524, -1.6710218, -0.73639804
7977427257000, 1.0897835, -1.6523905, -0.8378017
7977432334000, 1.1942415, -1.6142114, -0.9416488
7977437239000, 1.2956452, -1.5650368, -1.0479393
7977442212000, 1.3869696, -1.5030339, -1.138042
7977447264000, 1.4682146, -1.4575244, -1.207986
7977452163000, 1.5351044, -1.4052955, -1.2760975
7977457213000, 1.5259414, -1.3472633, -1.3353515
7977462182000, 1.4880677, -1.3148874, -1.3930782
7977467215000, 1.4367551, -1.3203852, -1.4138476
7977472175000, 1.3826935, -1.3765849, -1.4175128
7977477211000, 1.3118331, -1.4395039, -1.3949108
7977482222000, 1.2336423, -1.4902058, -1.359786
7977487210000, 1.1753048, -1.4914275, -1.321607
7977492194000, 1.1136073, -1.4220943, -1.2843442
7977497240000, 1.1111639, -1.3793337, -1.2614367
7977502263000, 1.135293, -1.2675453, -1.2562444
7977507277000, 1.1365148, -1.1676689, -1.2351695
7977512265000, 1.131017, -1.0937542, -1.1948525
7977517363000, 1.1203269, -1.0635164, -1.1429288
7977522270000, 1.1233811, -1.0497719, -1.0897835
7977527303000, 1.1270463, -1.0558805, -1.039998
7977532269000, 1.119716, -1.0806206, -1.0122037
7977537284000, 1.1221595, -1.0888673, -1.0015136
7977542219000, 1.1255192, -1.0690142, -0.9779953
7977547266000, 1.1136073, -1.0476339, -0.9434814
7977552294000, 1.0839803, -1.0323622, -0.89858276
7977557338000, 1.0589349, -1.0235047, -0.8561276
7977562312000, 1.0332786, -0.97066486, -0.78893244
7977567301000, 0.9789116, -0.88300574, -0.7049385
7977572450000, 0.9401216, -0.79717916, -0.61911196
7977577347000, 0.9074403, -0.7415904, -0.54336464
7977582328000, 0.89858276, -0.64965516, -0.4813618
7977587315000, 0.9080512, -0.50976706, -0.45845437
7977592307000, 0.92485, -0.36957347, -0.46181414
7977597290000, 0.9505063, -0.29718593, -0.47616947
7977602326000, 0.9673051, -0.122478485, -0.4792238
7977607930000, 0.9786061, 0.024129177, -0.48747048
7977612304000, 0.9969321, 0.093462385, -0.5009095
7977617353000, 0.9957104, 0.04795292, -0.50762904
7977622397000, 0.98349303, -0.023823744, -0.50335294
7977627344000, 0.91965765, -0.09437868, -0.49357912
7977632363000, 0.8491027, -0.11209377, -0.47555858
7977637297000, 0.75228053, -0.015271631, -0.4746423
7977642468000, 0.64599, 0.14935656, -0.48655418
7977647517000, 0.5366451, 0.32070425, -0.5131268
7977652284000, 0.4728097, 0.4700608, -0.56382865
7977657257000, 0.4352415, 0.6719518, -0.60994893
7977662282000, 0.4083634, 0.90041536, -0.6441574
7977667261000, 0.38087448, 0.97433007, -0.7021896
7977672344000, 0.4083634, 1.0164797, -0.7632761
7977678002000, 0.47311515, 1.067487, -0.79137594
7977682371000, 0.56016344, 1.135904, -0.8038987
7977687247000, 0.6407976, 1.2180653, -0.7797695
7977692321000, 0.70157874, 1.321607, -0.7150178
7977697302000, 0.73273283, 1.3723087, -0.6453791
7977702314000, 0.7458665, 1.4743233, -0.61453044
7977707306000, 0.7431176, 1.5793921, -0.5626069
7977712344000, 0.7583892, 1.6762142, -0.54153204
7977717426000, 0.7690793, 1.7977765, -0.5164866
7977722316000, 0.74067414, 1.9104811, -0.43463063
7977727380000, 0.61422503, 2.003638, -0.26542094
7977732352000, 0.28619036, 1.9908098, -0.0143553335
7977737354000, -0.35033122, 1.777007, 0.33414328
7977742328000, -1.3674219, 1.2971723, 0.7654142
7977747780000, -2.6655104, 0.61911196, 1.2134838
7977752276000, -3.8802161, -0.028099801, 1.5900823
7977757314000, -4.4516807, -0.34788775, 1.7519615
7977762320000, -4.1291437, -0.35521814, 1.6328428
7977767289000, -3.259577, -0.38331795, 1.2272283
7977772254000, -2.3047945, -0.5271767, 0.73548174
7977777364000, -1.5250251, -0.5467244, 0.25259277
7977782280000, -1.0180069, -0.40408736, -0.19761491
7977787324000, -0.8384125, -0.21013765, -0.5161811
7977792283000, -0.979217, -0.07849618, -0.66523224
7977797300000, -1.2947289, 0.16554448, -0.6603453
7977802273000, -1.5063937, 0.23609942, -0.55771995
7977807303000, -2.0332649, -0.0870483, -0.5186246
7977812640000, -2.6328292, -0.6224717, -0.5879578
7977817285000, -3.109915, -0.82711154, -0.56230146
7977822247000, -3.2183435, -0.32253686, -0.59620446
7977827412000, -2.7708848, 0.43951756, -0.66981375
7977832274000, -2.0027218, 1.1276573, -0.689056
7977837325000, -1.2516629, 1.5460999, -0.655153
7977842239000, -0.81031275, 1.5430456, -0.6533204
7977847273000, -0.79779, 1.1102476, -0.6365216
7977852346000, -1.0922271, 0.50946164, -0.6096435
7977857337000, -1.5176947, 0.044898596, -0.573297
7977862280000, -1.88849, -0.11881329, -0.548557
7977867328000, -2.05434, -0.023823744, -0.5476407
7977872363000, -2.0583105, 0.14508049, -0.5558874
7977877387000, -1.9743165, 0.25595254, -0.5702427
7977882329000, -1.8997909, 0.26175576, -0.5525276
7977887312000, -1.892766, 0.20311269, -0.51159966
7977892309000, -1.9321668, 0.15943582, -0.4550946
7977897283000, -2.002111, 0.08735373, -0.4269948
7977902292000, -2.0332649, 0.0067195175, -0.37598756
7977907306000, -2.0604484, 0.005192355, -0.3191771
7977912299000, -2.02624, 0.102319926, -0.2648101
7977917319000, -1.9581286, 0.25778514, -0.21533
7977922307000, -1.8781052, 0.43279803, -0.15118915
7977927343000, -1.8212948, 0.56779927, -0.086132
7977932353000, -1.7895297, 0.6747007, -0.025961773
7977937278000, -1.7687603, 0.73792523, 0.013744468
7977942306000, -1.7259997, 0.8213083, 0.027183503
7977947285000, -1.677436, 0.89888823, 0.029932396
7977952286000, -1.6621643, 0.9718866, 0.021685716
7977957243000, -1.640784, 1.0149527, 0.007941248
7977962292000, -1.641395, 1.0430524, 0.007330383
7977967271000, -1.6398678, 1.0876455, 0.013133603
7977972317000, -1.6313156, 1.1859949, 0.023518313
7977977285000, -1.6215417, 1.3384057, 0.07147124
7977982309000, -1.5876387, 1.4923438, 0.1469131
7977987620000, -1.509448, 1.5897768, 0.22632557
7977992309000, -1.4205672, 1.6355917, 0.2941316
7977997286000, -1.3778065, 1.7073684, 0.31978795
7978003022000, -1.289842, 1.7290541, 0.41080686
7978007283000, -1.2333369, 1.736079, 0.4361578
7978012303000, -1.2394456, 1.7828102, 0.5002986
7978017278000, -1.2434162, 1.7880026, 0.550695
7978022317000, -1.241889, 1.8035797, 0.5910121
7978028962000, -1.2638801, 1.7950275, 0.64934975
7978032303000, -1.2974777, 1.767844, 0.65484756
7978037368000, -1.320996, 1.6829338, 0.6597345
7978042307000, -1.3417655, 1.5781704, 0.64568454
7978047323000, -1.3267993, 1.5222762, 0.65240407
7978052311000, -1.3142766, 1.4682146, 0.6411031
7978057301000, -1.3335189, 1.4236214, 0.63591075
7978062295000, -1.3545936, 1.4477507, 0.63621616
7978067296000, -1.3726143, 1.5302174, 0.6249151
7978072810000, -1.3445144, 1.6206255, 0.6078109
7978077293000, -1.3106114, 1.7061466, 0.58551437
7978082293000, -1.2843442, 1.78617, 0.5662721
7978087307000, -1.284955, 1.8072448, 0.5626069
7978092278000, -1.2852604, 1.779756, 0.569021
7978097301000, -1.280679, 1.7443258, 0.5919284
7978102284000, -1.2495248, 1.751656, 0.63132924
7978107305000, -1.2064588, 1.8325957, 0.6637051
7978112705000, -1.1670581, 1.9624046, 0.68844515
7978117318000, -1.1349876, 2.1407773, 0.73273283
7978122622000, -1.1291844, 2.302962, 0.7626653
7978127300000, -1.1194105, 2.4226916, 0.79443026
7978132346000, -1.0864239, 2.4981334, 0.8323039
7978137362000, -1.0571023, 2.5076017, 0.84940815
7978142455000, -1.0277808, 2.4565945, 0.8585711
7978147290000, -1.0186177, 2.3417518, 0.8582657
7978152317000, -1.0467176, 2.207056, 0.84971356
7978157305000, -1.1059716, 2.1209242, 0.84665924
7978162317000, -1.1731668, 2.0357084, 0.82772243
7978167322000, -1.2379184, 1.9126191, 0.84696466
7978172311000, -1.3005321, 1.7794504, 0.86193085
7978177272000, -1.29198, 1.6911805, 0.8549059
7978182437000, -1.2385293, 1.5888605, 0.8509353
7978187304000, -1.1566733, 1.5201381, 0.84940815
7978192308000, -1.1276573, 1.3494014, 0.84788096
7978197251000, -1.0852021, 1.1404854, 0.83016586
7978202321000, -1.065349, 0.95203346, 0.8042041
7978207238000, -1.0393872, 0.88117313, 0.77732605
7978212295000, -0.9737192, 0.9428705, 0.74220127
7978217298000, -0.8790351, 1.0106765, 0.698219
7978222313000, -0.78893244, 1.040609, 0.66553766
7978227300000, -0.68600166, 1.0638218, 0.63438356
7978232319000, -0.5849035, 1.0552697, 0.58459806
7978237272000, -0.5030475, 1.1071932, 0.5198463
7978242273000, -0.43890667, 1.1850786, 0.4529566
7978247289000, -0.36957347, 1.2757921, 0.38331795
7978252283000, -0.33017266, 1.3475688, 0.3213151
7978257266000, -0.30024028, 1.366811, 0.26145032
7978262305000, -0.26633725, 1.346347, 0.22082779
7978267276000, -0.22937989, 1.3026701, 0.18295415
7978272338000, -0.21197024, 1.2544118, 0.14355333
7978277344000, -0.17989981, 1.2180653, 0.099265605
7978287296000, -0.14446963, 1.1756102, 0.021380283
7978292315000, -0.14477506, 1.138042, -0.043676864
7978297288000, -0.13683382, 1.1053606, -0.11789699
7978302193000, -0.14110987, 1.0656544, -0.18203785
7978307226000, -0.1423316, 1.0122037, -0.25442538
7978312211000, -0.14263703, 0.98990715, -0.31581733
7978317233000, -0.13500121, 0.97433007, -0.36865717
7978322222000, -0.12308934, 0.960891, -0.4111123
7978327453000, -0.10934488, 0.95814216, -0.44929138
7978332242000, -0.10048734, 0.93676186, -0.48747048
7978337227000, -0.06963864, 0.91629785, -0.52473325
7978342201000, -0.030848695, 0.87781334, -0.56169057
7978347238000, -0.012217305, 0.8268061, -0.57451874
7978352215000, -9.162979E-4, 0.7831292, -0.5879578
7978357281000, -0.0061086523, 0.7788532, -0.57879484
7978362299000, -0.042455133, 0.8228355, -0.5662721
7978367298000, -0.07544186, 0.91874135, -0.54458636
7978372236000, -0.11942416, 1.0173961, -0.5403103
7978377313000, -0.16462818, 1.1108584, -0.5390886
7978382317000, -0.18600847, 1.1502593, -0.5644395
7978387284000, -0.19456059, 1.1841623, -0.5653558
7978392270000, -0.19303341, 1.1704178, -0.57940567
7978397888000, -0.1572978, 1.0980303, -0.60231316
7978402327000, -0.12461651, 1.071763, -0.602924
7978407305000, -0.11484267, 1.0253373, -0.6236934
7978412282000, -0.10293079, 1.0057896, -0.63346726
7978417330000, -0.105374254, 0.9776898, -0.655153
7978422244000, -0.0983493, 0.95356065, -0.66248333
7978427300000, -0.08399397, 0.91324353, -0.68416905
7978432291000, -0.0720821, 0.8775079, -0.7104363
7978437401000, -0.065973446, 0.8335256, -0.71593404
7978442260000, -0.052839845, 0.81183994, -0.7079928
7978447279000, -0.06383542, 0.7831292, -0.700357
7978452323000, -0.069027774, 0.77763146, -0.6719518
7978457304000, -0.09407325, 0.79626286, -0.6423248
7978462284000, -0.1282817, 0.8341365, -0.6072
7978467629000, -0.16340645, 0.88422745, -0.57971114
7978472309000, -0.15821409, 0.9211848, -0.52778757
7978477302000, -0.13255776, 0.93218035, -0.4813618
7978482398000, -0.08979719, 0.92271197, -0.4447099
7978487401000, -0.08277224, 0.8533788, -0.43585235
7978492307000, -0.09407325, 0.7641924, -0.42210788
7978497273000, -0.118202426, 0.68508536, -0.4352415
7978502317000, -0.15027285, 0.63529986, -0.462425
7978507280000, -0.17379116, 0.58276546, -0.4972443
7978512289000, -0.15790866, 0.5503896, -0.5345071
7978517306000, -0.12522738, 0.5119051, -0.5693264
7978522308000, -0.07971791, 0.4783075, -0.6059783
7978527313000, -0.021685716, 0.44898596, -0.6243043
7978532396000, 0.01985312, 0.4098906, -0.63529986
7978537346000, 0.06872234, 0.37598756, -0.59620446
7978542303000, 0.095294975, 0.3399465, -0.5403103
7978547277000, 0.09865474, 0.2724459, -0.46609017
7978552313000, 0.081855945, 0.1966986, -0.37598756
7978557328000, 0.027488936, 0.110872045, -0.28924468
7978562287000, -0.024129177, 0.021991149, -0.21380283
7978567621000, -0.07880162, -0.051923547, -0.15302174
7978572309000, -0.12003502, -0.106595986, -0.10720685
7978577358000, -0.14752395, -0.13439035, -0.07727446
7978582329000, -0.19272798, -0.13988814, -0.06352998
7978587247000, -0.20189096, -0.09315695, -0.039095376
7978592301000, -0.21135938, -0.013744468, -0.014660766
7978597256000, -0.21746802, 0.07269296, 0.0027488936
7978602304000, -0.18478674, 0.14996742, 0.0036651916
7978607242000, -0.13836098, 0.20525073, 0.0033597588
7978612300000, -0.08552113, 0.23762658, -0.0012217305
7978617399000, -0.044898596, 0.25686884, 0.008857546
7978622310000, -0.011911872, 0.2669481, 0.02687807
7978627295000, -0.011911872, 0.27030787, 0.04886922
7978632322000, 0.036957346, 0.26206118, 0.065973446
7978637377000, 0.08277224, 0.2574797, 0.087964594
7978642341000, 0.121256754, 0.23793201, 0.10170906
7978647298000, 0.17684549, 0.2134974, 0.10476339
7978652844000, 0.21502456, 0.20250183, 0.11636983
7978657308000, 0.25381452, 0.20586158, 0.12217305
7978662281000, 0.2761111, 0.21044308, 0.1282817
7978667308000, 0.28405234, 0.24556783, 0.14508049
7978672340000, 0.25625798, 0.29168814, 0.17623462
7978677345000, 0.22876903, 0.3210097, 0.22021692
7978682370000, 0.19211712, 0.39614612, 0.24007004
7978687422000, 0.16737708, 0.47525316, 0.2883284
7978692303000, 0.13316862, 0.5375614, 0.33200526
7978697319000, 0.099265605, 0.5723807, 0.35643986
7978702343000, 0.083383106, 0.6010914, 0.35918877
7978707341000, 0.06383542, 0.6206391, 0.35277468
7978712312000, 0.04734206, 0.6719518, 0.35827246
7978717314000, 0.032986723, 0.7663304, 0.36041048
7978723080000, 0.056505036, 0.8903361, 0.36835176
7978727351000, 0.10262536, 1.0256428, 0.39064834
7978732303000, 0.16523905, 1.1148291, 0.41508293
7978737324000, 0.21655174, 1.1081096, 0.45142943
7978742235000, 0.21288654, 1.0106765, 0.4905248
7978747288000, 0.13530666, 0.8173377, 0.537256
7978752246000, 0.0033597588, 0.59956425, 0.5876524
7978757343000, -0.13041973, 0.40317106, 0.6267477
7978762252000, -0.22082779, 0.25228736, 0.6417139
7978767306000, -0.24129178, 0.13683382, 0.6453791
7978772276000, -0.20005837, 0.06719518, 0.6218608
7978777326000, -0.15332718, 0.052534413, 0.6026186
7978782306000, -0.13408493, 0.05497787, 0.5934556
7978787321000, -0.07849618, 0.10476339, 0.5681047
7978792714000, -0.032070424, 0.19272798, 0.52870387
7978797335000, -0.020158553, 0.30390546, 0.5177083
7978802278000, -0.021380283, 0.41538838, 0.4841107
7978807290000, -0.020463986, 0.5326745, 0.44929138
7978812278000, -0.03145956, 0.6750061, 0.4092797
7978817334000, -0.028099801, 0.79717916, 0.37110063
7978822303000, 6.1086525E-4, 0.86070913, 0.34666604
7978827410000, 0.048258353, 0.86162543, 0.32406402
7978832330000, 0.10873401, 0.81122905, 0.2779437
7978837318000, 0.19272798, 0.7483099, 0.2302962
7978842323000, 0.27305678, 0.67103547, 0.17592919
7978847282000, 0.31978795, 0.59986967, 0.11636983
7978852203000, 0.3662137, 0.5143485, 0.06963864
7978857178000, 0.40133846, 0.43890667, 0.022907447
7978862204000, 0.4175264, 0.3494149, -0.016493361
7978867179000, 0.4196644, 0.2443461, -0.040317107
7978872222000, 0.4089743, 0.18509217, -0.056505036
7978877206000, 0.40530908, 0.07727446, -0.05955936
7978882269000, 0.40500367, 0.005497787, -0.06536258
7978887203000, 0.4034765, -0.04062254, -0.054061573
7978892222000, 0.40286562, -0.06780604, -0.024740042
7978897215000, 0.4260785, -0.070249505, 0.018020526
7978902323000, 0.46517387, -0.054061573, 0.051618114
7978907235000, 0.5164866, -0.034208454, 0.09162979
7978912246000, 0.55741453, -0.028099801, 0.12950343
7978917273000, 0.6044512, -0.029626964, 0.1386664
7978922262000, 0.65057147, -0.059864793, 0.13408493
7978927274000, 0.67073005, -0.115453534, 0.12980886
7978932304000, 0.66614854, -0.16218472, 0.13316862
7978937294000, 0.62858033, -0.21594086, 0.13164146
7978942391000, 0.57451874, -0.28985557, 0.13255776
7978947260000, 0.5183192, -0.3680463, 0.12797627
7978952359000, 0.473726, -0.45570546, 0.118507855
7978957307000, 0.44104472, -0.54611355, 0.101098195
7978962317000, 0.41263947, -0.6096435, 0.07513642
7978967306000, 0.39584067, -0.6630942, 0.053450707
7978972306000, 0.38759398, -0.6826419, 0.04062254
7978977976000, 0.3924809, -0.7107417, 0.035430185
7978982348000, 0.37843102, -0.7263188, 0.025961773
7978987361000, 0.36713, -0.7272351, 0.027794369
7978992305000, 0.36132678, -0.70921457, 0.043982297
7978997299000, 0.3436117, -0.6612616, 0.06811147
7979002314000, 0.30970868, -0.61361414, 0.08399397
7979007306000, 0.28893927, -0.5390886, 0.11362094
7979012432000, 0.258396, -0.4654793, 0.1255328
7979017338000, 0.23915374, -0.40591997, 0.12217305
7979022237000, 0.22021692, -0.36193767, 0.09132435
7979027303000, 0.18325958, -0.3463606, 0.035430185
7979032284000, 0.15851954, -0.34422258, -0.0070249503
7979037314000, 0.13775012, -0.35430184, -0.03604105
7979042237000, 0.11728613, -0.35002577, -0.053145275
7979047953000, 0.093462385, -0.34422258, -0.057726767
7979052262000, 0.07086037, -0.31245756, -0.048563786
7979057306000, 0.03604105, -0.2837469, -0.045814894
7979062327000, 0.021685716, -0.23457226, -0.048563786
7979067352000, 0.004886922, -0.18967366, -0.043676864
7979072628000, 0.0021380284, -0.1600467, -0.05131268
7979077330000, 0.013133603, -0.1459968, -0.06078109
7979082337000, 0.016493361, -0.14569137, -0.07269296
7979087310000, 0.018020526, -0.1777618, -0.09162979
7979092268000, 0.022907447, -0.20189096, -0.116980694
7979097281000, 0.02107485, -0.24251351, -0.12583824
7979102320000, 0.022602014, -0.24556783, -0.121256754
7979107306000, 0.01740966, -0.21838433, -0.11362094
7979112283000, 0.011911872, -0.18142697, -0.12034045
7979117756000, 0.010079277, -0.12339478, -0.11942416
7979122314000, 0.025961773, -0.048563786, -0.13072516
7979127339000, 0.053450707, 0.047647487, -0.14477506
7979132353000, 0.093767814, 0.17104226, -0.16554448
7979137382000, 0.14630222, 0.3118467, -0.17654006
7979142308000, 0.19822577, 0.42577308, -0.18142697
7979147280000, 0.22510384, 0.49754974, -0.18387043
7979152322000, 0.204029, 0.46578476, -0.18448131
7979157306000, 0.13316862, 0.32620203, -0.19914207
7979162290000, -0.007941248, 0.15760323, -0.20647246
7979167293000, -0.16615535, 0.08093964, -0.21777347
7979172313000, -0.28710666, 0.019547688, -0.2171626
7979177319000, -0.31123585, 0.05589417, -0.2171626
7979182426000, -0.3173445, 0.15943582, -0.19792034
7979187439000, -0.2593123, 0.2574797, -0.18173242
7979192303000, -0.1957823, 0.28619036, -0.15454891
7979197282000, -0.15851954, 0.22327125, -0.15302174
7979202324000, -0.13897185, 0.10751228, -0.15790866
7979207360000, -0.15577064, -0.009773844, -0.1685988
7979212283000, -0.18203785, -0.079107046, -0.15515977
7979217698000, -0.18478674, -0.11453723, -0.13713925
7979222312000, -0.17623462, -0.12064589, -0.124005646
7979227300000, -0.16890424, -0.11759156, -0.109650314
7979232306000, -0.14263703, -0.111177474, -0.096516706
7979237285000, -0.1133155, -0.10140363, -0.089491755
7979242267000, -0.09040806, -0.08857546, -0.07696902
7979247285000, -0.06566802, -0.07269296, -0.06627888
7979252314000, -0.063224554, -0.055283304, -0.063224554
7979257317000, -0.08155051, -0.038179077, -0.06780604
7979262324000, -0.08827003, -0.022907447, -0.06841691
7979267494000, -0.07727446, -0.005497787, -0.07269296
7979272333000, -0.064446285, 0.02443461, -0.064446285
7979277320000, -0.070249505, 0.04642576, -0.058643065
7979287329000, -0.01863139, 0.10140363, -0.07147124
7979292303000, 0.012217305, 0.10262536, -0.086437434
7979297284000, 0.023518313, 0.093462385, -0.09896017
7979302210000, 0.03604105, 0.059864793, -0.11056661
7979307224000, 0.04795292, 0.025350908, -0.13194689
7979312215000, 0.06291912, 0.015882496, -0.14752395
7979317232000, 0.073303826, -0.0033597588, -0.1685988
7979322224000, 0.08032878, -0.004886922, -0.18845193
7979327241000, 0.09590584, 0.0033597588, -0.21380283
7979332247000, 0.12461651, 0.02687807, -0.23640485
7979337219000, 0.13652839, 0.047036625, -0.2611449
7979342208000, 0.15118915, 0.05222898, -0.2837469
7979347264000, 0.17073683, 0.032986723, -0.29749137
7979352265000, 0.1777618, -0.0030543262, -0.3115413
7979357303000, 0.16340645, -0.020158553, -0.3100141
7979362280000, 0.16310102, -0.031154128, -0.30726522
7979367354000, 0.16371189, -0.06078109, -0.3005457
7979372925000, 0.1572978, -0.095294975, -0.2929099
7979377357000, 0.15271631, -0.103847094, -0.2843578
7979382350000, 0.1591304, -0.122783914, -0.27550024
7979387304000, 0.16249016, -0.15057829, -0.2593123
7979392272000, 0.15851954, -0.17104226, -0.24617869
7979397298000, 0.16676621, -0.17959438, -0.23518312
7979402353000, 0.17256944, -0.17073683, -0.22052236
7979407349000, 0.19547687, -0.1591304, -0.21471913
7979412289000, 0.19425514, -0.14721853, -0.19333886
7979417929000, 0.2012801, -0.122478485, -0.16157386
7979422304000, 0.19883664, -0.0870483, -0.13316862
7979427295000, 0.18936823, -0.055588737, -0.10598512
7979432363000, 0.16676621, -0.022602014, -0.07422013
7979437307000, 0.14294247, -0.00580322, -0.032070424
7979442859000, 0.11056661, -0.004276057, -0.0106901415
7979447294000, 0.089491755, 0.013133603, 0.003970624
7979452314000, 0.05955936, 0.009773844, 0.03756821
7979457303000, 0.0290161, 0.004276057, 0.064751714
7979462284000, 0.007330383, 0.004276057, 0.09468412
7979467356000, -0.01160644, -0.0033597588, 0.10781772
7979472307000, -0.03848451, -0.0076358155, 0.10170906
7979477387000, -0.062308256, -0.0027488936, 0.0842994
7979482309000, -0.100792766, 0.0012217305, 0.06627888
7979487311000, -0.12339478, 0.012217305, 0.05375614
7979492308000, -0.14630222, 0.046120327, 0.04917465
7979497284000, -0.15454891, 0.064446285, 0.055283304
7979502312000, -0.15210545, 0.071776666, 0.06811147
7979507301000, -0.12156218, 0.06719518, 0.079107046
7979512517000, -0.09560041, 0.0729984, 0.093462385
7979517332000, -0.070554934, 0.07238753, 0.1020145
7979522539000, -0.031154128, 0.059864793, 0.112399206
7979527378000, 0.004886922, 0.049785517, 0.121256754
7979532304000, 0.022296581, 0.024740042, 0.12583824
7979537307000, 0.03756821, -0.002443461, 0.1337795
7979542309000, 0.05131268, -0.03940081, 0.13316862
7979547282000, 0.058643065, -0.09101892, 0.13988814
7979552316000, 0.0571159, -0.12705997, 0.14202617
7979557306000, 0.038179077, -0.18173242, 0.15393804
7979562322000, 0.015882496, -0.20005837, 0.14996742
7979567364000, 0.007941248, -0.25137106, 0.15515977
7979572312000, -0.024740042, -0.28496864, 0.15699236
7979577385000, -0.067500606, -0.32345316, 0.16615535
7979582395000, -0.10293079, -0.35155296, 0.1740966
7979587305000, -0.13316862, -0.3726278, 0.17837265
7979592308000, -0.1518, -0.39461896, 0.18875736
7979597340000, -0.17959438, -0.40439278, 0.19486602
7979602336000, -0.20708331, -0.41325033, 0.20616703
7979607340000, -0.22235495, -0.41538838, 0.20189096
7979612295000, -0.25473082, -0.41080686, 0.20005837
7979617282000, -0.27580565, -0.41172317, 0.18906279
7979622325000, -0.30879238, -0.4007276, 0.17806722
7979628213000, -0.30665436, -0.38087448, 0.15088372
7979632318000, -0.31490102, -0.3408628, 0.13164146
7979637292000, -0.30726522, -0.2959642, 0.10415252
7979642346000, -0.31887165, -0.23732115, 0.07727446
7979647292000, -0.3051272, -0.1704314, 0.06719518
7979652286000, -0.30451632, -0.10048734, 0.041233405
7979657306000, -0.2941316, -0.058643065, 0.043982297
7979662302000, -0.29810223, 0.0067195175, 0.03390302
7979667351000, -0.29993483, 0.06811147, 0.01282817
7979672306000, -0.28863382, 0.10415252, -0.014966198
7979677327000, -0.27947086, 0.12980886, -0.04428773
7979682300000, -0.26511553, 0.1282817, -0.064751714
7979687322000, -0.25381452, 0.1133155, -0.09040806
7979692306000, -0.23273966, 0.08093964, -0.112399206
7979697803000, -0.21044308, 0.058337633, -0.12889257
7979702305000, -0.18936823, 0.022602014, -0.15332718
7979707318000, -0.16432275, -0.02076942, -0.160963
7979712322000, -0.13469578, -0.0421497, -0.17501289
7979717317000, -0.11178834, -0.054367006, -0.19242255
7979722310000, -0.070554934, -0.057726767, -0.18875736
7979727330000, -0.0421497, -0.049480084, -0.1994475
7979732389000, -0.011301007, -0.037873644, -0.19486602
7979737325000, 0.01282817, -0.029626964, -0.18845193
7979742305000, 0.061391957, -0.01740966, -0.18081611
7979747293000, 0.105068825, 0.009773844, -0.15332718
7979752244000, 0.13316862, 0.027794369, -0.11728613
7979757311000, 0.17440203, 0.029626964, -0.06169739
7979762294000, 0.19058995, 0.056199603, -0.034208454
7979767280000, 0.22693644, 0.062308256, 0.007941248
7979772237000, 0.23732115, 0.058948494, 0.03970624
7979777302000, 0.23426682, 0.040927973, 0.070249505
7979782323000, 0.23854288, 0.03634648, 0.105374254
7979787325000, 0.22052236, 0.03970624, 0.13622294
7979792282000, 0.20586158, 0.04337143, 0.15393804
7979797293000, 0.1704314, 0.03634648, 0.1740966
7979802290000, 0.13958271, 0.022907447, 0.19028452
7979807302000, 0.08735373, -3.0543262E-4, 0.19058995
7979812285000, 0.06169739, -0.035430185, 0.1957823
7979817362000, 0.022907447, -0.05497787, 0.1872302
7979822326000, -0.01863139, -0.09101892, 0.17531833
7979827282000, -0.064751714, -0.121256754, 0.15882497
7979832306000, -0.1001819, -0.13775012, 0.14996742
7979837309000, -0.13072516, -0.15790866, 0.13255776
7979842271000, -0.16157386, -0.15393804, 0.10170906
7979847282000, -0.18081611, -0.14996742, 0.076358154
7979852269000, -0.1966986, -0.14049901, 0.070249505
7979857304000, -0.20372356, -0.11911872, 0.070249505
7979862433000, -0.20799962, -0.08979719, 0.05467244
7979867362000, -0.2049453, -0.0711658, 0.044593163
7979872404000, -0.21227567, -0.032070424, 0.034208454
7979877436000, -0.2302962, -0.0036651916, 0.022602014
7979882495000, -0.23060162, 0.0067195175, -9.162979E-4
7979887317000, -0.23426682, -0.0030543262, -0.0143553335
7979892239000, -0.24465153, -0.0290161, -0.02443461
7979897295000, -0.23915374, -0.06414085, -0.025045475
7979902280000, -0.23365596, -0.08002335, -0.028710667
7979907309000, -0.22357668, -0.09987647, -0.03481932
7979912296000, -0.21655174, -0.10354166, -0.034208454
7979917345000, -0.226631, -0.10842858, -0.034513887
7979922305000, -0.23182335, -0.105374254, -0.03848451
7979927308000, -0.22266038, -0.09162979, -0.042455133
7979932315000, -0.20555615, -0.07360926, -0.05222898
7979937322000, -0.1881465, -0.055588737, -0.059864793
7979942335000, -0.17287487, -0.047036625, -0.064446285
7979947286000, -0.1554652, -0.03359759, -0.07269296
7979952285000, -0.13683382, -0.03604105, -0.07788532
7979957310000, -0.12675454, -0.03481932, -0.08124508
7979962300000, -0.10354166, -0.044593163, -0.074830994
7979967329000, -0.0888809, -0.058948494, -0.07849618
7979972313000, -0.062002823, -0.06078109, -0.074830994
7979977310000, -0.04886922, -0.07544186, -0.07696902
7979982313000, -0.02565634, -0.08155051, -0.07360926
7979987359000, 0.006414085, -0.08032878, -0.062002823
7979992308000, 0.04337143, -0.07727446, -0.06383542
7979997296000, 0.08857546, -0.073303826, -0.057421334
7980002343000, 0.13164146, -0.069027774, -0.063224554
7980007335000, 0.16768251, -0.06261369, -0.059864793
7980012295000, 0.2144137, -0.055283304, -0.058337633
7980017325000, 0.2510656, -0.056199603, -0.04428773
7980022839000, 0.28221974, -0.045814894, -0.033292156
7980027287000, 0.29718593, -0.03176499, -0.025350908
7980032332000, 0.29352075, -0.028405234, -0.016187929
7980037281000, 0.29840767, -0.02443461, 0.0018325958
7980042343000, 0.28344148, -0.013744468, 0.019242255
7980047250000, 0.26236662, -0.015882496, 0.040317107
7980052339000, 0.21960606, -0.01863139, 0.057726767
7980057307000, 0.20158553, -0.035124753, 0.064751714
7980062311000, 0.15118915, -0.042760566, 0.07391469
7980067284000, 0.08246681, -0.060170226, 0.09407325
7980072315000, 0.03145956, -0.09162979, 0.09682214
7980077261000, -0.028710667, -0.1386664, 0.10445796
7980082379000, -0.08827003, -0.19120082, 0.10751228
7980087275000, -0.15851954, -0.258396, 0.09621128
7980092977000, -0.21533, -0.33108896, 0.08246681
7980097298000, -0.27885997, -0.40408736, 0.06872234
7980102350000, -0.34880406, -0.48075095, 0.050396383
7980107312000, -0.39675698, -0.548557, 0.03970624
7980112318000, -0.45020768, -0.602924, 0.02321288
7980117851000, -0.49846604, -0.64873886, 0.0106901415
7980122309000, -0.5357288, -0.68294734, -0.0061086523
7980127237000, -0.54458636, -0.66950834, -0.015882496
7980132300000, -0.535118, -0.6053675, -0.03756821
7980137323000, -0.49754974, -0.45753807, -0.04917465
7980142258000, -0.4642576, -0.23060162, -0.06994407
7980147296000, -0.43371433, -0.087659165, -0.09254608
7980152269000, -0.4166101, 0.22235495, -0.11056661
7980157312000, -0.41416663, 0.50335294, -0.14294247
7980162680000, -0.40439278, 0.68875057, -0.20769419
7980167406000, -0.37018433, 0.729984, -0.23884831
7980172379000, -0.3622431, 0.65148777, -0.29046643
7980177358000, -0.33383787, 0.4447099, -0.34666604
7980182387000, -0.30665436, 0.14385876, -0.3979787
7980187314000, -0.27305678, -0.17073683, -0.41905355
7980192239000, -0.2452624, -0.43066, -0.42638394
7980197279000, -0.22235495, -0.59986967, -0.40469822
7980202321000, -0.21868975, -0.63713247, -0.344528
7980207305000, -0.22510384, -0.58001655, -0.2724459
7980212376000, -0.21624629, -0.46883908, -0.19333886
7980217320000, -0.20952678, -0.27397305, -0.10476339
7980222314000, -0.18784106, -0.08277224, -0.018325957
7980227275000, -0.15943582, 0.07269296, 0.051618114
7980232329000, -0.11575896, 0.17012598, 0.09315695
7980237246000, -0.052534413, 0.23518312, 0.1142318
7980242302000, 0.01038471, 0.2666427, 0.12614368
7980247261000, 0.08460484, 0.2742785, 0.14385876
7980252318000, 0.1160644, 0.3005457, 0.14813483
7980257280000, 0.16035213, 0.32284227, 0.15210545
7980262311000, 0.20463985, 0.33964106, 0.1563815
7980267337000, 0.2434298, 0.3213151, 0.16126843
7980272306000, 0.28252518, 0.2855795, 0.15393804
7980277321000, 0.3210097, 0.21777347, 0.14996742
7980282303000, 0.35063666, 0.13744467, 0.15027285
7980287313000, 0.38056904, 0.031154128, 0.1685988
7980292254000, 0.39461896, -0.0421497, 0.21655174
7980297291000, 0.3866777, -0.080634214, 0.27275133
7980302283000, 0.35094208, -0.0870483, 0.3036
7980307307000, 0.31306845, -0.06780604, 0.3182608
7980312310000, 0.25595254, -0.052839845, 0.32925636
7980317324000, 0.19761491, -0.032375857, 0.3145956
7980322243000, 0.1459968, -0.03573562, 0.29626966
7980327322000, 0.09773844, -0.03970624, 0.25686884
7980332378000, 0.067500606, -0.043066, 0.20891592
7980337315000, 0.064446285, -0.025350908, 0.1777618
7980342288000, 0.06414085, 0.002443461, 0.15790866
7980347294000, 0.052534413, 0.022296581, 0.15057829
7980352285000, 0.035124753, 0.06566802, 0.12583824
7980357271000, 0.025961773, 0.10873401, 0.099265605
7980362304000, -0.015882496, 0.13805555, 0.064751714
7980367327000, -0.04184427, 0.17654006, 0.035430185
7980372307000, -0.050701816, 0.19333886, 0.0015271631
7980377306000, -0.052839845, 0.22571471, -0.017104227
7980382303000, -0.043066, 0.26236662, -0.020158553
7980387309000, -0.04520403, 0.2883284, -0.038789943
7980392305000, -0.046731193, 0.31031954, -0.053450707
7980397286000, -0.032986723, 0.32406402, -0.054061573
7980402317000, -0.035124753, 0.3323107, -0.0571159
7980407302000, -0.022602014, 0.32528573, -0.06047566
7980412301000, -0.0143553335, 0.30543262, -0.064446285
7980417320000, -0.0067195175, 0.2593123, -0.058337633
7980422305000, 0.009162978, 0.21288654, -0.06261369
7980427286000, 0.021991149, 0.16401732, -0.06566802
7980432312000, 0.04550946, 0.1255328, -0.065973446
7980437652000, 0.04917465, 0.07666359, -0.06291912
7980442336000, 0.057421334, 0.059864793, -0.05955936
7980447287000, 0.06261369, 0.035430185, -0.057726767
7980452309000, 0.06261369, 0.0143553335, -0.04917465
7980457264000, 0.071776666, -0.0030543262, -0.047036625
7980462289000, 0.08368854, -0.009468411, -0.049480084
7980467313000, 0.095294975, -3.0543262E-4, -0.03848451
7980472347000, 0.10781772, 0.009162978, -0.03573562
7980477240000, 0.12064589, 0.026267206, -0.03176499
7980482312000, 0.10995574, 0.03359759, -0.03176499
7980487281000, 0.10995574, 0.048563786, -0.01985312
7980492305000, 0.124311075, 0.07819075, -0.010995574
7980497295000, 0.11789699, 0.08827003, -0.005192355
7980502280000, 0.10445796, 0.10720685, -0.005192355
7980507305000, 0.09407325, 0.12217305, 0.009773844
7980512310000, 0.08307768, 0.13194689, 0.013439035
7980517375000, 0.070249505, 0.13622294, 0.005192355
7980522344000, 0.056505036, 0.15118915, 0.020158553
7980527343000, 0.04917465, 0.13255776, 0.024129177
7980532294000, 0.03848451, 0.1151481, 0.021685716
7980537321000, 0.024740042, 0.1133155, 0.025961773
7980542342000, 0.0125227375, 0.11209377, 0.025045475
7980547297000, 0.007330383, 0.09896017, 0.020158553
7980552282000, 3.0543262E-4, 0.076358154, 0.019242255
7980557321000, -0.014966198, 0.06566802, 0.022296581
7980562266000, -0.010995574, 0.062308256, 0.018936822
7980567359000, -0.017104227, 0.054061573, 0.021380283
7980572364000, -0.022602014, 0.04886922, 0.021380283
7980577304000, -0.032986723, 0.03390302, 0.02076942
7980582318000, -0.03359759, 0.03573562, 0.024129177
7980587323000, -0.03756821, 0.032375857, 0.016798794
7980592284000, -0.03359759, 0.021685716, 0.0143553335
7980597297000, -0.029321533, 0.024129177, 0.013744468
7980602286000, -0.02076942, 0.01985312, 0.014049901
7980607380000, -0.016493361, 0.03634648, 0.017104227
7980612677000, -0.005497787, 0.03970624, 0.009468411
7980617352000, -0.0036651916, 0.039095376, 0.009468411
7980622316000, 0.0027488936, 0.037873644, 0.02107485
7980627283000, 0.0143553335, 0.058643065, 0.018325957
7980632304000, 0.019242255, 0.06719518, 0.013439035
7980637317000, 0.032375857, 0.07971791, 0.0125227375
7980642350000, 0.029321533, 0.08246681, 0.007941248
7980647299000, 0.034513887, 0.08399397, 0.010995574
7980652496000, 0.033292156, 0.087964594, 0.003970624
7980657307000, 0.027488936, 0.08674286, 0.003970624
7980662307000, 0.022907447, 0.0852157, 0.0033597588
7980667446000, 0.019547688, 0.0870483, 0.006414085
7980672261000, 0.008552114, 0.07727446, 0.0030543262
7980677344000, 0.0067195175, 0.06291912, -0.003970624
7980682320000, -0.007330383, 0.055588737, -0.005192355
7980687289000, -0.010995574, 0.045814894, 0.002443461
7980692308000, -0.010079277, 0.044593163, 0.006414085
7980697291000, -0.013439035, 0.03848451, 0.006414085
7980702282000, -0.019547688, 0.027488936, 0.004581489
7980707312000, -0.016187929, 0.029321533, 0.004581489
7980712304000, -0.015882496, 0.02443461, 0.008857546
7980717331000, -0.01740966, 0.0290161, 0.009468411
7980722406000, -0.01160644, 0.03145956, 0.008552114
7980727265000, -0.004886922, 0.033292156, 0.009773844
7980732322000, -0.0036651916, 0.032986723, 0.01038471
7980737243000, -0.013133603, 0.030848695, 0.009773844
7980742337000, -0.009468411, 0.03756821, 0.014660766
7980747262000, 0.0015271631, 0.038179077, 0.018020526
7980752368000, 0.004581489, 0.04734206, 0.02565634
7980757267000, 0.0036651916, 0.039095376, 0.020158553
7980762302000, 0.004276057, 0.05009095, 0.023518313
7980767307000, -0.0061086523, 0.04795292, 0.02321288
7980772299000, 0.002443461, 0.04062254, 0.01985312
7980777263000, -0.0018325958, 0.033292156, 0.027794369
7980782311000, 3.0543262E-4, 0.03481932, 0.018325957
7980788108000, -0.004886922, 0.03390302, 0.021380283
7980792293000, 0.002443461, 0.03481932, 0.020158553
7980797274000, -0.0015271631, 0.028099801, 0.028710667
7980802216000, 9.162979E-4, 0.027183503, 0.028405234
7980807219000, -0.018325957, 0.019547688, 0.021380283
7980812210000, -0.0143553335, 0.022296581, 0.021991149
7980817206000, -0.009468411, 0.029932396, 0.02076942
7980822223000, -0.016798794, 0.018325957, 0.013133603
7980827211000, -0.0070249503, 0.01160644, 0.017104227
7980832278000, -0.019547688, 0.019242255, 0.016798794
7980837222000, -0.017104227, 0.010079277, 0.015271631
7980842246000, -0.021991149, 0.025045475, 0.02321288
7980847221000, -0.025961773, 0.02076942, 0.019547688
7980852308000, -0.022296581, 0.022602014, 0.026572637
7980857276000, -0.02443461, 0.025350908, 0.024129177
7980862253000, -0.022602014, 0.022907447, 0.01740966
7980867327000, -0.027183503, 0.018936822, 0.027183503
7980872308000, -0.03023783, 0.021685716, 0.021685716
7980877285000, -0.023823744, 0.028710667, 0.021380283
7980882314000, -0.023518313, 0.03573562, 0.018936822
7980887312000, -0.016493361, 0.030543262, 0.020463986
7980892259000, -0.012217305, 0.034513887, 0.021991149
7980897256000, -0.008552114, 0.03359759, 0.021685716
7980902345000, -0.013744468, 0.03268129, 0.022296581
7980907305000, -0.013744468, 0.03023783, 0.016493361
7980912297000, -0.01160644, 0.018020526, 0.014049901
7980917398000, -0.008857546, 0.032070424, 0.021685716
7980922342000, -0.01740966, 0.02687807, 0.022907447
7980927342000, -0.01282817, 0.029626964, 0.023823744
7980932357000, -0.0125227375, 0.030543262, 0.023518313
7980937352000, -0.014660766, 0.025961773, 0.021685716
7980942341000, -0.0143553335, 0.032375857, 0.019547688
7980947294000, -0.023823744, 0.01740966, 0.021991149
7980952282000, -0.015271631, 0.008552114, 0.022907447
7980957312000, -0.02565634, 0.0027488936, 0.022602014
7980962288000, -0.02443461, 0.0015271631, 0.02107485
7980967318000, -0.026267206, 0.0027488936, 0.022602014
7980972362000, -0.01282817, -0.0018325958, 0.02107485
7980977303000, -0.023823744, 0.005192355, 0.021380283
7980982329000, -0.029626964, -0.0018325958, 0.022296581
7980987312000, -0.028405234, -0.008246681, 0.01740966
7980992307000, -0.01863139, 0.004581489, 0.018325957
7980997289000, -0.019547688, 0.005497787, 0.019242255
7981002309000, -0.021991149, -6.1086525E-4, 0.019547688
7981007308000, -0.02443461, -6.1086525E-4, 0.008552114
7981012315000, -0.021991149, -0.0012217305, 0.0125227375
7981017351000, -0.021380283, -0.0076358155, 0.0070249503
7981022304000, -0.020463986, -0.004276057, 0.0067195175
7981027275000, -0.01985312, -9.162979E-4, 0.005497787
7981032312000, -0.029932396, 0.0027488936, 0.004276057
7981037310000, -0.025350908, 0.007941248, 0.00580322
7981042395000, -0.02443461, 0.0015271631, 0.007330383
7981047279000, -0.021380283, 0.0021380284, 0.009468411
7981052302000, -0.03359759, -6.1086525E-4, 0.008246681
7981057304000, -0.028099801, -0.0027488936, 0.005192355
7981062303000, -0.024740042, 0.0021380284, 0.0067195175
7981067328000, -0.02321288, -0.0015271631, 0.0033597588
7981072334000, -0.02687807, -0.0125227375, 0.005192355
7981077303000, -0.027183503, 0.0036651916, 0.01038471
7981082321000, -0.035430185, 0.005192355, 0.005192355
7981087320000, -0.027488936, 0.00580322, 0.01160644
7981092304000, -0.027488936, -9.162979E-4, 0.00580322
7981097267000, -0.023823744, 0.004581489, 0.009468411
7981102317000, -0.024129177, 0.0030543262, 0.007330383
7981107248000, -0.022602014, 0.011301007, 0.005192355
7981112338000, -0.022907447, 0.013439035, 0.0067195175
7981117289000, -0.024129177, 0.014660766, 0.0061086523
7981122311000, -0.021685716, 0.009773844, 0.0061086523
7981127238000, -0.017104227, 0.007330383, 0.003970624
7981132325000, -0.025961773, 0.013133603, 0.005192355
7981137235000, -0.023518313, 0.0027488936, 0.005192355
7981142307000, -0.018936822, 0.014049901, 0.0033597588
7981147313000, -0.012217305, 0.015882496, 0.0076358155
7981152319000, -0.017715093, 0.008552114, 0.009162978
7981157322000, -0.032070424, 0.003970624, 0.0067195175
7981162290000, -0.0290161, 0.003970624, 0.004581489
7981167319000, -0.028710667, -0.0036651916, 0.0067195175
7981172312000, -0.02443461, -0.004886922, 0.00580322
7981177404000, -0.020463986, 0.0061086523, 0.01282817
7981182442000, -0.02107485, -0.0030543262, 0.0033597588
7981187596000, -0.02321288, -0.008552114, 0.0021380284
7981192322000, -0.023518313, -0.009773844, 0.005192355
7981197631000, -0.021380283, -0.0021380284, 0.0076358155
7981202293000, -0.022907447, 0.0033597588, 0.008857546
