#Rate of rotation around the x y z axes (Angular velocity).
#timestamp(ns),x,y,z(rad/s)
#Datetime: 22/04/2015 16:11:48
##########################################
#Activity: 8 - CSI - Car-Step in - 6s
#Subject ID: 47
#First Name: sub47
#Last Name: sub47
#Age: 21
#Height(cm): 180
#Weight(kg): 85
#Gender: Male
##########################################

@DATA
13145028927000, -0.07544186, -0.065973446, -0.049480084
13145033917000, -0.08368854, -0.062002823, -0.048563786
13145038954000, -0.09254608, -0.0580322, -0.042760566
13145043924000, -0.095294975, -0.070249505, -0.03726278
13145048924000, -0.098043874, -0.07422013, -0.030848695
13145053976000, -0.095294975, -0.082161374, -0.027794369
13145058937000, -0.093767814, -0.092240654, -0.023518313
13145063928000, -0.095294975, -0.0983493, -0.021380283
13145068921000, -0.092240654, -0.095294975, -0.019242255
13145073993000, -0.076052725, -0.09162979, -0.016493361
13145078935000, -0.071776666, -0.08093964, -0.011911872
13145083925000, -0.07360926, -0.08002335, -0.010995574
13145089627000, -0.06536258, -0.074830994, -0.008552114
13145093934000, -0.06505715, -0.08246681, -0.008246681
13145098927000, -0.055283304, -0.0842994, -0.007330383
13145103944000, -0.056505036, -0.08582657, -0.014966198
13145108935000, -0.059864793, -0.09560041, -0.009773844
13145113928000, -0.063224554, -0.11881329, -0.0067195175
13145118921000, -0.07086037, -0.13652839, -0.0067195175
13145123937000, -0.062308256, -0.15393804, -0.008857546
13145128929000, -0.06841691, -0.16493362, -0.013744468
13145133914000, -0.07941248, -0.19394971, -0.011911872
13145138946000, -0.081855945, -0.20280726, -0.00580322
13145143933000, -0.090713486, -0.22052236, -0.018020526
13145148929000, -0.095294975, -0.2434298, -0.023518313
13145153979000, -0.090713486, -0.25259277, -0.03023783
13145159047000, -0.092240654, -0.27397305, -0.029321533
13145163925000, -0.10170906, -0.27855456, -0.027794369
13145168919000, -0.10445796, -0.28160888, -0.021685716
13145173939000, -0.10842858, -0.2929099, -0.0290161
13145178931000, -0.103847094, -0.29993483, -0.022296581
13145183945000, -0.10903945, -0.301462, -0.019242255
13145188944000, -0.1142318, -0.2996294, -0.017715093
13145193933000, -0.10751228, -0.2932153, -0.007941248
13145198926000, -0.106901415, -0.2941316, -0.004276057
13145203979000, -0.10873401, -0.27672195, 0.0027488936
13145208940000, -0.10598512, -0.26328292, 0.007941248
13145213930000, -0.099571034, -0.2406809, 0.0106901415
13145218912000, -0.10415252, -0.23548855, 0.015577064
13145223934000, -0.09193522, -0.24007004, 0.024740042
13145228903000, -0.07849618, -0.22907446, 0.02321288
13145233910000, -0.079107046, -0.2302962, 0.022602014
13145238949000, -0.08093964, -0.21533, 0.03573562
13145243932000, -0.06994407, -0.21044308, 0.040011674
13145248926000, -0.06963864, -0.21563543, 0.04062254
13145253981000, -0.0729984, -0.21380283, 0.040317107
13145258981000, -0.06505715, -0.21013765, 0.039095376
13145263953000, -0.062308256, -0.19975294, 0.043676864
13145268915000, -0.06811147, -0.20311269, 0.036651913
13145274705000, -0.057726767, -0.19517145, 0.04153884
13145278965000, -0.065973446, -0.19211712, 0.041233405
13145283997000, -0.067500606, -0.17959438, 0.036957346
13145288924000, -0.06719518, -0.18112154, 0.03726278
13145293965000, -0.071776666, -0.16646078, 0.035124753
13145298978000, -0.07574729, -0.15851954, 0.03481932
13145303934000, -0.07819075, -0.15241088, 0.03573562
13145308935000, -0.07452556, -0.12889257, 0.03848451
13145313926000, -0.08155051, -0.118202426, 0.03848451
13145318914000, -0.07727446, -0.11178834, 0.036957346
13145323973000, -0.07666359, -0.09468412, 0.036957346
13145328962000, -0.08368854, -0.09040806, 0.03604105
13145333997000, -0.08032878, -0.08979719, 0.04184427
13145339010000, -0.083383106, -0.087964594, 0.03940081
13145344681000, -0.08246681, -0.08857546, 0.0421497
13145348955000, -0.0842994, -0.0842994, 0.04184427
13145353964000, -0.09468412, -0.07941248, 0.03756821
13145358965000, -0.09560041, -0.06658431, 0.04184427
13145363955000, -0.096516706, -0.052839845, 0.03634648
13145368915000, -0.09162979, -0.036651913, 0.04062254
13145373966000, -0.10170906, -0.020463986, 0.044593163
13145378960000, -0.10934488, -0.009162978, 0.03970624
13145383958000, -0.106901415, 0.003970624, 0.04550946
13145388973000, -0.10415252, 0.022907447, 0.042455133
13145393968000, -0.11301007, 0.042760566, 0.052839845
13145398953000, -0.1151481, 0.05222898, 0.051618114
13145403946000, -0.10934488, 0.04886922, 0.05009095
13145408936000, -0.1142318, 0.05131268, 0.05100725
13145414128000, -0.1160644, 0.052839845, 0.049785517
13145418923000, -0.115453534, 0.061086524, 0.05009095
13145423941000, -0.11178834, 0.07238753, 0.043066
13145428927000, -0.118202426, 0.09162979, 0.05009095
13145433919000, -0.13439035, 0.0870483, 0.048563786
13145439005000, -0.1282817, 0.093462385, 0.04184427
13145443998000, -0.13927728, 0.105374254, 0.033292156
13145448919000, -0.14905111, 0.10995574, 0.028099801
13145453978000, -0.1469131, 0.12644911, 0.022907447
13145458935000, -0.1600467, 0.13744467, 0.013744468
13145463939000, -0.15515977, 0.15149458, 0.016798794
13145468913000, -0.1685988, 0.16035213, 0.0076358155
13145473950000, -0.16920967, 0.15943582, 0.0018325958
13145478928000, -0.172264, 0.17745635, -0.004886922
13145484188000, -0.1777618, 0.17715092, -0.005497787
13145489033000, -0.19364429, 0.18295415, -0.0030543262
13145493996000, -0.19517145, 0.18967366, -0.0033597588
13145498922000, -0.19517145, 0.20341812, 0.0021380284
13145503920000, -0.19761491, 0.22999077, 0.009468411
13145508980000, -0.19028452, 0.25625798, 0.01038471
13145513960000, -0.20372356, 0.28802297, 0.008857546
13145518954000, -0.20952678, 0.3210097, 0.028405234
13145523971000, -0.22418754, 0.3481932, 0.03573562
13145528964000, -0.22449298, 0.37415496, 0.036651913
13145533971000, -0.23396139, 0.37507126, 0.04734206
13145539022000, -0.24465153, 0.36560285, 0.060170226
13145543964000, -0.25411993, 0.35735616, 0.06688975
13145548959000, -0.26206118, 0.35216382, 0.073303826
13145553992000, -0.26419923, 0.35185838, 0.08399397
13145558967000, -0.27152961, 0.3475823, 0.093462385
13145563960000, -0.27366763, 0.35796702, 0.10751228
13145568917000, -0.28130344, 0.37140608, 0.121256754
13145573965000, -0.26419923, 0.3915646, 0.11636983
13145578968000, -0.24953845, 0.39858958, 0.119729586
13145583963000, -0.23945917, 0.40378192, 0.119729586
13145588989000, -0.24190263, 0.40866885, 0.1255328
13145593964000, -0.22937989, 0.42180246, 0.12156218
13145599785000, -0.19792034, 0.43004912, 0.122478485
13145604023000, -0.16676621, 0.4456262, 0.112704635
13145608967000, -0.14019357, 0.4636467, 0.11209377
13145613963000, -0.1423316, 0.4718934, 0.10170906
13145618965000, -0.1337795, 0.49174652, 0.0852157
13145623947000, -0.14660765, 0.50915617, 0.08002335
13145628967000, -0.15821409, 0.5665775, 0.07391469
13145633962000, -0.19394971, 0.6267477, 0.0711658
13145638998000, -0.21655174, 0.70188415, 0.07819075
13145643965000, -0.24801129, 0.7312057, 0.08735373
13145648974000, -0.2501493, 0.7699956, 0.09743301
13145653968000, -0.2593123, 0.7861836, 0.112399206
13145658967000, -0.26175576, 0.80573124, 0.12583824
13145663960000, -0.25411993, 0.8222246, 0.16187929
13145669724000, -0.23762658, 0.8533788, 0.20738874
13145674228000, -0.21105394, 0.86009824, 0.22235495
13145678961000, -0.20219639, 0.8707884, 0.2489276
13145683972000, -0.15088372, 0.89644474, 0.27305678
13145689003000, -0.12308934, 0.93492925, 0.28955013
13145693959000, -0.09132435, 0.97127575, 0.31429017
13145698970000, -0.06414085, 1.0045679, 0.3231477
13145703970000, -0.03359759, 1.0299188, 0.34269542
13145708968000, 0.0067195175, 1.0421361, 0.35308012
13145713962000, 0.03145956, 1.058324, 0.37995818
13145718978000, 0.044593163, 1.0650436, 0.39095375
13145723973000, 0.06169739, 1.0641272, 0.40866885
13145728968000, 0.065973446, 1.0732902, 0.42271876
13145733974000, 0.070554934, 1.0735956, 0.44165558
13145739790000, 0.080634214, 1.0775663, 0.45356745
13145743977000, 0.07819075, 1.0806206, 0.46975538
13145748973000, 0.07696902, 1.1078042, 0.4746423
13145753984000, 0.0720821, 1.142318, 0.4841107
13145758944000, 0.093767814, 1.1801916, 0.49754974
13145763950000, 0.1133155, 1.2211196, 0.50854534
13145768922000, 0.13775012, 1.2495248, 0.52839845
13145773939000, 0.18081611, 1.2837334, 0.54733527
13145778946000, 0.21899518, 1.3060299, 0.5555819
13145783945000, 0.2828306, 1.3359623, 0.5717699
13145788956000, 0.33964106, 1.3662001, 0.5849035
13145793959000, 0.4083634, 1.3997977, 0.59895337
13145798945000, 0.4605924, 1.4468343, 0.605062
13145803885000, 0.50793445, 1.5173893, 0.6001751
13145808853000, 0.5510005, 1.5958854, 0.59406644
13145813848000, 0.5751296, 1.6713274, 0.58184916
13145818845000, 0.57696223, 1.7385225, 0.57787853
13145823849000, 0.54275376, 1.8188512, 0.5488624
13145828846000, 0.47891834, 1.8842138, 0.5183192
13145833841000, 0.37995818, 1.9339994, 0.46975538
13145838881000, 0.25625798, 1.9446895, 0.43218717
13145843849000, 0.19486602, 1.9566014, 0.408058
13145848846000, 0.09712757, 1.921782, 0.3735441
13145853964000, 0.09712757, 1.8445076, 0.36285394
13145858937000, -0.04886922, 1.7342464, 0.35094208
13145863901000, -0.043066, 1.6087136, 0.34300083
13145868885000, -0.014049901, 1.493871, 0.33750305
13145874142000, 0.019242255, 1.4086553, 0.30695978
13145878933000, 0.049785517, 1.3585643, 0.29016098
13145883933000, 0.057421334, 1.2983941, 0.2611449
13145888966000, 0.03726278, 1.2556335, 0.24220806
13145893932000, 0.009162978, 1.2751812, 0.22266038
13145898931000, -0.028099801, 1.3454307, 0.21868975
13145903960000, -0.09865474, 1.4376713, 0.20922135
13145908936000, -0.17104226, 1.5015068, 0.20922135
13145913933000, -0.25350907, 1.5653422, 0.1777618
13145918930000, -0.35063666, 1.6032158, 0.14172074
13145923939000, -0.46822822, 1.5775595, 0.11911872
13145928962000, -0.5842926, 1.5109752, 0.09743301
13145933964000, -0.65057147, 1.3756685, 0.10262536
13145939008000, -0.6963864, 1.2916746, 0.08552113
13145943978000, -0.70463306, 1.0824533, 0.074830994
13145948978000, -0.69974613, 0.8313876, 0.064446285
13145954023000, -0.68508536, 0.6426302, 0.046120327
13145958971000, -0.66889745, 0.52320606, 0.025961773
13145963966000, -0.66523224, 0.43554693, 0.004886922
13145968921000, -0.6646214, 0.38637227, -0.003970624
13145973972000, -0.6640105, 0.3885103, -0.009468411
13145978965000, -0.65240407, 0.3930918, 0.016798794
13145983959000, -0.63041294, 0.42058071, 0.028710667
13145988989000, -0.602924, 0.46303585, 0.048258353
13145994531000, -0.5882632, 0.49113566, 0.055283304
13145998973000, -0.5983425, 0.5140431, 0.064446285
13146004034000, -0.6178902, 0.5332854, 0.069027774
13146008966000, -0.6462954, 0.52626044, 0.063224554
13146013963000, -0.6462954, 0.52748215, 0.059253927
13146018958000, -0.6597345, 0.54519725, 0.037873644
13146023974000, -0.6872234, 0.5907067, 0.027488936
13146028964000, -0.729984, 0.62125, 0.019242255
13146033965000, -0.766025, 0.6554584, 0.0106901415
13146039021000, -0.7996226, 0.67011917, -0.0027488936
13146043965000, -0.81061816, 0.70188415, -0.004886922
13146048975000, -0.83016586, 0.75441855, -0.0033597588
13146054037000, -0.82986045, 0.7715228, 0.01863139
13146058971000, -0.8350528, 0.77488256, 0.052534413
13146064288000, -0.81000733, 0.8426886, 0.046731193
13146068921000, -0.784351, 0.9202685, 0.032986723
13146073868000, -0.7492262, 0.93279123, 0.033292156
13146078962000, -0.7119634, 0.9407325, 0.035430185
13146083968000, -0.68783426, 0.8857546, 0.025045475
13146089058000, -0.6658431, 0.7883216, 0.03634648
13146094000000, -0.61544675, 0.67164636, 0.04642576
13146098970000, -0.55863625, 0.51893, 0.067500606
13146103996000, -0.50518554, 0.44959682, 0.076052725
13146108967000, -0.45570546, 0.36743546, 0.08277224
13146113973000, -0.40500367, 0.29626966, 0.09987647
13146118967000, -0.36010507, 0.28099802, 0.095294975
13146123974000, -0.321926, 0.31490102, 0.10048734
13146128969000, -0.29840767, 0.31795537, 0.11148291
13146134000000, -0.28038713, 0.29810223, 0.13103059
13146139068000, -0.2883284, 0.29840767, 0.14813483
13146144001000, -0.2874121, 0.3463606, 0.15882497
13146148961000, -0.27672195, 0.42119157, 0.17959438
13146153988000, -0.27550024, 0.4541783, 0.20005837
13146158981000, -0.26328292, 0.45662177, 0.22540927
13146163961000, -0.25228736, 0.4447099, 0.26236662
13146168911000, -0.2452624, 0.43127087, 0.28863382
13146173969000, -0.2415972, 0.40561453, 0.31398472
13146178960000, -0.24190263, 0.36896262, 0.33292156
13146183973000, -0.24312437, 0.33078352, 0.35613444
13146188968000, -0.25259277, 0.2959642, 0.36774087
13146193965000, -0.25503623, 0.25778514, 0.37934732
13146198952000, -0.26145032, 0.25442538, 0.3839288
13146204111000, -0.27152961, 0.2657264, 0.38026363
13146208968000, -0.2843578, 0.26267207, 0.38362336
13146213962000, -0.28802297, 0.24984388, 0.3857614
13146218966000, -0.29077184, 0.19303341, 0.4071417
13146223968000, -0.28252518, 0.10598512, 0.40683624
13146228974000, -0.28069258, 0.0125227375, 0.39553526
13146233982000, -0.30909783, -0.022602014, 0.4007276
13146238969000, -0.3109304, -0.110872045, 0.40317106
13146243971000, -0.31612277, -0.1432479, 0.41172317
13146248967000, -0.3210097, -0.18020524, 0.4147775
13146253975000, -0.33292156, -0.18692477, 0.41386122
13146258972000, -0.3304781, -0.19333886, 0.39278635
13146263949000, -0.3387248, -0.18845193, 0.40744713
13146268908000, -0.33414328, -0.16279559, 0.41996986
13146273933000, -0.33078352, -0.13958271, 0.42394048
13146278968000, -0.33292156, -0.13805555, 0.41050145
13146283966000, -0.3286455, -0.15149458, 0.40011674
13146288984000, -0.32650748, -0.18661933, 0.37720928
13146293963000, -0.32375857, -0.19028452, 0.3943135
13146298968000, -0.3213151, -0.19822577, 0.3915646
13146303997000, -0.3115413, -0.19517145, 0.38453966
13146308966000, -0.3036, -0.17928895, 0.37140608
13146313974000, -0.29718593, -0.20769419, 0.34025195
13146319725000, -0.3023783, -0.21227567, 0.3494149
13146323906000, -0.30024028, -0.20738874, 0.34697145
13146328889000, -0.28527406, -0.19303341, 0.33964106
13146333938000, -0.29749137, -0.1908954, 0.33475417
13146339012000, -0.29443705, -0.18906279, 0.32498032
13146343950000, -0.30298916, -0.1994475, 0.32467487
13146348885000, -0.2968805, -0.21594086, 0.3182608
13146353832000, -0.30634892, -0.22999077, 0.27152961
13146358887000, -0.31490102, -0.24098633, 0.2919936
13146363867000, -0.32925636, -0.22143865, 0.2968805
13146368845000, -0.33200526, -0.20433442, 0.29168814
13146373871000, -0.33505958, -0.19120082, 0.29168814
13146378868000, -0.34391713, -0.172264, 0.28160888
13146383851000, -0.35430184, -0.16523905, 0.27885997
13146389318000, -0.35796702, -0.15302174, 0.267559
13146393869000, -0.37751472, -0.17073683, 0.2593123
13146398863000, -0.38423425, -0.1731803, 0.25992316
13146403887000, -0.4147775, -0.16554448, 0.2415972
13146408869000, -0.42363504, -0.16798794, 0.22571471
13146413871000, -0.42455134, -0.16249016, 0.2134974
13146418859000, -0.41508293, -0.15363261, 0.21013765
13146423870000, -0.40622538, -0.12950343, 0.19730948
13146428868000, -0.398895, -0.13988814, 0.17562376
13146433842000, -0.39584067, -0.13469578, 0.15699236
13146439012000, -0.40286562, -0.122478485, 0.12858713
13146443967000, -0.39522982, -0.11056661, 0.101098195
13146448954000, -0.3930918, -0.07727446, 0.07788532
13146453929000, -0.38637227, -0.03145956, 0.06383542
13146458986000, -0.3903429, 0.008857546, 0.038179077
13146463930000, -0.36987892, 0.018936822, 0.01740966
13146468920000, -0.39278635, 0.023823744, -0.01740966
13146473867000, -0.4111123, 0.04550946, -0.045814894
13146478930000, -0.4279111, 0.044593163, -0.074830994
13146483913000, -0.42241332, 0.070554934, -0.08735373
13146489037000, -0.41691554, 0.09162979, -0.115453534
13146493944000, -0.41080686, 0.1255328, -0.1328632
13146498920000, -0.4025602, 0.15302174, -0.14385876
13146503938000, -0.4034765, 0.17959438, -0.12736541
13146508935000, -0.38820487, 0.21135938, -0.112704635
13146513928000, -0.37293324, 0.21288654, -0.14660765
13146518919000, -0.38912117, 0.21502456, -0.15210545
13146523939000, -0.39400807, 0.23457226, -0.1731803
13146529024000, -0.3998113, 0.25411993, -0.17531833
13146533907000, -0.3811799, 0.2779437, -0.17562376
13146539010000, -0.37720928, 0.32375857, -0.1685988
13146543970000, -0.37904188, 0.35277468, -0.16493362
13146548923000, -0.37751472, 0.37934732, -0.15302174
13146553940000, -0.3811799, 0.40439278, -0.13927728
13146558914000, -0.40194935, 0.41141775, -0.11759156
13146563930000, -0.39553526, 0.43585235, -0.08307768
13146568899000, -0.38148534, 0.43371433, -0.086132
13146573942000, -0.4202753, 0.43310347, -0.100792766
13146578861000, -0.4456262, 0.44104472, -0.115453534
13146583917000, -0.47250426, 0.46822822, -0.119729586
13146588961000, -0.4886922, 0.49449542, -0.10934488
13146593953000, -0.47952923, 0.5296202, -0.096516706
13146598873000, -0.47861293, 0.58062744, -0.089186326
13146603946000, -0.48838675, 0.61758476, -0.086132
13146608881000, -0.4810564, 0.6585127, -0.07666359
13146613928000, -0.4718934, 0.6826419, -0.069027774
13146618902000, -0.464563, 0.70646566, -0.058643065
13146623953000, -0.44806966, 0.75502944, -0.054367006
13146628897000, -0.4352415, 0.7715228, -0.050396383
13146633906000, -0.4279111, 0.818254, -0.040927973
13146638998000, -0.41386122, 0.8585711, -0.039095376
13146644698000, -0.3903429, 0.89766645, -0.038789943
13146648941000, -0.3830125, 0.94225967, -0.038179077
13146653926000, -0.37720928, 0.98654735, -0.046731193
13146658952000, -0.3817908, 1.063211, -0.04550946
13146663929000, -0.3830125, 1.144456, -0.03970624
13146668890000, -0.38423425, 1.2287555, -0.023518313
13146673958000, -0.39645153, 1.2944235, -0.004886922
13146679044000, -0.4202753, 1.3567317, 0.017715093
13146683908000, -0.44348818, 1.3900238, 0.029321533
13146688958000, -0.45875978, 1.4312572, 0.05222898
13146693965000, -0.48075095, 1.4862351, 0.073303826
13146698896000, -0.5012149, 1.5271631, 0.1133155
13146703920000, -0.516792, 1.5601498, 0.160963
13146708869000, -0.52626044, 1.591304, 0.20005837
13146714683000, -0.5357288, 1.6001616, 0.22968534
13146718888000, -0.5403103, 1.5986344, 0.21166481
13146723936000, -0.5363397, 1.5909985, 0.23273966
13146728862000, -0.5503896, 1.5848899, 0.25809056
13146733960000, -0.5665775, 1.6035212, 0.28191432
13146738982000, -0.5870415, 1.6096299, 0.28710666
13146744057000, -0.6218608, 1.6074919, 0.2947425
13146748943000, -0.6554584, 1.6016886, 0.26175576
13146753973000, -0.7089091, 1.5903877, 0.28588495
13146758955000, -0.7501425, 1.6261233, 0.32436943
13146763931000, -0.7819075, 1.6722436, 0.36346483
13146768918000, -0.79198676, 1.7116444, 0.37965274
13146773926000, -0.8029824, 1.7122552, 0.398895
13146778943000, -0.8185594, 1.6896533, 0.41080686
13146783901000, -0.81061816, 1.6432275, 0.4184427
13146788960000, -0.8179486, 1.6120734, 0.43951756
13146793939000, -0.82253003, 1.5922203, 0.46944994
13146798967000, -0.84971356, 1.5824465, 0.49205196
13146803841000, -0.86345804, 1.5919148, 0.51007247
13146808858000, -0.906524, 1.5790867, 0.5149594
13146813844000, -0.9486737, 1.5668694, 0.52534413
13146818834000, -0.98563105, 1.5613716, 0.552833
13146823846000, -0.9950995, 1.5552629, 0.5647449
13146828845000, -1.0332786, 1.5464053, 0.5708536
13146833833000, -1.0574077, 1.4957036, 0.56138515
13146838877000, -1.0690142, 1.4077389, 0.4999932
13146843867000, -1.0870347, 1.2675453, 0.46089783
13146848863000, -1.1081096, 1.183246, 0.453262
13146853896000, -1.1371256, 1.1301007, 0.45173484
13146858936000, -1.1664472, 1.0998629, 0.4269948
13146863856000, -1.1841623, 1.0329732, 0.4196644
13146868923000, -1.1982121, 0.93218035, 0.41416663
13146873887000, -1.2003502, 0.80756384, 0.40622538
13146878934000, -1.1905763, 0.6795876, 0.39278635
13146883909000, -1.180497, 0.55924714, 0.3943135
13146889136000, -1.1820242, 0.4615087, 0.4007276
13146893969000, -1.1826351, 0.3747658, 0.34972036
13146898926000, -1.1908818, 0.27183503, 0.35735616
13146903937000, -1.2315043, 0.18112154, 0.39828414
13146908935000, -1.2492194, 0.106901415, 0.42821655
13146913995000, -1.2690725, 0.031154128, 0.4886922
13146918919000, -1.2815952, 0.005497787, 0.516792
13146923872000, -1.2956452, -0.014660766, 0.52931476
13146928932000, -1.2901474, -0.032070424, 0.5739079
13146933940000, -1.2709051, -0.10629055, 0.6123924
13146939010000, -1.2528846, -0.18997909, 0.6469063
13146943953000, -1.2067643, -0.24770586, 0.6835582
13146948926000, -1.1560625, -0.29779682, 0.6957755
13146953893000, -1.105666, -0.38026363, 0.6994407
13146958936000, -1.0836749, -0.48258355, 0.68966687
13146963864000, -1.0607675, -0.6047566, 0.63132924
13146969054000, -1.0485502, -0.7470882, 0.571159
13146973905000, -1.0238101, -0.82986045, 0.5699373
13146978927000, -1.0241156, -0.87872964, 0.5549711
13146983919000, -1.0235047, -0.93859446, 0.5216789
13146989031000, -1.0363328, -0.98929626, 0.4868596
13146994030000, -1.0421361, -1.0332786, 0.47128254
13146998923000, -1.0415252, -1.0363328, 0.4560109
13147004598000, -1.063211, -1.0030408, 0.44409904
13147008934000, -1.0650436, -0.9266826, 0.43249258
13147013935000, -1.0283916, -0.8698721, 0.42852196
13147018920000, -0.9575313, -0.872621, 0.44409904
13147023928000, -0.93859446, -0.7641924, 0.45173484
13147028967000, -0.893085, -0.63438356, 0.45142943
13147033956000, -0.86742866, -0.5580254, 0.45814893
13147039199000, -0.8200866, -0.51343226, 0.47952923
13147044000000, -0.75655663, -0.44868052, 0.50762904
13147048955000, -0.72143185, -0.38728857, 0.5537493
13147053962000, -0.70646566, -0.3912592, 0.59773165
13147058963000, -0.7021896, -0.3817908, 0.6200282
13147063963000, -0.72356987, -0.355829, 0.6230826
13147068912000, -0.75869465, -0.32498032, 0.63194007
13147074590000, -0.768163, -0.3051272, 0.6435465
13147078866000, -0.77091193, -0.31581733, 0.64812803
13147083958000, -0.77121735, -0.35277468, 0.6747007
13147088983000, -0.7663304, -0.34147367, 0.67011917
13147093987000, -0.77732605, -0.30634892, 0.6588182
13147099105000, -0.7761043, -0.2996294, 0.6563747
13147103980000, -0.7632761, -0.31245756, 0.66828656
13147108964000, -0.7357872, -0.3005457, 0.6835582
13147113961000, -0.70341134, -0.23365596, 0.6948592
13147118995000, -0.6899723, -0.18967366, 0.70921457
13147123960000, -0.6792821, -0.07819075, 0.7125743
13147128864000, -0.65484756, 0.040317107, 0.7302894
13147133958000, -0.63041294, 0.15607607, 0.75655663
13147138920000, -0.61208695, 0.29901853, 0.75961095
13147143872000, -0.63591075, 0.4092797, 0.75502944
13147148859000, -0.70005155, 0.45265114, 0.75747293
13147153917000, -0.7706065, 0.4569272, 0.7703011
13147158922000, -0.8454375, 0.42485678, 0.77854776
13147163928000, -0.8900307, 0.40286562, 0.79534656
13147168939000, -0.9053023, 0.38423425, 0.818254
13147173967000, -0.91904676, 0.39095375, 0.8206975
13147178980000, -0.95539325, 0.40439278, 0.82986045
13147183952000, -0.98471475, 0.42424592, 0.850019
13147189019000, -1.0143417, 0.42760566, 0.89644474
13147193995000, -1.0137309, 0.43157628, 0.9401216
13147198964000, -1.0073168, 0.4297437, 0.9801333
13147203912000, -0.9795224, 0.45051312, 0.9932669
13147208912000, -0.9605856, 0.49388456, 0.9896017
13147213964000, -0.9285152, 0.5296202, 0.99265605
13147218918000, -0.9104946, 0.5390886, 0.98837996
13147223899000, -0.9068295, 0.5213735, 0.979217
13147228932000, -0.8668178, 0.46639562, 0.9975429
13147233908000, -0.8390234, 0.39675698, 0.9776898
13147238975000, -0.81489426, 0.37598756, 0.9437868
13147243995000, -0.8332202, 0.35002577, 0.9254609
13147248961000, -0.8353582, 0.3399465, 0.9193522
13147253957000, -0.8206975, 0.3631594, 0.91232723
13147258957000, -0.81397796, 0.38056904, 0.91813046
13147263948000, -0.79229224, 0.3943135, 0.93187493
13147268920000, -0.75533485, 0.40958515, 0.93828905
13147273860000, -0.71929383, 0.42943826, 0.9443977
13147278965000, -0.6814202, 0.46639562, 0.95081174
13147283891000, -0.6563747, 0.44623706, 0.9324858
13147289016000, -0.60903263, 0.4392121, 0.91690874
13147293909000, -0.56779927, 0.43218717, 0.91813046
13147298965000, -0.52503866, 0.42302418, 0.9221011
13147303902000, -0.50488013, 0.42210788, 0.9272934
13147308972000, -0.50854534, 0.42149702, 0.92179567
13147313910000, -0.5137377, 0.41813725, 0.91813046
13147318958000, -0.5149594, 0.44684792, 0.9108001
13147323914000, -0.5174029, 0.4981606, 0.906524
13147329634000, -0.5308419, 0.5363397, 0.9034697
13147333928000, -0.5681047, 0.57910025, 0.90224797
13147339044000, -0.6389651, 0.6001751, 0.90377516
13147344170000, -0.6945538, 0.5653558, 0.9080512
13147348957000, -0.7330383, 0.49388456, 0.8979719
13147354276000, -0.7699956, 0.39614612, 0.89552844
13147358968000, -0.8136725, 0.34208453, 0.8918633
13147363872000, -0.84940815, 0.33414328, 0.89552844
13147368924000, -0.88789266, 0.32803464, 0.8903361
13147373869000, -0.9120218, 0.34880406, 0.88270026
13147378961000, -0.93828905, 0.35369098, 0.8720101
13147383974000, -0.97158116, 0.35827246, 0.88239485
13147389039000, -0.99021256, 0.38606682, 0.88178396
13147393996000, -1.0274754, 0.41691554, 0.88270026
13147399639000, -1.0684034, 0.42852196, 0.8924741
13147403989000, -1.1200215, 0.4529566, 0.9120218
13147408967000, -1.1527027, 0.45631635, 0.9098838
13147413964000, -1.1533136, 0.45998153, 0.90285885
13147418967000, -1.1450669, 0.5009095, 0.9379836
13147423966000, -1.1753048, 0.5494733, 0.97066486
13147428958000, -1.2205088, 0.5448918, 0.97433007
13147433935000, -1.251052, 0.49571714, 0.98868537
13147438924000, -1.2776246, 0.44929138, 0.990518
13147443946000, -1.3112222, 0.38606682, 0.99112886
13147448860000, -1.3335189, 0.3399465, 0.9963212
13147453933000, -1.3539828, 0.3304781, 0.9944886
13147458873000, -1.3775011, 0.33078352, 0.98471475
13147463929000, -1.391551, 0.3277292, 0.979217
13147468923000, -1.4068227, 0.29352075, 0.99204516
13147473933000, -1.4208726, 0.2919936, 1.0076222
13147478862000, -1.432479, 0.32925636, 1.0216721
13147483965000, -1.4517213, 0.3848451, 1.0375546
13147489089000, -1.4581354, 0.4007276, 1.0647382
13147494046000, -1.45783, 0.3640757, 1.0919216
13147498941000, -1.4712689, 0.2910773, 1.1007792
13147503952000, -1.4764613, 0.15943582, 1.1032226
13147508985000, -1.4538593, 0.105374254, 1.1142182
13147513976000, -1.4159856, 0.011911872, 1.1270463
13147518968000, -1.396438, -0.09743301, 1.1643091
13147523964000, -1.3261884, -0.25045475, 1.2024882
13147528952000, -1.2968669, -0.30879238, 1.2183707
13147533955000, -1.2812898, -0.31703907, 1.210124
13147539128000, -1.2495248, -0.18020524, 1.2760975
13147543991000, -1.2269229, -0.11942416, 1.320996
13147548957000, -1.1951579, -0.10323623, 1.3264939
13147553966000, -1.1722504, -0.110872045, 1.3283265
13147558978000, -1.1450669, -0.12797627, 1.3445144
13147563959000, -1.1307116, -0.13927728, 1.3435981
13147568909000, -1.1246029, -0.16768251, 1.3426818
13147573957000, -1.1096367, -0.16768251, 1.3267993
13147578961000, -1.07665, -0.17440203, 1.2971723
13147583935000, -1.026559, -0.13591751, 1.2586879
13147589034000, -1.0015136, -0.13255776, 1.2305881
13147594077000, -0.98899084, -0.13041973, 1.2046263
13147598957000, -0.9798279, -0.13072516, 1.1676689
13147603944000, -0.9593639, -0.14966199, 1.1313224
13147608971000, -0.9456194, -0.16157386, 1.105666
13147613957000, -0.9272934, -0.1863139, 1.0885619
13147618958000, -0.8762862, -0.20219639, 1.0458013
13147623955000, -0.8378017, -0.20005837, 0.9960158
13147628959000, -0.81183994, -0.19333886, 0.9434814
13147633945000, -0.768163, -0.17806722, 0.91446525
13147639044000, -0.7309003, -0.15577064, 0.8732319
13147643967000, -0.68691796, -0.1563815, 0.8258898
13147648969000, -0.6267477, -0.18173242, 0.7812967
13147653901000, -0.58001655, -0.21319197, 0.7501425
13147658950000, -0.5384777, -0.23273966, 0.7339546
13147663855000, -0.51343226, -0.28008172, 0.7058548
13147668922000, -0.49418998, -0.34483343, 0.65209866
13147673894000, -0.47250426, -0.38606682, 0.5864306
13147678930000, -0.44073927, -0.39736784, 0.5412266
13147683914000, -0.42852196, -0.35277468, 0.52778757
13147689012000, -0.4343252, -0.33475417, 0.52595496
13147693966000, -0.45631635, -0.33444872, 0.5143485
13147698926000, -0.46731192, -0.3454443, 0.4908302
13147703929000, -0.4728097, -0.33964106, 0.48502702
13147708933000, -0.49510628, -0.29138273, 0.4709771
13147713915000, -0.52106804, -0.23732115, 0.45142943
13147718970000, -0.59223384, -0.22999077, 0.43096542
13147724445000, -0.6563747, -0.2406809, 0.42119157
13147728963000, -0.68539083, -0.27366763, 0.41538838
13147733927000, -0.70524395, -0.29840767, 0.41325033
13147738947000, -0.7315111, -0.31703907, 0.41325033
13147744261000, -0.75136423, -0.31429017, 0.42730024
13147748932000, -0.77640975, -0.31642818, 0.44684792
13147754279000, -0.78954333, -0.33017266, 0.4709771
13147759035000, -0.8213083, -0.34025195, 0.48624873
13147763891000, -0.84116143, -0.33841935, 0.5152648
13147768916000, -0.8524625, -0.3368922, 0.5357288
13147773869000, -0.8564331, -0.3277292, 0.5644395
13147778931000, -0.8338311, -0.32375857, 0.59223384
13147783958000, -0.81153446, -0.33017266, 0.6426302
13147788939000, -0.79045963, -0.3313944, 0.6826419
13147793874000, -0.8038987, -0.33841935, 0.7131852
13147798967000, -0.8060367, -0.32162055, 0.7528914
13147803901000, -0.80970186, -0.3200934, 0.8078693
13147808868000, -0.8145888, -0.34697145, 0.8313876
13147813826000, -0.81092364, -0.37048978, 0.8881981
13147818851000, -0.79076505, -0.376293, 0.97158116
13147823799000, -0.7800749, -0.35979962, 1.0586295
13147828868000, -0.7703011, -0.32803464, 1.1389582
13147833833000, -0.7648033, -0.301462, 1.2049317
13147838890000, -0.7641924, -0.29626966, 1.3041973
13147843824000, -0.77488256, -0.3173445, 1.4150693
13147848867000, -0.7706065, -0.28496864, 1.4923438
13147853849000, -0.75594574, -0.30634892, 1.5628988
13147858966000, -0.7669413, -0.2565634, 1.6426166
13147864146000, -0.768163, -0.16584991, 1.6777414
13147868905000, -0.7635816, -0.09101892, 1.7394388
13147873949000, -0.75961095, -0.05467244, 1.8072448
13147878909000, -0.76052725, -0.035124753, 1.8616118
13147884039000, -0.77579886, -0.02321288, 1.9269744
13147888961000, -0.7770206, -0.014660766, 1.971873
13147893966000, -0.7687739, 0.035124753, 2.0018053
13147898857000, -0.77640975, 0.06566802, 2.031127
13147903972000, -0.7883216, 0.124311075, 2.0457878
13147908864000, -0.8002335, 0.19394971, 2.0598376
13147913966000, -0.8381071, 0.24281894, 2.0702224
13147918878000, -0.8762862, 0.25320363, 2.0690005
13147924039000, -0.9239337, 0.2761111, 2.065641
13147928888000, -0.95386606, 0.2764165, 2.062892
13147933981000, -0.9798279, 0.33567044, 2.0653355
13147939023000, -1.0308352, 0.37812558, 2.0723603
13147943993000, -1.0885619, 0.45570546, 2.0851886
13147948988000, -1.1435398, 0.49877146, 2.0931299
13147953967000, -1.1548407, 0.5030475, 2.0638082
13147958926000, -1.1475104, 0.48075095, 2.053729
13147963953000, -1.1569787, 0.49968776, 2.0546453
13147968924000, -1.1933253, 0.54275376, 2.0958786
13147973968000, -1.2092078, 0.5839872, 2.1331415
13147978915000, -1.2208142, 0.6407976, 2.1804836
13147983985000, -1.2009611, 0.73273283, 2.1786509
13147989409000, -1.1829406, 0.8017606, 2.175291
13147993995000, -1.1304061, 0.852157, 2.2003367
13147998862000, -1.0818423, 0.8784242, 2.2437081
13148003966000, -1.0592403, 0.90194255, 2.2317963
13148008873000, -1.03786, 0.9266826, 2.2244658
13148013999000, -1.0161743, 0.9379836, 2.2455406
13148018929000, -0.9850202, 0.9663888, 2.255009
13148023976000, -0.9728029, 1.0042624, 2.2470677
13148028929000, -0.94225967, 1.0647382, 2.235767
13148034043000, -0.91354895, 1.1389582, 2.218357
13148039051000, -0.8729264, 1.1838568, 2.2104158
13148043975000, -0.81122905, 1.1893547, 2.1838431
13148049521000, -0.754724, 1.1328496, 2.1719313
13148053966000, -0.7067711, 1.0564915, 2.1407773
13148058972000, -0.6936375, 0.95081174, 2.1111503
13148063961000, -0.6740898, 0.8686504, 2.0653355
13148068906000, -0.6478226, 0.7849618, 2.0250182
13148073867000, -0.61422503, 0.70707655, 1.9874501
13148078963000, -0.539394, 0.66981375, 1.9339994
13148083995000, -0.44868052, 0.6392705, 1.8655825
13148089075000, -0.3662137, 0.59620446, 1.806634
13148093930000, -0.3051272, 0.5665775, 1.7525724
13148098970000, -0.2611449, 0.552833, 1.6969837
13148103890000, -0.21319197, 0.5439755, 1.6771306
13148108974000, -0.19058995, 0.54000485, 1.6493362
13148113863000, -0.14049901, 0.4981606, 1.6181821
13148119642000, -0.08460484, 0.35246924, 1.5833627
13148123916000, -0.023518313, 0.3032946, 1.5668694
13148128961000, -0.009162978, 0.2406809, 1.5464053
13148133968000, 0.035124753, 0.20433442, 1.5128077
13148139084000, 0.077579886, 0.19272798, 1.4899004
13148143969000, 0.10720685, 0.17684549, 1.4538593
13148148926000, 0.14110987, 0.12889257, 1.4318681
13148153906000, 0.17531833, 0.044898596, 1.3860532
13148158905000, 0.20280726, -0.04184427, 1.3399329
13148163894000, 0.24373524, -0.11911872, 1.2831224
13148168917000, 0.2782491, -0.16798794, 1.219287
13148173923000, 0.30482176, -0.22602014, 1.1606439
13148178909000, 0.33353242, -0.2660318, 1.0839803
13148183949000, 0.355829, -0.30298916, 0.9993755
13148189322000, 0.3921755, -0.34116822, 0.9202685
13148193898000, 0.43310347, -0.3680463, 0.82986045
13148198978000, 0.47250426, -0.43585235, 0.7452556
13148203945000, 0.4886922, -0.5222898, 0.70371675
13148208861000, 0.5140431, -0.61941737, 0.6096435
13148213831000, 0.5357288, -0.754724, 0.5122105
13148218846000, 0.54733527, -0.8894198, 0.4175264
13148223884000, 0.58062744, -1.0180069, 0.3222314
13148228844000, 0.6404922, -1.1233811, 0.22632557
13148233930000, 0.6939429, -1.2049317, 0.13836098
13148238882000, 0.7461719, -1.2776246, 0.06658431
13148244013000, 0.8167268, -1.3222178, 3.0543262E-4
13148248844000, 0.88147855, -1.3435981, -0.071776666
13148253889000, 0.94042706, -1.3298537, -0.15302174
13148258911000, 0.9954049, -1.3020593, -0.22510384
13148263857000, 1.0360274, -1.2495248, -0.2932153
13148268886000, 1.0833695, -1.2089024, -0.3481932
13148273847000, 1.1178834, -1.1533136, -0.40286562
13148278903000, 1.1569787, -1.1343768, -0.45265114
13148283896000, 1.2104294, -1.1319333, -0.50671273
13148288915000, 1.2770138, -1.1820242, -0.5561928
13148293909000, 1.3292428, -1.2159272, -0.6096435
13148298903000, 1.38025, -1.2834278, -0.6377433
13148303897000, 1.3982705, -1.3445144, -0.6762278
13148308927000, 1.4135422, -1.3946054, -0.7284568
13148313927000, 1.423316, -1.382388, -0.7874053
13148318902000, 1.434617, -1.3139712, -0.84329945
13148323932000, 1.4645494, -1.2226468, -0.8915578
13148328869000, 1.4517213, -1.1343768, -0.9184359
13148333922000, 1.4419475, -1.022283, -0.95417154
13148338952000, 1.416902, -0.8668178, -1.0094548
13148343937000, 1.4227052, -0.7654142, -1.042747
13148348882000, 1.4117095, -0.73273283, -1.0564915
13148353917000, 1.3790283, -0.7425067, -1.0546589
13148358895000, 1.3234396, -0.72601336, -1.0485502
13148363930000, 1.2928963, -0.6994407, -1.0403035
13148368911000, 1.2986995, -0.66156703, -1.0195341
13148374553000, 1.3023647, -0.58276546, -0.9779953
13148378916000, 1.3341297, -0.47158796, -0.94042706
13148383967000, 1.3277156, -0.3436117, -0.93523467
13148389058000, 1.3197744, -0.1863139, -0.91904676
13148394049000, 1.3136657, -0.11636983, -0.9007208
13148398919000, 1.2840388, -0.018020526, -0.8921687
13148403963000, 1.2657127, 0.03756821, -0.88453287
13148408998000, 1.2305881, 0.01160644, -0.8707884
13148413960000, 1.1780536, -0.10262536, -0.85918194
13148418880000, 1.1194105, -0.28038713, -0.83260936
13148423946000, 1.0439687, -0.4260785, -0.795652
13148428963000, 0.9456194, -0.5180137, -0.7556403
13148433980000, 0.8604037, -0.5421429, -0.70921457
13148439067000, 0.7806858, -0.50426924, -0.66767573
13148444621000, 0.7189884, -0.44440445, -0.65179324
13148448960000, 0.63255095, -0.37110063, -0.657291
13148453971000, 0.5671884, -0.26328292, -0.68630713
13148458972000, 0.5027421, -0.13164146, -0.7144069
13148463957000, 0.48899764, -0.033292156, -0.7171558
13148468912000, 0.46792278, 0.028099801, -0.70341134
13148473999000, 0.47158796, 0.07238753, -0.70554936
13148478965000, 0.43982297, 0.06291912, -0.72082096
13148483970000, 0.4260785, 0.057726767, -0.7339546
13148489077000, 0.41233405, 0.048258353, -0.74464476
13148494041000, 0.39400807, 0.052534413, -0.7458665
13148498964000, 0.35308012, 0.093462385, -0.7504479
13148503961000, 0.33933565, 0.19028452, -0.75900006
13148508969000, 0.3036, 0.2724459, -0.7724391
13148513872000, 0.24587326, 0.31398472, -0.79168135
13148518948000, 0.18020524, 0.32284227, -0.80481493
13148523957000, 0.13408493, 0.3295618, -0.818254
13148528960000, 0.09315695, 0.35308012, -0.8384125
13148533968000, 0.044898596, 0.37048978, -0.8536842
13148539025000, 0.008552114, 0.36163223, -0.8793405
13148543992000, -0.049480084, 0.3145956, -0.8900307
13148548966000, -0.118202426, 0.25320363, -0.89461213
13148553949000, -0.20586158, 0.16279559, -0.8875872
13148558955000, -0.29565877, 0.047036625, -0.87781334
13148563922000, -0.3933972, -0.056505036, -0.8582657
13148568909000, -0.4437936, -0.10140363, -0.8246681
13148573876000, -0.47128254, -0.1151481, -0.7602218
13148578966000, -0.48472157, -0.10445796, -0.6976081
13148583931000, -0.4810564, -0.087964594, -0.63255095
13148589019000, -0.45448375, -0.0842994, -0.58276546
13148593950000, -0.42730024, -0.07574729, -0.55955255
13148598965000, -0.42577308, -0.08460484, -0.52748215
13148603931000, -0.41630468, -0.14294247, -0.49571714
13148608971000, -0.4120286, -0.2098322, -0.48075095
13148613941000, -0.43554693, -0.30787608, -0.47708577
13148618946000, -0.45998153, -0.41508293, -0.45204028
13148624052000, -0.49235737, -0.5140431, -0.42119157
13148628949000, -0.54275376, -0.56596667, -0.39522982
13148634104000, -0.61453044, -0.56779927, -0.35094208
13148639093000, -0.68203104, -0.52595496, -0.3173445
13148644285000, -0.7318166, -0.4560109, -0.2938262
13148648961000, -0.75319684, -0.37720928, -0.26542094
13148653892000, -0.74372846, -0.33383787, -0.21838433
13148658964000, -0.6942484, -0.30604348, -0.18478674
13148663951000, -0.6264423, -0.3145956, -0.13988814
13148668913000, -0.5546656, -0.35155296, -0.11148291
13148674015000, -0.47311515, -0.40561453, -0.06291912
13148678917000, -0.3979787, -0.42852196, -0.02321288
13148683998000, -0.32925636, -0.42638394, 0.032070424
13148689023000, -0.2669481, -0.4166101, 0.073303826
13148694000000, -0.21135938, -0.37048978, 0.08827003
13148698900000, -0.19333886, -0.28955013, 0.1151481
13148703973000, -0.15332718, -0.20311269, 0.13561209
13148708932000, -0.11789699, -0.10903945, 0.1459968
13148713962000, -0.095294975, -0.03176499, 0.160963
13148718930000, -0.06291912, 0.005192355, 0.16676621
13148723990000, -0.03176499, -3.0543262E-4, 0.17165314
13148728947000, 0.00580322, -0.008552114, 0.17470746
13148734125000, 0.041233405, -0.028710667, 0.1731803
13148739053000, 0.05681047, -0.07360926, 0.16890424
13148744088000, 0.07574729, -0.09254608, 0.16737708
13148749220000, 0.07819075, -0.099571034, 0.1572978
13148753975000, 0.09193522, -0.07391469, 0.1518
13148758920000, 0.089491755, -0.06566802, 0.14294247
13148763933000, 0.096516706, -0.045814894, 0.14660765
13148768901000, 0.09437868, -0.03390302, 0.1441642
13148773934000, 0.10415252, -0.034513887, 0.13530666
13148778899000, 0.10476339, -0.043676864, 0.12003502
13148783988000, 0.09590584, -0.05467244, 0.106595986
13148788882000, 0.08552113, -0.06811147, 0.10293079
13148793942000, 0.08155051, -0.0842994, 0.09712757
13148798873000, 0.059864793, -0.07238753, 0.08674286
13148803996000, 0.04520403, -0.07422013, 0.08552113
13148808874000, 0.039095376, -0.07544186, 0.069027774
13148813953000, 0.03573562, -0.05589417, 0.061391957
13148818886000, 0.048258353, -0.043066, 0.041233405
13148823985000, 0.06841691, -0.021380283, 0.03634648
13148828857000, 0.10140363, -6.1086525E-4, 0.022907447
13148834023000, 0.12217305, 0.01985312, 0.006414085
13148839690000, 0.1386664, 0.019242255, 0.0012217305
13148843871000, 0.14905111, 0.016493361, -0.015882496
13148848870000, 0.17134771, 0.008246681, -0.026267206
13148853946000, 0.18509217, -0.010995574, -0.042455133
13148858976000, 0.18295415, -0.032375857, -0.06078109
13148863970000, 0.18784106, -0.05375614, -0.06963864
13148868909000, 0.17928895, -0.08857546, -0.08277224
13148873963000, 0.172264, -0.110872045, -0.086437434
13148878930000, 0.15332718, -0.12858713, -0.09987647
13148883973000, 0.14294247, -0.1414153, -0.111177474
13148889037000, 0.12339478, -0.16584991, -0.11453723
13148894008000, 0.11301007, -0.1908954, -0.122478485
13148898965000, 0.106901415, -0.20341812, -0.12492194
13148903908000, 0.076358154, -0.21624629, -0.1414153
13148909121000, 0.06505715, -0.21777347, -0.1441642
13148913858000, 0.026267206, -0.21288654, -0.14996742
13148918965000, 0.011911872, -0.20952678, -0.1591304
13148923996000, -0.01740966, -0.18967366, -0.16554448
13148929038000, -0.033292156, -0.16157386, -0.17256944
13148933967000, -0.058337633, -0.12705997, -0.18234327
13148939087000, -0.058643065, -0.09682214, -0.18967366
13148944016000, -0.061086524, -0.06505715, -0.1957823
13148948962000, -0.064446285, -0.041233405, -0.19822577
13148954005000, -0.071776666, -0.021380283, -0.20830505
13148958967000, -0.06505715, 0.002443461, -0.20922135
13148963862000, -0.058337633, 0.0125227375, -0.21074851
13148968913000, -0.074830994, 0.030543262, -0.21166481
13148973934000, -0.0852157, 0.04153884, -0.20830505
13148978934000, -0.09285152, 0.04886922, -0.19792034
13148983901000, -0.10445796, 0.05467244, -0.1966986
13148988943000, -0.11636983, 0.057726767, -0.18081611
13148993873000, -0.12675454, 0.06414085, -0.17256944
13148998931000, -0.1563815, 0.071776666, -0.14966199
13149003884000, -0.15943582, 0.08124508, -0.12492194
13149008920000, -0.17531833, 0.08857546, -0.1133155
13149013867000, -0.18692477, 0.092240654, -0.1020145
13149018898000, -0.17470746, 0.102319926, -0.089186326
13149023894000, -0.17745635, 0.095294975, -0.076052725
13149028930000, -0.15974127, 0.09468412, -0.063224554
13149033983000, -0.14813483, 0.093767814, -0.05589417
13149038945000, -0.124311075, 0.06872234, -0.046120327
13149043943000, -0.11301007, 0.064751714, -0.032986723
13149048932000, -0.10354166, 0.057726767, -0.02565634
13149053919000, -0.09560041, 0.052534413, -0.021380283
13149058943000, -0.07422013, 0.05681047, -0.008246681
13149063961000, -0.0711658, 0.04734206, 0.0021380284
13149068920000, -0.058948494, 0.04428773, 0.0030543262
13149074022000, -0.052534413, 0.04337143, 0.004581489
13149078894000, -0.05100725, 0.0421497, -0.0061086523
13149084017000, -0.04886922, 0.03634648, 0.0061086523
13149088992000, -0.046120327, 0.02321288, 0.01160644
13149094743000, -0.050396383, 0.010995574, 0.0027488936
13149098858000, -0.053450707, 0.009162978, 0.0036651916
13149103973000, -0.05100725, -0.004276057, 0.012217305
13149108864000, -0.037873644, -0.007330383, 0.0036651916
13149113961000, -0.03176499, -0.014660766, 0.0015271631
13149118888000, -0.022602014, -0.010995574, 0.0033597588
13149123986000, -0.020463986, -0.012217305, 0.006414085
13149128901000, -0.006414085, -0.01740966, 0.0030543262
13149133964000, 0.002443461, -0.02321288, 0.01038471
13149139024000, 0.011301007, -0.035124753, 0.0125227375
13149143951000, 0.028710667, -0.043066, 0.01282817
13149148972000, 0.05222898, -0.048258353, 0.017715093
13149153921000, 0.05009095, -0.05131268, 0.016493361
13149158922000, 0.061086524, -0.055588737, 0.022907447
13149164499000, 0.06841691, -0.052839845, 0.02321288
13149169180000, 0.0870483, -0.07238753, 0.03023783
13149173923000, 0.09315695, -0.08979719, 0.038789943
13149178921000, 0.09621128, -0.09590584, 0.040317107
13149183917000, 0.105068825, -0.10170906, 0.03848451
13149189320000, 0.092240654, -0.1142318, 0.053145275
13149193939000, 0.105068825, -0.121256754, 0.052534413
13149198907000, 0.09621128, -0.11942416, 0.057726767
13149203928000, 0.09865474, -0.11362094, 0.057726767
13149208906000, 0.11178834, -0.13316862, 0.061086524
13149213928000, 0.102319926, -0.14385876, 0.05681047
13149218876000, 0.10751228, -0.15607607, 0.057421334
13149223966000, 0.11362094, -0.15210545, 0.0720821
13149229203000, 0.11453723, -0.13744467, 0.07452556
13149234212000, 0.13041973, -0.13561209, 0.07238753
13149239499000, 0.11301007, -0.1469131, 0.070249505
13149243960000, 0.12339478, -0.14569137, 0.07666359
13149248861000, 0.109650314, -0.13652839, 0.08460484
13149253915000, 0.122783914, -0.10842858, 0.09773844
13149258873000, 0.122783914, -0.12095132, 0.087964594
13149263929000, 0.124311075, -0.12522738, 0.090713486
13149268880000, 0.122783914, -0.112704635, 0.0983493
13149273973000, 0.13133603, -0.08979719, 0.100792766
13149278862000, 0.12217305, -0.08857546, 0.095294975
13149283936000, 0.118507855, -0.09987647, 0.09254608
13149289017000, 0.118202426, -0.084910266, 0.09132435
13149293969000, 0.113926366, -0.0580322, 0.09896017
13149298927000, 0.109650314, -0.036651913, 0.09437868
13149303910000, 0.12339478, -0.016493361, 0.095294975
13149308940000, 0.11636983, -0.003970624, 0.09162979
13149313925000, 0.10629055, -0.0076358155, 0.08857546
13149318906000, 0.11453723, -0.010079277, 0.08277224
13149324051000, 0.116980694, -0.0012217305, 0.077579886
13149328932000, 0.12034045, 0.007330383, 0.07391469
13149333913000, 0.09865474, 0.009468411, 0.06352998
13149339016000, 0.09407325, 0.005192355, 0.049785517
13149343948000, 0.08857546, 0.013133603, 0.040927973
13149348928000, 0.07086037, -3.0543262E-4, 0.027488936
13149353910000, 0.06169739, 0.005497787, 0.013133603
13149358940000, 0.04337143, -0.007330383, -3.0543262E-4
13149363924000, 0.0290161, -0.011301007, -0.004581489
13149368908000, 0.014660766, -0.013744468, -0.01038471
13149373941000, 0.010079277, -0.017104227, -0.01160644
13149378927000, 3.0543262E-4, -0.0106901415, -0.013439035
13149383964000, -0.0076358155, -0.015577064, -0.024129177
13149389066000, -0.005497787, -0.014660766, -0.027794369
13149394284000, -0.007941248, -0.013439035, -0.020463986
13149398928000, -0.010079277, -0.0106901415, -0.02687807
13149404173000, -0.020463986, -0.007330383, -0.017104227
13149408938000, -0.027183503, -0.0012217305, -0.012217305
13149413904000, -0.027183503, 0.006414085, -0.009773844
13149419485000, -0.044593163, 0.02076942, -0.005497787
13149423937000, -0.049785517, 0.020463986, -3.0543262E-4
13149428928000, -0.06352998, 0.0421497, 0.0027488936
13149433892000, -0.07147124, 0.046120327, -0.0015271631
13149439081000, -0.06872234, 0.050701816, 0.01160644
13149443973000, -0.07819075, 0.060170226, 0.004581489
13149448922000, -0.083383106, 0.052534413, 0.005497787
13149454089000, -0.09162979, 0.05222898, 0.004581489
13149458934000, -0.0888809, 0.052839845, 0.004276057
13149463927000, -0.089186326, 0.042760566, 0.005497787
13149468903000, -0.07544186, 0.031154128, 0.0067195175
13149473999000, -0.07544186, 0.027488936, 0.0027488936
13149478859000, -0.07513642, 0.019547688, 0.00580322
13149483971000, -0.07360926, 0.0076358155, 0.0070249503
13149488897000, -0.054367006, -0.0015271631, 0.003970624
13149493944000, -0.047036625, -0.0061086523, 0.01038471
13149498854000, -0.042760566, -0.0061086523, 0.0106901415
13149503917000, -0.029932396, 0.0012217305, 0.01038471
13149508889000, -0.022602014, -0.003970624, 0.012217305
13149513931000, -0.016798794, 6.1086525E-4, 0.01160644
13149518906000, -0.019242255, 0.0030543262, 0.009773844
13149523957000, -0.0061086523, 0.015577064, 0.01740966
13149528893000, -0.0030543262, 0.02076942, 0.01740966
13149533918000, 0.0027488936, 0.02076942, 0.03023783
13149538936000, -0.0030543262, 0.025350908, 0.022907447
13149543939000, 0.0036651916, 0.03634648, 0.032986723
13149548928000, 6.1086525E-4, 0.03481932, 0.042455133
13149553923000, 0.0027488936, 0.038179077, 0.03726278
13149559231000, 0.0106901415, 0.034513887, 0.036651913
13149563928000, 0.008246681, 0.045814894, 0.03573562
13149568903000, 0.009468411, 0.040927973, 0.035124753
13149573908000, 0.0106901415, 0.0421497, 0.043982297
13149578936000, 0.016187929, 0.042455133, 0.04337143
13149583924000, 0.01038471, 0.042455133, 0.05131268
13149589023000, 0.025961773, 0.05681047, 0.042760566
13149594010000, 0.017715093, 0.049480084, 0.043982297
13149598933000, 0.0027488936, 0.051923547, 0.046120327
13149603927000, 0.004581489, 0.042455133, 0.05131268
13149608935000, 0.005192355, 0.03726278, 0.04734206
13149613925000, 0.0012217305, 0.025961773, 0.052839845
13149618942000, -0.004581489, 0.011301007, 0.041233405
13149624056000, 9.162979E-4, 0.0061086523, 0.054061573
13149628861000, -9.162979E-4, -0.009162978, 0.051618114
13149633954000, 0.0106901415, -0.022296581, 0.044898596
13149639200000, 0.008246681, -0.021380283, 0.04428773
13149643983000, 0.005192355, -0.03145956, 0.044593163
13149648909000, 0.011301007, -0.04184427, 0.043066
13149653970000, 0.003970624, -0.051923547, 0.040011674
13149658870000, 0.0076358155, -0.053145275, 0.046731193
13149663966000, 0.015271631, -0.053450707, 0.04337143
13149668891000, 0.009773844, -0.05497787, 0.04184427
13149673977000, 0.005192355, -0.053145275, 0.039095376
13149678866000, 6.1086525E-4, -0.057726767, 0.03726278
13149683940000, 0.014049901, -0.045814894, 0.040317107
13149688917000, 0.005192355, -0.047647487, 0.030848695
13149693932000, 0.002443461, -0.053145275, 0.031154128
13149698888000, -0.0012217305, -0.044593163, 0.029626964
13149703917000, 0.0015271631, -0.03176499, 0.02565634
13149709070000, -0.004581489, -0.034513887, 0.014966198
13149713925000, -0.0143553335, -0.037873644, 0.027488936
13149718912000, -0.022296581, -0.034208454, 0.021685716
13149724006000, -0.027794369, -0.047036625, 0.02107485
13149728966000, -0.025350908, -0.035124753, 0.020158553
13149733926000, -0.033292156, -0.03023783, 0.023518313
13149738972000, -0.03390302, -0.025350908, 0.02321288
13149744532000, -0.029321533, -0.02565634, 0.015271631
13149748896000, -0.040317107, -0.027794369, 0.015882496
13149753919000, -0.040011674, -0.03176499, 0.008552114
13149758914000, -0.043982297, -0.0290161, 0.011911872
13149763890000, -0.05222898, -0.031154128, 0.013133603
13149768922000, -0.046731193, -0.030543262, 0.01038471
13149773952000, -0.05131268, -0.026267206, 0.005497787
13149779026000, -0.05467244, -0.028405234, 0.0076358155
13149783877000, -0.04886922, -0.032986723, 0.0070249503
13149789034000, -0.048563786, -0.030543262, 0.004581489
13149793931000, -0.04520403, -0.030543262, 0.0036651916
13149798928000, -0.042760566, -0.03023783, 0.005192355
13149803872000, -0.04917465, -0.024740042, 0.009773844
13149808937000, -0.043066, -0.025045475, 3.0543262E-4
13149814454000, -0.0421497, -0.03176499, 9.162979E-4
13149818911000, -0.039095376, -0.02443461, 9.162979E-4
13149823929000, -0.036651913, -0.018325957, 0.0015271631
13149828932000, -0.030543262, -0.024740042, 9.162979E-4
13149833936000, -0.03604105, -0.017715093, 6.1086525E-4
13149838974000, -0.029321533, -0.028710667, 0.003970624
13149843933000, -0.03604105, -0.013133603, 0.0021380284
13149848928000, -0.030543262, -0.008552114, 0.005497787
13149853897000, -0.028710667, -0.009162978, 0.011301007
13149858937000, -0.037873644, -0.0106901415, 0.002443461
13149863989000, -0.02443461, -0.00580322, 0.00580322
13149868910000, -0.03023783, 0.0021380284, 0.0036651916
13149874264000, -0.028099801, 0.0070249503, 0.002443461
13149878916000, -0.027488936, 0.0018325958, 0.006414085
13149883897000, -0.025350908, 0.0125227375, 0.008246681
13149888937000, -0.020463986, 0.019547688, 0.0061086523
13149893893000, -0.017104227, 0.026572637, 0.011301007
13149898929000, -0.023518313, 0.01985312, 0.0067195175
13149903935000, -0.008857546, 0.025045475, 0.0027488936
13149908932000, -0.0018325958, 0.026267206, 0.0106901415
13149913938000, -0.013133603, 0.0290161, 0.013439035
13149918911000, -0.0061086523, 0.032986723, 0.009773844
13149923980000, -0.012217305, 0.03359759, 0.009773844
13149928930000, -0.005192355, 0.034208454, 0.01160644
13149933935000, -0.002443461, 0.027183503, 0.01282817
13149938934000, -0.01282817, 0.03145956, 0.014660766
13149943942000, -0.009162978, 0.02076942, 0.01160644
13149948926000, -0.0030543262, 0.026267206, 0.018020526
13149953921000, 0.005192355, 0.031154128, 0.022296581
13149958941000, 0.006414085, 0.029626964, 0.026267206
13149963928000, 0.009773844, 0.029321533, 0.02107485
13149968904000, 0.014660766, 0.025045475, 0.017104227
13149973963000, 0.011301007, 0.025350908, 0.023518313
13149978925000, 0.015271631, 0.02076942, 0.028405234
13149983943000, 0.013439035, 0.027794369, 0.022602014
13149988906000, 0.013133603, 0.026267206, 0.022296581
13149993933000, 0.005497787, 0.013744468, 0.023518313
13149998926000, 0.01160644, 0.021685716, 0.020463986
13150003915000, 0.004581489, 0.01863139, 0.014660766
13150008925000, 0.00580322, 0.03023783, 0.026267206
13150013965000, -9.162979E-4, 0.019547688, 0.020158553
13150018903000, 0.004886922, 0.020463986, 0.023823744
13150023984000, -0.0015271631, 0.028099801, 0.019547688
13150028961000, -0.0018325958, 0.014966198, 0.021685716
13150033970000, -9.162979E-4, 0.012217305, 0.013133603
13150039018000, -0.008857546, 0.009162978, 0.01985312
13150043968000, -0.003970624, 0.008552114, 0.018020526
13150048960000, -0.0061086523, 0.00580322, 0.01863139
13150053972000, 3.0543262E-4, -0.0015271631, 0.013744468
13150058955000, -0.0012217305, -0.0015271631, 0.020158553
13150063958000, 0.0036651916, 0.0033597588, 0.021991149
13150068902000, -0.00580322, -0.0012217305, 0.02321288
13150073995000, -0.010995574, -0.014049901, 0.018020526
13150078860000, -0.013744468, -0.0015271631, 0.022296581
13150083986000, -0.02565634, -0.009773844, 0.015882496
13150088928000, -0.009468411, -0.006414085, 0.017715093
13150093965000, -0.018325957, -0.0070249503, 0.013439035
13150098914000, -0.016798794, -0.012217305, 0.016798794
13150103974000, -0.021685716, -0.012217305, 0.016798794
13150108905000, -0.030543262, -0.009773844, 0.014660766
13150113964000, -0.029626964, -0.01282817, 0.019242255
13150118932000, -0.019547688, -0.0061086523, 0.020158553
13150123977000, -0.03176499, -0.011911872, 0.015882496
13150128912000, -0.031154128, -0.013439035, 0.018020526
13150133985000, -0.018936822, -0.008246681, 0.02321288
13150138960000, -0.022602014, 3.0543262E-4, 0.018325957
13150144072000, -0.020158553, -0.008857546, 0.01863139
13150149260000, -0.023518313, -0.0036651916, 0.01740966
13150153972000, -0.008246681, -0.01160644, 0.013744468
13150158941000, -0.0070249503, -0.0012217305, 0.013133603
13150163962000, -0.011911872, -0.0030543262, 0.016798794
13150168907000, -0.01740966, -0.007941248, 0.015882496
13150174008000, -0.0106901415, 0.0030543262, 0.018020526
13150178878000, -0.018936822, -0.0036651916, 0.019242255
13150183964000, -0.008857546, 9.162979E-4, 0.016798794
13150188914000, -0.021380283, -0.008246681, 0.013133603
13150193959000, -0.015577064, -0.008552114, 0.016187929
13150198858000, -0.018325957, -0.007330383, 0.020158553
13150203964000, -0.01985312, -0.0015271631, 0.015577064
13150208890000, -0.015577064, -0.0015271631, 0.01282817
13150213956000, -0.01740966, -0.0021380284, 0.0125227375
13150218920000, -0.021685716, -0.011301007, 0.013439035
13150223995000, -0.016493361, 3.0543262E-4, 0.019547688
13150228956000, -0.015882496, -0.008857546, 0.013744468
13150233974000, -0.010079277, -0.0021380284, 0.0018325958
13150239020000, -0.011911872, -0.0018325958, 0.008857546
13150243954000, -0.0106901415, 0.0070249503, 0.011301007
13150248989000, -9.162979E-4, 0.01038471, 0.0106901415
13150253862000, -0.008552114, 0.01740966, 0.014660766
13150258831000, -0.0012217305, 0.01985312, 0.016493361
13150263824000, -0.0061086523, 0.025045475, 0.014049901
13150268836000, -0.0027488936, 0.030543262, 0.02321288
13150273861000, -0.0033597588, 0.014966198, 0.020158553
13150278870000, -0.003970624, 0.024129177, 0.02687807
13150283872000, -0.008246681, 0.018936822, 0.032986723
13150288905000, -0.010995574, 0.02443461, 0.03023783
13150293867000, -0.0106901415, 0.028405234, 0.024129177
13150298869000, -0.0030543262, 0.04062254, 0.025045475
13150303856000, -0.014660766, 0.047647487, 0.021991149
13150308866000, -0.009773844, 0.03023783, 0.014049901
13150313862000, -0.01282817, 0.012217305, 0.027488936
13150318856000, -0.005497787, 0.0033597588, 0.02565634
13150323856000, -0.0027488936, 0.012217305, 0.021380283
13150328908000, -0.010995574, 0.004581489, 0.02443461
13150333903000, -0.012217305, -3.0543262E-4, 0.022602014
13150338960000, -0.022602014, -0.0061086523, 0.011911872
13150343850000, -0.009773844, -0.0012217305, 0.016187929
13150348911000, -0.01985312, -0.004276057, 0.016187929
13150353838000, -0.020158553, -0.0076358155, 0.01985312
13150358917000, -0.018936822, -6.1086525E-4, 0.01740966
13150363825000, -0.010995574, 0.0061086523, 0.01863139
13150368864000, -0.022907447, -0.0021380284, 0.01160644
13150373907000, -0.0143553335, -0.002443461, 0.012217305
13150378964000, -0.0106901415, 0.008552114, 0.014966198
13150383934000, -0.015271631, 0.0012217305, 0.013744468
13150389009000, -0.008552114, 0.0015271631, 0.012217305
13150393930000, -0.011301007, -0.003970624, 0.008857546
13150398963000, -0.013744468, -9.162979E-4, 0.014049901
13150403916000, -0.016798794, -0.003970624, 0.013439035
13150408971000, -0.014049901, -0.004886922, 0.01740966
13150413972000, -0.026267206, -0.0033597588, 0.02076942
13150418942000, -0.018020526, -0.0061086523, 0.008857546
13150424004000, -0.02076942, -0.0070249503, 0.012217305
13150428966000, -0.03268129, -0.01863139, 0.011911872
13150433964000, -0.020463986, -0.013744468, 0.011911872
13150438988000, -0.025961773, -0.0106901415, 0.011911872
13150443916000, -0.023518313, -0.024740042, 0.010995574
13150448954000, -0.02565634, -0.027183503, 0.0125227375
13150453887000, -0.02443461, -0.013439035, 0.01038471
13150458970000, -0.028099801, -0.01985312, 0.0125227375
13150463865000, -0.027488936, -0.021991149, 0.011301007
13150468909000, -0.030848695, -0.015271631, 0.00580322
13150473959000, -0.014966198, -0.015577064, 0.009773844
13150478960000, -0.020158553, -0.006414085, 0.003970624
13150483985000, -0.008552114, -0.007330383, 0.004581489
13150488990000, -0.0061086523, -0.009162978, 0.0067195175
13150493972000, -0.019547688, -0.007330383, 0.006414085
13150498958000, -0.007941248, -0.0036651916, 0.005497787
13150503968000, -0.016493361, -0.005192355, 0.003970624
13150508962000, -0.01863139, -0.007330383, 0.0036651916
13150513963000, -0.016187929, -0.011301007, 0.0027488936
13150518958000, -0.019242255, -0.008552114, 0.0036651916
13150524075000, -0.015271631, -0.0012217305, 0.0076358155
13150528959000, -0.022907447, 0.0021380284, 0.012217305
13150533974000, -0.022296581, 0.004276057, 0.015271631
13150539033000, -0.02687807, 9.162979E-4, 0.014049901
13150543964000, -0.023518313, -9.162979E-4, 0.013744468
13150548961000, -0.019547688, 0.0027488936, 0.017715093
13150553969000, -0.025045475, -6.1086525E-4, 0.008246681
13150558952000, -0.024129177, 0.0021380284, 0.0027488936
13150563961000, -0.016493361, 0.005192355, 0.010079277
13150568906000, -0.029321533, 0.013133603, 0.008857546
13150574084000, -0.022602014, 0.0125227375, 0.008552114
13150578907000, -0.024129177, 0.008246681, 0.016187929
13150583984000, -0.026572637, 0.008552114, 0.02076942
13150588914000, -0.018020526, 0.0143553335, 0.014966198
13150594034000, -0.015577064, 0.010079277, 0.018325957
13150598857000, -0.01863139, 0.0125227375, 0.0125227375
13150603977000, -0.022602014, 0.009162978, 0.0143553335
13150608858000, -0.018325957, 0.004276057, 0.010995574
13150613963000, -0.017104227, 0.01282817, 0.01038471
13150618921000, -0.015271631, 0.0143553335, 0.014966198
13150624001000, -0.015577064, 0.010995574, 0.011911872
13150628904000, -0.02076942, 0.018936822, 0.014660766
13150633991000, -0.03573562, 0.021685716, 0.009773844
13150638983000, -0.029321533, 0.010079277, 0.016798794
13150643966000, -0.021991149, 0.024129177, 0.015882496
13150648954000, -0.015271631, 0.03145956, 0.016493361
13150653971000, -0.0290161, 0.0290161, 0.012217305
13150658893000, -0.025045475, 0.034208454, 0.016187929
13150663958000, -0.022907447, 0.027183503, 0.017104227
13150668950000, -0.03268129, 0.03268129, 0.020463986
13150674031000, -0.030543262, 0.024129177, 0.009773844
13150679279000, -0.021380283, 0.028405234, 0.013439035
13150683989000, -0.017104227, 0.032070424, 0.0036651916
13150689359000, -0.017104227, 0.03726278, 0.009162978
13150693965000, -0.016187929, 0.019242255, 0.015271631
13150698857000, -0.018936822, 9.162979E-4, 0.011301007
13150703962000, -0.021685716, -0.0070249503, 0.012217305
13150708913000, -0.017104227, -0.0027488936, 0.008552114
13150713956000, -0.009468411, 0.0018325958, 0.010079277
13150718945000, -0.013133603, 0.004276057, 0.0125227375
13150724023000, -0.01985312, 3.0543262E-4, 0.01282817
