#Rate of rotation around the x y z axes (Angular velocity).
#timestamp(ns),x,y,z(rad/s)
#Datetime: 06/05/2015 17:08:51
##########################################
#Activity: 8 - CSI - Car-Step in - 6s
#Subject ID: 49
#First Name: sub49
#Last Name: sub49
#Age: 23
#Height(cm): 178
#Weight(kg): 75
#Gender: Male
##########################################

@DATA
2291590748000, -0.0143553335, 0.032375857, 0.005497787
2291596416000, -0.013439035, 0.036957346, -3.0543262E-4
2291600771000, -0.008552114, 0.029932396, -0.004581489
2291605750000, -0.007330383, 0.0290161, -9.162979E-4
2291610744000, -0.02076942, 0.038179077, -9.162979E-4
2291615713000, -0.011911872, 0.032986723, 0.003970624
2291620732000, -0.007330383, 0.018936822, 0.0021380284
2291625744000, -0.0106901415, 0.025045475, 6.1086525E-4
2291630745000, -0.011301007, 0.040317107, -0.0018325958
2291635761000, -0.007330383, 0.04428773, -0.0012217305
2291640800000, -0.010079277, 0.049785517, 0.004581489
2291645748000, -0.018325957, 0.052839845, 0.004886922
2291650767000, -0.016493361, 0.06994407, 0.0018325958
2291655748000, -0.020463986, 0.076358154, 0.0061086523
2291660747000, -0.020158553, 0.07422013, 6.1086525E-4
2291666229000, -0.022296581, 0.0693332, 0.007941248
2291670750000, -0.032070424, 0.07452556, 0.00580322
2291675769000, -0.030848695, 0.070249505, 3.0543262E-4
2291680743000, -0.035430185, 0.06566802, 0.0033597588
2291685751000, -0.044898596, 0.063224554, 0.01038471
2291690754000, -0.05222898, 0.059864793, 0.01038471
2291695743000, -0.04337143, 0.069027774, 0.01282817
2291700757000, -0.05467244, 0.054061573, 0.009773844
2291705748000, -0.052534413, 0.04520403, 0.018020526
2291710747000, -0.05467244, 0.048258353, 0.010079277
2291715720000, -0.057726767, 0.05131268, 0.018020526
2291720755000, -0.052839845, 0.048258353, 0.012217305
2291725743000, -0.052839845, 0.046731193, 0.017715093
2291730740000, -0.058337633, 0.039095376, 0.021685716
2291736056000, -0.046120327, 0.034513887, 0.023518313
2291740766000, -0.04642576, 0.040927973, 0.021380283
2291745775000, -0.048258353, 0.045814894, 0.02687807
2291750740000, -0.037873644, 0.03481932, 0.032375857
2291755745000, -0.038179077, 0.032070424, 0.029626964
2291760751000, -0.04337143, 0.036651913, 0.02687807
2291765720000, -0.040317107, 0.040011674, 0.032070424
2291770755000, -0.04886922, 0.03145956, 0.031154128
2291775744000, -0.043066, 0.027794369, 0.03176499
2291780746000, -0.036651913, 0.034208454, 0.0290161
2291785760000, -0.033292156, 0.04734206, 0.028710667
2291790746000, -0.04520403, 0.036957346, 0.03481932
2291795739000, -0.032986723, 0.03970624, 0.030543262
2291800739000, -0.034513887, 0.03481932, 0.027794369
2291805707000, -0.037873644, 0.04428773, 0.029932396
2291810747000, -0.028710667, 0.04153884, 0.030543262
2291815716000, -0.03176499, 0.04337143, 0.022296581
2291820755000, -0.027488936, 0.03481932, 0.025350908
2291825742000, -0.021380283, 0.03634648, 0.027794369
2291830731000, -0.030543262, 0.036651913, 0.022602014
2291835742000, -0.025045475, 0.04062254, 0.024129177
2291840757000, -0.027183503, 0.03756821, 0.023518313
2291845780000, -0.033292156, 0.040927973, 0.02107485
2291851459000, -0.028710667, 0.03481932, 0.022296581
2291855750000, -0.026267206, 0.05467244, 0.018325957
2291860746000, -0.021380283, 0.044898596, 0.022602014
2291865714000, -0.02107485, 0.04153884, 0.0143553335
2291870752000, -0.030848695, 0.040011674, 0.0143553335
2291875742000, -0.026267206, 0.04062254, 0.016493361
2291880750000, -0.029932396, 0.042455133, 0.014966198
2291885766000, -0.0290161, 0.03176499, 0.016493361
2291890748000, -0.025045475, 0.029321533, 0.017104227
2291895742000, -0.029626964, 0.033292156, 0.021380283
2291900744000, -0.032986723, 0.033292156, 0.0143553335
2291905755000, -0.028710667, 0.018936822, 0.018936822
2291910747000, -0.025045475, 0.022602014, 0.01863139
2291915715000, -0.032070424, 0.01160644, 0.021380283
2291920737000, -0.01985312, 0.02321288, 0.01985312
2291925745000, -0.026572637, 0.013439035, 0.015882496
2291930740000, -0.01160644, 0.0027488936, 0.020158553
2291935759000, -0.027183503, 0.0021380284, 0.018936822
2291940750000, -0.027794369, -0.004276057, 0.027488936
2291945768000, -0.019242255, -0.004886922, 0.02321288
2291950742000, -0.025350908, -0.014049901, 0.016187929
2291955747000, -0.022296581, -0.01282817, 0.02107485
2291960746000, -0.022296581, -0.004276057, 0.025045475
2291965712000, -0.028405234, -0.008857546, 0.013439035
2291970736000, -0.020463986, -0.014049901, 0.01863139
2291975743000, -0.04062254, -0.024129177, 0.010079277
2291980738000, -0.04062254, -0.025350908, 0.011301007
2291985762000, -0.043676864, -0.03604105, 0.0143553335
2291990739000, -0.048258353, -0.02565634, 0.0076358155
2291995741000, -0.041233405, -0.032986723, 0.0061086523
2292000760000, -0.04734206, -0.03390302, 0.008246681
2292005750000, -0.054061573, -0.04062254, 0.00580322
2292010745000, -0.056505036, -0.033292156, 0.007330383
2292015716000, -0.059864793, -0.025961773, -0.0015271631
2292020728000, -0.05467244, -0.04184427, -0.002443461
2292025744000, -0.06047566, -0.03145956, 0.005192355
2292030779000, -0.05681047, -0.027794369, -0.005497787
2292035815000, -0.06780604, -0.0290161, -0.006414085
2292040843000, -0.06536258, -0.026572637, -0.011301007
2292045788000, -0.070249505, -0.025961773, -0.0143553335
2292050751000, -0.0729984, -0.020463986, -0.013439035
2292055754000, -0.08399397, -0.005192355, -0.015271631
2292060738000, -0.082161374, -0.009162978, -0.024740042
2292065732000, -0.10048734, -0.009162978, -0.025045475
2292070754000, -0.101098195, -3.0543262E-4, -0.025350908
2292075784000, -0.102319926, 0.008246681, -0.0290161
2292080736000, -0.102319926, 0.012217305, -0.0290161
2292085758000, -0.10354166, 0.004581489, -0.03726278
2292090750000, -0.11026118, -0.0015271631, -0.035430185
2292095750000, -0.10720685, -0.003970624, -0.03023783
2292100752000, -0.10720685, 0.0030543262, -0.02687807
2292105754000, -0.10445796, 0.0027488936, -0.029626964
2292110751000, -0.10170906, -0.0033597588, -0.03023783
2292115730000, -0.118507855, -0.010079277, -0.03359759
2292120753000, -0.11789699, -0.0076358155, -0.029626964
2292125746000, -0.11301007, -0.005497787, -0.03176499
2292130729000, -0.1160644, 0.01038471, -0.025961773
2292135758000, -0.12156218, 0.010995574, -0.02687807
2292140750000, -0.12736541, 0.018020526, -0.024740042
2292145739000, -0.12522738, 0.01282817, -0.020158553
2292150721000, -0.113926366, 0.024740042, -0.025961773
2292155758000, -0.10720685, 0.034208454, -0.023518313
2292160736000, -0.11942416, 0.04428773, -0.019242255
2292165728000, -0.11789699, 0.04062254, -0.019242255
2292170751000, -0.12186762, 0.03940081, -0.014660766
2292176431000, -0.12186762, 0.035430185, -0.010995574
2292180742000, -0.12461651, 0.030848695, -0.006414085
2292185760000, -0.12736541, 0.029626964, -0.007941248
2292190745000, -0.12950343, 0.0143553335, -0.004276057
2292195745000, -0.129198, 0.023823744, 0.005192355
2292200752000, -0.14477506, 0.017715093, 3.0543262E-4
2292205754000, -0.14538592, 0.013744468, 0.003970624
2292210743000, -0.15027285, 0.01740966, 0.0061086523
2292215723000, -0.13927728, 0.021380283, 0.004276057
2292220753000, -0.14385876, 0.018325957, 0.009162978
2292225753000, -0.14935656, 0.019547688, 0.009468411
2292230748000, -0.14630222, 0.007941248, 0.0061086523
2292235760000, -0.14874569, 0.005497787, 0.004886922
2292240747000, -0.1441642, 0.010079277, 0.011301007
2292246403000, -0.1386664, 0.0030543262, 0.008552114
2292250729000, -0.15149458, 0.0027488936, 0.01038471
2292255756000, -0.1469131, 0.017715093, 0.025045475
2292260744000, -0.15057829, -9.162979E-4, 0.018325957
2292265725000, -0.15393804, -0.002443461, 0.006414085
2292270723000, -0.18112154, 0.0076358155, -3.0543262E-4
2292275749000, -0.19272798, 0.0033597588, -0.005497787
2292280732000, -0.19822577, -0.0015271631, -0.0061086523
2292285756000, -0.20830505, 0.0030543262, -0.013133603
2292290745000, -0.22937989, -0.011301007, -0.009162978
2292295753000, -0.22907446, -0.0076358155, -0.013133603
2292300767000, -0.24312437, -0.003970624, -0.012217305
2292305752000, -0.24617869, 0.0036651916, -0.009162978
2292310732000, -0.25167647, 0.013133603, -0.0021380284
2292316360000, -0.25717425, 0.01282817, -0.0027488936
2292320711000, -0.26633725, 0.019242255, -0.0070249503
2292325718000, -0.28680122, 0.029626964, -0.008857546
2292330724000, -0.30909783, 0.03481932, 0.0021380284
2292335755000, -0.30482176, 0.0421497, 0.003970624
2292340715000, -0.3118467, 0.05131268, 0.0027488936
2292345768000, -0.3222314, 0.052534413, 0.009162978
2292350689000, -0.34055737, 0.07086037, 0.01740966
2292355773000, -0.34330627, 0.07880162, 0.03390302
2292360781000, -0.3323107, 0.08460484, 0.027183503
2292365727000, -0.3454443, 0.094989546, 0.029626964
2292370728000, -0.36987892, 0.10842858, 0.023823744
2292375718000, -0.3753767, 0.12980886, 0.027183503
2292380729000, -0.37415496, 0.14538592, 0.028710667
2292385845000, -0.39584067, 0.15149458, 0.044898596
2292390758000, -0.39858958, 0.15393804, 0.05222898
2292395745000, -0.41263947, 0.122783914, 0.058948494
2292400746000, -0.4083634, 0.10903945, 0.071776666
2292405753000, -0.42180246, 0.0983493, 0.102319926
2292410780000, -0.44348818, 0.094989546, 0.124005646
2292415717000, -0.4428773, 0.07452556, 0.13194689
2292420754000, -0.44776422, 0.056505036, 0.14752395
2292425744000, -0.46914452, 0.071776666, 0.15271631
2292430735000, -0.47891834, 0.084910266, 0.17134771
2292435744000, -0.49480084, 0.0983493, 0.20066923
2292440757000, -0.48899764, 0.099265605, 0.21319197
2292445742000, -0.49602258, 0.11209377, 0.23304509
2292450770000, -0.5112942, 0.13133603, 0.24678956
2292455754000, -0.5332854, 0.16340645, 0.27885997
2292460744000, -0.5412266, 0.16676621, 0.30390546
2292465720000, -0.54244834, 0.19639318, 0.3359759
2292470756000, -0.5635232, 0.22021692, 0.37995818
2292475746000, -0.571159, 0.23060162, 0.4147775
2292480744000, -0.5717699, 0.24740042, 0.44073927
2292485755000, -0.59803706, 0.28160888, 0.47433686
2292490749000, -0.62980205, 0.29993483, 0.514654
2292495743000, -0.6383542, 0.2938262, 0.5552765
2292501616000, -0.6411031, 0.30298916, 0.6020077
2292505755000, -0.66248333, 0.28710666, 0.64812803
2292510746000, -0.6630942, 0.25900686, 0.7067711
2292515718000, -0.68477994, 0.23365596, 0.7648033
2292520756000, -0.70188415, 0.22052236, 0.84513205
2292525754000, -0.72326446, 0.20922135, 0.91965765
2292530741000, -0.7602218, 0.21044308, 1.0024298
2292535758000, -0.77304995, 0.22266038, 1.074512
2292540750000, -0.8017606, 0.25137106, 1.1447614
2292545766000, -0.84696466, 0.32528573, 1.178359
2292550733000, -0.8717047, 0.39064834, 1.2455542
2292555749000, -0.93828905, 0.43676865, 1.3093897
2292560746000, -0.9764681, 0.44898596, 1.3768903
2292565715000, -1.006095, 0.3390302, 1.4627168
2292571506000, -0.958753, 0.22327125, 1.5470163
2292575742000, -0.9266826, 0.2312125, 1.5671748
2292580751000, -0.9266826, 0.22296582, 1.602605
2292585762000, -0.9294315, 0.16646078, 1.6355917
2292590748000, -0.91415983, 0.07360926, 1.6643023
2292595731000, -0.86101454, 0.0021380284, 1.6792686
2292600737000, -0.79290307, -0.049785517, 1.6814066
2292605742000, -0.7244862, -0.12980886, 1.6691893
2292610746000, -0.6401868, -0.21227567, 1.6310102
2292615717000, -0.55955255, -0.27030787, 1.5570955
2292620791000, -0.49113566, -0.3368922, 1.4737124
2292625743000, -0.4266894, -0.3827071, 1.378112
2292630731000, -0.34483343, -0.4202753, 1.2925909
2292635752000, -0.28802297, -0.47433686, 1.212262
2292641071000, -0.226631, -0.44593164, 1.1206323
2292645696000, -0.18234327, -0.40591997, 1.0809261
2292650745000, -0.1518, -0.31031954, 0.99265605
2292655704000, -0.084910266, -0.17867808, 0.9126327
2292660744000, -0.009162978, 0.008552114, 0.83199847
2292666303000, 0.07574729, 0.25686884, 0.7632761
2292670749000, 0.12583824, 0.5390886, 0.68325275
2292675674000, 0.15515977, 0.77366084, 0.59864795
2292680738000, 0.19425514, 0.95569867, 0.5155703
2292685721000, 0.22082779, 1.0699304, 0.43188173
2292690748000, 0.25870144, 1.1450669, 0.3549127
2292695742000, 0.29779682, 1.1844677, 0.28405234
2292700776000, 0.32345316, 1.1768318, 0.21655174
2292705795000, 0.36896262, 1.1597277, 0.15241088
2292710718000, 0.41905355, 1.1117748, 0.106901415
2292715723000, 0.47769663, 1.0464121, 0.06658431
2292720711000, 0.52320606, 0.9663888, 0.037873644
2292725777000, 0.5564982, 0.8900307, -0.0015271631
2292730743000, 0.5992588, 0.7812967, -0.04153884
2292735744000, 0.6420194, 0.6973027, -0.061391957
2292740741000, 0.6762278, 0.6658431, -0.07269296
2292745742000, 0.68966687, 0.57940567, -0.07422013
2292750770000, 0.70707655, 0.50854534, -0.092240654
2292755767000, 0.7324274, 0.45173484, -0.1001819
2292760782000, 0.75961095, 0.40225476, -0.10354166
2292765733000, 0.77366084, 0.3472769, -0.10170906
2292770716000, 0.81183994, 0.26236662, -0.1133155
2292775749000, 0.8622363, 0.15699236, -0.113926366
2292780848000, 0.91965765, 0.06688975, -0.12492194
2292785750000, 0.98471475, -0.021380283, -0.13439035
2292790725000, 1.0247264, -0.13897185, -0.1414153
2292795748000, 1.0732902, -0.28221974, -0.14660765
2292800741000, 1.1410962, -0.2950479, -0.19547687
2292805756000, 1.2589933, -0.22113322, -0.22510384
2292810804000, 1.3881912, -0.080634214, -0.25045475
2292815717000, 1.5610662, 0.12767084, -0.30451632
2292820730000, 1.7232509, 0.3213151, -0.36713
2292825747000, 1.8811595, 0.47128254, -0.44684792
2292830744000, 2.0146337, 0.54641896, -0.5479461
2292835746000, 2.094657, 0.5488624, -0.66798115
2292840750000, 2.1056526, 0.50426924, -0.7254025
2292845737000, 2.0842721, 0.44593164, -0.8426886
2292850763000, 1.9807305, 0.38789943, -0.95539325
2292855764000, 1.8356501, 0.3943135, -1.0421361
2292860741000, 1.6331482, 0.45020768, -1.0983357
2292865702000, 1.3955216, 0.6072, -1.1026118
2292870752000, 1.0882565, 0.86009824, -1.0571023
2292875686000, 0.7501425, 1.17897, -0.9605856
2292880724000, 0.3998113, 1.486846, -0.8038987
2292885753000, 0.07696902, 1.736079, -0.5888741
2292890743000, -0.17837265, 1.9336939, -0.37659842
2292896630000, -0.321926, 1.9950858, -0.22724187
2292900743000, -0.39522982, 1.89918, -0.11636983
2292905688000, -0.42088616, 1.711339, -0.05375614
2292910744000, -0.44348818, 1.5234979, -0.03359759
2292915708000, -0.5342017, 1.3454307, -0.05131268
2292920718000, -0.6310238, 1.1908818, -0.09590584
2292925681000, -0.68875057, 1.03786, -0.1777618
2292930733000, -0.72418076, 0.8750645, -0.23243423
2292935742000, -0.7348709, 0.79198676, -0.25717425
2292940743000, -0.7174612, 0.67011917, -0.30085114
2292945762000, -0.67256266, 0.64812803, -0.35918877
2292950736000, -0.63071835, 0.7644979, -0.4196644
2292955755000, -0.6383542, 0.95630956, -0.42943826
2292960743000, -0.6267477, 1.14018, -0.41996986
2292966506000, -0.59498274, 1.205848, -0.34605515
2292970721000, -0.5180137, 1.1148291, -0.20525073
2292975746000, -0.39187005, 0.9505063, -0.02321288
2292980726000, -0.25870144, 0.6792821, 0.19211712
2292985770000, -0.09743301, 0.42058071, 0.4175264
2292990703000, 0.052534413, 0.31642818, 0.6081163
2292995752000, 0.1554652, 0.34330627, 0.73548174
2293000740000, 0.1563815, 0.3594942, 0.79045963
2293005754000, 0.15271631, 0.3576616, 0.75869465
2293010706000, 0.13530666, 0.38545597, 0.6933321
2293015731000, 0.11209377, 0.46853364, 0.625526
2293020789000, 0.06994407, 0.5479461, 0.55741453
2293025747000, 0.0106901415, 0.63499445, 0.49754974
2293030736000, -0.01740966, 0.68477994, 0.45906523
2293036261000, -0.04795292, 0.806953, 0.4288274
2293040799000, -0.07819075, 0.840856, 0.42577308
2293045747000, -0.1001819, 0.89644474, 0.43951756
2293050725000, -0.13805555, 0.9773844, 0.4578435
2293055770000, -0.18020524, 1.001819, 0.5103779
2293060783000, -0.204029, 1.0002918, 0.54641896
2293065732000, -0.21991149, 0.9550878, 0.5558874
2293070753000, -0.22785273, 0.88117313, 0.57360244
2293075744000, -0.22724187, 0.8063421, 0.5494733
2293080727000, -0.24617869, 0.7284568, 0.52106804
2293085781000, -0.2284636, 0.6478226, 0.50488013
2293090745000, -0.21135938, 0.5873469, 0.47616947
2293095741000, -0.23548855, 0.58276546, 0.441961
2293100770000, -0.2938262, 0.64660084, 0.3930918
2293105831000, -0.35796702, 0.6001751, 0.37751472
2293110742000, -0.34147367, 0.6102544, 0.37323865
2293115777000, -0.3203988, 0.5720753, 0.36957347
2293120733000, -0.2843578, 0.5290093, 0.35735616
2293125997000, -0.23609942, 0.47586402, 0.3359759
2293130753000, -0.20066923, 0.41050145, 0.33475417
2293135731000, -0.16829337, 0.40378192, 0.33078352
2293140723000, -0.13041973, 0.32742378, 0.32253686
2293145743000, -0.11759156, 0.24281894, 0.3036
2293151799000, -0.08368854, 0.27763826, 0.29779682
2293155688000, -0.10995574, 0.2003638, 0.2837469
2293160663000, -0.087659165, 0.27275133, 0.2929099
2293165655000, -0.10170906, 0.30298916, 0.31703907
2293170663000, -0.13897185, 0.17440203, 0.30573806
2293175667000, -0.11789699, 0.25686884, 0.3182608
2293180654000, -0.14538592, 0.23945917, 0.36468655
2293185710000, -0.14446963, 0.27763826, 0.37140608
2293190663000, -0.17104226, 0.29901853, 0.4166101
2293195663000, -0.19883664, 0.23640485, 0.4373795
2293200863000, -0.20158553, 0.17104226, 0.43554693
2293205723000, -0.22082779, 0.1777618, 0.47494772
2293210738000, -0.27030787, 0.14966199, 0.49754974
2293215697000, -0.29443705, 0.11453723, 0.4972443
2293221269000, -0.32559118, 0.047647487, 0.4642576
2293225723000, -0.35124752, 0.076358154, 0.48075095
2293231110000, -0.37690386, 0.095294975, 0.49113566
2293235733000, -0.3475823, 0.059864793, 0.44501534
2293240972000, -0.3203988, 0.16798794, 0.3717115
2293245763000, -0.33536503, 0.19639318, 0.33017266
2293251038000, -0.3155119, 0.22113322, 0.28099802
2293255758000, -0.30268374, 0.22327125, 0.23090707
2293260675000, -0.28130344, 0.2144137, 0.18600847
2293265732000, -0.25992316, 0.16737708, 0.17562376
2293270724000, -0.25167647, 0.13744467, 0.16768251
2293275746000, -0.2443461, 0.121256754, 0.16798794
2293280726000, -0.23518312, 0.09162979, 0.17134771
2293285788000, -0.22632557, 0.061086524, 0.17989981
2293291055000, -0.24740042, 0.043982297, 0.1863139
2293295747000, -0.2565634, 0.004886922, 0.19028452
2293300769000, -0.28496864, -0.043676864, 0.20097467
2293305753000, -0.28252518, -0.11484267, 0.20738874
2293310728000, -0.28496864, -0.18081611, 0.20677789
2293315726000, -0.3032946, -0.2415972, 0.19486602
2293320772000, -0.32467487, -0.30848694, 0.17501289
2293325783000, -0.3481932, -0.33841935, 0.14660765
2293330718000, -0.38453966, -0.40133846, 0.1328632
2293335964000, -0.40011674, -0.4633413, 0.10781772
2293340717000, -0.4288274, -0.5235115, 0.07666359
2293345725000, -0.43890667, -0.5693264, 0.03604105
2293350757000, -0.45081854, -0.63804877, -0.02076942
2293355768000, -0.44593164, -0.7021896, -0.074830994
2293361327000, -0.44990227, -0.73914695, -0.13561209
2293365782000, -0.4636467, -0.8145888, -0.19272798
2293370750000, -0.44226643, -0.8231409, -0.23151793
2293375781000, -0.464563, -0.84971356, -0.2706133
2293380731000, -0.49235737, -0.8906415, -0.29993483
2293385770000, -0.52534413, -0.9239337, -0.31306845
2293390748000, -0.537256, -0.97097033, -0.31673363
2293395746000, -0.5561928, -1.0167851, -0.32467487
2293400724000, -0.56596667, -1.0512991, -0.32834008
2293405751000, -0.57879484, -1.0943651, -0.3295618
2293410743000, -0.59131753, -1.1065824, -0.32253686
2293415735000, -0.57696223, -1.1478158, -0.32650748
2293420748000, -0.5849035, -1.1252137, -0.3155119
2293425748000, -0.5552765, -1.1334605, -0.31703907
2293431365000, -0.54550266, -1.1759156, -0.31642818
2293435849000, -0.50823987, -1.1856894, -0.30787608
2293440769000, -0.49174652, -1.1600331, -0.29046643
2293445749000, -0.4370741, -1.1728612, -0.27366763
2293450743000, -0.40469822, -1.196685, -0.26816985
2293455690000, -0.38606682, -1.2266175, -0.26389378
2293460747000, -0.33169982, -1.2428054, -0.2611449
2293465752000, -0.28099802, -1.248914, -0.27183503
2293470750000, -0.23396139, -1.241889, -0.2751948
2293475680000, -0.19364429, -1.2223413, -0.28893927
2293480734000, -0.14721853, -1.1872166, -0.30970868
2293485728000, -0.102319926, -1.1389582, -0.32284227
2293490745000, -0.05589417, -1.1151345, -0.312763
2293495748000, 0.02107485, -1.1151345, -0.26542094
2293500720000, 0.07727446, -1.1487321, -0.18509217
2293505755000, 0.14905111, -1.1753048, -0.082161374
2293510743000, 0.21227567, -1.1713341, 0.022602014
2293515735000, 0.21135938, -1.1154399, 0.11575896
2293520749000, 0.16982053, -1.0870347, 0.21838433
2293525747000, 0.13530666, -1.0054842, 0.26175576
2293530732000, 0.13133603, -0.9795224, 0.36163223
2293535765000, 0.14080444, -1.0122037, 0.47739118
2293540741000, 0.12644911, -1.0317514, 0.61208695
2293545763000, 0.05375614, -1.035722, 0.7293731
2293550749000, -0.079107046, -1.039998, 0.79168135
2293555753000, -0.27305678, -1.112691, 0.82833326
2293560743000, -0.49877146, -1.1893547, 0.8393288
2293565729000, -0.73945236, -1.201572, 0.8561276
2293570686000, -0.97402465, -1.1893547, 0.8491027
2293575746000, -1.1893547, -1.1484267, 0.8371908
2293580978000, -1.3881912, -1.1316279, 0.8378017
2293585756000, -1.5696182, -1.151481, 0.8426886
2293590726000, -1.7009543, -1.1673635, 0.88300574
2293595746000, -1.7922786, -1.1652255, 0.9459248
2293600744000, -1.8481728, -1.1297953, 1.0106765
2293605759000, -1.8594738, -1.1151345, 1.073901
2293610742000, -1.8527542, -1.1985176, 1.1114693
2293615790000, -1.844813, -1.491122, 1.1386528
2293620717000, -1.8090774, -1.7128662, 1.1386528
2293625746000, -1.7876972, -2.2094996, 1.1276573
2293630691000, -1.7577647, -2.6542094, 1.1221595
2293635753000, -1.7363845, -3.0014863, 1.1078042
2293640718000, -1.6881261, -3.1731396, 1.0888673
2293645748000, -1.6230689, -3.1651983, 1.087951
2293651588000, -1.5668694, -3.0109549, 1.039998
2293655759000, -1.5115861, -2.723848, 0.9941832
2293661012000, -1.4682146, -2.3732114, 0.8185594
2293665734000, -1.4272866, -1.9990565, 0.5503896
2293670685000, -1.4110987, -1.6881261, 0.258396
2293675745000, -1.4101825, -1.4871514, 0.005192355
2293680689000, -1.3930782, -1.2990049, -0.1872302
2293685794000, -1.3704761, -1.1102476, -0.301462
2293690681000, -1.3313808, -0.9492846, -0.35705075
2293695752000, -1.269378, -0.8567385, -0.34697145
2293700702000, -1.1368202, -0.8393288, -0.25625798
2293705759000, -0.93492925, -0.8857546, -0.043676864
2293710675000, -0.7119634, -1.0965031, 0.23518312
2293715739000, -0.52870387, -1.3130548, 0.68936145
2293720721000, -0.3866777, -1.881465, 0.96669424
2293725748000, -0.28863382, -2.5152376, 1.568702
2293730723000, -0.061391957, -2.7207937, 2.019215
2293735751000, 0.2687807, -2.1041253, 2.2153027
2293740723000, 0.68416905, -0.89675015, 2.158187
2293745747000, 0.81489426, 0.13072516, 1.8362609
2293750748000, 0.35216382, 0.2874121, 1.2733486
2293755690000, -0.42271876, -0.23365596, 0.6924158
2293760747000, -1.0418307, -0.6948592, 0.3933972
2293765715000, -1.4315627, -0.6258314, 0.36743546
2293770757000, -1.6468927, -0.3930918, 0.41630468
2293775716000, -1.7095064, -0.30726522, 0.45631635
2293780742000, -1.6673567, -0.32620203, 0.52839845
2293785718000, -1.572978, -0.41141775, 0.5928447
2293790821000, -1.3994923, -0.5195409, 0.6230826
2293795672000, -1.176221, -0.528093, 0.55955255
2293800775000, -1.0094548, -0.48808134, 0.5534439
2293805693000, -0.95325524, -0.5910121, 0.5384777
2293810771000, -0.91538155, -0.52015173, 0.47800204
2293815703000, -0.92149025, -0.4269948, 0.45845437
2293820749000, -0.90194255, -0.19792034, 0.4633413
2293825739000, -0.84574294, 0.0036651916, 0.49602258
2293830731000, -0.77824235, 0.12705997, 0.53786683
2293835791000, -0.7339546, 0.15149458, 0.5757405
2293841209000, -0.72601336, 0.08674286, 0.59803706
2293845742000, -0.7632761, 0.007330383, 0.5983425
2293850772000, -0.80756384, -0.073303826, 0.59773165
2293855746000, -0.82711154, -0.124311075, 0.5888741
2293860732000, -0.8206975, -0.094989546, 0.5681047
2293865722000, -0.8081747, -0.027794369, 0.5519168
2293870864000, -0.7715228, 0.07666359, 0.5513059
2293875742000, -0.7199047, 0.14721853, 0.5458081
2293880769000, -0.65484756, 0.160963, 0.54458636
2293885791000, -0.59437186, 0.13622294, 0.54244834
2293890741000, -0.5348125, 0.056199603, 0.52931476
2293895740000, -0.49388456, -0.018325957, 0.5342017
2293900782000, -0.4841107, -0.047647487, 0.57635134
2293906300000, -0.46609017, -0.06383542, 0.6151413
2293910749000, -0.45173484, -0.051618114, 0.64904433
2293915751000, -0.44776422, -0.0027488936, 0.65576386
2293920782000, -0.4474588, -0.022296581, 0.64812803
2293925771000, -0.48349985, -0.09621128, 0.62796944
2293930724000, -0.51343226, -0.20250183, 0.59773165
2293935754000, -0.5375614, -0.2706133, 0.56596667
2293940833000, -0.5510005, -0.2929099, 0.5540548
2293945746000, -0.5681047, -0.2565634, 0.54336464
2293950756000, -0.573297, -0.17348573, 0.5308419
2293955690000, -0.58459806, -0.11728613, 0.51923543
2293960783000, -0.59956425, -0.04734206, 0.51343226
2293965685000, -0.61178154, 0.064446285, 0.48502702
2293970726000, -0.64873886, 0.2275473, 0.44959682
2293976278000, -0.7244862, 0.33353242, 0.40622538
2293980729000, -0.8045095, 0.4092797, 0.37140608
2293986096000, -0.8888089, 0.4288274, 0.35369098
2293990757000, -0.9807441, 0.44715336, 0.32925636
2293995744000, -1.0592403, 0.4718934, 0.33414328
2294000806000, -1.1307116, 0.46822822, 0.34147367
2294005727000, -1.196685, 0.44073927, 0.35430184
2294010783000, -1.2522738, 0.43066, 0.3744604
2294015713000, -1.2913691, 0.39950588, 0.3885103
2294020709000, -1.3072516, 0.38637227, 0.42730024
2294025767000, -1.35551, 0.38148534, 0.45875978
2294030750000, -1.3729197, 0.35308012, 0.50335294
2294035735000, -1.3698653, 0.32498032, 0.5476407
2294040792000, -1.3603969, 0.2932153, 0.600786
2294046147000, -1.3264939, 0.26419923, 0.6072
2294050746000, -1.2800682, 0.2773328, 0.64904433
2294055753000, -1.2409728, 0.27030787, 0.68111473
2294060746000, -1.1948525, 0.30879238, 0.7281514
2294065721000, -1.1450669, 0.43799037, 0.8188649
2294070695000, -1.0852021, 0.40194935, 0.79381937
2294075745000, -1.071763, 0.40317106, 0.81306165
2294080728000, -1.0442741, 0.4373795, 0.82986045
2294085796000, -1.0259482, 0.51068336, 0.8552113
2294090782000, -0.9972375, 0.6206391, 0.86254174
2294095743000, -0.9914343, 0.72234815, 0.84696466
2294100771000, -0.9776898, 0.8008443, 0.83108217
2294105793000, -0.9773844, 0.8313876, 0.8213083
2294110770000, -0.98837996, 0.820392, 0.8176431
2294115904000, -0.98624194, 0.81214535, 0.8155051
2294120820000, -0.97494096, 0.82894415, 0.8032878
2294125833000, -1.0033462, 0.85918194, 0.8017606
2294130727000, -1.0005972, 0.8970556, 0.8072584
2294135748000, -1.0021244, 0.8698721, 0.8323039
2294140752000, -1.0213667, 0.79137594, 0.8530733
2294145745000, -1.0387764, 0.6899723, 0.8717047
2294150786000, -1.0574077, 0.6728681, 0.8900307
2294155786000, -1.1001683, 0.6453791, 0.9138544
2294160767000, -1.1386528, 0.67103547, 0.9428705
2294165730000, -1.1688906, 0.63285637, 0.96761054
2294170759000, -1.1814134, 0.59437186, 1.0057896
2294175753000, -1.196685, 0.5198463, 1.0418307
2294180731000, -1.1936307, 0.45448375, 1.0806206
2294185695000, -1.207986, 0.38606682, 1.1355985
2294190718000, -1.212262, 0.39461896, 1.1746938
2294195681000, -1.2443326, 0.41447207, 1.2082914
2294200785000, -1.2907583, 0.4541783, 1.2333369
2294205688000, -1.3151928, 0.46731192, 1.2409728
2294210784000, -1.3326025, 0.47158796, 1.246776
2294215711000, -1.382999, 0.5332854, 1.241889
2294220761000, -1.4425583, 0.59956425, 1.2461652
2294225721000, -1.493871, 0.63499445, 1.2403619
2294231427000, -1.5564847, 0.6939429, 1.2348641
2294235703000, -1.5989398, 0.74220127, 1.2406673
2294240758000, -1.6221527, 0.80756384, 1.2357804
2294245679000, -1.674687, 0.7858781, 1.2406673
2294250752000, -1.7131716, 0.79809546, 1.2189816
2294255691000, -1.7672331, 0.75533485, 1.2162327
2294260786000, -1.8069394, 0.5897904, 1.1468995
2294265841000, -1.8945986, 0.4392121, 1.1175779
2294270713000, -1.956296, 0.31948254, 1.1655309
2294275750000, -1.9520199, 0.21624629, 1.2657127
2294280720000, -1.915368, 0.04642576, 1.352761
2294285739000, -1.8790215, -0.07819075, 1.3946054
2294290739000, -1.8307631, -0.1386664, 1.4532484
2294295745000, -1.767844, -0.17654006, 1.5314392
2294301386000, -1.74738, -0.27091873, 1.5360206
2294305713000, -1.7369953, -0.28527406, 1.5057828
2294310695000, -1.7620409, -0.17379116, 1.4816537
2294315723000, -1.7556267, -0.1020145, 1.4538593
2294320683000, -1.6865989, -0.08857546, 1.4431691
2294325770000, -1.642922, -0.15332718, 1.4419475
2294330708000, -1.6029104, -0.1695151, 1.4709635
2294335774000, -1.5803084, -0.098043874, 1.4834863
2294340692000, -1.5674802, 0.032070424, 1.473407
2294345751000, -1.5705346, 0.15088372, 1.4434745
2294350694000, -1.5738943, 0.23182335, 1.3833044
2294355774000, -1.5845845, 0.27458394, 1.3420709
2294360773000, -1.5995506, 0.4007276, 1.3726143
2294365750000, -1.600467, 0.2761111, 1.2907583
2294371234000, -1.6664404, 0.24953845, 1.244638
2294375765000, -1.7201965, 0.21197024, 1.2070698
2294380772000, -1.676825, 0.20891592, 1.1621711
2294385746000, -1.6096299, 0.18875736, 1.1453724
2294390737000, -1.5231925, 0.18295415, 1.1160508
2294395748000, -1.4483615, 0.14905111, 1.0797043
2294401091000, -1.3796391, 0.09987647, 1.0638218
2294405673000, -1.319469, 0.07391469, 1.0595458
2294410685000, -1.2968669, 0.02565634, 1.0436633
2294415652000, -1.2525792, -0.013744468, 1.040609
2294420669000, -1.2180653, -0.016798794, 1.0351112
2294425666000, -1.16492, -0.080634214, 1.0387764
2294430660000, -1.1304061, -0.105068825, 1.0461067
2294435693000, -1.0894781, -0.12644911, 1.0458013
2294440664000, -1.056186, -0.14905111, 1.044885
2294445662000, -1.0183123, -0.16798794, 1.0430524
2294450777000, -0.9682214, -0.20708331, 1.0619892
2294455674000, -0.9502009, -0.24770586, 1.0812315
2294460697000, -0.93187493, -0.26236662, 1.1282681
2294465687000, -0.9059132, -0.29443705, 1.1722504
2294470710000, -0.86132, -0.3191771, 1.2119566
2294475645000, -0.83199847, -0.35430184, 1.2458596
2294480688000, -0.8038987, -0.3631594, 1.2809844
2294485736000, -0.7770206, -0.36285394, 1.3316863
2294490728000, -0.73975784, -0.3866777, 1.3775011
2294495701000, -0.70554936, -0.3726278, 1.4367551
2294500861000, -0.64476824, -0.39003745, 1.502423
2294505782000, -0.5885687, -0.3912592, 1.5393804
2294510788000, -0.5564982, -0.40530908, 1.5851953
2294516122000, -0.49846604, -0.43218717, 1.6493362
2294520780000, -0.44135013, -0.4297437, 1.7272215
2294525804000, -0.36102137, -0.45081854, 1.7715092
2294530741000, -0.29229903, -0.40378192, 1.8521434
2294535846000, -0.22510384, -0.30451632, 1.9556851
2294540819000, -0.1255328, -0.3109304, 1.9843957
2294545719000, -0.063224554, -0.344528, 2.0066924
2294550725000, -0.013439035, -0.32253686, 2.043955
2294555761000, 0.051923547, -0.2843578, 2.062892
2294560740000, 0.13255776, -0.2828306, 2.0842721
2294565748000, 0.19242255, -0.34147367, 2.0845776
2294570721000, 0.25778514, -0.398895, 2.0793853
2294575755000, 0.31520647, -0.41263947, 2.0967948
2294580732000, 0.3539964, -0.47250426, 2.0781636
2294585839000, 0.41508293, -0.48502702, 2.0717494
2294590848000, 0.43310347, -0.4636467, 2.0561724
2294595750000, 0.44776422, -0.4538729, 2.0552561
2294600727000, 0.46395215, -0.43676865, 2.0463986
2294605755000, 0.4633413, -0.43676865, 2.0286834
2294610743000, 0.464563, -0.39858958, 1.9737056
2294615739000, 0.41233405, -0.344528, 1.919644
2294620752000, 0.32711834, -0.32345316, 1.8897116
2294626455000, 0.19608775, -0.30207285, 1.829236
2294630743000, 0.08979719, -0.19761491, 1.7589865
2294635814000, 0.0421497, -0.118507855, 1.7180585
2294640758000, -0.009162978, -0.016798794, 1.7122552
2294645744000, -0.014660766, -0.011301007, 1.7168368
2294650714000, -0.014660766, 0.019242255, 1.7131716
2294655749000, -0.01985312, 0.058643065, 1.724778
2294660801000, -0.014049901, 0.112399206, 1.7513506
2294665735000, 0.013133603, 0.17440203, 1.7153096
2294670752000, 0.057726767, 0.27000242, 1.6969837
2294675748000, 0.089491755, 0.36865717, 1.6691893
2294680726000, 0.092240654, 0.39461896, 1.6618589
2294685726000, 0.09193522, 0.40775254, 1.6676621
2294690738000, 0.07971791, 0.36163223, 1.6401732
2294696262000, 0.043676864, 0.37995818, 1.625207
2294700748000, 0.03481932, 0.3848451, 1.6270396
2294705750000, 0.018325957, 0.34605515, 1.613906
2294710744000, -0.0143553335, 0.31123585, 1.5723672
2294715727000, -0.060170226, 0.30543262, 1.5372424
2294720753000, -0.12003502, 0.35613444, 1.5125023
2294725694000, -0.14569137, 0.4120286, 1.4523321
2294730728000, -0.17745635, 0.46517387, 1.409877
2294735744000, -0.1881465, 0.52748215, 1.3771957
2294740758000, -0.21288654, 0.57543504, 1.348485
2294745750000, -0.20677789, 0.5897904, 1.3179418
2294750736000, -0.20525073, 0.59406644, 1.3228287
2294755774000, -0.19914207, 0.5708536, 1.3261884
2294760743000, -0.19639318, 0.5012149, 1.2938126
2294766054000, -0.2125811, 0.42485678, 1.2669345
2294770751000, -0.2321288, 0.3378085, 1.2687671
2294775703000, -0.22724187, 0.29932398, 1.2629639
2294780731000, -0.20799962, 0.27550024, 1.2275337
2294785805000, -0.20280726, 0.2666427, 1.1612549
2294790728000, -0.19303341, 0.25900686, 1.1279627
2294795747000, -0.20341812, 0.21991149, 1.1151345
2294800717000, -0.19181168, 0.183565, 1.0735956
2294805753000, -0.1826487, 0.160963, 1.0036516
2294810736000, -0.19639318, 0.14172074, 0.926988
2294815736000, -0.23151793, 0.14538592, 0.88117313
2294820751000, -0.25992316, 0.0842994, 0.8155051
2294825744000, -0.26450464, 0.06627888, 0.7049385
2294830737000, -0.28802297, 0.040011674, 0.6114761
2294835751000, -0.31764993, 0.057421334, 0.56382865
2294840759000, -0.35246924, -0.027488936, 0.48808134
2294845747000, -0.37201694, -0.020463986, 0.4025602
2294850716000, -0.40622538, 0.019547688, 0.34483343
2294855748000, -0.45204028, -0.033292156, 0.29901853
2294860745000, -0.46486846, 0.035430185, 0.24984388
2294865732000, -0.48624873, -0.014660766, 0.17837265
2294870747000, -0.46578476, -0.0106901415, 0.09621128
2294875742000, -0.47311515, -0.042760566, 0.004276057
2294880750000, -0.4266894, -0.08582657, -0.11178834
2294885764000, -0.4175264, -0.14019357, -0.20555615
2294890702000, -0.38973203, -0.14172074, -0.3005457
2294895718000, -0.3839288, -0.226631, -0.3408628
2294900729000, -0.33108896, -0.19028452, -0.4129449
2294905742000, -0.3222314, -0.301462, -0.528093
2294910702000, -0.28924468, -0.31978795, -0.61391956
2294916332000, -0.27030787, -0.3998113, -0.6963864
2294920729000, -0.22632557, -0.41447207, -0.75533485
2294925726000, -0.20005837, -0.5204572, -0.81336707
2294930724000, -0.12461651, -0.51923543, -0.850019
2294935745000, -0.06994407, -0.64812803, -0.9083566
2294940742000, 0.020158553, -0.7440339, -0.93951076
2294945771000, 0.13805555, -0.7452556, -0.9615019
2294951259000, 0.21838433, -0.84482664, -1.0146471
2294955755000, 0.32742378, -0.8903361, -1.0189233
2294960743000, 0.44104472, -0.9804387, -0.9963212
2294965730000, 0.5403103, -1.0928379, -0.97097033
2294970736000, 0.6533204, -1.146594, -0.9810496
2294975748000, 0.7678576, -1.1502593, -0.9947941
2294980730000, 0.8206975, -1.2476922, -0.9877691
2294985880000, 0.8927795, -1.3307699, -0.97249746
2294990794000, 0.98868537, -1.351234, -0.95325524
2294995747000, 1.0247264, -1.3384057, -0.95081174
2295000724000, 1.1246029, -1.3762794, -0.93431836
2295005752000, 1.1976013, -1.4465289, -0.9053023
2295010690000, 1.271516, -1.529912, -0.8707884
2295015737000, 1.3646729, -1.5842791, -0.8240572
2295021311000, 1.4450017, -1.5885551, -0.8011498
2295025749000, 1.5005904, -1.5567901, -0.7858781
2295030734000, 1.5509869, -1.5201381, -0.7834347
2295035755000, 1.5735888, -1.462106, -0.754724
2295040803000, 1.5683966, -1.3680327, -0.6948592
2295045749000, 1.5723672, -1.3011429, -0.6637051
2295050747000, 1.568091, -1.1927143, -0.61911196
2295055750000, 1.5439619, -1.0085385, -0.50640726
2295060744000, 1.5293012, -0.82833326, -0.45814893
2295065715000, 1.5222762, -0.6713409, -0.4184427
2295070755000, 1.5066991, -0.5476407, -0.37812558
2295075743000, 1.475545, -0.4175264, -0.37965274
2295080729000, 1.4706581, -0.38728857, -0.36102137
2295085741000, 1.4364496, -0.3811799, -0.42546764
2295091062000, 1.3900238, -0.33292156, -0.47250426
2295095726000, 1.3096951, -0.2669481, -0.5119051
2295100743000, 1.2647965, -0.2134974, -0.5207626
2295105711000, 1.1667526, -0.16829337, -0.5580254
2295110744000, 1.0748174, -0.054367006, -0.63255095
2295115699000, 0.9972375, 0.023518313, -0.65270954
2295120782000, 0.91813046, 0.0729984, -0.6844745
2295125704000, 0.8142834, 0.14569137, -0.766025
2295130737000, 0.7174612, 0.18784106, -0.81031275
2295135780000, 0.63346726, 0.23793201, -0.8604037
2295140837000, 0.5674938, 0.2452624, -0.8888089
2295145675000, 0.5027421, 0.22266038, -0.9242391
2295150763000, 0.4550946, 0.2134974, -0.9624182
2295155769000, 0.42180246, 0.18967366, -0.9773844
2295160753000, 0.37782016, 0.16249016, -0.98349303
2295165724000, 0.32803464, 0.19425514, -0.9825767
2295170728000, 0.25870144, 0.24373524, -0.96852684
2295175744000, 0.19425514, 0.26908615, -0.9569204
2295180727000, 0.1142318, 0.32803464, -0.9627236
2295185806000, 0.049785517, 0.34880406, -0.95172805
2295190836000, -0.01740966, 0.36285394, -0.93859446
2295195744000, -0.049480084, 0.4034765, -0.9401216
2295200728000, -0.118202426, 0.46120325, -0.9211848
2295205752000, -0.16920967, 0.52931476, -0.8949176
2295210748000, -0.19547687, 0.5271767, -0.87781334
2295215718000, -0.20799962, 0.46578476, -0.8622363
2295220726000, -0.21655174, 0.3979787, -0.8445212
2295225766000, -0.19761491, 0.35094208, -0.80909103
2295231815000, -0.20280726, 0.3173445, -0.7837401
2295235746000, -0.18509217, 0.30970868, -0.7602218
2295240795000, -0.16829337, 0.3023783, -0.7470882
2295245741000, -0.17379116, 0.28588495, -0.74006325
2295250746000, -0.18387043, 0.28344148, -0.7415904
2295255747000, -0.19242255, 0.27916542, -0.7486154
2295260748000, -0.20952678, 0.26816985, -0.75900006
2295265713000, -0.2312125, 0.24281894, -0.7855727
2295270751000, -0.24098633, 0.21868975, -0.8323039
2295276281000, -0.2434298, 0.2003638, -0.86284715
2295280743000, -0.24953845, 0.19028452, -0.9068295
2295285749000, -0.26053402, 0.13194689, -0.9230174
2295290789000, -0.267559, 0.07513642, -0.95325524
2295295677000, -0.29229903, -0.02107485, -0.9401216
2295300743000, -0.2874121, -0.11636983, -0.93554014
2295305683000, -0.2706133, -0.1908954, -0.91813046
2295310777000, -0.2611449, -0.23579398, -0.9092729
2295315735000, -0.25411993, -0.28496864, -0.8863655
2295320715000, -0.22235495, -0.35216382, -0.8582657
2295325744000, -0.17837265, -0.40530908, -0.82619524
2295330739000, -0.13255776, -0.44715336, -0.786489
2295335993000, -0.07513642, -0.47739118, -0.7309003
2295340710000, -0.005497787, -0.5299256, -0.68111473
2295346300000, 0.05955936, -0.5842926, -0.62949663
2295350784000, 0.11881329, -0.59406644, -0.5739079
2295355770000, 0.15241088, -0.5891795, -0.51923543
2295360777000, 0.16890424, -0.6209445, -0.4596761
2295365755000, 0.18081611, -0.6429357, -0.41355577
2295370762000, 0.15699236, -0.68477994, -0.3680463
2295375777000, 0.13103059, -0.6930266, -0.34208453
2295380777000, 0.09407325, -0.7058548, -0.31337386
2295385875000, 0.09987647, -0.6994407, -0.29565877
2295390770000, 0.12003502, -0.6603453, -0.25503623
2295395764000, 0.16707164, -0.6383542, -0.23609942
2295400759000, 0.2284636, -0.6389651, -0.22540927
2295405806000, 0.28802297, -0.66859204, -0.1908954
2295410773000, 0.33567044, -0.6795876, -0.1863139
2295415690000, 0.3662137, -0.7333437, -0.16584991
2295420707000, 0.38912117, -0.7626653, -0.15668693
2295425757000, 0.364992, -0.8023715, -0.160963
2295430706000, 0.31978795, -0.78801614, -0.15699236
2295435780000, 0.28344148, -0.7128797, -0.12370021
2295440745000, 0.25686884, -0.66889745, -0.113926366
2295445786000, 0.24556783, -0.6426302, -0.09101892
2295450806000, 0.26419923, -0.59742624, -0.077579886
2295455803000, 0.2751948, -0.52381694, -0.071776666
2295460686000, 0.27977628, -0.46822822, -0.056505036
2295465722000, 0.28344148, -0.47586402, -0.051618114
2295470714000, 0.28344148, -0.45478916, -0.044898596
2295475745000, 0.2666427, -0.4334089, -0.04886922
2295480740000, 0.25900686, -0.4034765, -0.049785517
2295485844000, 0.2556471, -0.37812558, -0.036957346
2295490716000, 0.26236662, -0.37904188, -0.021380283
2295495746000, 0.27550024, -0.37140608, -0.007941248
2295500766000, 0.29718593, -0.33444872, 0.005192355
2295505751000, 0.32253686, -0.28527406, 0.018936822
2295510745000, 0.33353242, -0.26175576, 0.025961773
2295515723000, 0.34574974, -0.23823744, 0.03359759
2295520751000, 0.36010507, -0.20677789, 0.0290161
2295525743000, 0.37965274, -0.16493362, 0.036651913
2295530724000, 0.39095375, -0.106595986, 0.044593163
2295535833000, 0.40103304, -0.08246681, 0.052839845
2295540785000, 0.4092797, -0.054367006, 0.06078109
2295545756000, 0.40103304, -0.06261369, 0.07360926
2295550746000, 0.39400807, -0.09896017, 0.070554934
2295555737000, 0.38789943, -0.08552113, 0.06780604
2295560741000, 0.36132678, -0.062002823, 0.06383542
2295565872000, 0.3454443, -0.07666359, 0.07422013
2295570754000, 0.32711834, -0.10323623, 0.07849618
2295575677000, 0.28771752, -0.116675265, 0.08460484
2295580726000, 0.2666427, -0.15424347, 0.095294975
2295585790000, 0.2098322, -0.16523905, 0.09132435
2295590782000, 0.14538592, -0.1441642, 0.10048734
2295595725000, 0.08002335, -0.12705997, 0.122478485
2295601384000, 0.023823744, -0.06963864, 0.13652839
2295605848000, -0.02565634, -0.032986723, 0.1600467
2295610745000, -0.049785517, -0.016798794, 0.17165314
2295615738000, -0.077579886, -0.016187929, 0.16340645
2295620726000, -0.109650314, -0.03848451, 0.14752395
2295625682000, -0.13561209, -0.07238753, 0.12522738
2295630723000, -0.15974127, -0.13316862, 0.09621128
2295635933000, -0.16615535, -0.18173242, 0.060170226
2295640756000, -0.16279559, -0.1301143, 0.017104227
2295645772000, -0.18020524, -0.07788532, -0.027488936
2295650723000, -0.20861048, -0.048563786, -0.065973446
2295655753000, -0.20799962, -0.043066, -0.08735373
2295660716000, -0.21594086, -0.037873644, -0.121256754
2295665765000, -0.20738874, -0.0571159, -0.14049901
2295671318000, -0.1966986, -0.08002335, -0.15149458
2295675744000, -0.20250183, -0.094989546, -0.16523905
2295680722000, -0.2049453, -0.09712757, -0.17073683
2295685830000, -0.22632557, -0.07147124, -0.17287487
2295690749000, -0.23976462, -0.05375614, -0.183565
2295695758000, -0.25137106, -0.048258353, -0.20372356
2295700734000, -0.23915374, -0.036651913, -0.20066923
2295705752000, -0.226631, -0.048563786, -0.19425514
2295710745000, -0.20280726, -0.056199603, -0.1685988
2295715721000, -0.17501289, -0.047647487, -0.12492194
2295720750000, -0.16401732, -9.162979E-4, -0.13500121
2295725743000, -0.17562376, 0.07452556, -0.13744467
2295730734000, -0.2012801, 0.07086037, -0.11484267
2295735829000, -0.19883664, 0.038179077, -0.09315695
2295741305000, -0.2125811, 0.029932396, -0.07971791
2295745724000, -0.22143865, 0.02443461, -0.065973446
2295750725000, -0.23365596, 0.04337143, -0.051923547
2295755701000, -0.25381452, 0.055588737, -0.046731193
2295760745000, -0.26328292, 0.08399397, -0.037873644
2295765772000, -0.28221974, 0.08002335, -0.028405234
2295770761000, -0.2919936, 0.089186326, -0.020158553
2295775969000, -0.3005457, 0.108123146, -0.019547688
2295780718000, -0.30787608, 0.110872045, -0.01160644
2295785786000, -0.310625, 0.116675265, -0.010995574
2295790827000, -0.32711834, 0.1255328, -0.004581489
2295795763000, -0.34391713, 0.14263703, 9.162979E-4
2295800719000, -0.3652974, 0.15668693, 0.01863139
2295805726000, -0.37690386, 0.15363261, 0.032070424
2295810961000, -0.3866777, 0.12461651, 0.03970624
2295815730000, -0.38881573, 0.09101892, 0.05131268
2295820762000, -0.4071417, 0.02687807, 0.05497787
2295825748000, -0.42485678, -0.062002823, 0.04520403
2295830713000, -0.45662177, -0.15302174, 0.03726278
2295835768000, -0.50671273, -0.18753563, 0.031154128
2295840681000, -0.53786683, -0.14294247, 0.03359759
2295845784000, -0.56382865, -0.07941248, 0.04642576
2295850691000, -0.56779927, 0.0125227375, 0.06414085
2295855756000, -0.54000485, 0.121256754, 0.09621128
2295860693000, -0.50640726, 0.22052236, 0.13072516
2295865722000, -0.49174652, 0.24801129, 0.20952678
2295870779000, -0.43463063, 0.23854288, 0.2565634
2295875743000, -0.4025602, 0.32253686, 0.20861048
2295880718000, -0.4447099, 0.33078352, 0.18051068
2295885840000, -0.46181414, 0.34147367, 0.19150625
2295890745000, -0.46028697, 0.3359759, 0.15974127
2295895748000, -0.4352415, 0.33658674, 0.119729586
2295900749000, -0.4007276, 0.32589662, 0.0842994
2295905753000, -0.38240165, 0.35063666, 0.03756821
2295910742000, -0.3662137, 0.37507126, 9.162979E-4
2295915740000, -0.35705075, 0.4025602, -0.014049901
2295920756000, -0.36377025, 0.42455134, -0.04795292
2295925748000, -0.3481932, 0.43218717, -0.069027774
2295930716000, -0.3381139, 0.41722095, -0.06780604
2295935825000, -0.29840767, 0.37873647, -0.06780604
2295940824000, -0.27000242, 0.31978795, -0.07544186
2295945675000, -0.23976462, 0.29138273, -0.093767814
2295950721000, -0.2171626, 0.29657507, -0.09437868
2295955677000, -0.1881465, 0.28680122, -0.094989546
2295960750000, -0.13927728, 0.2959642, -0.089186326
2295965693000, -0.05955936, 0.29260445, -0.086132
2295970756000, -0.029626964, 0.27672195, -0.08307768
2295975682000, 0.0290161, 0.2489276, -0.08032878
2295980720000, 0.09865474, 0.2098322, -0.074830994
2295985880000, 0.16493362, 0.16615535, -0.076052725
2295990823000, 0.2134974, 0.12583824, -0.07269296
2295996392000, 0.25534168, 0.096516706, -0.07574729
2296000730000, 0.2996294, 0.09773844, -0.07513642
2296005768000, 0.32284227, 0.09560041, -0.07544186
2296010741000, 0.33200526, 0.09743301, -0.07086037
2296015735000, 0.3707952, 0.087964594, -0.06994407
2296020745000, 0.3915646, 0.070554934, -0.05681047
2296025749000, 0.42638394, 0.046120327, -0.04886922
2296031659000, 0.43127087, 0.03145956, -0.030848695
2296035765000, 0.4334089, -3.0543262E-4, -0.018936822
2296040680000, 0.4465425, -0.055588737, 0.054367006
2296045749000, 0.4605924, -0.03390302, 0.10354166
2296050761000, 0.44929138, -0.02687807, 0.057421334
2296055747000, 0.4083634, -0.100792766, 0.06047566
2296060744000, 0.3454443, -0.081855945, 0.08277224
2296066303000, 0.27916542, -0.09407325, 0.10293079
2296070780000, 0.23426682, -0.086132, 0.1142318
2296075747000, 0.20769419, -0.049785517, 0.13316862
2296080727000, 0.1518, -0.08857546, 0.16432275
2296085859000, 0.1020145, -0.12003502, 0.15790866
2296090765000, 0.02321288, -0.183565, 0.13775012
2296095719000, -0.05955936, -0.09407325, 0.12522738
2296100722000, -0.1423316, -0.03176499, 0.109650314
2296105698000, -0.1957823, -0.0070249503, 0.0888809
2296110744000, -0.23518312, 0.016798794, 0.074830994
2296115695000, -0.25320363, 0.014049901, 0.06261369
2296120745000, -0.26939157, -9.162979E-4, 0.043066
2296125683000, -0.2782491, -0.030848695, 0.03481932
2296130739000, -0.28099802, -0.0729984, 0.026267206
2296136216000, -0.2565634, -0.08582657, 0.014966198
2296140793000, -0.2312125, -0.13194689, -0.0036651916
2296145680000, -0.1908954, -0.17440203, -0.024740042
2296150724000, -0.15577064, -0.2003638, -0.034208454
2296155761000, -0.12461651, -0.22143865, -0.049785517
2296160743000, -0.09712757, -0.22296582, -0.07513642
2296165728000, -0.074830994, -0.22418754, -0.086437434
2296170778000, -0.06963864, -0.21013765, -0.07696902
2296175744000, -0.042760566, -0.17959438, -0.10323623
2296180743000, -0.029932396, -0.16615535, -0.122783914
2296185756000, -0.028710667, -0.1572978, -0.14080444
2296190781000, -0.03726278, -0.15821409, -0.15790866
2296195746000, -0.021991149, -0.14935656, -0.16554448
2296200721000, -0.02107485, -0.13622294, -0.17012598
2296205755000, -0.010995574, -0.1337795, -0.17073683
2296210741000, -0.0036651916, -0.12614368, -0.17073683
2296215721000, 0.012217305, -0.13164146, -0.1695151
2296220770000, 0.035124753, -0.13500121, -0.16432275
2296225748000, 0.04153884, -0.15363261, -0.1600467
2296230761000, 0.061086524, -0.1572978, -0.15515977
2296235824000, 0.067500606, -0.16798794, -0.15302174
2296240820000, 0.064446285, -0.17562376, -0.15271631
2296245746000, 0.06291912, -0.1872302, -0.1414153
2296250727000, 0.05497787, -0.18448131, -0.13836098
2296255738000, 0.06627888, -0.17531833, -0.1414153
2296260744000, 0.055283304, -0.17073683, -0.13194689
2296265693000, 0.05955936, -0.15760323, -0.13622294
2296270762000, 0.055283304, -0.13072516, -0.10781772
2296275704000, 0.07147124, -0.13775012, -0.105068825
2296280774000, 0.06841691, -0.12461651, -0.11148291
2296285815000, 0.043982297, -0.11301007, -0.09743301
2296290747000, 0.032375857, -0.110872045, -0.08124508
2296295896000, 0.04184427, -0.09682214, -0.061391957
2296300725000, 0.03359759, -0.095294975, -0.04642576
2296305706000, 0.026267206, -0.099571034, -0.03145956
2296310712000, 0.02321288, -0.092240654, -0.017104227
2296315791000, 0.013133603, -0.10629055, -0.0030543262
2296321265000, -0.004276057, -0.09621128, -0.0027488936
2296325739000, -0.0067195175, -0.08307768, 0.007330383
2296330812000, -0.024129177, -0.065973446, 0.009162978
2296335835000, -0.029932396, -0.040927973, 0.009468411
2296340748000, -0.05009095, -0.02565634, 0.008246681
2296345747000, -0.047036625, -0.01160644, 0.004886922
2296350720000, -0.040927973, 0.013133603, -0.0012217305
2296355871000, -0.047036625, 0.0290161, -0.014660766
2296360743000, -0.043066, 0.033292156, -0.01985312
2296365726000, -0.041233405, 0.046731193, -0.0290161
2296370766000, -0.040011674, 0.057726767, -0.0290161
2296375762000, -0.035430185, 0.067500606, -0.032070424
2296380749000, -0.038179077, 0.09132435, -0.03634648
2296385824000, -0.023518313, 0.11178834, -0.03481932
2296391392000, -0.0015271631, 0.1160644, -0.029321533
2296395746000, 0.0021380284, 0.12308934, -0.034513887
2296400730000, 3.0543262E-4, 0.12492194, -0.028710667
2296405748000, 0.006414085, 0.129198, -0.030848695
2296410746000, 0.009162978, 0.13530666, -0.008246681
2296415743000, 0.032986723, 0.113926366, 6.1086525E-4
2296420771000, 0.030848695, 0.08002335, -0.027794369
2296425681000, 0.017104227, 0.09712757, -0.037873644
2296430780000, 0.004276057, 0.10140363, -0.042760566
2296435797000, 6.1086525E-4, 0.09407325, -0.041233405
2296440850000, 0.002443461, 0.06536258, -0.047036625
2296445784000, 0.009468411, 0.047647487, -0.02321288
2296450715000, 0.008246681, 0.06872234, -0.03145956
2296455742000, 0.0106901415, 0.06536258, -0.025350908
2296460741000, 0.008552114, 0.048258353, -0.021380283
2296465724000, 0.0125227375, 0.05222898, -6.1086525E-4
2296470772000, 0.022602014, 0.04917465, 0.01740966
2296475745000, 0.036957346, 0.008246681, 0.014660766
2296480792000, 0.05375614, 0.04917465, 0.020463986
2296485794000, 0.036957346, 0.07941248, 0.025045475
2296490759000, 0.043676864, 0.077579886, 0.024129177
2296495749000, 0.04795292, 0.0720821, 0.028710667
2296500725000, 0.058643065, 0.04153884, 0.02321288
2296505752000, 0.056505036, 0.016798794, 0.02565634
2296510744000, 0.062308256, 0.059253927, 0.011301007
2296515724000, 0.043066, 0.032070424, 0.008857546
2296520702000, 0.052534413, 0.0290161, 0.01160644
2296525747000, 0.053145275, 0.025961773, 0.0125227375
2296530742000, 0.05589417, 0.017715093, -9.162979E-4
2296535848000, 0.057421334, 0.012217305, 0.0076358155
2296540722000, 0.054061573, 0.0143553335, 0.0027488936
2296545746000, 0.04734206, 0.0012217305, -0.0015271631
2296550695000, 0.058948494, 0.0021380284, -0.0070249503
2296555752000, 0.053450707, -0.05589417, -0.0033597588
2296560677000, 0.055588737, -0.02076942, -0.002443461
2296565722000, 0.048563786, 0.024129177, -0.005497787
2296570762000, 0.044593163, 0.032070424, -0.009162978
2296575745000, 0.04153884, 0.01740966, -0.0143553335
2296580715000, 0.036651913, 0.023518313, -0.013133603
2296585763000, 0.042760566, 0.021991149, -0.01740966
2296590678000, 0.025045475, 0.027488936, -0.01740966
2296595745000, 0.014966198, 0.021380283, -0.016493361
2296600703000, 0.004276057, 0.021685716, -0.015882496
2296605751000, 0.0027488936, 0.022296581, -0.016493361
2296610744000, -0.011911872, 0.024129177, -0.018936822
2296615738000, -0.014660766, 0.029932396, -0.018936822
2296620724000, -0.007941248, 0.05100725, -0.01863139
2296625745000, -0.012217305, 0.056199603, -0.028099801
2296630747000, -0.026572637, 0.074830994, -0.034513887
2296635789000, -0.034208454, 0.09407325, -0.03756821
2296640812000, -0.02076942, 0.1133155, -0.045814894
2296645783000, -0.013744468, 0.12736541, -0.04428773
2296650726000, -0.021380283, 0.121256754, -0.04337143
2296655748000, -0.003970624, 0.12614368, -0.048258353
2296660743000, 0.0036651916, 0.12950343, -0.035124753
2296665724000, -6.1086525E-4, 0.10567969, -0.03268129
2296670755000, 0.0106901415, 0.08002335, -0.025961773
2296675757000, 0.007941248, 0.06414085, -0.024129177
2296680739000, -0.0012217305, 0.04184427, -0.018936822
2296685785000, -0.0143553335, 0.019242255, -0.016798794
2296690831000, -0.013133603, 0.0015271631, -0.014966198
2296695696000, -0.031154128, -0.003970624, -0.0061086523
2296700726000, -0.04795292, -0.006414085, -0.0061086523
2296705683000, -0.043982297, -0.011301007, -0.0030543262
2296710746000, -0.055588737, -0.01160644, -0.009162978
2296715700000, -0.052839845, -0.02321288, -0.01282817
2296720802000, -0.046120327, -0.038179077, -0.009162978
2296725684000, -0.0421497, -0.03940081, -0.016187929
2296730748000, -0.02443461, -0.034208454, -0.015271631
2296735815000, -0.025961773, -0.025961773, -0.025350908
2296740769000, -0.021380283, -0.031154128, -0.029626964
2296745733000, -0.0015271631, -0.028710667, -0.0421497
2296750721000, -0.00580322, -0.030543262, -0.044898596
2296755804000, -0.002443461, -0.03940081, -0.036651913
2296760713000, 0.0012217305, -0.035124753, -0.035430185
2296765702000, 3.0543262E-4, -0.04550946, -0.03176499
2296770758000, 0.0033597588, -0.03970624, -0.032070424
2296775691000, -0.020463986, -0.041233405, -0.04184427
2296780741000, -0.009162978, -0.030848695, -0.036957346
2296785822000, -0.02321288, -0.03481932, -0.038789943
2296790798000, -0.024740042, -0.028099801, -0.030543262
2296795732000, -0.021991149, -0.026267206, -0.036957346
2296800719000, -0.02443461, -0.03481932, -0.036651913
2296805762000, -0.022296581, -0.03359759, -0.036957346
2296810742000, -0.022296581, -0.041233405, -0.02565634
2296815724000, -0.03176499, -0.032070424, -0.029932396
2296820853000, -0.019547688, -0.020463986, -0.027183503
2296825746000, -0.020158553, -0.017715093, -0.023823744
2296830733000, -0.011911872, -0.0143553335, -0.022907447
2296835830000, -0.015271631, -0.0106901415, -0.022907447
2296840678000, -0.026572637, 0.005192355, -0.01985312
2296845779000, -0.022602014, 0.009162978, -0.011911872
2296850698000, -0.01160644, 0.0076358155, -0.0143553335
2296855750000, -0.014966198, 0.012217305, -0.01863139
2296860713000, -0.01160644, 0.018020526, -0.01160644
2296865732000, -0.017715093, 0.025350908, -0.012217305
2296870723000, -0.022296581, 0.03023783, -0.011911872
2296875745000, -0.027794369, 0.03176499, -0.0106901415
2296880748000, -0.03970624, 0.03176499, -0.015577064
2296885807000, -0.038179077, 0.038789943, -0.013744468
2296890820000, -0.035430185, 0.05100725, -0.011301007
2296895747000, -0.036957346, 0.046731193, -0.013439035
2296900730000, -0.042455133, 0.04734206, -0.0143553335
2296905748000, -0.0421497, 0.043676864, -0.017104227
2296910743000, -0.038179077, 0.050396383, -0.018936822
2296915724000, -0.03756821, 0.04917465, -0.015271631
2296920765000, -0.031154128, 0.057421334, -0.017715093
2296925744000, -0.018020526, 0.055283304, -0.011301007
2296930749000, -0.018936822, 0.06963864, -0.011911872
2296935848000, -0.014966198, 0.08368854, -0.014966198
2296940760000, -0.0033597588, 0.08460484, -0.009773844
2296945746000, -0.008246681, 0.08124508, -0.010995574
2296950726000, -6.1086525E-4, 0.098043874, -0.011301007
2296955742000, -6.1086525E-4, 0.08857546, -0.007330383
2296960744000, 0.0027488936, 0.08307768, -0.00580322
2296965720000, 0.005192355, 0.07360926, 0.0015271631
2296970731000, 9.162979E-4, 0.05222898, 0.0033597588
2296975678000, -0.0027488936, 0.04550946, 0.0067195175
2296980727000, -0.006414085, 0.03726278, -3.0543262E-4
2296985706000, -0.008246681, 0.035430185, -0.0036651916
2296990791000, -0.013133603, 0.022907447, 0.0033597588
2296995676000, -0.015882496, 0.016187929, 0.004581489
2297000723000, -0.011911872, 0.01863139, 0.0070249503
2297005688000, -0.010995574, 0.010995574, 0.0018325958
2297010744000, -0.005497787, 0.0030543262, 0.006414085
2297015714000, -0.0106901415, -0.0033597588, 0.011301007
2297020724000, -0.009162978, -0.009162978, 0.014660766
2297025743000, 0.002443461, -0.01282817, 0.007330383
2297030739000, 0.005192355, -0.0033597588, 0.0018325958
2297035864000, -6.1086525E-4, -0.014966198, 0.007941248
2297040775000, -0.0030543262, -0.015577064, 0.0061086523
2297045991000, -0.0027488936, -0.020158553, 0.008552114
2297050722000, -0.0061086523, -0.014660766, 0.0027488936
2297056081000, -0.013744468, -0.026267206, 0.008857546
2297060742000, -0.0036651916, -0.035124753, -3.0543262E-4
2297065729000, -0.005192355, -0.03573562, -0.004886922
2297070727000, -0.008552114, -0.033292156, -0.0021380284
2297075701000, -0.016493361, -0.032375857, 0.0030543262
2297080751000, -0.01282817, -0.041233405, 0.004886922
2297085801000, -0.020158553, -0.049785517, 0.004581489
2297090818000, -0.015882496, -0.04795292, -0.0027488936
2297095710000, -0.018325957, -0.051923547, 0.003970624
2297100716000, -0.01863139, -0.052534413, -0.002443461
2297105756000, -0.009468411, -0.050701816, -0.0036651916
2297110740000, -0.012217305, -0.051618114, -0.004581489
2297115721000, -0.003970624, -0.053450707, -0.0061086523
2297120759000, -0.014660766, -0.03726278, -0.013744468
2297125749000, -0.009468411, -0.03390302, -0.005497787
2297130775000, -0.021991149, -0.031154128, -0.01282817
2297135836000, -0.009468411, -0.029321533, -0.014966198
2297140835000, -0.010079277, -0.025045475, -0.019547688
2297145750000, -0.009468411, -0.01985312, -0.0125227375
2297150717000, -0.010995574, -0.015577064, -0.021685716
2297155753000, -0.010079277, -0.018325957, -0.015271631
2297160743000, -0.020158553, -0.015577064, -0.023823744
2297165717000, -0.011301007, -0.021380283, -0.022907447
2297170789000, -0.013744468, -0.022296581, -0.020158553
2297175746000, -0.019242255, -0.016493361, -0.02321288
2297180757000, -0.0106901415, -0.017715093, -0.016493361
2297185811000, -0.012217305, -0.002443461, -0.020158553
2297190786000, -0.0106901415, -0.0036651916, -0.01282817
2297195749000, -0.00580322, -0.005497787, -0.006414085
2297200716000, -0.020463986, -0.007330383, -0.006414085
2297205754000, -0.011911872, -0.011911872, -0.0033597588
2297210748000, -0.013439035, -0.013744468, -0.004581489
2297215721000, -0.00580322, -0.03359759, -0.004886922
2297220738000, 0.004886922, -0.04337143, -0.0021380284
2297225746000, -0.007330383, -0.03604105, -0.013439035
2297230733000, 0.0021380284, -0.044898596, -0.01282817
2297235811000, -0.0030543262, -0.056199603, -0.016798794
2297240802000, 0.007941248, -0.06261369, -0.016187929
2297245787000, 0.012217305, -0.07086037, -0.011301007
2297250727000, 0.010079277, -0.065973446, -0.009162978
2297255746000, 0.01282817, -0.05375614, -0.011911872
2297260744000, 0.010995574, -0.049480084, -0.009773844
2297265737000, 0.014966198, -0.04917465, -0.01282817
2297270775000, 0.022907447, -0.051923547, -0.0106901415
2297275747000, 0.037873644, -0.044593163, -0.014660766
2297280802000, 0.021380283, -0.054061573, -0.0027488936
2297285779000, 0.029321533, -0.06169739, -0.0033597588
2297290824000, 0.035430185, -0.067500606, -0.0012217305
