#Rate of rotation around the x y z axes (Angular velocity).
#timestamp(ns),x,y,z(rad/s)
#Datetime: 29/04/2015 14:19:33
##########################################
#Activity: 8 - CSI - Car-Step in - 6s
#Subject ID: 46
#First Name: sub46
#Last Name: sub46
#Age: 23
#Height(cm): 175
#Weight(kg): 68
#Gender: Female
##########################################

@DATA
614126207000, -0.026572637, 0.006414085, 0.0070249503
614131877000, -0.03481932, -0.0021380284, 0.013744468
614136198000, -0.029932396, 0.0027488936, 0.012217305
614141202000, -0.023518313, -0.004886922, 0.013439035
614146208000, -0.03604105, 6.1086525E-4, 0.0106901415
614151243000, -0.04153884, -0.0012217305, 0.008857546
614156205000, -0.029932396, -0.00580322, 0.0125227375
614161210000, -0.03573562, -0.0027488936, 0.014966198
614166380000, -0.03634648, -0.005497787, 0.013439035
614171211000, -0.03481932, -0.008857546, 0.012217305
614176200000, -0.028710667, -0.007330383, 0.013744468
614181224000, -0.043066, -0.0076358155, 0.013133603
614186225000, -0.03023783, -0.013439035, 0.0106901415
614191191000, -0.032375857, -0.006414085, 0.010995574
614196198000, -0.03176499, -0.0125227375, 0.011911872
614201459000, -0.03481932, -0.0125227375, 0.00580322
614206182000, -0.018325957, -0.01160644, 0.01282817
614211156000, -0.032986723, -0.013133603, 0.01282817
614216160000, -0.029626964, -0.009773844, 0.0076358155
614222660000, -0.02321288, -0.009773844, 0.0070249503
614226174000, -0.027183503, -0.0033597588, 0.003970624
614231160000, -0.028710667, -0.009773844, 0.0018325958
614236175000, -0.03176499, -3.0543262E-4, 0.009773844
614241165000, -0.02687807, -0.004581489, 0.004276057
614246154000, -0.03268129, 0.008552114, 0.003970624
614251252000, -0.032375857, 0.0021380284, 0.004276057
614256196000, -0.020463986, 0.0030543262, 0.0070249503
614261171000, -0.02687807, 0.0036651916, 0.0036651916
614266157000, -0.027183503, 0.0061086523, 0.009162978
614271212000, -0.032986723, 0.01282817, 0.009773844
614276167000, -0.03145956, 0.016493361, 0.0076358155
614281151000, -0.03176499, 0.015577064, 0.01038471
614286172000, -0.043066, 0.0067195175, 0.013744468
614291166000, -0.036651913, 0.010995574, 0.007330383
614296172000, -0.036957346, 0.02076942, 0.008552114
614301226000, -0.03634648, 0.012217305, 0.0070249503
614306221000, -0.042455133, 0.0070249503, 0.0030543262
614311168000, -0.032986723, 0.0030543262, 0.009773844
614316162000, -0.03145956, 0.0027488936, 0.009468411
614321176000, -0.03604105, 0.0027488936, 0.0125227375
614326166000, -0.03390302, 0.0018325958, 0.01282817
614331149000, -0.03940081, -0.009773844, 0.0143553335
614336173000, -0.044898596, -0.00580322, 0.015577064
614341150000, -0.032375857, -0.0076358155, 0.013133603
614346173000, -0.0290161, -0.01038471, 0.010079277
614351273000, -0.034208454, -0.010995574, 0.0143553335
614356200000, -0.031154128, -0.014966198, 0.014966198
614361171000, -0.03023783, -0.0070249503, 0.01038471
614366179000, -0.038179077, -0.0033597588, 0.007330383
614371176000, -0.027794369, -0.0027488936, 0.016798794
614376165000, -0.016798794, -0.009468411, 0.009773844
614381150000, -0.025045475, -0.01282817, 0.0070249503
614386757000, -0.02565634, -0.0030543262, 0.008246681
614391173000, -0.027794369, -0.0036651916, 0.0070249503
614396168000, -0.03268129, 0.00580322, 0.01160644
614401180000, -0.029321533, 0.007330383, 0.010079277
614406178000, -0.032375857, 0.013744468, 0.011301007
614411141000, -0.029626964, 0.013133603, 0.010079277
614416166000, -0.029626964, 0.0106901415, 0.011301007
614422702000, -0.032986723, 0.030543262, 0.007941248
614426163000, -0.043982297, 0.03940081, 0.0143553335
614431150000, -0.03481932, 0.03634648, 0.004581489
614436180000, -0.033292156, 0.035430185, 0.010995574
614441171000, -0.03726278, 0.03970624, 0.014660766
614446170000, -0.02687807, 0.04642576, 0.009468411
614451261000, -0.029626964, 0.055588737, 0.010079277
614456983000, -0.025961773, 0.07147124, 0.013744468
614461216000, -0.03390302, 0.06536258, 0.016798794
614466178000, -0.02565634, 0.05681047, 0.018020526
614471179000, -0.019547688, 0.058337633, 0.008552114
614476165000, -0.020158553, 0.055588737, 0.0018325958
614481157000, -0.02076942, 0.06994407, 0.03176499
614486208000, -0.004886922, 0.05467244, 0.03176499
614491168000, 0.0030543262, 0.043982297, 0.03023783
614496192000, 0.010995574, 0.04184427, 0.028710667
614501271000, 0.01160644, 0.046120327, 0.02107485
614506289000, 0.023518313, 0.03176499, -0.011301007
614511168000, 0.0125227375, 0.029626964, 0.002443461
614516165000, 0.0125227375, 0.03481932, -0.0106901415
614521169000, 0.027794369, 0.028099801, -0.00580322
614526560000, 0.03848451, 0.018325957, -0.00580322
614531154000, 0.038179077, 0.0143553335, -0.0143553335
614536172000, 0.048258353, 0.008246681, -0.046120327
614541166000, 0.06291912, 0.023823744, -0.034513887
614546159000, 0.06658431, 0.022296581, -0.03970624
614551177000, 0.0842994, 0.02443461, -0.038789943
614556180000, 0.08552113, 0.009468411, -0.05131268
614561167000, 0.118507855, 0.015271631, -0.053450707
614566186000, 0.13255776, 0.01038471, -0.059253927
614571174000, 0.15760323, 0.014660766, -0.058337633
614576172000, 0.17134771, 0.018325957, -0.0720821
614581153000, 0.19211712, 0.03359759, -0.07452556
614586176000, 0.19456059, 0.048258353, -0.07422013
614591167000, 0.19914207, 0.056505036, -0.0852157
614596371000, 0.2134974, 0.03970624, -0.10170906
614601170000, 0.21746802, 0.039095376, -0.11575896
614606185000, 0.22510384, 0.03573562, -0.12339478
614611169000, 0.22449298, 0.03359759, -0.14110987
614616177000, 0.23640485, 0.027794369, -0.15363261
614622754000, 0.24587326, 0.03268129, -0.16890424
614626219000, 0.24801129, 0.032986723, -0.17195857
614631195000, 0.24648413, 0.053450707, -0.18020524
614636212000, 0.24098633, 0.08460484, -0.18875736
614641208000, 0.2510656, 0.10170906, -0.19517145
614646163000, 0.2556471, 0.13408493, -0.20280726
614651177000, 0.24129178, 0.19792034, -0.16982053
614656194000, 0.21380283, 0.22052236, -0.16707164
614661170000, 0.19364429, 0.22815818, -0.172264
614666179000, 0.17256944, 0.20311269, -0.19456059
614671183000, 0.13958271, 0.21166481, -0.1731803
614676167000, 0.108123146, 0.20097467, -0.17134771
614681143000, 0.057726767, 0.19394971, -0.16279559
614686178000, 0.0125227375, 0.18234327, -0.14813483
614691169000, -0.04550946, 0.19700404, -0.122783914
614696162000, -0.08552113, 0.18967366, -0.09773844
614701244000, -0.112399206, 0.19364429, -0.07971791
614706226000, -0.1301143, 0.23793201, -0.040011674
614711917000, -0.15668693, 0.26511553, -0.008857546
614716163000, -0.15424347, 0.28985557, 0.016798794
614721173000, -0.14752395, 0.3304781, 0.051923547
614726165000, -0.14049901, 0.34147367, 0.071776666
614731141000, -0.1337795, 0.3436117, 0.093767814
614736179000, -0.113926366, 0.3436117, 0.10934488
614741164000, -0.093462385, 0.31215215, 0.122478485
614746154000, -0.065973446, 0.30787608, 0.12492194
614751199000, -0.07696902, 0.27488935, 0.1160644
614756231000, -0.09193522, 0.22327125, 0.10048734
614761176000, -0.083383106, 0.17501289, 0.090713486
614766194000, -0.09285152, 0.14019357, 0.08002335
614771175000, -0.10415252, 0.11453723, 0.06291912
614776167000, -0.1337795, 0.09896017, 0.04337143
614782009000, -0.15454891, 0.07238753, 0.036651913
614786142000, -0.18234327, 0.099265605, 0.022602014
614791172000, -0.21991149, 0.110872045, 0.012217305
614796151000, -0.23884831, 0.11575896, 0.0070249503
614801208000, -0.25442538, 0.12461651, 0.0036651916
614806146000, -0.28344148, 0.14202617, -0.0036651916
614811167000, -0.30543262, 0.15149458, 3.0543262E-4
614816183000, -0.3100141, 0.15271631, 0.0018325958
614822648000, -0.32467487, 0.13652839, 0.016187929
614826169000, -0.30695978, 0.13225232, 0.026572637
614831148000, -0.29077184, 0.11148291, 0.050396383
614836177000, -0.26419923, 0.094989546, 0.07422013
614841166000, -0.23671028, 0.07971791, 0.09682214
614846175000, -0.20341812, 0.052534413, 0.118507855
614851961000, -0.16035213, 0.0143553335, 0.14049901
614856131000, -0.1337795, -0.026572637, 0.15943582
614861124000, -0.110872045, -0.048258353, 0.17623462
614866141000, -0.08246681, -0.071776666, 0.18661933
614871131000, -0.06872234, -0.08827003, 0.19150625
614876138000, -0.061391957, -0.09010262, 0.20525073
614881131000, -0.06047566, -0.12705997, 0.21319197
614886134000, -0.04795292, -0.16279559, 0.21960606
614891127000, -0.058643065, -0.15515977, 0.22388211
614896149000, -0.06352998, -0.14019357, 0.21777347
614901257000, -0.076052725, -0.14508049, 0.20586158
614906082000, -0.10354166, -0.14905111, 0.19730948
614911092000, -0.12003502, -0.18020524, 0.15974127
614916103000, -0.11728613, -0.16249016, 0.16310102
614921063000, -0.11148291, -0.10903945, 0.14049901
614926089000, -0.112704635, -0.08307768, 0.124311075
614931071000, -0.116675265, -0.065973446, 0.11178834
614936091000, -0.0983493, -0.048258353, 0.094989546
614941086000, -0.09621128, -0.043982297, 0.08979719
614946084000, -0.074830994, -0.020463986, 0.082161374
614951228000, -0.049785517, -0.00580322, 0.07513642
614956179000, -0.03390302, -6.1086525E-4, 0.06291912
614961163000, -0.004276057, 0.02107485, 0.06047566
614966173000, 0.017104227, 0.03848451, 0.058948494
614971175000, 0.057421334, 0.06414085, 0.06078109
614976167000, 0.093767814, 0.092240654, 0.055588737
614981143000, 0.1386664, 0.12767084, 0.064446285
614986178000, 0.17715092, 0.16401732, 0.061086524
614991197000, 0.21655174, 0.17745635, 0.051923547
614996154000, 0.24953845, 0.1432479, 0.040317107
615001169000, 0.27550024, 0.17562376, 0.042455133
615006181000, 0.3136793, 0.23884831, 0.02443461
615011170000, 0.32986724, 0.26450464, 0.020158553
615016186000, 0.3484986, 0.28527406, 0.013439035
615022655000, 0.3943135, 0.3277292, -0.004886922
615026165000, 0.4288274, 0.35888332, -0.010079277
615031149000, 0.43310347, 0.4147775, -0.022296581
615036899000, 0.4437936, 0.4529566, -0.04062254
615041166000, 0.47708577, 0.46670106, -0.052534413
615046144000, 0.5015204, 0.5170974, -0.0729984
615051179000, 0.50579643, 0.56199604, -0.096516706
615056148000, 0.5128214, 0.5726862, -0.10751228
615061181000, 0.548557, 0.6075055, -0.12675454
615066176000, 0.57787853, 0.6264423, -0.1414153
615071176000, 0.61544675, 0.636827, -0.16798794
615076170000, 0.63041294, 0.6435465, -0.19181168
615081152000, 0.63713247, 0.63499445, -0.22357668
615086189000, 0.657291, 0.61422503, -0.27122417
615091169000, 0.68325275, 0.6053675, -0.30573806
615096154000, 0.68111473, 0.5696318, -0.32345316
615101244000, 0.68936145, 0.5290093, -0.36377025
615106272000, 0.68294734, 0.48563787, -0.41538838
615111174000, 0.6951646, 0.43768495, -0.4352415
615116154000, 0.70524395, 0.41691554, -0.4550946
615121173000, 0.72295904, 0.43585235, -0.43676865
615126167000, 0.7098254, 0.4465425, -0.43035457
615131140000, 0.7296785, 0.44073927, -0.4260785
615136169000, 0.72021013, 0.43951756, -0.3817908
615141170000, 0.7150178, 0.4822781, -0.32986724
615146153000, 0.70249504, 0.5571091, -0.28405234
615151176000, 0.68844515, 0.61911196, -0.22937989
615156175000, 0.6792821, 0.68783426, -0.19394971
615161176000, 0.66767573, 0.72418076, -0.16982053
615166148000, 0.64904433, 0.73761976, -0.15668693
615171179000, 0.63255095, 0.73548174, -0.16615535
615176445000, 0.6020077, 0.7162395, -0.17623462
615181151000, 0.5671884, 0.6921103, -0.20005837
615186208000, 0.5516113, 0.65118235, -0.21013765
615191204000, 0.55741453, 0.61758476, -0.21013765
615196199000, 0.5751296, 0.48991394, -0.19853121
615201240000, 0.6301075, 0.4361578, -0.22052236
615206289000, 0.64660084, 0.39064834, -0.24953845
615211220000, 0.625526, 0.33658674, -0.2950479
615216172000, 0.5882632, 0.29993483, -0.34330627
615222856000, 0.5500842, 0.31215215, -0.40866885
615226170000, 0.44593164, 0.3555236, -0.44135013
615231161000, 0.39553526, 0.46639562, -0.5180137
615236176000, 0.2828306, 0.57543504, -0.5693264
615241163000, 0.1731803, 0.66553766, -0.6133087
615246181000, 0.09987647, 0.7312057, -0.63713247
615251186000, 0.06627888, 0.768163, -0.659429
615256160000, 0.057726767, 0.7987063, -0.68508536
615261178000, 0.062002823, 0.8216137, -0.7150178
615266154000, 0.0720821, 0.8179486, -0.74128497
615271156000, 0.09560041, 0.7809912, -0.75716746
615276162000, 0.10170906, 0.7147123, -0.77671516
615281156000, 0.112704635, 0.6597345, -0.7870999
615286181000, 0.10598512, 0.63346726, -0.77946407
615291164000, 0.07391469, 0.58062744, -0.77366084
615296162000, 0.04917465, 0.52564955, -0.7104363
615301236000, -0.0033597588, 0.46089783, -0.61453044
615306243000, -0.09315695, 0.40500367, -0.4908302
615311183000, -0.18173242, 0.3481932, -0.35918877
615316228000, -0.27672195, 0.29657507, -0.20219639
615321180000, -0.3484986, 0.26450464, -0.04917465
615326161000, -0.37598756, 0.25686884, 0.06078109
615331151000, -0.3381139, 0.26236662, 0.15668693
615336181000, -0.28588495, 0.27855456, 0.2321288
615341172000, -0.23609942, 0.38545597, 0.30115658
615346150000, -0.20463985, 0.49938235, 0.33292156
615351182000, -0.16646078, 0.5708536, 0.3707952
615356175000, -0.11942416, 0.61575216, 0.41172317
615362066000, -0.06352998, 0.66156703, 0.44929138
615366171000, -0.015577064, 0.70524395, 0.48349985
615371179000, 0.02687807, 0.74220127, 0.50732356
615376167000, 0.044593163, 0.7556403, 0.52198434
615381158000, 0.02321288, 0.6774496, 0.5186246
615386152000, -0.04153884, 0.6078109, 0.51343226
615391167000, -0.089186326, 0.43066, 0.47311515
615396185000, -0.18112154, 0.27397305, 0.4034765
615401190000, -0.23732115, 0.17898351, 0.3145956
615406192000, -0.28680122, 0.15149458, 0.22907446
615411168000, -0.3735441, 0.14874569, 0.16035213
615416156000, -0.47952923, 0.16310102, 0.105374254
615421140000, -0.5290093, 0.20586158, 0.045814894
615426167000, -0.54702985, 0.24495697, -0.018325957
615431777000, -0.57910025, 0.25809056, -0.06383542
615436145000, -0.6053675, 0.20463985, -0.113926366
615441168000, -0.65179324, 0.11759156, -0.17928895
615446173000, -0.6899723, 0.06352998, -0.23884831
615451282000, -0.7125743, 0.03604105, -0.3295618
615456276000, -0.7156286, -0.044593163, -0.42943826
615461192000, -0.66889745, -0.15515977, -0.5299256
615466161000, -0.59712076, -0.24251351, -0.6114761
615471174000, -0.5039638, -0.28863382, -0.6579019
615476166000, -0.40103304, -0.25442538, -0.66767573
615481153000, -0.2855795, -0.19486602, -0.6386596
615486179000, -0.23518312, -0.042455133, -0.627664
615491160000, -0.14080444, -0.014660766, -0.625526
615496151000, -0.0852157, -0.064751714, -0.6160576
615502044000, -0.05589417, -0.160963, -0.57879484
615506175000, -0.0711658, -0.19761491, -0.573297
615511169000, -0.0870483, -0.24312437, -0.56046885
615516181000, -0.15332718, -0.21685717, -0.54183745
615521138000, -0.23243423, -0.17592919, -0.5296202
615526173000, -0.32467487, -0.17531833, -0.4978552
615531148000, -0.4166101, -0.17837265, -0.47219884
615536182000, -0.49632803, -0.1740966, -0.46822822
615541166000, -0.55771995, -0.18448131, -0.47586402
615546151000, -0.6215554, -0.2519819, -0.4972443
615551189000, -0.63621616, -0.31245756, -0.50640726
615556173000, -0.6243043, -0.4877759, -0.52870387
615561159000, -0.5757405, -0.68111473, -0.5323691
615566210000, -0.52381694, -0.8891144, -0.53969944
615571461000, -0.47036624, -1.0821478, -0.548557
615576168000, -0.40622538, -1.215011, -0.54275376
615581326000, -0.34208453, -1.3014483, -0.5491679
615586276000, -0.26633725, -1.3249667, -0.56169057
615591192000, -0.23884831, -1.3616186, -0.57543504
615596201000, -0.18417588, -1.3570372, -0.59040123
615603561000, -0.129198, -1.2244794, -0.59437186
615606148000, -0.05222898, -1.1902709, -0.59589905
615611176000, -0.020463986, -1.1456778, -0.60139686
615616162000, 0.042760566, -1.1285735, -0.59559363
615622639000, 0.112704635, -1.1026118, -0.59589905
615626164000, 0.22418754, -1.0827587, -0.5839872
615631148000, 0.26633725, -1.0519099, -0.5543602
615636167000, 0.33658674, -1.0571023, -0.51923543
615641185000, 0.40133846, -1.0635164, -0.49877146
615646155000, 0.46975538, -1.072374, -0.48380527
615651180000, 0.5439755, -1.1221595, -0.4636467
615656170000, 0.5864306, -1.1175779, -0.42088616
615661161000, 0.6441574, -1.0332786, -0.4016439
615666206000, 0.6713409, -0.9245446, -0.37934732
615671175000, 0.66798115, -0.9718866, -0.3753767
615676173000, 0.6957755, -0.9801333, -0.35888332
615681144000, 0.6899723, -0.92087936, -0.36102137
615686135000, 0.6817256, -0.8381071, -0.36132678
615691168000, 0.64965516, -0.82772243, -0.3680463
615696155000, 0.63804877, -0.7703011, -0.3491095
615701244000, 0.59620446, -0.67164636, -0.34269542
615706178000, 0.57451874, -0.6600399, -0.34972036
615711169000, 0.5644395, -0.5885687, -0.34208453
615716200000, 0.52778757, -0.51893, -0.33658674
615721170000, 0.50243664, -0.47036624, -0.3145956
615726114000, 0.4728097, -0.39920044, -0.29077184
615731147000, 0.441961, -0.3381139, -0.2855795
615736212000, 0.38912117, -0.30818152, -0.2724459
615741165000, 0.35155296, -0.28588495, -0.26083946
615746147000, 0.3222314, -0.2666427, -0.23518312
615751233000, 0.28710666, -0.25259277, -0.20433442
615756212000, 0.25259277, -0.267559, -0.16310102
615761165000, 0.2144137, -0.27275133, -0.12339478
615766182000, 0.20463985, -0.29138273, -0.087964594
615771173000, 0.17654006, -0.29260445, -0.043982297
615776146000, 0.15424347, -0.3042109, 0.008246681
615781146000, 0.1469131, -0.29993483, 0.028405234
615786366000, 0.12705997, -0.29779682, 0.08674286
615791166000, 0.11789699, -0.28160888, 0.12064589
615796155000, 0.12156218, -0.26358834, 0.15149458
615801210000, 0.11026118, -0.23548855, 0.1740966
615806139000, 0.1255328, -0.2049453, 0.19181168
615811163000, 0.12889257, -0.16310102, 0.20433442
615816210000, 0.1282817, -0.13500121, 0.2134974
615822662000, 0.14049901, -0.13347405, 0.20616703
615826406000, 0.14385876, -0.129198, 0.20769419
615831142000, 0.13927728, -0.1301143, 0.21533
615836110000, 0.13897185, -0.16584991, 0.21655174
615841165000, 0.17287487, -0.2003638, 0.22296582
615846128000, 0.18112154, -0.2434298, 0.22510384
615851159000, 0.19211712, -0.2779437, 0.226631
615856145000, 0.21197024, -0.31764993, 0.22113322
615861149000, 0.24007004, -0.34300083, 0.21838433
615866111000, 0.2648101, -0.39095375, 0.21533
615871127000, 0.301462, -0.42210788, 0.21563543
615876113000, 0.33261612, -0.4615087, 0.2180789
615881168000, 0.34422258, -0.5027421, 0.22815818
615886120000, 0.38056904, -0.5338962, 0.23854288
615891175000, 0.4175264, -0.5522222, 0.2507602
615896585000, 0.4529566, -0.5546656, 0.26847526
615911165000, 0.5158757, -0.5748242, 0.29046643
615916187000, 0.50579643, -0.5476407, 0.29779682
615921169000, 0.48930305, -0.5030475, 0.29535335
615926157000, 0.46639562, -0.43951756, 0.31703907
615931137000, 0.44623706, -0.39003745, 0.3286455
615936179000, 0.42271876, -0.30573806, 0.33444872
615941165000, 0.39522982, -0.25137106, 0.34880406
615946146000, 0.37751472, -0.23915374, 0.3659083
615951213000, 0.3371976, -0.087964594, 0.36193767
615956221000, 0.3136793, -0.014966198, 0.36163223
615961166000, 0.29932398, 0.01282817, 0.36713
615966158000, 0.2761111, -0.0033597588, 0.37018433
615971137000, 0.2751948, -0.004581489, 0.36987892
615976167000, 0.27672195, 0.06352998, 0.36743546
615981133000, 0.27885997, 0.080634214, 0.36346483
615986182000, 0.28863382, 0.05589417, 0.35002577
615991100000, 0.28771752, 0.030543262, 0.35124752
615996153000, 0.30482176, 0.0012217305, 0.35155296
616001203000, 0.33200526, -0.02107485, 0.34116822
616006173000, 0.34605515, -0.049785517, 0.33444872
616011170000, 0.35216382, -0.11026118, 0.32925636
616016153000, 0.35918877, -0.1282817, 0.3118467
616021425000, 0.37568212, -0.15577064, 0.3036
616026173000, 0.3839288, -0.23396139, 0.30451632
616031176000, 0.38728857, -0.30207285, 0.30298916
616036150000, 0.3894266, -0.31948254, 0.27977628
616041167000, 0.42943826, -0.3494149, 0.27916542
616046144000, 0.46975538, -0.39461896, 0.27275133
616051210000, 0.50701815, -0.45081854, 0.27214047
616056187000, 0.539394, -0.5329799, 0.27916542
616061146000, 0.5476407, -0.57879484, 0.29779682
616066154000, 0.5458081, -0.56596667, 0.3304781
616071162000, 0.573297, -0.5561928, 0.3417791
616076169000, 0.5739079, -0.5290093, 0.3857614
616081164000, 0.57787853, -0.52778757, 0.44440445
616086177000, 0.5870415, -0.5161811, 0.50885075
616091477000, 0.59559363, -0.60231316, 0.5839872
616096152000, 0.5873469, -0.66981375, 0.63071835
616101134000, 0.57879484, -0.68966687, 0.66950834
616106173000, 0.57910025, -0.8002335, 0.70005155
616111155000, 0.5684101, -0.88208944, 0.70524395
616116685000, 0.5635232, -1.0186177, 0.7339546
616121107000, 0.57757306, -1.0546589, 0.7189884
616126166000, 0.6291912, -1.0684034, 0.68936145
616131157000, 0.68844515, -1.0913107, 0.6420194
616136161000, 0.7470882, -1.171945, 0.5864306
616141303000, 0.782213, -1.3170254, 0.50732356
616146148000, 0.8127562, -1.3179418, 0.4373795
616151297000, 0.84849185, -1.2831224, 0.36743546
616156191000, 0.8445212, -1.2599095, 0.33750305
616161148000, 0.8151997, -1.2767084, 0.30665436
616166154000, 0.7834347, -1.2651019, 0.26542094
616171175000, 0.7883216, -1.2125676, 0.23976462
616176167000, 0.8045095, -1.1365148, 0.20799962
616181163000, 0.8072584, -1.0250319, 0.17195857
616187850000, 0.81031275, -0.8695667, 0.103847094
616191200000, 0.87598073, -0.79779, 0.07666359
616196171000, 0.8854492, -0.65270954, 0.038179077
616201181000, 0.9089675, -0.5531385, 0.022296581
616206315000, 0.9550878, -0.49357912, 0.023518313
616211182000, 1.0115929, -0.52595496, 0.06841691
616217838000, 1.0421361, -0.68019843, 0.17989981
616221159000, 0.91690874, -0.7281514, 0.19303341
616226210000, 0.8723156, -0.7510588, 0.22388211
616231193000, 0.7620544, -0.76174897, 0.24953845
616236211000, 0.69974613, -0.7174612, 0.25289822
616241203000, 0.6963864, -0.6753115, 0.25411993
616246206000, 0.6740898, -0.6786713, 0.2501493
616251252000, 0.6722572, -0.6951646, 0.28038713
616256258000, 0.6817256, -0.66156703, 0.27305678
616261186000, 0.6921103, -0.6282749, 0.27214047
616266264000, 0.7119634, -0.6209445, 0.2602286
616271166000, 0.74097955, -0.605062, 0.2660318
616276203000, 0.7629707, -0.5885687, 0.28252518
616281157000, 0.81336707, -0.5653558, 0.3005457
616286215000, 0.84421575, -0.51343226, 0.32345316
616291145000, 0.8542951, -0.46517387, 0.34391713
616296202000, 0.86009824, -0.43004912, 0.35521814
616301248000, 0.84665924, -0.38148534, 0.3631594
616306295000, 0.8014552, -0.33567044, 0.38362336
616311280000, 0.7528914, -0.33505958, 0.43127087
616316232000, 0.7324274, -0.3005457, 0.44440445
616321352000, 0.7150178, -0.19914207, 0.44593164
616326203000, 0.65057147, -0.16493362, 0.46303585
616331443000, 0.61086524, -0.21594086, 0.4596761
616336210000, 0.59956425, -0.29138273, 0.45173484
616341162000, 0.5891795, -0.3323107, 0.41355577
616346205000, 0.59742624, -0.3866777, 0.3848451
616351215000, 0.600786, -0.462425, 0.3735441
616356284000, 0.62796944, -0.61636305, 0.40500367
616361097000, 0.6899723, -0.63132924, 0.3830125
616366233000, 0.7156286, -0.5403103, 0.37110063
616371105000, 0.7357872, -0.5360342, 0.37232238
616376208000, 0.74006325, -0.50488013, 0.376293
616381118000, 0.713796, -0.49846604, 0.3839288
616386213000, 0.6765333, -0.59712076, 0.4529566
616391200000, 0.6606508, -0.5317582, 0.4288274
616396216000, 0.6569856, -0.44990227, 0.43401974
616401209000, 0.63438356, -0.38637227, 0.45753807
616406925000, 0.63804877, -0.4474588, 0.4465425
616411146000, 0.68661255, -0.49327368, 0.42455134
616416160000, 0.72082096, -0.5522222, 0.44501534
616422458000, 0.7651087, -0.4868596, 0.38606682
616426199000, 0.78038037, -0.43401974, 0.34208453
616431200000, 0.7648033, -0.38973203, 0.34238997
616436182000, 0.77549344, -0.49480084, 0.2996294
616441201000, 0.82741696, -0.52015173, 0.27916542
616446193000, 0.8579602, -0.5155703, 0.31764993
616451240000, 0.8750645, -0.45631635, 0.2507602
616456248000, 0.85154617, -0.40622538, 0.22815818
616461203000, 0.7965683, -0.3857614, 0.22204952
616466196000, 0.7611381, -0.36041048, 0.22388211
616471207000, 0.75991637, -0.26725355, 0.24648413
616476167000, 0.7339546, -0.2919936, 0.2501493
616481193000, 0.73426, -0.36377025, 0.23579398
616486104000, 0.754724, -0.3885103, 0.24465153
616491209000, 0.76083267, -0.4361578, 0.312763
616496139000, 0.7791586, -0.3662137, 0.2941316
616501302000, 0.7644979, -0.34697145, 0.26542094
616506175000, 0.74464476, -0.34391713, 0.25686884
616511891000, 0.75502944, -0.30543262, 0.24678956
616516167000, 0.7901542, -0.2660318, 0.23640485
616521215000, 0.8191703, -0.27672195, 0.27030787
616526136000, 0.86009824, -0.24281894, 0.24465153
616531179000, 0.90469146, -0.15851954, 0.25320363
616536107000, 0.91904676, -0.063224554, 0.27916542
616541204000, 0.93187493, 0.029932396, 0.30757064
616546131000, 0.9462303, 0.14905111, 0.3231477
616551291000, 0.96486163, 0.23273966, 0.35430184
616556142000, 0.9819659, 0.35246924, 0.3998113
616561202000, 0.9999864, 0.32711834, 0.40500367
616566240000, 1.0381655, 0.31887165, 0.4071417
616571210000, 1.0763446, 0.35308012, 0.4596761
616576204000, 1.1044444, 0.3839288, 0.4822781
616581573000, 1.1404854, 0.49205196, 0.46761733
616586210000, 1.1264355, 0.39522982, 0.44898596
616591203000, 1.1859949, 0.33322698, 0.42821655
616596201000, 1.2140946, 0.33658674, 0.41447207
616601251000, 1.2287555, 0.36560285, 0.41996986
616606295000, 1.2592987, 0.5225952, 0.4456262
616611202000, 1.2727377, 0.45142943, 0.45875978
616616203000, 1.3286319, 0.45051312, 0.47219884
616621108000, 1.3701707, 0.43951756, 0.47494772
616626191000, 1.4220943, 0.44135013, 0.46944994
616631136000, 1.4929546, 0.4196644, 0.4746423
616636184000, 1.561677, 0.41630468, 0.48197266
616641168000, 1.632232, 0.3943135, 0.4914411
616646155000, 1.6957619, 0.43493605, 0.5198463
616651190000, 1.7623463, 0.37904188, 0.52198434
616656176000, 1.8393153, 0.34697145, 0.49693888
616661165000, 1.88849, 0.29352075, 0.48441613
616666163000, 1.9172006, 0.26908615, 0.45845437
616671153000, 1.9398025, 0.23090707, 0.4025602
616676169000, 1.960572, 0.17806722, 0.3454443
616681164000, 1.9889772, 0.11453723, 0.28069258
616686147000, 2.0118847, 0.07788532, 0.22632557
616691109000, 2.0299053, 0.017715093, 0.1554652
616696159000, 2.042428, -0.054061573, 0.08674286
616701218000, 2.0723603, -0.14019357, 0.0143553335
616706183000, 2.0912971, -0.13897185, -0.027488936
616711100000, 2.0864103, -0.14263703, -0.03145956
616716189000, 2.0967948, -0.14019357, -0.038789943
616721129000, 2.127949, -0.17531833, -0.04886922
616726205000, 2.179567, -0.1994475, -0.043982297
616731324000, 2.2266037, -0.26053402, -0.089186326
616736144000, 2.278833, -0.37384954, -0.15454891
616741175000, 2.3047945, -0.38453966, -0.18570304
616746153000, 2.3426683, -0.3912592, -0.19333886
616751184000, 2.3695462, -0.3594942, -0.18509217
616756170000, 2.3808472, -0.31673363, -0.19181168
616761166000, 2.3701572, -0.35521814, -0.20555615
616766814000, 2.3280075, -0.31520647, -0.21166481
616771173000, 2.262034, -0.26908615, -0.20952678
616776162000, 2.17804, -0.24953845, -0.21288654
616781155000, 2.108096, -0.23457226, -0.22357668
616786243000, 2.048842, -0.20555615, -0.21502456
616791179000, 2.0097466, -0.20097467, -0.20158553
616796145000, 1.9816469, -0.1881465, -0.21135938
616801375000, 1.9480493, -0.16829337, -0.22876903
616806211000, 1.8958203, -0.16432275, -0.2648101
616811168000, 1.8655825, -0.12339478, -0.24312437
616816161000, 1.8429805, -0.095294975, -0.24953845
616822680000, 1.8206838, -0.13103059, -0.32803464
616826148000, 1.7919732, -0.04550946, -0.29138273
616831147000, 1.7427986, -0.02687807, -0.27091873
616837053000, 1.7101172, -0.010079277, -0.28008172
616841171000, 1.6691893, -0.0033597588, -0.31764993
616846160000, 1.604743, -0.06352998, -0.33536503
616851157000, 1.563815, -0.0720821, -0.32406402
616856151000, 1.5479325, -0.022907447, -0.32650748
616861139000, 1.5335772, -0.08307768, -0.3436117
616866131000, 1.5219707, -0.15607607, -0.35521814
616871130000, 1.5491543, -0.15577064, -0.3368922
616876124000, 1.5464053, -0.183565, -0.3436117
616881152000, 1.575116, -0.18997909, -0.37873647
616886140000, 1.5577064, -0.24740042, -0.3820962
616891137000, 1.5760323, -0.24831672, -0.3585779
616896136000, 1.604743, -0.26328292, -0.37293324
616901217000, 1.6264287, -0.27488935, -0.42424592
616906188000, 1.63437, -0.33964106, -0.441961
616911088000, 1.6603317, -0.36682457, -0.4279111
616916080000, 1.6737708, -0.3640757, -0.43157628
616921087000, 1.6716328, -0.39370266, -0.47250426
616926084000, 1.6545285, -0.44776422, -0.49571714
616931076000, 1.6749926, -0.4636467, -0.49235737
616936097000, 1.6756034, -0.46486846, -0.48747048
616941089000, 1.6676621, -0.473726, -0.48930305
616946084000, 1.6606371, -0.45081854, -0.5137377
616951314000, 1.6310102, -0.4972443, -0.54641896
616956168000, 1.6276505, -0.5140431, -0.550695
616961166000, 1.6258179, -0.49571714, -0.54275376
616966163000, 1.6264287, -0.4886922, -0.5558874
616971171000, 1.6157386, -0.47250426, -0.5546656
616976269000, 1.625207, -0.462425, -0.5360342
616981144000, 1.6029104, -0.45478916, -0.50671273
616986153000, 1.5928311, -0.45937067, -0.49663344
616991166000, 1.5769486, -0.43982297, -0.46639562
616996143000, 1.5497651, -0.42149702, -0.47952923
617001203000, 1.5030339, -0.44532076, -0.52320606
617006196000, 1.4792101, -0.40042216, -0.45142943
617011095000, 1.4605788, -0.31306845, -0.36865717
617016142000, 1.4333953, -0.24740042, -0.33261612
617021559000, 1.428203, -0.20372356, -0.33078352
617026164000, 1.4126259, -0.18967366, -0.33444872
617031134000, 1.3903292, -0.3472769, -0.46273044
617036148000, 1.3927728, -0.29810223, -0.50518554
617041130000, 1.3808609, -0.27580565, -0.52381694
617046159000, 1.3759739, -0.27885997, -0.5497787
617051150000, 1.3677273, -0.27672195, -0.5571091
617056173000, 1.3643675, -0.3051272, -0.5546656
617061143000, 1.3591752, -0.31673363, -0.5555819
617066165000, 1.3390167, -0.3399465, -0.55924714
617071154000, 1.3041973, -0.33933565, -0.5726862
617076165000, 1.2767084, -0.29352075, -0.59223384
617081149000, 1.2534955, -0.28588495, -0.5873469
617086186000, 1.2186762, -0.2742785, -0.5729916
617091848000, 1.1979067, -0.25473082, -0.5729916
617096163000, 1.1734722, -0.24007004, -0.5751296
617101523000, 1.1609493, -0.22388211, -0.58184916
617106172000, 1.1398746, -0.2003638, -0.60139686
617111470000, 1.1065824, -0.16798794, -0.6236934
617116158000, 1.0598512, -0.14905111, -0.64568454
617121153000, 1.0198395, -0.13652839, -0.67011917
617126157000, 0.97310835, -0.12461651, -0.6976081
617131159000, 0.93126404, -0.110872045, -0.7357872
617136213000, 0.8729264, -0.08857546, -0.766025
617141161000, 0.80848014, -0.08277224, -0.7892379
617146162000, 0.7733554, -0.079107046, -0.81153446
617151296000, 0.75594574, -0.05375614, -0.82344633
617156301000, 0.73792523, -0.04062254, -0.85154617
617161588000, 0.71959925, -0.029321533, -0.89552844
617166145000, 0.70524395, -0.028099801, -0.9642508
617171172000, 0.677755, -0.03634648, -1.0329732
617176163000, 0.66859204, -0.007330383, -1.1068878
617181166000, 0.6435465, 0.058948494, -1.1963795
617186159000, 0.6203337, 0.11881329, -1.2712106
617191210000, 0.6246097, 0.10873401, -1.2996159
617196271000, 0.65240407, 0.06719518, -1.3387111
617201188000, 0.66920286, 0.13988814, -1.3222178
617206166000, 0.6560693, 0.13958271, -1.3313808
617211168000, 0.5870415, 0.13500121, -1.4776831
617216134000, 0.52473325, 0.21685717, -1.5668694
617222653000, 0.4175264, 0.29657507, -1.6539177
617226163000, 0.37873647, 0.33536503, -1.7208074
617231681000, 0.32742378, 0.39675698, -1.7614299
617236136000, 0.28802297, 0.5375614, -1.7192802
617241187000, 0.34666604, 0.58032197, -1.6609426
617246164000, 0.36651915, 0.5839872, -1.6389514
617251229000, 0.35094208, 0.59773165, -1.6420058
617256239000, 0.3381139, 0.6273586, -1.7391334
617261166000, 0.35124752, 0.5870415, -1.8603901
617266140000, 0.3475823, 0.45845437, -1.983174
617271175000, 0.45570546, 0.23609942, -2.0360138
617276165000, 0.47311515, 0.2507602, -2.010663
617281150000, 0.37232238, 0.29718593, -2.022575
617286144000, 0.25717425, 0.28130344, -2.0366247
617291160000, 0.20433442, 0.24923302, -2.0607538
617296177000, 0.20372356, 0.2171626, -2.0732768
617301540000, 0.21655174, 0.20433442, -2.0677788
617306167000, 0.2302962, 0.22724187, -2.0625865
617311166000, 0.22266038, 0.25259277, -2.0460932
617316141000, 0.21685717, 0.27977628, -2.02624
617321178000, 0.2003638, 0.3100141, -2.0244074
617326152000, 0.16065755, 0.3203988, -2.033876
617331147000, 0.110872045, 0.29077184, -2.0433443
617336110000, 0.059864793, 0.25137106, -2.0619757
617341157000, 0.015882496, 0.22479841, -2.0906863
617346191000, -0.05589417, 0.17806722, -2.1111503
617351176000, -0.09743301, 0.102319926, -2.179567
617356106000, -0.18845193, 0.02565634, -2.2351558
617361169000, -0.27550024, -0.05009095, -2.2748623
617366114000, -0.3817908, -0.089491755, -2.2971587
617371178000, -0.44226643, -0.10445796, -2.273335
617376138000, -0.46089783, -0.10842858, -2.2021692
617381152000, -0.4269948, -0.10995574, -2.080607
617386162000, -0.36743546, -0.09712757, -1.924531
617391158000, -0.2779437, -0.07544186, -1.7293595
617396214000, -0.1863139, -0.032070424, -1.5210545
617401273000, -0.11209377, 0.009162978, -1.3026701
617406240000, -0.06169739, 0.053450707, -1.099252
617411171000, -0.035430185, 0.06841691, -0.9275989
617416146000, -0.0106901415, 0.07788532, -0.78954333
617422672000, -0.018325957, 0.07696902, -0.68691796
617426150000, -0.035430185, 0.073303826, -0.61758476
617431141000, -0.062308256, 0.05222898, -0.56230146
617436115000, -0.10293079, 0.044898596, -0.51923543
617441172000, -0.15149458, 0.030543262, -0.4981606
617446186000, -0.17073683, 0.004581489, -0.48747048
617451251000, -0.22174409, -0.016187929, -0.4801401
617456105000, -0.26206118, -0.030848695, -0.4700608
617461168000, -0.3191771, -0.021685716, -0.45814893
617466128000, -0.38087448, -0.022907447, -0.46120325
617471174000, -0.4251622, -0.0125227375, -0.46181414
617476141000, -0.47219884, -0.042760566, -0.46914452
617481182000, -0.48991394, -0.067500606, -0.48441613
617486849000, -0.50823987, -0.082161374, -0.514654
617491150000, -0.49877146, -0.11209377, -0.5516113
617496246000, -0.4877759, -0.1386664, -0.59803706
617501181000, -0.49205196, -0.1731803, -0.6450737
617506173000, -0.49693888, -0.20311269, -0.68783426
617511102000, -0.49968776, -0.24190263, -0.71837753
617516156000, -0.5183192, -0.2666427, -0.7504479
617521228000, -0.53786683, -0.29932398, -0.766025
617526165000, -0.5723807, -0.3378085, -0.77121735
617531120000, -0.6035349, -0.3640757, -0.7666359
617536164000, -0.6377433, -0.38423425, -0.77640975
617541161000, -0.6588182, -0.42363504, -0.7742717
617546250000, -0.6783658, -0.47800204, -0.7678576
617551182000, -0.70341134, -0.5183192, -0.7641924
617556762000, -0.7351763, -0.55863625, -0.7556403
617561158000, -0.8014552, -0.56046885, -0.7495316
617566142000, -0.816116, -0.5540548, -0.754724
617571176000, -0.82344633, -0.54000485, -0.7489208
617576166000, -0.82650065, -0.50610185, -0.75502944
617581260000, -0.8313876, -0.4908302, -0.7693848
617586187000, -0.79290307, -0.5332854, -0.79320854
617591181000, -0.7458665, -0.58459806, -0.8258898
617596267000, -0.68233645, -0.5720753, -0.8582657
617601139000, -0.63438356, -0.535118, -0.87598073
617606174000, -0.5891795, -0.47494772, -0.89919364
617611142000, -0.55741453, -0.45020768, -0.89675015
617616746000, -0.5164866, -0.4382958, -0.8903361
617621261000, -0.47769663, -0.47311515, -0.8738427
617626508000, -0.45234573, -0.49235737, -0.85918194
617631189000, -0.44623706, -0.5213735, -0.8384125
617636169000, -0.44043383, -0.53878313, -0.81245077
617641176000, -0.43890667, -0.52748215, -0.79534656
617646333000, -0.44012842, -0.48991394, -0.75441855
617651171000, -0.45448375, -0.47311515, -0.70921457
617656158000, -0.46639562, -0.4999932, -0.6646214
617661167000, -0.44776422, -0.49968776, -0.63713247
617666163000, -0.42546764, -0.4831944, -0.63438356
617671161000, -0.42149702, -0.48716503, -0.63346726
617676166000, -0.39736784, -0.514654, -0.6291912
617681156000, -0.39858958, -0.5360342, -0.61727935
617686136000, -0.3585779, -0.61269784, -0.593761
617691170000, -0.32375857, -0.691194, -0.5687156
617696190000, -0.3115413, -0.7449502, -0.52595496
617701157000, -0.31642818, -0.8060367, -0.49418998
617706177000, -0.33322698, -0.79534656, -0.46028697
617711170000, -0.37507126, -0.7669413, -0.41508293
617716155000, -0.41630468, -0.7431176, -0.39095375
617721167000, -0.4578435, -0.7312057, -0.3830125
617726168000, -0.50335294, -0.73914695, -0.39584067
617731141000, -0.5149594, -0.7480045, -0.39614612
617736189000, -0.52473325, -0.7473936, -0.40103304
617741116000, -0.5186246, -0.7644979, -0.40317106
617746199000, -0.50610185, -0.7858781, -0.4202753
617751245000, -0.4886922, -0.77549344, -0.43157628
617756171000, -0.46395215, -0.7651087, -0.43799037
617761097000, -0.43249258, -0.7461719, -0.44043383
617766161000, -0.40194935, -0.7141015, -0.42943826
617771102000, -0.3930918, -0.6765333, -0.40378192
617776210000, -0.38973203, -0.6218608, -0.36682457
617781168000, -0.40317106, -0.66798115, -0.35216382
617786145000, -0.36651915, -0.68569624, -0.36651915
617791167000, -0.3408628, -0.68233645, -0.38881573
617796231000, -0.33353242, -0.7122689, -0.41050145
617801544000, -0.3231477, -0.70463306, -0.4392121
617806171000, -0.3313944, -0.7305948, -0.45814893
617811679000, -0.3454443, -0.7483099, -0.46578476
617816180000, -0.36377025, -0.7189884, -0.47983465
617822691000, -0.37293324, -0.7171558, -0.46273044
617826162000, -0.3839288, -0.7305948, -0.4642576
617831140000, -0.37995818, -0.7128797, -0.4792238
617836160000, -0.3817908, -0.6844745, -0.48533243
617841169000, -0.37904188, -0.6603453, -0.49357912
617847628000, -0.3707952, -0.6206391, -0.4813618
617851182000, -0.3555236, -0.59406644, -0.4801401
617856130000, -0.3494149, -0.57696223, -0.4896085
617861124000, -0.32406402, -0.52839845, -0.4914411
617866156000, -0.3155119, -0.4896085, -0.47708577
617871129000, -0.29565877, -0.46822822, -0.4718934
617876106000, -0.25809056, -0.44073927, -0.47158796
617881789000, -0.2180789, -0.41783184, -0.46792278
617886144000, -0.20250183, -0.4111123, -0.45448375
617891129000, -0.19242255, -0.40225476, -0.45448375
617896184000, -0.18784106, -0.3979787, -0.46089783
617901209000, -0.20433442, -0.38545597, -0.46028697
617906119000, -0.2180789, -0.39370266, -0.45631635
617911085000, -0.2275473, -0.40958515, -0.44440445
617916146000, -0.23976462, -0.40591997, -0.42546764
617921089000, -0.23976462, -0.39584067, -0.41141775
617926086000, -0.23548855, -0.43127087, -0.376293
617931099000, -0.23732115, -0.31398472, -0.3594942
617936092000, -0.2565634, -0.26939157, -0.33414328
617941081000, -0.25595254, -0.21135938, -0.30818152
617946098000, -0.23915374, -0.14752395, -0.2751948
617951157000, -0.22418754, -0.106595986, -0.24037547
617956170000, -0.20891592, -0.08093964, -0.19761491
617961167000, -0.18967366, -0.063224554, -0.15363261
617966165000, -0.15271631, -0.10629055, -0.11728613
617971172000, -0.09560041, -0.008246681, -0.10354166
617976169000, -0.08979719, 0.015577064, -0.09560041
617981132000, -0.07971791, 0.06383542, -0.06963864
617986178000, -0.051618114, 0.11789699, -0.03726278
617991167000, -0.010995574, 0.17470746, -6.1086525E-4
617996168000, 0.016798794, 0.22021692, 0.014660766
618001198000, 0.057421334, 0.23884831, 0.03573562
618006151000, 0.08552113, 0.26511553, 0.06383542
618011168000, 0.11056661, 0.25259277, 0.09682214
618016197000, 0.16187929, 0.2932153, 0.103847094
618022470000, 0.2284636, 0.31031954, 0.08399397
618026175000, 0.24953845, 0.28680122, 0.08460484
618031143000, 0.24190263, 0.25442538, 0.09162979
618036212000, 0.24190263, 0.20097467, 0.09285152
618041102000, 0.21685717, 0.14355333, 0.09407325
618046156000, 0.21044308, 0.086132, 0.099265605
618051180000, 0.16615535, 0.050701816, 0.13347405
618056191000, 0.124311075, 0.021380283, 0.16157386
618061105000, 0.09010262, -3.0543262E-4, 0.17898351
618066160000, 0.064446285, -0.021991149, 0.19303341
618071102000, 0.03848451, -0.03573562, 0.22327125
618076168000, 0.040317107, -0.15454891, 0.2602286
618081113000, 0.09407325, -0.17592919, 0.31429017
618086196000, 0.12675454, -0.14752395, 0.27183503
618091119000, 0.129198, -0.15760323, 0.2724459
618096171000, 0.112704635, -0.12339478, 0.2941316
618101340000, 0.083383106, -0.064446285, 0.3200934
618106195000, 0.05100725, -0.013744468, 0.34788775
618111187000, 0.051618114, 0.024129177, 0.355829
618116228000, 0.042455133, 0.04642576, 0.35979962
618121213000, 0.05222898, 0.03604105, 0.35216382
618126215000, 0.052839845, 0.03268129, 0.3436117
618131188000, 0.03359759, 0.02565634, 0.32895094
618136815000, 0.018020526, 0.03268129, 0.30787608
618141195000, -0.011911872, 0.07727446, 0.2929099
618146209000, -0.050701816, 0.071776666, 0.28069258
618151188000, -0.06291912, 0.043066, 0.2602286
618156161000, -0.062002823, 0.017104227, 0.25228736
618161140000, -0.058948494, -0.018020526, 0.2406809
618166170000, -0.044898596, -0.044898596, 0.23518312
618171376000, -0.055283304, -0.08857546, 0.2312125
618176194000, -0.04795292, -0.12889257, 0.23243423
618181145000, -0.04337143, -0.15241088, 0.23182335
618186161000, -0.042760566, -0.15699236, 0.22724187
618191165000, -0.035124753, -0.15943582, 0.2134974
618196174000, -0.051923547, -0.16829337, 0.21502456
618201265000, -0.05955936, -0.16157386, 0.22785273
618206778000, -0.07086037, -0.15515977, 0.23732115
618211166000, -0.07544186, -0.13652839, 0.25381452
618216549000, -0.07544186, -0.15149458, 0.2843578
618222661000, -0.063224554, -0.19975294, 0.33567044
618226150000, -0.021991149, -0.1777618, 0.35613444
618231181000, -0.015271631, -0.089491755, 0.39064834
618236223000, -0.032375857, -0.0290161, 0.42577308
618241211000, -0.050396383, -0.0143553335, 0.45173484
618246198000, -0.06688975, -0.022602014, 0.45906523
618251214000, -0.062308256, -0.04550946, 0.47800204
618256174000, -0.06352998, -0.038789943, 0.48380527
618261171000, -0.048563786, -0.0125227375, 0.49388456
618266158000, -0.062308256, 0.002443461, 0.49388456
618271209000, -0.057421334, -0.0018325958, 0.49388456
618276546000, -0.04550946, -0.021991149, 0.4841107
618281181000, -0.03390302, -0.05009095, 0.473726
618286254000, -0.018936822, -0.09712757, 0.46822822
618291205000, 0.0033597588, -0.13927728, 0.4541783
618296230000, 0.005497787, -0.19608775, 0.45845437
618301227000, 0.010995574, -0.24373524, 0.44043383
618306146000, 0.025961773, -0.26175576, 0.42332962
618311168000, 0.035124753, -0.27366763, 0.39645153
618316163000, 0.03023783, -0.27550024, 0.36682457
618321195000, 0.02565634, -0.2764165, 0.3387248
618326215000, 0.016187929, -0.25503623, 0.32528573
618331174000, 0.022907447, -0.21991149, 0.30451632
618336281000, 0.008552114, -0.19853121, 0.3005457
618341205000, 0.012217305, -0.14355333, 0.29535335
618346350000, 0.022296581, -0.0711658, 0.28955013
618351207000, 0.022296581, -0.005497787, 0.29077184
618356150000, 0.03756821, 0.027794369, 0.2883284
618361168000, 0.06078109, 0.04917465, 0.28038713
618366160000, 0.09743301, 0.06414085, 0.27458394
618371103000, 0.111177474, 0.07666359, 0.26511553
618376165000, 0.13591751, 0.0852157, 0.25778514
618381128000, 0.15607607, 0.10262536, 0.24037547
618386232000, 0.16615535, 0.09682214, 0.22815818
618391149000, 0.19181168, 0.10048734, 0.21410827
618396241000, 0.21960606, 0.1142318, 0.19700404
618401211000, 0.23396139, 0.12186762, 0.16401732
618406274000, 0.2510656, 0.12492194, 0.13988814
618411105000, 0.2565634, 0.14202617, 0.11301007
618416169000, 0.24953845, 0.15057829, 0.093767814
618422620000, 0.25320363, 0.1685988, 0.06688975
618426325000, 0.24678956, 0.17348573, 0.050396383
618431184000, 0.23335053, 0.17562376, 0.027488936
618436167000, 0.2180789, 0.17592919, 0.008552114
618441206000, 0.21227567, 0.17256944, -0.008246681
618446248000, 0.21227567, 0.18753563, -0.02076942
618451264000, 0.19425514, 0.17470746, -0.03359759
618456278000, 0.18448131, 0.1133155, -0.06078109
618461858000, 0.1966986, 0.12522738, -0.090713486
618466180000, 0.1695151, 0.15271631, -0.10323623
618471210000, 0.13041973, 0.16187929, -0.12186762
618476198000, 0.0888809, 0.14905111, -0.15027285
618481168000, 0.06872234, 0.13225232, -0.15454891
618486126000, 0.06658431, 0.116980694, -0.15699236
618491216000, 0.054367006, 0.08246681, -0.16401732
618496166000, 0.035430185, 0.02565634, -0.16554448
618501191000, 0.03359759, -0.004886922, -0.16676621
618506154000, 0.032986723, -0.01863139, -0.17012598
618511213000, 0.038789943, -0.028099801, -0.16646078
618516243000, 0.032070424, -0.016187929, -0.16554448
618521217000, 0.019547688, -0.008857546, -0.15760323
618526282000, 0.005192355, 0.011301007, -0.13836098
618531859000, -0.0067195175, 0.010079277, -0.09468412
618536169000, -0.020463986, 0.014966198, -0.08002335
618541208000, -0.014049901, 0.054367006, -0.060170226
618546165000, -0.004886922, 0.11056661, -0.01740966
618551212000, 0.0012217305, 0.14935656, 0.004886922
618556112000, -0.0015271631, 0.16340645, 0.009773844
618561207000, -9.162979E-4, 0.18936823, 0.029626964
618566153000, -0.015271631, 0.18784106, 0.03848451
618571209000, -0.024129177, 0.19058995, 0.03145956
618576133000, -0.01282817, 0.19242255, 0.032375857
618581182000, -0.004581489, 0.18906279, 0.03145956
618586218000, -0.013744468, 0.16554448, 0.024740042
618591205000, -0.011301007, 0.14752395, 0.00580322
618596281000, -0.0018325958, 0.12705997, -0.0106901415
618601396000, 0.0030543262, 0.11026118, -0.0421497
618606140000, 0.0061086523, 0.08032878, -0.07971791
618611171000, 0.0067195175, 0.047647487, -0.1142318
618616166000, 0.016798794, 0.036651913, -0.14080444
618622641000, 0.016187929, -0.007330383, -0.20708331
618626169000, 0.017715093, -0.016798794, -0.22540927
618631140000, 0.01985312, -0.051618114, -0.25595254
618636170000, 0.020463986, -0.059864793, -0.28588495
618641164000, 0.01282817, -0.06414085, -0.2837469
618646227000, 0.018936822, -0.064751714, -0.28527406
618651214000, 0.014660766, -0.029626964, -0.26206118
618656201000, 0.0030543262, -0.015577064, -0.23640485
618661206000, 0.0030543262, 0.0036651916, -0.20372356
618666230000, -0.004886922, 0.028405234, -0.1563815
618671371000, -0.010079277, 0.053145275, -0.11942416
618676204000, -0.013133603, 0.06780604, -0.07666359
618681171000, -0.017104227, 0.07238753, -0.053450707
618686269000, -0.0125227375, 0.06780604, -0.013439035
618691187000, -0.022602014, 0.056505036, 0.004581489
618696239000, -0.018020526, 0.04886922, 0.013439035
618701180000, -0.033292156, 0.042760566, 0.022907447
618706200000, -0.035124753, 0.039095376, 0.03145956
618711184000, -0.041233405, 0.03573562, 0.031154128
618716178000, -0.04886922, 0.032375857, 0.029321533
618721200000, -0.05100725, 0.039095376, 0.019547688
618726185000, -0.04550946, 0.049785517, 0.025350908
618731199000, -0.035124753, 0.04428773, 0.023518313
618736213000, -0.043066, 0.034208454, 0.019547688
618741103000, -0.040927973, 0.027488936, 0.010995574
618746157000, -0.03634648, 0.02107485, 0.003970624
618751147000, -0.03359759, 0.016493361, 0.003970624
618756187000, -0.026572637, 0.011301007, -0.006414085
618761124000, -0.016187929, 0.013744468, -0.008552114
618766213000, -0.014966198, 0.0143553335, -0.022296581
618771140000, -0.0125227375, 0.008857546, -0.028405234
618776180000, -0.008246681, 0.009773844, -0.0290161
618781167000, -0.0027488936, 0.017715093, -0.033292156
618786895000, 0.0027488936, 0.020158553, -0.027488936
618791181000, 0.02076942, 0.025045475, -0.029321533
618796358000, 0.022602014, 0.037873644, -0.025350908
618801241000, 0.024740042, 0.035430185, -0.026267206
618806177000, 0.030543262, 0.04337143, -0.024129177
618811223000, 0.04062254, 0.035124753, -0.0143553335
618816154000, 0.055588737, 0.040927973, -0.012217305
618821184000, 0.056199603, 0.05222898, -0.008552114
618826152000, 0.05589417, 0.04886922, -3.0543262E-4
618831276000, 0.0571159, 0.043676864, 0.008246681
618836237000, 0.071776666, 0.046120327, 0.023823744
618841293000, 0.07238753, 0.052839845, 0.02565634
618846173000, 0.058337633, 0.041233405, 0.039095376
618851249000, 0.07147124, 0.029626964, 0.03848451
618856748000, 0.074830994, 0.032070424, 0.044898596
618861177000, 0.064446285, 0.024740042, 0.046120327
618866509000, 0.05497787, 0.026267206, 0.049480084
618871179000, 0.059864793, 0.030848695, 0.04795292
618876258000, 0.058643065, 0.03268129, 0.045814894
618881153000, 0.057421334, 0.02565634, 0.048563786
618886189000, 0.054367006, 0.021380283, 0.043066
618891268000, 0.046731193, 0.02565634, 0.03970624
618896140000, 0.0421497, 0.027488936, 0.031154128
618901215000, 0.05375614, 0.01740966, 0.028405234
618906106000, 0.043982297, 0.01282817, 0.022907447
618911176000, 0.04337143, 0.014660766, 0.02443461
618916124000, 0.051618114, 0.025045475, 0.024129177
618921173000, 0.043066, 0.015271631, 0.014049901
618926700000, 0.054061573, 0.01160644, 0.016798794
618931136000, 0.045814894, 0.007330383, 0.02321288
618936181000, 0.036957346, 0.011911872, 0.02565634
618941204000, 0.03573562, 0.003970624, 0.024740042
618946194000, 0.01863139, -0.008246681, 0.031154128
618951216000, 0.008857546, -0.0070249503, 0.024129177
618956196000, -0.0033597588, 0.0021380284, 0.02443461
618961220000, -0.010995574, 0.0021380284, 0.025045475
618966230000, -0.013439035, 0.009468411, 0.029321533
618971193000, -0.012217305, -6.1086525E-4, 0.02321288
618976210000, -0.016187929, 0.0015271631, 0.029932396
618981188000, -0.021380283, 0.01038471, 0.032986723
618986196000, -0.009773844, 0.015882496, 0.022907447
618991162000, -0.0030543262, 0.017715093, 0.0106901415
618996404000, -0.009773844, 0.02076942, 0.01985312
619001185000, -0.022602014, 0.013133603, 0.018020526
619006208000, -0.023823744, 0.005192355, 0.009468411
619011224000, -0.01863139, 0.006414085, 0.0027488936
619016180000, -0.020463986, -0.005497787, 0.0021380284
619022681000, -0.03573562, -0.008857546, -0.004581489
619026220000, -0.036957346, -0.01740966, -0.0036651916
619031183000, -0.03970624, -0.017104227, -0.004276057
619036305000, -0.042760566, -0.027794369, -0.009162978
619041155000, -0.04795292, -0.031154128, -0.017715093
619046225000, -0.049785517, -0.03604105, -0.013133603
619051143000, -0.05222898, -0.02687807, -0.020158553
619056211000, -0.042760566, -0.017715093, -0.013439035
619061125000, -0.043676864, -0.022602014, -0.017715093
619066193000, -0.043676864, -0.0143553335, -0.014049901
619071106000, -0.050396383, -0.009773844, -0.006414085
619076207000, -0.038179077, -0.0015271631, 6.1086525E-4
619081136000, -0.03604105, 0.0076358155, 0.005192355
619086195000, -0.032070424, 0.009468411, 0.004581489
619091148000, -0.020158553, 0.015271631, 0.016493361
619096197000, -0.020463986, 0.008552114, 0.01740966
619101243000, -0.021685716, 0.0070249503, 0.020158553
619106306000, -0.01282817, 0.0067195175, 0.015271631
619111171000, -0.016187929, 0.014660766, 0.013133603
619116192000, -0.01282817, 0.013744468, 0.02321288
619121295000, -0.016187929, 0.0125227375, 0.014966198
619126213000, -0.008552114, 9.162979E-4, 0.008857546
619131343000, -0.0125227375, 0.0061086523, 0.011911872
619136284000, -0.018325957, 0.0033597588, 0.01740966
619141175000, -0.019547688, 0.0070249503, 0.016798794
619146218000, -0.019242255, 0.010079277, 0.0143553335
619151143000, -0.0143553335, 0.015577064, 0.016798794
619156168000, -0.018936822, 0.01740966, 0.015271631
619161137000, -0.008857546, 0.0106901415, 0.014049901
619166150000, -0.011911872, 0.021380283, 0.02076942
619171108000, -0.018020526, 0.016798794, 0.007941248
619176168000, -0.011911872, 0.010079277, 0.010079277
619181689000, -0.01160644, 0.0070249503, 0.01038471
619186282000, -0.0076358155, 0.01160644, 0.013744468
619191199000, -0.019547688, 0.009773844, 0.013133603
619196213000, -0.018325957, 0.0030543262, 0.005192355
619201185000, -0.01985312, 6.1086525E-4, 0.003970624
619206203000, -0.01863139, 0.0033597588, 0.004581489
619211202000, -0.019242255, 0.01038471, 0.008552114
619216323000, -0.025961773, 0.014966198, 0.01282817
619222675000, -0.03481932, 3.0543262E-4, 0.007941248
619226181000, -0.034513887, 0.0021380284, 0.012217305
619231182000, -0.03023783, 0.005497787, 0.011301007
619236200000, -0.03634648, 0.005192355, 0.0061086523
619241208000, -0.022296581, 0.004886922, 0.0036651916
619246146000, -0.016798794, -0.005497787, -9.162979E-4
619251987000, -0.0106901415, -0.007941248, -0.013133603
619256135000, -9.162979E-4, -0.003970624, 0.0036651916
619261183000, 0.009773844, -0.0018325958, -9.162979E-4
619266125000, 0.01282817, 0.01038471, 6.1086525E-4
619271188000, 0.019547688, 0.007330383, 3.0543262E-4
619276129000, 0.026572637, 0.007941248, 0.00580322
619281141000, 0.029321533, 0.01863139, 0.004581489
619286174000, 0.027794369, 0.02443461, 0.009773844
619291168000, 0.022907447, 0.01985312, 0.0125227375
619296131000, 0.0067195175, 0.015882496, 0.015577064
619301163000, 0.0018325958, 0.023518313, 0.015882496
619306231000, -0.0012217305, 0.021380283, 0.019547688
619311162000, -0.022907447, 0.0076358155, 0.017104227
619316156000, -0.026267206, -0.0036651916, 0.023518313
619321476000, -0.033292156, 0.002443461, 0.024129177
619326158000, -0.04734206, -0.0067195175, 0.02565634
619331140000, -0.055283304, -0.0106901415, 0.018936822
619336202000, -0.04795292, -0.01740966, 0.01863139
619341164000, -0.052839845, -0.020463986, 0.019547688
619346192000, -0.055588737, -0.027794369, 0.015271631
619351176000, -0.045814894, -0.014966198, 0.017104227
619356177000, -0.047036625, -0.009773844, 0.009773844
619361166000, -0.038789943, -0.008246681, 0.008857546
619366149000, -0.04520403, -0.005497787, 0.008552114
619371162000, -0.027488936, -9.162979E-4, 0.006414085
619376168000, -0.022602014, 0.013133603, 0.009773844
619381114000, -0.0125227375, 0.014049901, 0.010995574
619386242000, -0.023823744, 0.0061086523, 9.162979E-4
619391145000, -0.018936822, 0.0030543262, 0.0067195175
619396178000, -0.022907447, 0.013439035, 0.007941248
619401152000, -0.027794369, 0.009468411, 0.0036651916
619406174000, -0.028405234, 0.0061086523, 9.162979E-4
619411157000, -0.029321533, 0.0012217305, 0.004581489
619416148000, -0.0290161, 0.0027488936, 6.1086525E-4
619421402000, -0.027794369, 0.003970624, -0.0036651916
619426171000, -0.030848695, 0.005192355, 0.0012217305
619431152000, -0.024740042, -0.0018325958, -0.0018325958
619436191000, -0.017104227, 0.0021380284, -0.007330383
619441536000, -0.018020526, 3.0543262E-4, -0.013744468
619446188000, -0.009162978, -0.0033597588, -0.013133603
619451164000, -0.02107485, -0.0030543262, -0.01160644
619456184000, -0.021991149, -0.008857546, -0.0106901415
619461169000, -0.023823744, -0.003970624, -0.010995574
619466142000, -0.014966198, -0.0036651916, -0.013439035
619471203000, -0.016798794, -0.0018325958, -0.005192355
619476203000, -0.020158553, -0.018020526, -0.015577064
619481156000, -0.016187929, -0.015271631, -0.0036651916
619486259000, -0.02565634, -0.011911872, -0.005192355
619491179000, -0.03145956, -0.009468411, -0.008246681
619496200000, -0.029626964, -0.009162978, -0.006414085
619501205000, -0.020463986, -0.0067195175, -6.1086525E-4
619506208000, -0.025961773, 9.162979E-4, -0.0012217305
619511202000, -0.02321288, 0.005497787, -0.0021380284
619516209000, -0.013133603, 0.0061086523, -0.0027488936
619521241000, -0.009773844, 0.008857546, 6.1086525E-4
619526202000, -0.016187929, 0.006414085, -0.0036651916
619531180000, -0.007941248, 0.020158553, 0.002443461
619536201000, -0.014966198, 0.0106901415, -0.0018325958
619541205000, -0.011911872, 0.005192355, -0.0027488936
619546215000, -0.006414085, 0.0036651916, 0.0106901415
619551208000, -0.0061086523, 0.0036651916, 0.010995574
619556203000, -0.007330383, 0.0061086523, 0.006414085
619561206000, -0.007330383, -0.0033597588, 0.0067195175
619566208000, -0.007941248, -0.0015271631, 0.006414085
619571198000, -0.016187929, -0.014660766, 0.012217305
619576206000, -0.010995574, -0.011301007, 0.010995574
619581187000, -0.009162978, 0.0036651916, 0.009162978
619586196000, -0.015577064, 0.008246681, 0.015882496
619591177000, -0.01985312, 9.162979E-4, 0.008857546
619596181000, -0.016798794, 0.0012217305, 0.007941248
619601187000, -0.017715093, -0.005497787, 0.013744468
619606208000, -0.014966198, -0.0027488936, 0.014660766
619611211000, -0.012217305, -0.0012217305, 0.011301007
619616159000, -0.011301007, 0.005497787, 0.015882496
619621354000, -0.011911872, 9.162979E-4, 0.01038471
619626139000, -0.008552114, -0.0015271631, 0.003970624
619631144000, -0.0106901415, -0.009162978, 0.01740966
619636188000, -0.013744468, -0.0061086523, 0.013133603
619641167000, -0.0030543262, -0.0030543262, 0.008552114
619646200000, -0.014966198, -0.002443461, 0.014966198
619651235000, -0.015882496, -6.1086525E-4, 0.019242255
619656191000, -0.028405234, -0.0027488936, 0.014049901
619661202000, -0.024740042, -0.0036651916, 0.0125227375
619666176000, -0.018936822, -0.0033597588, 0.014049901
619671202000, -0.024129177, -0.0018325958, 0.016187929
619676375000, -0.022602014, 0.0021380284, 0.01038471
619681187000, -0.021380283, -6.1086525E-4, 0.016493361
619686628000, -0.03268129, -0.0018325958, 0.009773844
619691205000, -0.021685716, 0.002443461, 0.013133603
619696176000, -0.018936822, 0.0012217305, 0.015271631
619701185000, -0.02565634, 0.006414085, 0.014049901
619706305000, -0.025350908, -0.0018325958, 0.0070249503
619711200000, -0.014966198, 0.00580322, 0.0021380284
619716290000, -0.02076942, -0.0015271631, 9.162979E-4
619721192000, -0.016187929, -0.0018325958, 0.002443461
619726106000, -0.02443461, -0.0018325958, 0.0033597588
619731184000, -0.015882496, 0.0012217305, 0.003970624
619736716000, -0.016187929, 0.0018325958, -0.0027488936
619741205000, -0.012217305, 0.0061086523, -0.0015271631
619746182000, -0.014049901, 0.00580322, -9.162979E-4
619751230000, -0.008552114, 0.009162978, -0.005497787
619756176000, -0.014660766, 0.0018325958, -0.0015271631
619761202000, -0.014660766, 0.003970624, 0.0027488936
619766120000, -0.01985312, 0.007941248, -0.0030543262
619771197000, -0.023823744, 0.010995574, 0.00580322
619776103000, -0.03023783, 0.004581489, 0.004276057
619781174000, -0.023518313, 0.0015271631, 0.006414085
619786184000, -0.025045475, 0.011301007, 0.0033597588
619791170000, -0.02443461, 0.011301007, 0.004886922
619796156000, -0.028405234, 0.0125227375, 0.0015271631
619801172000, -0.019547688, 0.0106901415, 0.006414085
619806109000, -0.01985312, 0.008857546, 0.0027488936
619811202000, -0.025045475, 0.0012217305, 0.0070249503
619816163000, -0.03145956, 0.0012217305, 3.0543262E-4
619822128000, -0.018325957, 0.003970624, 0.0012217305
619826142000, -0.02565634, 0.009773844, 0.004581489
619831174000, -0.021685716, 0.0125227375, 0.0036651916
