#Rate of rotation around the x y z axes (Angular velocity).
#timestamp(ns),x,y,z(rad/s)
#Datetime: 07/04/2015 13:33:07
##########################################
#Activity: 8 - CSI - Car-Step in - 6s
#Subject ID: 45
#First Name: sub45
#Last Name: sub45
#Age: 26
#Height(cm): 175
#Weight(kg): 92
#Gender: Male
##########################################

@DATA
1187408016000, 0.60048056, -0.011301007, -0.7153232
1187413014000, 0.4370741, -0.10140363, -0.75625116
1187418002000, 0.3643811, -0.22327125, -0.7333437
1187423007000, 0.2507602, -0.3491095, -0.6783658
1187428028000, 0.12950343, -0.44837508, -0.59742624
1187433005000, 0.049785517, -0.46761733, -0.42913285
1187437983000, -0.030848695, -0.44226643, -0.20280726
1187442979000, -0.16584991, -0.41691554, -0.061086524
1187448008000, -0.19120082, -0.39828414, 0.22296582
1187452989000, -0.2556471, -0.3848451, 0.5002986
1187458069000, -0.27580565, -0.37812558, 0.72509706
1187463024000, -0.2565634, -0.40530908, 0.8943067
1187468704000, -0.18784106, -0.38606682, 1.162782
1187472996000, -0.024129177, -0.23182335, 1.3023647
1187478019000, 0.13530666, 0.0030543262, 1.575116
1187483004000, 0.25778514, 0.21044308, 1.8570304
1187487980000, 0.36071593, 0.35735616, 2.1358902
1187493019000, 0.5112942, 0.75808376, 2.201253
1187498007000, 0.7675522, 1.207986, 2.1664336
1187502999000, 1.0036516, 1.312444, 2.1267273
1187508063000, 1.1068878, 1.3833044, 2.0448713
1187513049000, 1.4037683, 1.2754866, 2.01219
1187518007000, 1.7150042, 0.89369583, 1.920255
1187523004000, 1.7635679, 0.38759398, 1.8329011
1187528027000, 1.5787812, -0.0061086523, 1.7614299
1187533003000, 1.303281, -0.20830505, 1.6811012
1187538700000, 1.031446, -0.21533, 1.5845845
1187542990000, 0.82863873, -0.15607607, 1.5231925
1187548005000, 0.7464773, -0.013744468, 1.4382823
1187553010000, 0.5720753, 0.16462818, 1.425454
1187558099000, 0.44409904, 0.34025195, 1.4850134
1187563044000, 0.30634892, 0.5290093, 1.5103643
1187567940000, 0.28619036, 0.65270954, 1.5500705
1187573011000, 0.31306845, 0.59956425, 1.5763378
1187578012000, 0.34330627, 0.6062838, 1.5164729
1187583002000, 0.38240165, 0.6762278, 1.4318681
1187587984000, 0.37018433, 0.818254, 1.3283265
1187593075000, 0.32620203, 0.96669424, 1.1704178
1187598007000, 0.2910773, 0.9633345, 1.0103711
1187602984000, 0.2180789, 0.82619524, 0.84238315
1187608485000, 0.13805555, 0.57910025, 0.64568454
1187613092000, 0.03940081, 0.19058995, 0.42546764
1187618003000, -0.12889257, -0.25686884, 0.18448131
1187622994000, -0.2874121, -0.66706485, -0.06566802
1187628008000, -0.29443705, -0.70157874, -0.16493362
1187633014000, -0.21227567, -0.5723807, -0.1777618
1187638026000, -0.2864958, -0.5155703, -0.17654006
1187643056000, -0.34880406, -0.44226643, -0.18448131
1187648037000, -0.4071417, -0.42485678, -0.19211712
1187653071000, -0.3933972, -0.43463063, -0.15210545
1187658060000, -0.37934732, -0.44959682, -0.10415252
1187663044000, -0.37232238, -0.44868052, -0.09162979
1187668027000, -0.34574974, -0.39278635, -0.084910266
1187673029000, -0.30634892, -0.30757064, -0.09040806
1187678040000, -0.27214047, -0.22418754, -0.070554934
1187683043000, -0.267559, -0.16523905, -0.051923547
1187688003000, -0.27580565, -0.14935656, -0.05009095
1187693073000, -0.2837469, -0.20005837, -0.05100725
1187698005000, -0.30573806, -0.30390546, -0.065973446
1187703043000, -0.33964106, -0.43157628, -0.07880162
1187708138000, -0.3539964, -0.5479461, -0.089491755
1187713135000, -0.38331795, -0.6407976, -0.08399397
1187718044000, -0.38637227, -0.68477994, -0.07360926
1187723850000, -0.37140608, -0.6713409, -0.07574729
1187728059000, -0.3481932, -0.59528816, -0.06566802
1187733039000, -0.33505958, -0.43401974, -0.021380283
1187739334000, -0.2910773, -0.26206118, 0.010079277
1187743043000, -0.23426682, -0.1872302, 0.022602014
1187748008000, -0.20463985, -0.09468412, 0.03023783
1187753052000, -0.13836098, -0.04734206, 0.02076942
1187758099000, -0.12370021, -0.036651913, 0.0842994
1187763089000, -0.058643065, -0.019242255, 0.07727446
1187767970000, 0.027794369, -9.162979E-4, 0.01985312
1187773047000, 0.045814894, -0.0027488936, 0.0018325958
1187778056000, 0.04734206, -0.028405234, -0.01160644
1187783047000, 0.015577064, -0.060170226, -0.020463986
1187788024000, 0.0036651916, -0.07452556, -0.016798794
1187793843000, -0.0012217305, -0.046120327, -0.015577064
1187798007000, -0.004886922, -0.025350908, -0.022296581
1187803011000, -0.006414085, -0.014049901, -0.021991149
1187808028000, -0.006414085, 0.013439035, -0.0027488936
1187813014000, 0.0033597588, 0.025961773, -0.0061086523
1187818017000, 0.014049901, 0.04550946, 0.004581489
1187822996000, 0.016493361, 0.054367006, 0.0070249503
1187828047000, 0.030543262, 0.0711658, 0.011301007
1187833040000, 0.03756821, 0.08093964, 0.01038471
1187838021000, 0.047036625, 0.08032878, 0.009773844
1187843043000, 0.049785517, 0.08674286, 0.008857546
1187848087000, 0.06841691, 0.09254608, 0.013133603
1187853039000, 0.07727446, 0.103847094, 0.015577064
1187858114000, 0.099571034, 0.1142318, 0.022296581
1187863403000, 0.09437868, 0.12370021, 0.018936822
1187868030000, 0.10873401, 0.116980694, 0.02107485
1187873048000, 0.10995574, 0.113926366, 0.031154128
1187878044000, 0.10567969, 0.11209377, 0.032070424
1187883023000, 0.11148291, 0.105374254, 0.03848451
1187888044000, 0.109650314, 0.100792766, 0.037873644
1187893094000, 0.10415252, 0.09010262, 0.04520403
1187898044000, 0.09743301, 0.08277224, 0.047036625
1187903046000, 0.096516706, 0.07666359, 0.05009095
1187908103000, 0.08032878, 0.06811147, 0.04795292
1187913132000, 0.06352998, 0.07086037, 0.053145275
1187918041000, 0.06352998, 0.06414085, 0.046731193
1187923004000, 0.050701816, 0.06566802, 0.047647487
1187928017000, 0.035124753, 0.07422013, 0.04886922
1187933059000, 0.036957346, 0.07941248, 0.046731193
1187939286000, 0.019547688, 0.0983493, 0.03390302
1187943116000, 0.0070249503, 0.09590584, 0.03176499
1187948040000, -0.0076358155, 0.11911872, 0.0290161
1187953048000, -0.043066, 0.14813483, 0.018936822
1187958063000, -0.06658431, 0.15149458, 0.014049901
1187963054000, -0.0852157, 0.16798794, 0.0018325958
1187967989000, -0.10170906, 0.1908954, 0.004581489
1187973058000, -0.124311075, 0.20586158, -0.009773844
1187978046000, -0.1386664, 0.22937989, -0.015271631
1187983049000, -0.16249016, 0.23793201, -0.025961773
1187988031000, -0.17592919, 0.2507602, -0.029321533
1187993055000, -0.17989981, 0.26542094, -0.038789943
1187998005000, -0.19700404, 0.2779437, -0.05100725
1188003068000, -0.20891592, 0.29535335, -0.059253927
1188008121000, -0.22602014, 0.31948254, -0.069027774
1188013076000, -0.22937989, 0.33444872, -0.076358154
1188018043000, -0.23945917, 0.3576616, -0.08002335
1188023048000, -0.25381452, 0.40530908, -0.09407325
1188028058000, -0.25473082, 0.42088616, -0.10751228
1188033042000, -0.25473082, 0.46883908, -0.10170906
1188038031000, -0.24587326, 0.5323691, -0.11911872
1188043094000, -0.25228736, 0.57543504, -0.1255328
1188048041000, -0.24617869, 0.6267477, -0.13652839
1188053064000, -0.25045475, 0.68477994, -0.13041973
1188058037000, -0.24617869, 0.74281216, -0.13591751
1188063007000, -0.23060162, 0.79626286, -0.13439035
1188068001000, -0.22510384, 0.85062987, -0.13316862
1188072999000, -0.21930063, 0.8961393, -0.13683382
1188078055000, -0.21319197, 0.9505063, -0.13897185
1188083041000, -0.18845193, 1.0054842, -0.13561209
1188088027000, -0.16798794, 1.0497719, -0.1386664
1188093006000, -0.15271631, 1.1044444, -0.13744467
1188098013000, -0.14477506, 1.1487321, -0.12705997
1188103076000, -0.13225232, 1.1856894, -0.12034045
1188108151000, -0.098043874, 1.2287555, -0.105374254
1188113118000, -0.06658431, 1.2632693, -0.10415252
1188118605000, -0.036651913, 1.2993103, -0.08827003
1188122999000, 0.01282817, 1.3307699, -0.08002335
1188127993000, 0.06963864, 1.3536774, -0.064751714
1188132982000, 0.092240654, 1.3997977, -0.052534413
1188138045000, 0.14508049, 1.4312572, -0.04520403
1188143075000, 0.19272798, 1.4459181, -0.042760566
1188148072000, 0.24740042, 1.4792101, -0.03268129
1188152998000, 0.2874121, 1.491733, -0.025045475
1188157996000, 0.32345316, 1.4926492, -0.02107485
1188162983000, 0.34269542, 1.4935656, -0.018020526
1188167985000, 0.35308012, 1.4694363, -0.0076358155
1188172996000, 0.35246924, 1.4511104, -0.011301007
1188178006000, 0.36041048, 1.428203, -0.018020526
1188183006000, 0.364992, 1.4165965, -0.02107485
1188197989000, 0.355829, 1.4065173, -0.035124753
1188202919000, 0.34697145, 1.3888022, -0.043982297
1188207967000, 0.33964106, 1.3741413, -0.053450707
1188212930000, 0.33078352, 1.3393221, -0.056199603
1188217923000, 0.312763, 1.289842, -0.05497787
1188222929000, 0.29993483, 1.2687671, -0.057421334
1188227925000, 0.29749137, 1.2018774, -0.05681047
1188232922000, 0.28496864, 1.1252137, -0.064446285
1188237909000, 0.26450464, 1.0613784, -0.06780604
1188242927000, 0.21899518, 0.99021256, -0.06688975
1188247922000, 0.15974127, 0.8906415, -0.071776666
1188253012000, 0.09315695, 0.8014552, -0.062002823
1188258008000, 0.016493361, 0.7247916, -0.067500606
1188263024000, -0.052534413, 0.66828656, -0.06261369
1188268005000, -0.13469578, 0.61911196, -0.07147124
1188273003000, -0.1826487, 0.5885687, -0.08277224
1188278011000, -0.25289822, 0.5684101, -0.09590584
1188283010000, -0.30268374, 0.57910025, -0.11148291
1188288031000, -0.3491095, 0.5879578, -0.12705997
1188293110000, -0.39095375, 0.6093381, -0.15057829
1188298006000, -0.42210788, 0.62888575, -0.16187929
1188303008000, -0.45204028, 0.63804877, -0.1826487
1188308023000, -0.47433686, 0.64843345, -0.19792034
1188313015000, -0.50946164, 0.6737844, -0.20280726
1188318043000, -0.5384777, 0.71685034, -0.20769419
1188323044000, -0.569021, 0.7476991, -0.2012801
1188328104000, -0.6078109, 0.7987063, -0.20158553
1188333046000, -0.6160576, 0.86345804, -0.19608775
1188339317000, -0.6444628, 0.9477574, -0.16982053
1188343120000, -0.6597345, 0.96883225, -0.16035213
1188348041000, -0.6722572, 1.0030408, -0.13683382
1188353131000, -0.66981375, 1.0152581, -0.11453723
1188358113000, -0.6533204, 1.0290025, -0.07422013
1188363130000, -0.6585127, 1.0054842, -0.034208454
1188368027000, -0.6569856, 0.9651671, 0.008552114
1188373031000, -0.6469063, 0.8863655, 0.06169739
1188378054000, -0.61086524, 0.78801614, 0.099571034
1188383039000, -0.56382865, 0.6963864, 0.13408493
1188388028000, -0.49877146, 0.61361414, 0.14782938
1188393141000, -0.4147775, 0.55863625, 0.15821409
1188398056000, -0.32436943, 0.5369505, 0.16584991
1188403067000, -0.23945917, 0.5314528, 0.16249016
1188408154000, -0.19242255, 0.5338962, 0.13744467
1188413120000, -0.17440203, 0.53023106, 0.115453534
1188418047000, -0.18234327, 0.5149594, 0.093767814
1188423049000, -0.21166481, 0.4972443, 0.08277224
1188428045000, -0.21991149, 0.44806966, 0.06841691
1188433041000, -0.23640485, 0.39461896, 0.05955936
1188438023000, -0.267559, 0.3585779, 0.070554934
1188443689000, -0.30787608, 0.3032946, 0.07727446
1188448044000, -0.33017266, 0.23365596, 0.10598512
1188453067000, -0.36987892, 0.15790866, 0.1423316
1188458111000, -0.4120286, 0.062002823, 0.16829337
1188463117000, -0.4550946, -0.026572637, 0.204029
1188468049000, -0.49663344, -0.09712757, 0.23884831
1188473044000, -0.5235115, -0.14446963, 0.269697
1188478040000, -0.52870387, -0.17989981, 0.30787608
1188483039000, -0.5320636, -0.20708331, 0.33750305
1188488019000, -0.50518554, -0.20189096, 0.3717115
1188493044000, -0.46670106, -0.14905111, 0.3915646
1188498007000, -0.38148534, -0.059253927, 0.40439278
1188503046000, -0.28160888, 0.052534413, 0.41630468
1188508107000, -0.17623462, 0.160963, 0.42363504
1188513514000, -0.08307768, 0.2669481, 0.4370741
1188518046000, -0.016187929, 0.30940324, 0.45356745
1188523044000, 0.01985312, 0.37751472, 0.46181414
1188528040000, 0.017715093, 0.39675698, 0.49296826
1188533039000, 0.03390302, 0.41630468, 0.52595496
1188538213000, 0.063224554, 0.45265114, 0.56230146
1188543095000, 0.11484267, 0.5018258, 0.589485
1188548041000, 0.18020524, 0.5195409, 0.6337727
1188553045000, 0.2660318, 0.514654, 0.68844515
1188558168000, 0.3717115, 0.51007247, 0.752586
1188563156000, 0.4978552, 0.48716503, 0.80878556
1188568036000, 0.6087272, 0.44226643, 0.8943067
1188573040000, 0.70921457, 0.41905355, 0.97158116
1188578026000, 0.7690793, 0.36865717, 1.0161743
1188583169000, 0.79076505, 0.2941316, 1.035722
1188588018000, 0.816116, 0.20219639, 1.0595458
1188593097000, 0.8753699, 0.16035213, 1.0900891
1188598074000, 0.9877691, 0.17837265, 1.1233811
1188603041000, 1.1432343, 0.21930063, 1.1475104
1188608185000, 1.3423764, 0.34208453, 1.1600331
1188613055000, 1.5903877, 0.57360244, 1.1325442
1188618279000, 1.8887954, 0.8707884, 1.1038336
1188623046000, 2.1633792, 1.0009027, 1.1047498
1188628293000, 2.296548, 1.2235631, 1.1001683
1188633040000, 2.4727826, 1.3991868, 1.0965031
1188637990000, 2.5836546, 1.5427402, 1.0946705
1188643123000, 2.6175575, 1.6927075, 1.0943651
1188647962000, 2.5934284, 1.8356501, 1.0815369
1188653346000, 2.5283713, 1.9566014, 1.1270463
1188658085000, 2.4581218, 2.0384574, 1.2577715
1188663034000, 2.3796256, 2.0512855, 1.4083499
1188668038000, 2.1728477, 2.1255057, 1.5167783
1188673002000, 1.928807, 2.2058344, 1.5882497
1188678030000, 1.6869044, 2.2327125, 1.5635096
1188683029000, 1.4608842, 2.2467623, 1.5170839
1188688000000, 1.2672399, 2.2003367, 1.4340062
1188693012000, 1.0647382, 2.0567832, 1.3057245
1188697986000, 0.8564331, 1.8759671, 1.1951579
1188703038000, 0.68386364, 1.7195857, 1.1053606
1188708073000, 0.5467244, 1.606881, 1.0290025
1188713085000, 0.43493605, 1.5488489, 0.9636399
1188718002000, 0.3491095, 1.4569136, 0.92149025
1188723005000, 0.3100141, 1.3347405, 0.8268061
1188728042000, 0.22204952, 1.2116512, 0.75961095
1188733040000, 0.15882497, 1.1291844, 0.6795876
1188738326000, 0.094989546, 1.0842859, 0.5992588
1188743054000, 0.016493361, 1.0512991, 0.49846604
1188748048000, -0.083383106, 1.0064005, 0.410196
1188753032000, -0.1881465, 0.9465357, 0.3136793
1188758021000, -0.28099802, 0.86132, 0.21838433
1188763001000, -0.36163223, 0.77213365, 0.118507855
1188768779000, -0.41874814, 0.700357, 0.0143553335
1188772988000, -0.4654793, 0.5885687, -0.10751228
1188778019000, -0.49877146, 0.4642576, -0.21930063
1188783005000, -0.52290064, 0.31948254, -0.31642818
1188787983000, -0.50640726, 0.15057829, -0.41355577
1188793112000, -0.4605924, 0.018936822, -0.49510628
1188798007000, -0.40500367, -0.070554934, -0.5540548
1188803006000, -0.36926803, -0.07574729, -0.6239988
1188808180000, -0.33261612, 0.0018325958, -0.66645396
1188813024000, -0.32589662, 0.06078109, -0.68600166
1188818009000, -0.33017266, 0.14538592, -0.7104363
1188823011000, -0.31978795, 0.15607607, -0.7021896
1188828020000, -0.2510656, 0.12156218, -0.6795876
1188833004000, -0.1423316, 0.11209377, -0.65209866
1188838775000, -0.02107485, 0.23457226, -0.5897904
1188843028000, 0.14813483, 0.29871312, -0.5729916
1188848004000, 0.1777618, 0.44135013, -0.5479461
1188853018000, 0.20189096, 0.5833763, -0.5348125
1188858022000, 0.20830505, 0.6826419, -0.5045747
1188863112000, 0.21533, 0.72204274, -0.44990227
1188868005000, 0.2406809, 0.7425067, -0.3622431
1188872996000, 0.29138273, 0.7510588, -0.24312437
1188878012000, 0.35735616, 0.743423, -0.129198
1188882992000, 0.4266894, 0.7101309, -0.028710667
1188887976000, 0.42180246, 0.6747007, 0.076358154
1188893053000, 0.36254853, 0.6215554, 0.18234327
1188898002000, 0.26908615, 0.58276546, 0.28619036
1188903024000, 0.16798794, 0.5717699, 0.36651915
1188908262000, 0.08032878, 0.59131753, 0.42638394
1188913014000, -0.021685716, 0.6252206, 0.44409904
1188918000000, -0.0720821, 0.7431176, 0.44440445
1188922993000, -0.1695151, 0.90133166, 0.4578435
1188928009000, -0.3885103, 1.0781772, 0.51007247
1188933013000, -0.589485, 1.3191634, 0.5873469
1188937982000, -0.7974846, 1.5491543, 0.6432411
1188943062000, -0.97402465, 1.6914859, 0.6731735
1188948143000, -1.0690142, 1.7531832, 0.71837753
1188953004000, -1.0622946, 1.7290541, 0.745561
1188958047000, -0.9944886, 1.6740762, 0.77640975
1188963011000, -0.86742866, 1.6395624, 0.83077675
1188968189000, -0.71868294, 1.6236799, 0.89858276
1188972996000, -0.52473325, 1.5790867, 0.947452
1188978018000, -0.31245756, 1.5360206, 0.97310835
1188983006000, -0.110872045, 1.5149459, 1.0012082
1188988388000, 0.04520403, 1.5619824, 1.0070114
1188993010000, 0.15851954, 1.6279559, 1.0048733
1188998336000, 0.23548855, 1.6337591, 1.0045679
1189003017000, 0.3100141, 1.5265522, 1.0228939
1189008135000, 0.35979962, 1.3652838, 1.0189233
1189013030000, 0.39095375, 1.2953397, 1.0167851
1189017972000, 0.39950588, 1.1395692, 1.0177015
1189022991000, 0.4098906, 0.9950995, 1.0173961
1189028003000, 0.38698313, 0.820392, 1.006095
1189033003000, 0.34513888, 0.63255095, 0.99112886
1189037995000, 0.29016098, 0.42424592, 0.9621128
1189043026000, 0.22907446, 0.19394971, 0.91721416
1189048012000, 0.15668693, -0.004276057, 0.83658
1189053003000, 0.09865474, -0.16768251, 0.77488256
1189058086000, 0.01863139, -0.26267207, 0.7290677
1189063034000, -0.056199603, -0.321926, 0.6881397
1189067999000, -0.15454891, -0.28924468, 0.64751714
1189072984000, -0.2782491, -0.23732115, 0.6123924
1189077984000, -0.37843102, -0.16982053, 0.5839872
1189083003000, -0.4605924, -0.08277224, 0.5757405
1189087988000, -0.5381723, 0.008857546, 0.56230146
1189093854000, -0.59131753, 0.09773844, 0.5726862
1189098009000, -0.61361414, 0.1695151, 0.57910025
1189103010000, -0.6236934, 0.23579398, 0.57848936
1189108017000, -0.6282749, 0.25595254, 0.5879578
1189113005000, -0.6270532, 0.23884831, 0.5873469
1189118011000, -0.60139686, 0.21502456, 0.59528816
1189122981000, -0.59895337, 0.19914207, 0.600786
1189128013000, -0.59315014, 0.16523905, 0.6062838
1189133004000, -0.57787853, 0.16615535, 0.61483586
1189137990000, -0.5635232, 0.1459968, 0.61544675
1189143011000, -0.535118, 0.12064589, 0.6221663
1189147972000, -0.50335294, 0.1133155, 0.62980205
1189153008000, -0.46303585, 0.12461651, 0.63071835
1189157970000, -0.45173484, 0.14996742, 0.6383542
1189163798000, -0.45142943, 0.19700404, 0.65301496
1189167987000, -0.42546764, 0.2761111, 0.6704246
1189172992000, -0.37323865, 0.36163223, 0.6560693
1189177979000, -0.31948254, 0.46609017, 0.65179324
1189182953000, -0.2782491, 0.55741453, 0.63499445
1189187986000, -0.2507602, 0.61300325, 0.61269784
1189192942000, -0.23243423, 0.6423248, 0.5766568
1189197997000, -0.23609942, 0.6417139, 0.54702985
1189202875000, -0.25503623, 0.6389651, 0.5348125
1189207955000, -0.27397305, 0.63713247, 0.48441613
1189212872000, -0.3100141, 0.6310238, 0.441961
1189217923000, -0.34574974, 0.6273586, 0.41386122
1189222923000, -0.3735441, 0.63621616, 0.3753767
1189227922000, -0.4071417, 0.6404922, 0.3399465
1189232924000, -0.4279111, 0.6084218, 0.31764993
1189237920000, -0.41416663, 0.58551437, 0.2941316
1189242928000, -0.4007276, 0.5891795, 0.2761111
1189247924000, -0.3857614, 0.6072, 0.2611449
1189253015000, -0.36743546, 0.63316184, 0.25350907
1189258075000, -0.36468655, 0.6389651, 0.2507602
1189263010000, -0.36713, 0.6441574, 0.26725355
1189268480000, -0.37018433, 0.65668017, 0.2574797
1189273025000, -0.37415496, 0.66767573, 0.26206118
1189278015000, -0.37110063, 0.7144069, 0.26511553
1189283135000, -0.38362336, 0.7788532, 0.25595254
1189288010000, -0.39828414, 0.8527679, 0.26083946
1189293020000, -0.40530908, 0.90224797, 0.2275473
1189298003000, -0.4202753, 0.93676186, 0.22968534
1189302965000, -0.4392121, 0.95081174, 0.22357668
1189308000000, -0.44318274, 0.99204516, 0.19181168
1189313048000, -0.47067168, 0.9950995, 0.16707164
1189318003000, -0.49968776, 0.9776898, 0.16462818
1189322993000, -0.548557, 0.93615097, 0.13408493
1189328011000, -0.6059783, 0.8533788, 0.098043874
1189333038000, -0.66737026, 0.77213365, 0.074830994
1189338238000, -0.71593404, 0.71959925, 0.07727446
1189343034000, -0.7816021, 0.68783426, 0.07513642
1189348038000, -0.82619524, 0.63713247, 0.05131268
1189353040000, -0.893085, 0.59773165, 0.04734206
1189358065000, -0.93584555, 0.5516113, 0.06291912
1189363050000, -0.9611965, 0.48655418, 0.045814894
1189368037000, -0.97402465, 0.39522982, 0.01160644
1189372990000, -0.9850202, 0.30604348, -0.00580322
1189377980000, -0.97433007, 0.2574797, 0.014049901
1189383015000, -0.9801333, 0.24098633, 0.015577064
1189387988000, -0.98624194, 0.23182335, 0.01863139
1189393019000, -1.0241156, 0.21746802, 0.01863139
1189398034000, -1.0458013, 0.19120082, 0.021380283
1189403024000, -1.0665708, 0.17562376, 0.018936822
1189408005000, -1.0897835, 0.15699236, 0.018020526
1189413006000, -1.1218541, 0.13103059, 0.013439035
1189417935000, -1.1609493, 0.11728613, 0.0076358155
1189423035000, -1.1636983, 0.13591751, 0.009468411
1189427936000, -1.1896601, 0.17531833, 0.009773844
1189433036000, -1.2168436, 0.18020524, 0.014660766
1189438001000, -1.2437216, 0.14049901, 0.016187929
1189443061000, -1.2608259, 0.07544186, 0.022602014
1189448006000, -1.2782356, 0.01160644, 0.021380283
1189453766000, -1.2935071, -0.082161374, 0.023823744
1189458029000, -1.2977833, -0.20219639, 0.023518313
1189463032000, -1.2846496, -0.3191771, 0.009773844
1189468007000, -1.2538009, -0.42546764, 0.011911872
1189473040000, -1.2253957, -0.48533243, 0.029321533
1189477951000, -1.1768318, -0.49602258, 0.044898596
1189483033000, -1.1429288, -0.4633413, 0.06841691
1189487969000, -1.1349876, -0.39553526, 0.07452556
1189493079000, -1.1291844, -0.3109304, 0.09132435
1189497939000, -1.133155, -0.25992316, 0.095294975
1189503030000, -1.1414018, -0.13072516, 0.10567969
1189508107000, -1.1475104, -0.011301007, 0.10873401
1189513039000, -1.1319333, 0.07452556, 0.11301007
1189518016000, -1.1194105, 0.12644911, 0.09132435
1189523715000, -1.0922271, 0.119729586, 0.071776666
1189528050000, -1.054048, 0.048563786, 0.06414085
1189533031000, -1.028697, -0.0106901415, 0.065973446
1189538016000, -0.96669424, -0.06688975, 0.06566802
1189543077000, -0.9211848, -0.10873401, 0.082161374
1189548037000, -0.8546005, -0.08093964, 0.08307768
1189553039000, -0.8038987, 0.015271631, 0.10048734
1189558288000, -0.729984, 0.13561209, 0.129198
1189563041000, -0.6872234, 0.25320363, 0.15393804
1189568024000, -0.6649268, 0.36132678, 0.17470746
1189572995000, -0.6270532, 0.52503866, 0.20616703
1189578070000, -0.57696223, 0.70005155, 0.24648413
1189582982000, -0.5540548, 0.8384125, 0.29138273
1189588040000, -0.50243664, 0.93218035, 0.31673363
1189593506000, -0.46609017, 1.0430524, 0.32895094
1189598006000, -0.4266894, 1.1023064, 0.32162055
1189602955000, -0.40194935, 1.2449434, 0.32620203
1189608075000, -0.33078352, 1.400714, 0.3387248
1189612939000, -0.26236662, 1.5274686, 0.35094208
1189618040000, -0.19547687, 1.6694947, 0.42638394
1189622988000, -0.12889257, 1.8002199, 0.5308419
1189628045000, -0.08032878, 1.8689423, 0.6395759
1189632992000, -0.03970624, 1.8570304, 0.74372846
1189638006000, -0.040011674, 1.78617, 0.76174897
1189643091000, -0.08155051, 1.672549, 0.73456544
1189648037000, -0.1459968, 1.5314392, 0.70402217
1189653024000, -0.23365596, 1.3460416, 0.677755
1189658183000, -0.3268129, 1.1499538, 0.61483586
1189663214000, -0.37323865, 0.94134337, 0.5342017
1189668037000, -0.42210788, 0.7415904, 0.48533243
1189672961000, -0.4654793, 0.58368176, 0.48899764
1189678045000, -0.5119051, 0.44715336, 0.4972443
1189682940000, -0.57757306, 0.29871312, 0.50671273
1189688028000, -0.68539083, 0.07941248, 0.54428095
1189692998000, -0.8359691, -0.002443461, 0.473726
1189698009000, -0.98624194, -0.13622294, 0.4175264
1189702993000, -1.0558805, -0.19761491, 0.28527406
1189708032000, -1.178359, -0.24831672, 0.20647246
1189713013000, -1.2852604, -0.31520647, 0.15393804
1189718032000, -1.368949, -0.44440445, 0.122478485
1189723034000, -1.45783, -0.6169739, 0.11789699
1189728040000, -1.5030339, -0.7892379, 0.115453534
1189733055000, -1.5415184, -0.93279123, 0.099265605
1189739299000, -1.582141, -1.0604621, 0.09407325
1189743082000, -1.6588045, -1.0958922, 0.10140363
1189748040000, -1.6777414, -1.1963795, 0.118507855
1189753054000, -1.7131716, -1.2834278, 0.14508049
1189758070000, -1.7540996, -1.3466524, 0.1826487
1189763042000, -1.8041905, -1.4080443, 0.22204952
1189768041000, -1.8365663, -1.4608842, 0.25289822
1189773040000, -1.8793269, -1.5381587, 0.29932398
1189778031000, -1.8811595, -1.6178766, 0.3286455
1189783040000, -1.8472565, -1.6526959, 0.36987892
1189788030000, -1.7858646, -1.640784, 0.40378192
1189793073000, -1.7012597, -1.6154331, 0.43188173
1189798009000, -1.6303993, -1.525636, 0.44868052
1189803066000, -1.602605, -1.3866642, 0.4654793
1189808057000, -1.5842791, -1.2687671, 0.43401974
1189813033000, -1.6038266, -1.1670581, 0.4016439
1189818023000, -1.597718, -1.1145236, 0.36560285
1189823020000, -1.5326608, -0.9972375, 0.36713
1189828050000, -1.4538593, -0.8689558, 0.37904188
1189833039000, -1.3839152, -0.7290677, 0.4016439
1189838011000, -1.3313808, -0.58459806, 0.4111123
1189843087000, -1.2886202, -0.35124752, 0.43982297
1189848488000, -1.244027, -0.058948494, 0.47494772
1189853069000, -1.2027937, 0.2489276, 0.49327368
1189858027000, -1.1523973, 0.5662721, 0.50610185
1189863045000, -1.0919216, 0.8194757, 0.5271767
1189868019000, -1.0369438, 0.9993755, 0.54458636
1189873039000, -1.0048733, 1.0946705, 0.5571091
1189877952000, -0.97249746, 1.1123856, 0.56382865
1189883042000, -0.9621128, 1.1426234, 0.5558874
1189887950000, -0.9841039, 1.171945, 0.5555819
1189893063000, -1.0033462, 1.2486086, 0.54336464
1189897934000, -1.0525209, 1.3481796, 0.5421429
1189903078000, -1.1081096, 1.4114041, 0.5338962
1189907992000, -1.1221595, 1.4034629, 0.5186246
1189913039000, -1.0845913, 1.3472633, 0.50915617
1189917949000, -1.0372492, 1.2589933, 0.49571714
1189923042000, -0.9963212, 1.1426234, 0.48808134
1189927995000, -0.95111716, 1.0534371, 0.46914452
1189933029000, -0.9440922, 0.9660834, 0.4642576
1189938016000, -0.91232723, 0.82741696, 0.4538729
1189943062000, -0.8762862, 0.6942484, 0.44929138
1189948012000, -0.8594874, 0.5479461, 0.4538729
1189953085000, -0.84513205, 0.37843102, 0.45112398
1189958050000, -0.8142834, 0.24678956, 0.47403142
1189963033000, -0.7806858, 0.17959438, 0.48747048
1189968213000, -0.75594574, 0.172264, 0.49602258
1189973027000, -0.7275405, 0.2501493, 0.5155703
1189978358000, -0.7351763, 0.33322698, 0.528093
1189983035000, -0.73945236, 0.36346483, 0.5448918
1189988285000, -0.7535023, 0.35369098, 0.5488624
1189993133000, -0.7666359, 0.3549127, 0.56046885
1189997940000, -0.78954333, 0.33108896, 0.5671884
1190003087000, -0.82711154, 0.30024028, 0.57879484
1190008018000, -0.8341365, 0.23426682, 0.5839872
1190013041000, -0.81000733, 0.1731803, 0.5867361
1190018040000, -0.77946407, 0.11148291, 0.56107974
1190023030000, -0.7498371, 0.07880162, 0.5357288
1190028055000, -0.72509706, 0.08093964, 0.52320606
1190033026000, -0.72051555, 0.1020145, 0.50976706
1190038035000, -0.7443393, 0.14905111, 0.52106804
1190043108000, -0.7791586, 0.18600847, 0.5525276
1190048040000, -0.7965683, 0.20677789, 0.5537493
1190053085000, -0.8231409, 0.23335053, 0.5705481
1190058073000, -0.84849185, 0.25961772, 0.57879484
1190063037000, -0.8546005, 0.28405234, 0.5876524
1190068045000, -0.8512407, 0.27183503, 0.593761
1190073024000, -0.86926126, 0.27275133, 0.6093381
1190078023000, -0.8735373, 0.28771752, 0.6221663
1190083041000, -0.88056225, 0.30115658, 0.636827
1190088026000, -0.8732319, 0.29840767, 0.6386596
1190093054000, -0.86315256, 0.2843578, 0.6356053
1190098005000, -0.8472701, 0.25411993, 0.64812803
1190103044000, -0.84696466, 0.22204952, 0.6597345
1190108072000, -0.8741482, 0.21930063, 0.6759224
1190113005000, -0.9049969, 0.19028452, 0.6765333
1190118004000, -0.9334021, 0.12644911, 0.70096785
1190122980000, -0.97341377, 0.04153884, 0.71685034
1190128023000, -1.0164797, -0.057726767, 0.72265357
1190133002000, -1.0360274, -0.12339478, 0.73914695
1190139370000, -1.0363328, -0.18600847, 0.74281216
1190142996000, -1.0091494, -0.22510384, 0.75441855
1190147967000, -0.94989544, -0.2678644, 0.7431176
1190152962000, -0.9007208, -0.30604348, 0.71959925
1190158001000, -0.84879726, -0.3381139, 0.7098254
1190162970000, -0.7831292, -0.3555236, 0.6844745
1190167963000, -0.7254025, -0.38331795, 0.6621779
1190173592000, -0.65668017, -0.3735441, 0.62888575
1190177973000, -0.5687156, -0.39187005, 0.59589905
1190182974000, -0.47891834, -0.40775254, 0.5656612
1190187993000, -0.43493605, -0.42394048, 0.56199604
1190192944000, -0.3277292, -0.42149702, 0.55833083
1190197979000, -0.22082779, -0.39187005, 0.56016344
1190202876000, -0.16493362, -0.3555236, 0.5665775
1190208021000, -0.14263703, -0.3323107, 0.57360244
1190212870000, -0.13927728, -0.3222314, 0.5821546
1190217920000, -0.16249016, -0.3304781, 0.5928447
1190222936000, -0.19761491, -0.3481932, 0.57818395
1190227939000, -0.21868975, -0.37720928, 0.5867361
1190232880000, -0.26053402, -0.4092797, 0.61483586
1190237912000, -0.28619036, -0.4437936, 0.6374379
1190242897000, -0.31123585, -0.5143485, 0.66553766
1190247923000, -0.34605515, -0.6041457, 0.7125743
1190252972000, -0.3753767, -0.6918049, 0.754724
1190257989000, -0.40622538, -0.7742717, 0.81581056
1190262990000, -0.44990227, -0.82894415, 0.8744536
1190268041000, -0.4914411, -0.8374963, 0.9443977
1190273086000, -0.5564982, -0.8032878, 1.0280862
1190278049000, -0.6365216, -0.74067414, 1.0937542
1190282990000, -0.6927212, -0.6951646, 1.1346822
1190287987000, -0.7333437, -0.6246097, 1.2113458
1190293279000, -0.820392, -0.5705481, 1.2928963
1190298012000, -0.90285885, -0.550695, 1.3588698
1190303224000, -0.99265605, -0.5571091, 1.4208726
1190308052000, -1.0473285, -0.5546656, 1.4636332
1190313055000, -1.0986412, -0.5326745, 1.4978416
1190318103000, -1.1239921, -0.5103779, 1.5140295
1190323014000, -1.1664472, -0.49846604, 1.5091426
1190328044000, -1.1835514, -0.46578476, 1.5012014
1190332941000, -1.180497, -0.4034765, 1.4929546
1190338199000, -1.1695015, -0.31703907, 1.4795157
1190343042000, -1.1588113, -0.24862215, 1.4587462
1190348009000, -1.1328496, -0.17837265, 1.428203
1190352983000, -1.106277, -0.116980694, 1.3988814
1190358554000, -1.0708468, -0.07544186, 1.3738359
1190363016000, -1.0393872, -0.059864793, 1.3588698
1190368004000, -1.026559, -0.08582657, 1.3472633
1190373040000, -1.0051788, -0.12308934, 1.3359623
1190378045000, -0.97433007, -0.1469131, 1.3182472
1190383060000, -0.956615, -0.18997909, 1.3197744
1190388040000, -0.9465357, -0.23060162, 1.321607
1190393066000, -0.93309665, -0.22632557, 1.31672
1190398012000, -0.92271197, -0.20891592, 1.3393221
1190403021000, -0.9083566, -0.13744467, 1.3716979
1190408133000, -0.88117313, -0.12583824, 1.395827
1190413039000, -0.81336707, -0.09040806, 1.4175128
1190418035000, -0.74067414, -0.05375614, 1.432479
1190423030000, -0.69974613, -0.023518313, 1.4477507
1190428031000, -0.66950834, 9.162979E-4, 1.4822645
1190433032000, -0.6914995, 0.018020526, 1.4920384
1190438083000, -0.7058548, 0.033292156, 1.543351
1190443013000, -0.7101309, 0.056505036, 1.5662584
1190448059000, -0.66950834, 0.07849618, 1.5247196
1190452980000, -0.61758476, 0.0870483, 1.5399913
1190458134000, -0.5897904, 0.10934488, 1.5836681
1190462952000, -0.57757306, 0.12034045, 1.6578883
1190468027000, -0.5882632, 0.14019357, 1.6710218
1190472985000, -0.59406644, 0.1432479, 1.6835446
1190478032000, -0.57910025, 0.113926366, 1.7101172
1190482957000, -0.5751296, 0.05681047, 1.7296649
1190488035000, -0.5329799, -0.0033597588, 1.7602082
1190493063000, -0.5039638, -0.05497787, 1.7870862
1190498612000, -0.47494772, -0.09987647, 1.8072448
1190502993000, -0.45234573, -0.12492194, 1.8270979
1190508058000, -0.4370741, -0.14752395, 1.851838
1190512989000, -0.40744713, -0.16218472, 1.8726074
1190518040000, -0.3622431, -0.17592919, 1.8872682
1190523281000, -0.32253686, -0.20769419, 1.8955148
1190528042000, -0.25320363, -0.24648413, 1.9275852
1190533473000, -0.18173242, -0.28863382, 1.9498819
1190538522000, -0.11209377, -0.34025195, 1.9941696
1190543006000, -0.03023783, -0.38698313, 2.043955
1190548043000, 0.051618114, -0.40408736, 2.0857995
1190552985000, 0.1441642, -0.32742378, 2.1135938
1190558016000, 0.22815818, -0.20861048, 2.116648
1190563013000, 0.31398472, -0.08735373, 2.1209242
1190568598000, 0.376293, 0.002443461, 2.1041253
1190572980000, 0.4352415, 0.027794369, 2.1209242
1190578028000, 0.47678033, 0.040011674, 2.1551325
1190583039000, 0.48747048, -0.005497787, 2.1560488
1190588036000, 0.50579643, -0.084910266, 2.1591032
1190593087000, 0.5155703, -0.1432479, 2.1181753
1190598006000, 0.5222898, -0.160963, 2.0992384
1190603036000, 0.516792, -0.12858713, 2.0390682
1190608053000, 0.5305365, -0.037873644, 2.0048597
1190613025000, 0.5155703, 0.058643065, 1.996613
1190618035000, 0.50579643, 0.18906279, 1.9413297
1190623042000, 0.50610185, 0.29077184, 1.9080375
1190628043000, 0.50488013, 0.35124752, 1.9162843
1190633038000, 0.5002986, 0.38728857, 1.8961257
1190638502000, 0.50610185, 0.41416663, 1.8484782
1190643112000, 0.5222898, 0.46822822, 1.8503108
1190648040000, 0.52015173, 0.5222898, 1.813048
1190653048000, 0.5195409, 0.6035349, 1.790446
1190658026000, 0.5207626, 0.6918049, 1.7803668
1190663044000, 0.5198463, 0.7797695, 1.7693712
1190668032000, 0.50488013, 0.86315256, 1.7638733
1190673028000, 0.48380527, 0.904386, 1.7537941
1190678033000, 0.46975538, 0.9486737, 1.7486018
1190683028000, 0.43585235, 0.96669424, 1.7351627
1190687979000, 0.40683624, 0.9505063, 1.7235563
1190693066000, 0.37110063, 0.90408057, 1.6951511
1190697966000, 0.32345316, 0.86101454, 1.6841555
1190703040000, 0.2660318, 0.8042041, 1.6374242
1190708173000, 0.20922135, 0.7602218, 1.5818355
1190713045000, 0.15974127, 0.7458665, 1.5238034
1190717955000, 0.10873401, 0.73761976, 1.4636332
1190723039000, 0.05009095, 0.7476991, 1.4138476
1190727979000, 0.004581489, 0.8011498, 1.3603969
1190733039000, -0.054367006, 0.88025683, 1.3133603
1190739272000, -0.11484267, 0.9941832, 1.3026701
1190743101000, -0.16035213, 1.0815369, 1.318858
1190748005000, -0.20677789, 1.1606439, 1.3234396
1190753026000, -0.2501493, 1.2140946, 1.3133603
1190758055000, -0.27580565, 1.2144, 1.3255776
1190763044000, -0.27855456, 1.1533136, 1.3277156
1190767970000, -0.25717425, 1.1175779, 1.3326025
1190773031000, -0.20769419, 1.0012082, 1.3292428
1190778032000, -0.1872302, 0.8536842, 1.3185526
1190783044000, -0.15790866, 0.72326446, 1.2968669
1190788034000, -0.12186762, 0.589485, 1.2565498
1190793100000, -0.07727446, 0.50426924, 1.2147056
1190798008000, -0.046120327, 0.42241332, 1.1499538
1190803043000, -0.013133603, 0.37048978, 1.0937542
1190808056000, 0.027183503, 0.3417791, 1.024421
1190813049000, 0.0720821, 0.36743546, 0.93309665
1190818041000, 0.09132435, 0.35216382, 0.8723156
1190823693000, 0.12950343, 0.34422258, 0.818254
1190828048000, 0.17837265, 0.33964106, 0.7629707
1190833038000, 0.21074851, 0.29565877, 0.73792523
1190838028000, 0.2678644, 0.2574797, 0.72143185
1190843133000, 0.33444872, 0.26083946, 0.68416905
1190848043000, 0.3943135, 0.28893927, 0.61361414
1190853035000, 0.39767328, 0.31306845, 0.5589417
1190858271000, 0.40622538, 0.31215215, 0.5036584
1190863040000, 0.41080686, 0.2764165, 0.44929138
1190868026000, 0.39950588, 0.23640485, 0.39950588
1190873027000, 0.40561453, 0.16035213, 0.37934732
1190878047000, 0.4166101, 0.07880162, 0.33078352
1190883036000, 0.4370741, -0.004581489, 0.27977628
1190887984000, 0.46089783, -0.08979719, 0.23335053
1190893775000, 0.5012149, -0.22907446, 0.1591304
1190898007000, 0.56505036, -0.28069258, 0.12980886
1190902998000, 0.5833763, -0.3839288, 0.089186326
1190908005000, 0.62796944, -0.5216789, 0.051923547
1190913031000, 0.66706485, -0.68019843, 0.021380283
1190918039000, 0.72326446, -0.8332202, -0.032375857
1190923002000, 0.786489, -0.9669997, -0.028710667
1190928088000, 0.8445212, -1.0567969, -0.019547688
1190932976000, 0.91813046, -1.1078042, 0.0021380284
1190938023000, 0.96669424, -1.1527027, 0.0106901415
1190942989000, 1.0128145, -1.1795808, 0.009162978
1190948020000, 1.0494665, -1.1927143, 6.1086525E-4
1190952931000, 1.0531317, -1.1927143, -0.01985312
1190957992000, 1.0644327, -1.1759156, -0.055283304
1190963477000, 1.0690142, -1.1438452, -0.087964594
1190968044000, 1.0690142, -1.1218541, -0.12339478
1190973004000, 1.0592403, -1.0677924, -0.14508049
1190978046000, 1.054048, -0.9972375, -0.19761491
1190983008000, 1.0451905, -0.91782504, -0.24312437
1190988013000, 1.0421361, -0.8170323, -0.29718593
1190992980000, 1.022283, -0.7067711, -0.32650748
1190998013000, 1.0115929, -0.59406644, -0.3643811
1191003049000, 0.97524637, -0.49480084, -0.40011674
1191008016000, 0.9419542, -0.40683624, -0.43676865
1191013235000, 0.91813046, -0.3213151, -0.47403142
1191018009000, 0.87598073, -0.24984388, -0.5006041
1191023208000, 0.82436264, -0.19333886, -0.5213735
1191028016000, 0.77854776, -0.15974127, -0.5320636
1191033109000, 0.7464773, -0.17989981, -0.5235115
1191037988000, 0.72265357, -0.22907446, -0.53786683
1191043006000, 0.70280045, -0.3399465, -0.5412266
1191048008000, 0.67347896, -0.48624873, -0.5717699
1191052937000, 0.66523224, -0.63224554, -0.5849035
1191058034000, 0.64904433, -0.729984, -0.61758476
1191063011000, 0.63438356, -0.754724, -0.65209866
1191068006000, 0.61422503, -0.7648033, -0.6753115
1191072987000, 0.61575216, -0.74036866, -0.7287622
1191078010000, 0.57971114, -0.689056, -0.77946407
1191083005000, 0.54458636, -0.6075055, -0.81122905
1191087964000, 0.50671273, -0.5128214, -0.8353582
1191093018000, 0.464563, -0.40530908, -0.8533788
1191098003000, 0.41813725, -0.30940324, -0.8533788
1191103006000, 0.37384954, -0.25289822, -0.83169305
1191108002000, 0.35613444, -0.24678956, -0.8179486
1191113013000, 0.33383787, -0.2724459, -0.8026769
1191118004000, 0.32834008, -0.32467487, -0.7742717
1191122994000, 0.3191771, -0.39400807, -0.7699956
1191128001000, 0.30818152, -0.48747048, -0.76052725
1191133006000, 0.29138273, -0.57451874, -0.75441855
1191137981000, 0.27091873, -0.64996064, -0.7703011
1191142997000, 0.27916542, -0.7156286, -0.7846564
1191147967000, 0.3032946, -0.7489208, -0.80909103
1191152966000, 0.34238997, -0.79473567, -0.84757555
1191158537000, 0.3811799, -0.8323039, -0.8741482
1191162972000, 0.41325033, -0.8304713, -0.8894198
1191167986000, 0.4184427, -0.8020661, -0.9126327
1191172983000, 0.419359, -0.77121735, -0.93309665
1191177954000, 0.42821655, -0.71685034, -0.95417154
1191182996000, 0.42180246, -0.625526, -0.9630291
1191187961000, 0.41325033, -0.50701815, -0.977079
1191192977000, 0.41141775, -0.3640757, -0.9975429
1191197942000, 0.39584067, -0.23762658, -1.003957
1191203004000, 0.3866777, -0.14263703, -1.0238101
1191208001000, 0.36743546, -0.06658431, -1.0149527
1191213012000, 0.34055737, -0.019242255, -1.001819
1191218494000, 0.29657507, 0.004581489, -0.98349303
1191222978000, 0.22540927, 0.021991149, -0.9575313
1191228015000, 0.1432479, 0.044898596, -0.9233228
1191233003000, 0.089186326, 0.14446963, -0.80939645
1191237983000, 0.020158553, 0.33108896, -0.61575216
1191242996000, -0.160963, 0.6123924, -0.44623706
1191248008000, -0.38728857, 0.8927795, -0.2706133
1191253051000, -0.6258314, 1.1462886, -0.069027774
1191258025000, -0.8775079, 1.3396275, 0.12736541
1191262940000, -1.1560625, 1.4123205, 0.22540927
1191268003000, -1.2928963, 1.4178182, 0.41233405
1191272951000, -1.5427402, 1.2046263, 0.5357288
1191278017000, -1.6258179, 0.81000733, 0.50946164
1191282958000, -1.5265522, 0.43004912, 0.45998153
1191288012000, -1.2983941, 0.3463606, 0.3839288
1191293032000, -1.0247264, 0.45906523, 0.24129178
1191298004000, -0.7840455, 0.8167268, 0.08155051
1191303003000, -0.5833763, 1.1808025, -0.020158553
1191308017000, -0.4605924, 1.4208726, -0.11728613
1191313319000, -0.39400807, 1.4944818, -0.1872302
1191318010000, -0.31673363, 1.3967434, -0.2434298
1191322989000, -0.22021692, 1.1346822, -0.26358834
1191328013000, -0.102319926, 0.763887, -0.2669481
1191332991000, 0.00580322, 0.4007276, -0.2706133
1191338017000, 0.08582657, 0.09285152, -0.25289822
1191342985000, 0.12217305, -0.17256944, -0.23182335
1191348006000, 0.14263703, -0.3726278, -0.20433442
1191353151000, 0.12950343, -0.528093, -0.1853976
1191358312000, 0.0983493, -0.63163465, -0.1704314
1191362981000, 0.058948494, -0.66981375, -0.15790866
1191368003000, 0.03604105, -0.7275405, -0.12492194
1191372961000, 0.008857546, -0.77396625, -0.087964594
1191378012000, -0.024740042, -0.80909103, -0.042455133
1191382944000, -0.067500606, -0.83291477, 0.004886922
1191387986000, -0.11209377, -0.8344419, 0.03359759
1191392998000, -0.15057829, -0.7993172, 0.04734206
1191398006000, -0.17898351, -0.7113526, 0.02321288
1191402936000, -0.23090707, -0.5885687, -0.0015271631
1191407998000, -0.28252518, -0.4392121, -0.017715093
1191413028000, -0.321926, -0.29535335, -0.025350908
1191418035000, -0.34697145, -0.20158553, -0.01740966
1191423048000, -0.35185838, -0.1133155, -0.021380283
1191428044000, -0.3576616, -0.07147124, -0.017715093
1191433040000, -0.34605515, -0.038179077, -0.023518313
1191438038000, -0.3191771, -0.008552114, -0.017715093
1191443086000, -0.26847526, 0.014966198, -0.008246681
1191448017000, -0.21533, 0.029321533, -0.003970624
1191453040000, -0.16249016, 0.015577064, 6.1086525E-4
1191458059000, -0.12339478, -0.008552114, 9.162979E-4
1191463060000, -0.09590584, -0.021380283, 0.0027488936
1191468028000, -0.05375614, -0.043676864, 0.0027488936
1191473009000, -0.0421497, -0.09162979, -0.00580322
1191478046000, -0.03145956, -0.122478485, -0.011301007
1191483041000, -0.02321288, -0.15027285, -0.014660766
1191488021000, -0.0033597588, -0.17104226, -0.0125227375
1191493103000, 0.022907447, -0.17440203, -0.0143553335
1191497940000, 0.04337143, -0.18967366, -0.008857546
1191503041000, 0.0571159, -0.18906279, 0.0027488936
1191508100000, 0.06780604, -0.18906279, 0.008552114
1191513017000, 0.081855945, -0.17501289, 0.016187929
1191518003000, 0.07147124, -0.16615535, 0.016798794
1191522992000, 0.07819075, -0.13591751, 0.018936822
1191528005000, 0.06505715, -0.12095132, 0.022602014
1191533038000, 0.0571159, -0.08460484, 0.028710667
1191538019000, 0.055588737, -0.042455133, 0.027794369
1191543617000, 0.058643065, -0.012217305, 0.0421497
1191548057000, 0.062308256, 0.025045475, 0.03848451
1191553036000, 0.057421334, 0.040927973, 0.04520403
1191558108000, 0.06841691, 0.061391957, 0.043066
1191563013000, 0.06994407, 0.09682214, 0.044593163
1191568341000, 0.06658431, 0.115453534, 0.062308256
1191572989000, 0.06994407, 0.12980886, 0.06352998
1191578202000, 0.08399397, 0.14355333, 0.064446285
1191583006000, 0.08002335, 0.15485434, 0.06505715
1191588396000, 0.06169739, 0.15607607, 0.07147124
1191593034000, 0.053145275, 0.1572978, 0.067500606
1191597972000, 0.04642576, 0.15699236, 0.06505715
1191603002000, 0.045814894, 0.14935656, 0.06872234
1191607970000, 0.026572637, 0.13408493, 0.06047566
1191613705000, 0.012217305, 0.10781772, 0.06780604
1191617938000, 0.013439035, 0.081855945, 0.054061573
1191623032000, -0.0070249503, 0.061391957, 0.052839845
1191627948000, -0.0036651916, 0.040317107, 0.04520403
1191633040000, -0.01160644, 0.020158553, 0.04337143
1191637965000, -0.010079277, -0.0012217305, 0.035124753
1191643101000, -0.008857546, -0.016493361, 0.03145956
1191648002000, -6.1086525E-4, -0.016798794, 0.03756821
1191653042000, 0.009468411, -0.02321288, 0.03756821
1191657969000, 0.015577064, -0.026267206, 0.035124753
1191663045000, 0.021380283, -0.02321288, 0.03390302
1191668042000, 0.033292156, -0.01740966, 0.033292156
1191672970000, 0.040317107, -0.009162978, 0.029321533
1191678022000, 0.03940081, -0.0018325958, 0.030543262
1191682959000, 0.04734206, 0.007330383, 0.03481932
1191688002000, 0.042455133, 0.015577064, 0.038789943
1191693023000, 0.03848451, 0.028710667, 0.03756821
1191698014000, 0.033292156, 0.03481932, 0.03848451
1191703032000, 0.027794369, 0.022907447, 0.041233405
1191708028000, 0.03604105, 0.032375857, 0.048563786
1191712978000, 0.021380283, 0.03145956, 0.046120327
1191718007000, 0.025961773, 0.045814894, 0.04642576
1191722985000, 0.0143553335, 0.04520403, 0.041233405
1191728010000, 0.0067195175, 0.033292156, 0.043066
1191733006000, 0.0036651916, 0.038179077, 0.039095376
1191738036000, 0.0018325958, 0.03604105, 0.03756821
1191743038000, 0.0012217305, 0.038789943, 0.03604105
1191748004000, 0.005192355, 0.03359759, 0.027183503
1191753042000, -0.006414085, 0.042760566, 0.027183503
1191758028000, -0.0027488936, 0.047036625, 0.02107485
1191763036000, -0.01160644, 0.04520403, 0.030848695
1191768046000, -0.013439035, 0.04062254, 0.025350908
1191773008000, -0.01160644, 0.05100725, 0.02107485
1191778045000, -0.012217305, 0.062002823, 0.025045475
1191783002000, -0.020158553, 0.06963864, 0.01985312
1191788032000, -0.013439035, 0.0729984, 0.018020526
1191792973000, -0.024740042, 0.07727446, 0.016798794
1191798011000, -0.024740042, 0.07819075, 0.013744468
1191802932000, -0.03268129, 0.08155051, 0.010995574
1191808050000, -0.034513887, 0.084910266, 0.019547688
1191812938000, -0.033292156, 0.092240654, 0.020463986
1191818039000, -0.028405234, 0.0870483, 0.019242255
1191823005000, -0.036651913, 0.07727446, 0.020158553
1191827984000, -0.03604105, 0.079107046, 0.018325957
1191832969000, -0.042760566, 0.07238753, 0.018325957
1191838014000, -0.04337143, 0.07147124, 0.02076942
1191843042000, -0.032375857, 0.058337633, 0.014966198
1191848082000, -0.03940081, 0.06169739, 0.015577064
1191853005000, -0.034513887, 0.053450707, 0.015577064
1191858015000, -0.048563786, 0.04184427, 0.01740966
1191863020000, -0.045814894, 0.023823744, 0.014966198
1191868604000, -0.03970624, 0.018325957, 0.012217305
1191872994000, -0.034513887, 0.025350908, 0.014660766
1191878014000, -0.03604105, 0.005192355, 0.012217305
1191882981000, -0.03634648, -0.01038471, 0.0076358155
1191888002000, -0.03176499, -0.028099801, 0.0076358155
1191893014000, -0.024740042, -0.039095376, -6.1086525E-4
1191898016000, -0.016798794, -0.051923547, 6.1086525E-4
1191903051000, -0.01740966, -0.064751714, -0.0061086523
1191908009000, -0.025350908, -0.07880162, -6.1086525E-4
1191912999000, -0.023823744, -0.095294975, -0.0021380284
1191918005000, -0.02076942, -0.11484267, -0.01038471
1191922979000, -0.0106901415, -0.12003502, -0.0143553335
1191928015000, -0.017715093, -0.1282817, -0.015271631
1191932999000, -0.018936822, -0.13072516, -0.01160644
1191938046000, -0.034513887, -0.122783914, -0.0070249503
1191943120000, -0.036957346, -0.12614368, -0.013744468
1191948132000, -0.03176499, -0.12583824, -0.016187929
1191953039000, -0.034513887, -0.12156218, -0.014049901
1191958079000, -0.033292156, -0.11759156, -0.01282817
1191963052000, -0.03604105, -0.10842858, -0.015882496
1191968003000, -0.055588737, -0.10323623, -0.018936822
1191972994000, -0.05222898, -0.09285152, -0.016187929
1191978042000, -0.05222898, -0.09040806, -0.019547688
1191983027000, -0.05681047, -0.08399397, -0.016493361
1191988027000, -0.06780604, -0.07147124, -0.013744468
1191993107000, -0.06536258, -0.06505715, -0.018020526
1191998007000, -0.062308256, -0.06078109, -0.014660766
1192003003000, -0.06780604, -0.05131268, -0.014660766
1192007985000, -0.05589417, -0.04337143, -0.01863139
1192013042000, -0.06047566, -0.029626964, -0.017715093
1192018000000, -0.056199603, -0.028405234, -0.010995574
1192023020000, -0.053145275, -0.0290161, -0.008552114
1192028001000, -0.056199603, -0.027794369, -0.008552114
1192033042000, -0.04520403, -0.028099801, -0.012217305
1192038142000, -0.043066, -0.030543262, -0.011301007
1192044865000, -0.043066, -0.034513887, -0.003970624
1192048521000, -0.057726767, -0.037873644, -0.004276057
1192053101000, -0.054061573, -0.043066, -6.1086525E-4
1192058161000, -0.048563786, -0.042760566, -0.007941248
1192063016000, -0.05467244, -0.06047566, -0.0018325958
1192068012000, -0.047036625, -0.060170226, -0.0036651916
1192072985000, -0.04428773, -0.057726767, -0.003970624
1192078129000, -0.053450707, -0.061391957, -0.006414085
1192083036000, -0.044898596, -0.058337633, -0.0061086523
1192088024000, -0.047036625, -0.052534413, -0.0036651916
1192093073000, -0.047036625, -0.064751714, -0.0012217305
1192098006000, -0.03634648, -0.051923547, -0.004886922
1192103040000, -0.03756821, -0.04734206, -0.0036651916
1192108058000, -0.025961773, -0.029626964, -0.005497787
1192113015000, -0.033292156, -0.018936822, 0.0012217305
1192118003000, -0.03604105, -0.012217305, 0.0012217305
1192122994000, -0.028099801, 0.002443461, -0.005497787
1192128017000, -0.03176499, 0.003970624, 0.0027488936
1192133006000, -0.027488936, 0.010079277, -0.003970624
1192139279000, -0.03268129, 0.007330383, 0.0012217305
1192143025000, -0.032070424, 0.0076358155, 0.007330383
1192147965000, -0.03390302, 0.01985312, 0.007330383
1192152998000, -0.031154128, 0.014049901, -0.0018325958
1192158266000, -0.03390302, 0.022907447, 0.008246681
1192163015000, -0.034208454, 0.022296581, 0.0061086523
1192168121000, -0.035124753, 0.03359759, 0.010079277
1192172990000, -0.029321533, 0.034208454, 0.0076358155
1192178231000, -0.028710667, 0.036957346, 0.009162978
1192183007000, -0.023518313, 0.03970624, 0.014049901
1192188377000, -0.022296581, 0.03726278, 0.016493361
1192193756000, -0.017104227, 0.050396383, 0.0125227375
1192197948000, -0.017104227, 0.05681047, 0.019242255
1192203032000, -0.018020526, 0.054367006, 0.018325957
1192208049000, -0.015882496, 0.058948494, 0.021380283
1192213009000, -0.0061086523, 0.05955936, 0.021685716
1192217960000, -0.012217305, 0.07269296, 0.023823744
1192222990000, -0.004581489, 0.063224554, 0.025350908
1192227947000, -0.00580322, 0.05589417, 0.015882496
1192233011000, -0.0070249503, 0.06078109, 0.026267206
1192237960000, -0.00580322, 0.059864793, 0.026267206
1192243065000, -0.008246681, 0.058337633, 0.02443461
1192247944000, -0.013439035, 0.045814894, 0.03023783
1192253036000, 0.002443461, 0.049480084, 0.029932396
1192258144000, -0.007941248, 0.044593163, 0.023823744
1192263046000, -0.009162978, 0.041233405, 0.021991149
1192268030000, -0.016798794, 0.035124753, 0.024740042
1192273037000, -0.016798794, 0.029321533, 0.028405234
1192278046000, -0.018936822, 0.034208454, 0.022296581
1192283038000, -0.004276057, 0.027488936, 0.026572637
1192288071000, -0.018936822, 0.028405234, 0.026572637
1192293006000, -0.015882496, 0.029626964, 0.019547688
1192298010000, -0.020158553, 0.014660766, 0.020158553
1192302980000, -0.01863139, 0.017715093, 0.015271631
1192308078000, -0.0070249503, 0.02565634, 0.016798794
1192312995000, -0.01160644, 0.01863139, 0.01985312
1192318060000, -0.028405234, 0.02076942, 0.016493361
1192323041000, -0.022296581, 0.019547688, 0.01740966
1192328052000, -0.018020526, 0.017715093, 0.016187929
1192333056000, -0.021685716, 0.0125227375, 0.007330383
1192339337000, -0.014966198, 0.0070249503, 0.014660766
1192343240000, -0.01160644, 0.004276057, 0.011911872
1192348044000, -0.015271631, 0.004276057, 0.0125227375
1192353222000, -0.021380283, 0.0027488936, 0.0106901415
1192358119000, -0.01740966, -0.002443461, 0.017104227
1192363349000, -0.022602014, -0.0070249503, 0.011911872
1192368043000, -0.025350908, -0.015271631, 0.011911872
1192372998000, -0.014049901, -0.010995574, 0.010995574
1192378016000, -0.016187929, -0.010995574, 0.0015271631
1192382941000, -0.01863139, -0.020158553, 0.01282817
1192387995000, -0.02687807, -0.01038471, 0.0061086523
1192392999000, -0.02107485, -0.020158553, 0.009162978
1192398005000, -0.020158553, -0.021991149, 0.013133603
1192402966000, -0.021991149, -0.015271631, 0.0061086523
1192408007000, -0.028099801, -0.022907447, 0.0106901415
1192413016000, -0.021991149, -0.032070424, 0.0070249503
1192418002000, -0.01740966, -0.028405234, 0.004276057
1192422987000, -0.01985312, -0.02321288, 0.005497787
1192428016000, -0.02443461, -0.027794369, 0.0018325958
1192433005000, -0.02076942, -0.0290161, 0.00580322
1192438012000, -0.021991149, -0.03268129, 0.0027488936
1192443026000, -0.016798794, -0.034208454, -0.0030543262
1192448006000, -0.027488936, -0.034208454, 0.0021380284
1192453002000, -0.035430185, -0.03726278, 0.0018325958
1192457996000, -0.03848451, -0.036651913, 0.0018325958
1192463016000, -0.029626964, -0.036957346, 0.0036651916
1192468004000, -0.034513887, -0.032986723, 0.005497787
1192472991000, -0.038179077, -0.030848695, 0.00580322
1192478011000, -0.041233405, -0.03176499, 0.0067195175
1192483007000, -0.046731193, -0.02443461, 0.009468411
1192488012000, -0.03604105, -0.018936822, 0.0067195175
1192493020000, -0.042760566, -0.022602014, 0.0067195175
1192497990000, -0.041233405, -0.01863139, 0.004886922
1192503002000, -0.044593163, -0.014966198, 0.003970624
1192507985000, -0.028405234, -0.00580322, 0.007330383
1192513014000, -0.040011674, -0.009468411, 0.013744468
1192517958000, -0.028405234, -3.0543262E-4, 0.01038471
1192522989000, -0.034208454, -0.005192355, 0.0033597588
1192527939000, -0.034513887, 9.162979E-4, 0.004886922
1192533005000, -0.035430185, 0.0012217305, 0.009773844
1192538005000, -0.03268129, 0.0067195175, 0.012217305
1192543017000, -0.033292156, 0.006414085, 0.009162978
1192547977000, -0.04184427, 0.005497787, 0.008246681
1192553000000, -0.028405234, 0.005192355, 0.003970624
1192557978000, -0.03023783, 0.0021380284, 0.0067195175
1192563013000, -0.027183503, 0.0021380284, 0.008552114
1192567938000, -0.034208454, -0.007941248, 0.007330383
1192572990000, -0.024740042, 0.0021380284, 0.011911872
1192577990000, -0.019242255, 0.009773844, 0.007941248
1192583006000, -0.024129177, -0.002443461, 0.010995574
1192587983000, -0.023823744, -0.007330383, 0.010079277
1192593015000, -0.021380283, -0.003970624, 0.013439035
1192597972000, -0.015271631, -0.003970624, 0.015577064
1192603004000, -0.021685716, -0.0012217305, 0.0106901415
1192608005000, -0.023823744, -0.0015271631, 0.012217305
1192613006000, -0.023518313, 0.0021380284, 0.009162978
1192618002000, -0.02321288, -6.1086525E-4, 0.017104227
1192622990000, -0.01740966, 0.00580322, 0.010995574
1192628014000, -0.015882496, 0.008552114, 0.01282817
1192633000000, -0.016798794, 0.018020526, 0.008246681
1192638014000, -0.007330383, 0.01863139, 0.0036651916
1192643007000, -0.0143553335, 0.0290161, 0.018020526
1192648007000, -0.019242255, 0.025350908, 0.011911872
1192653002000, -0.019242255, 0.017715093, 0.00580322
1192658030000, -0.014966198, 0.014049901, 0.018936822
1192663005000, -0.022296581, 0.015882496, 0.018325957
1192668003000, -0.022907447, 0.018020526, 0.018936822
1192672973000, -0.0143553335, 0.01160644, 0.015882496
1192678016000, -0.025350908, 0.01160644, 0.0143553335
1192682998000, -0.02565634, 0.0018325958, 0.01038471
1192688005000, -0.01863139, 0.0018325958, 0.01282817
1192693021000, -0.021685716, -6.1086525E-4, 0.009468411
1192698004000, -0.019547688, -3.0543262E-4, 0.0070249503
1192703002000, -0.021685716, -0.0067195175, 0.007941248
1192708000000, -0.0290161, -0.01038471, 0.01282817
1192713123000, -0.02443461, -0.014660766, 0.002443461
1192718038000, -0.023823744, -0.0070249503, 0.012217305
1192723033000, -0.02687807, 9.162979E-4, 0.006414085
1192728125000, -0.016187929, -0.01282817, 0.009468411
1192733026000, -0.02443461, -0.01282817, 0.010995574
1192738344000, -0.019242255, -0.015271631, 0.004276057
1192743006000, -0.020158553, -0.008857546, 0.004276057
1192748125000, -0.016187929, -0.01740966, 0.008552114
1192752952000, -0.028405234, -0.015271631, 0.0027488936
1192758006000, -0.022602014, -0.008246681, 0.007330383
1192762950000, -0.024740042, -0.01740966, 6.1086525E-4
1192768005000, -0.020158553, -0.0125227375, 0.0021380284
1192772971000, -0.027794369, -0.004886922, 0.0030543262
1192778021000, -0.025350908, -0.006414085, 0.008857546
1192782989000, -0.01740966, -0.0033597588, 6.1086525E-4
1192787992000, -0.020463986, 0.0030543262, 0.009773844
1192793062000, -0.033292156, 0.0027488936, 0.004276057
1192798080000, -0.026267206, -3.0543262E-4, 0.007330383
1192802980000, -0.023518313, 0.004886922, 0.0143553335
1192807991000, -0.034208454, 0.008246681, 0.014966198
1192813019000, -0.02443461, 0.009162978, 0.01282817
1192817993000, -0.027794369, 0.01038471, 0.015271631
1192822992000, -0.027794369, 0.003970624, 0.012217305
1192827974000, -0.021991149, 0.007330383, 0.0106901415
1192833007000, -0.022907447, 0.0036651916, 0.0067195175
1192837985000, -0.03726278, 0.0036651916, 0.007330383
1192843023000, -0.019242255, 0.0033597588, 0.010079277
1192848004000, -0.022907447, 3.0543262E-4, 0.008552114
1192853000000, -0.012217305, -9.162979E-4, 0.0076358155
1192857992000, -0.023823744, -9.162979E-4, 0.011301007
1192863013000, -0.023518313, -6.1086525E-4, 0.011301007
1192868001000, -0.025045475, -0.0067195175, 0.011301007
1192872984000, -0.022907447, 0.003970624, 0.00580322
1192878013000, -0.018936822, 0.003970624, 0.012217305
1192883004000, -0.015271631, 0.003970624, 0.0061086523
1192887988000, -0.016798794, -0.0015271631, 0.015271631
1192893019000, -0.021991149, 0.01038471, 0.00580322
1192898005000, -0.02443461, 0.005497787, 0.009162978
1192902997000, -0.021991149, 0.005497787, 0.01038471
1192908015000, -0.022907447, 0.004886922, 0.013439035
1192913012000, -0.021380283, -0.006414085, 0.010079277
1192918001000, -0.015882496, 0.0067195175, 0.011911872
1192922998000, -0.028405234, 0.0021380284, 0.011911872
1192928002000, -0.03023783, 0.009773844, 0.011911872
1192933005000, -0.0290161, 0.005192355, 0.008857546
1192938202000, -0.01863139, 3.0543262E-4, 0.0143553335
1192943060000, -0.024129177, 0.0027488936, 0.01038471
1192948012000, -0.022602014, -0.009468411, 0.008246681
1192953034000, -0.024129177, -0.005192355, 9.162979E-4
1192957972000, -0.029626964, -0.0033597588, 0.013744468
1192963043000, -0.028405234, -0.0015271631, 0.005497787
1192967931000, -0.021991149, -0.002443461, 0.005497787
1192973034000, -0.022602014, -0.01038471, 0.0106901415
1192977956000, -0.028099801, -0.016493361, 0.004276057
1192983045000, -0.01740966, -0.012217305, 0.009468411
1192987993000, -0.02076942, -0.009773844, 0.007330383
1192993095000, -0.02565634, -6.1086525E-4, 0.0036651916
1192998012000, -0.032986723, -0.012217305, 0.0021380284
1193003000000, -0.0290161, -0.015577064, -3.0543262E-4
1193008003000, -0.034513887, -0.0030543262, 0.0012217305
1193013018000, -0.018020526, -0.004886922, 0.010079277
1193017989000, -0.024740042, 6.1086525E-4, 0.004581489
1193022984000, -0.023823744, -0.00580322, 0.004886922
1193027980000, -0.009773844, -0.005192355, 0.002443461
1193033013000, -0.01740966, -0.0012217305, 0.0033597588
1193037980000, -0.02443461, -0.0070249503, 0.004276057
1193043017000, -0.020158553, -0.014049901, 0.0143553335
1193047964000, -0.024129177, -0.018020526, 0.0106901415
1193052998000, -0.020158553, -0.009162978, 0.01038471
1193058400000, -0.02687807, -0.015271631, 0.002443461
1193063014000, -0.025961773, -0.01282817, 6.1086525E-4
1193068152000, -0.026267206, -0.015882496, 6.1086525E-4
1193072985000, -0.028710667, -0.014966198, 0.004581489
1193077993000, -0.02321288, -0.017715093, 0.0036651916
1193083004000, -0.021685716, -0.018325957, 0.008857546
1193087989000, -0.021685716, -0.017715093, 0.0021380284
1193093054000, -0.028405234, -0.021991149, 0.01160644
1193098029000, -0.03481932, -0.022907447, 0.008857546
1193103000000, -0.030543262, -0.015882496, 0.004276057
1193107999000, -0.03176499, -0.02107485, 6.1086525E-4
