#Rate of rotation around the x y z axes (Angular velocity).
#timestamp(ns),x,y,z(rad/s)
#Datetime: 07/05/2015 16:45:53
##########################################
#Activity: 8 - CSI - Car-Step in - 6s
#Subject ID: 51
#First Name: sub51
#Last Name: sub51
#Age: 23
#Height(cm): 171
#Weight(kg): 70
#Gender: Male
##########################################

@DATA
23200386157000, -0.013439035, -0.04062254, 0.005497787
23200391151000, -0.015271631, -0.03268129, 0.004581489
23200396147000, -0.010079277, -0.029321533, 0.005192355
23200401159000, -0.007330383, -0.03176499, 0.01160644
23200406197000, -0.0018325958, -0.035124753, 0.003970624
23200411143000, -0.009162978, -0.03481932, 0.016187929
23200416156000, -0.018936822, -0.032375857, 0.004886922
23200421221000, -0.0076358155, -0.040011674, 0.012217305
23200426149000, -0.0070249503, -0.04428773, 0.012217305
23200431138000, -0.011301007, -0.0421497, 0.009773844
23200436156000, -0.021991149, -0.04734206, 0.0106901415
23200441154000, -0.019547688, -0.05222898, 0.01038471
23200446182000, -0.016798794, -0.048563786, 0.0067195175
23200451143000, -0.014049901, -0.04550946, 0.014660766
23200456230000, -0.025350908, -0.048563786, 0.008552114
23200461181000, -0.017104227, -0.05131268, 0.015577064
23200466186000, -0.009773844, -0.046731193, 0.012217305
23200471243000, -0.011911872, -0.04550946, 0.007941248
23200476174000, -0.018020526, -0.04642576, 0.016493361
23200481161000, -0.022296581, -0.050701816, 0.01160644
23200486201000, -0.0070249503, -0.046731193, 0.014660766
23200491223000, -0.01985312, -0.05100725, 0.01282817
23200496185000, -0.016187929, -0.052839845, 0.016798794
23200501200000, -0.021380283, -0.045814894, 0.019242255
23200506276000, -0.015882496, -0.04917465, 0.015882496
23200511199000, -0.018020526, -0.050396383, 0.007941248
23200516161000, -0.008552114, -0.05100725, 0.013133603
23200521238000, -0.016187929, -0.05131268, 0.020158553
23200526160000, -0.020463986, -0.053145275, 0.009773844
23200531159000, -0.020463986, -0.047036625, 0.018020526
23200536197000, -0.021991149, -0.048563786, 0.010079277
23200541192000, -0.016798794, -0.039095376, 0.016493361
23200546171000, -0.021685716, -0.03848451, 0.02076942
23200551178000, -0.013133603, -0.048258353, 0.012217305
23200556288000, -0.009162978, -0.03940081, 0.020463986
23200561192000, -0.021380283, -0.037873644, 0.018325957
23200566164000, -0.019547688, -0.03634648, 0.023518313
23200571155000, -0.021991149, -0.042760566, 0.009162978
23200576148000, -0.012217305, -0.03359759, 0.018020526
23200581142000, -0.0033597588, -0.032375857, 0.01985312
23200586159000, -0.0070249503, -0.029321533, 0.01985312
23200591148000, -0.014660766, -0.036651913, 0.010995574
23200596144000, -0.021380283, -0.034513887, 0.02565634
23200601156000, -0.022602014, -0.027488936, 0.02443461
23200606688000, -0.013439035, -0.022602014, 0.016187929
23200611144000, -0.013744468, -0.029932396, 0.021380283
23200616145000, -0.018020526, -0.015577064, 0.022907447
23200621202000, -0.023823744, -0.016187929, 0.016493361
23200626166000, -0.0106901415, -0.02687807, 0.006414085
23200631142000, -0.010079277, -0.016798794, 0.014966198
23200636157000, -0.005497787, -0.02107485, 0.012217305
23200641149000, -0.012217305, -0.018936822, 0.009468411
23200646139000, -0.013439035, -0.021991149, 0.008246681
23200651163000, -0.0067195175, -0.014966198, 0.0015271631
23200656240000, -0.007330383, -0.011911872, 0.0067195175
23200661145000, -0.00580322, -0.01282817, 0.005497787
23200666138000, -0.005497787, -0.011911872, 0.006414085
23200672130000, -0.017715093, -0.0067195175, 0.016493361
23200676154000, -0.017715093, -0.008552114, 0.018325957
23200681136000, -0.023518313, -0.011911872, 0.014049901
23200686163000, -0.010995574, -0.008246681, 0.0125227375
23200691147000, -0.01160644, -0.0067195175, 0.016493361
23200696158000, -0.013439035, -0.008552114, 0.013744468
23200701157000, -0.021991149, -0.008857546, 0.010079277
23200706244000, -0.010079277, -0.004276057, 0.008246681
23200711144000, -0.009773844, -3.0543262E-4, 0.015882496
23200716140000, -0.016493361, 0.008246681, 0.01282817
23200721172000, -0.015882496, -9.162979E-4, 0.01282817
23200726153000, -0.011301007, 0.0012217305, 0.005497787
23200731138000, -0.020158553, -0.0061086523, 0.008246681
23200736162000, -0.02687807, -0.009773844, 0.0036651916
23200741178000, -0.015271631, -0.008552114, 0.004581489
23200746142000, -0.01282817, -0.01160644, 0.0015271631
23200751151000, -0.011911872, 3.0543262E-4, -0.0021380284
23200756195000, -0.025350908, 0.0021380284, 0.0061086523
23200761145000, -0.025045475, -0.005192355, 0.009468411
23200766149000, -0.021380283, -0.010079277, 0.007941248
23200771197000, -0.019242255, -0.009162978, 0.0067195175
23200776153000, -0.015882496, -0.018325957, 0.013744468
23200781138000, -0.016798794, -0.0018325958, 0.015577064
23200786162000, -0.013744468, -0.0030543262, 0.007941248
23200791148000, -0.012217305, -0.009468411, 0.010079277
23200796148000, -0.0290161, -0.022907447, 0.011301007
23200801167000, -0.02321288, -0.022296581, 0.014660766
23200806168000, -0.025350908, -0.02107485, 0.007941248
23200811153000, -0.014966198, -0.016493361, 0.008857546
23200816148000, -0.025045475, -0.018936822, 0.009162978
23200821171000, -0.029321533, -0.027488936, 0.007941248
23200826149000, -0.030543262, -0.025961773, 0.010995574
23200831137000, -0.034513887, -0.03268129, 0.0106901415
23200836164000, -0.03481932, -0.02687807, 0.013744468
23200841155000, -0.03848451, -0.027488936, 0.013133603
23200846142000, -0.04337143, -0.03604105, 0.01038471
23200851163000, -0.044898596, -0.037873644, 0.01038471
23200856180000, -0.043676864, -0.039095376, 0.01282817
23200861147000, -0.049785517, -0.048563786, 0.011301007
23200866138000, -0.04795292, -0.051618114, 0.01160644
23200871186000, -0.052839845, -0.061391957, 0.011301007
23200876149000, -0.047036625, -0.06352998, 0.014966198
23200881162000, -0.061391957, -0.08002335, 0.01160644
23200886161000, -0.0729984, -0.08307768, 0.018325957
23200891152000, -0.07880162, -0.09468412, 0.009468411
23200896138000, -0.089186326, -0.09590584, 0.0015271631
23200901153000, -0.086132, -0.116980694, -0.006414085
23200906232000, -0.10995574, -0.14202617, -0.009773844
23200911180000, -0.118202426, -0.16126843, -0.018936822
23200916138000, -0.14874569, -0.16462818, -0.023518313
23200921182000, -0.16493362, -0.16798794, -0.035124753
23200926149000, -0.19272798, -0.16707164, -0.047647487
23200931155000, -0.20525073, -0.17654006, -0.06414085
23200936160000, -0.23487769, -0.1740966, -0.07971791
23200941190000, -0.2770274, -0.1740966, -0.10934488
23200946180000, -0.3036, -0.17195857, -0.12767084
23200951178000, -0.3484986, -0.16035213, -0.15088372
23200956331000, -0.3839288, -0.13927728, -0.17959438
23200961271000, -0.40103304, -0.083383106, -0.18936823
23200966183000, -0.41538838, -0.010079277, -0.2180789
23200971181000, -0.41630468, 0.07788532, -0.24220806
23200976160000, -0.4147775, 0.1853976, -0.25595254
23200981140000, -0.39522982, 0.2968805, -0.25870144
23200986156000, -0.38240165, 0.39064834, -0.26328292
23200991148000, -0.3594942, 0.46028697, -0.24953845
23200996143000, -0.33200526, 0.5177083, -0.24098633
23201001159000, -0.30970868, 0.5476407, -0.2098322
23201006185000, -0.30909783, 0.56382865, -0.18845193
23201011143000, -0.27122417, 0.559858, -0.17348573
23201016139000, -0.25473082, 0.5522222, -0.1563815
23201021179000, -0.22021692, 0.5326745, -0.14202617
23201026151000, -0.18661933, 0.5137377, -0.12003502
23201031138000, -0.14844026, 0.4810564, -0.07788532
23201036166000, -0.13255776, 0.39492437, -0.04337143
23201041155000, -0.116675265, 0.2593123, 0.0012217305
23201046159000, -0.12217305, 0.13439035, 0.026267206
23201051194000, -0.16707164, 0.0711658, 0.04428773
23201056218000, -0.19058995, -0.01985312, 0.047647487
23201061153000, -0.25900686, -0.09590584, 0.05222898
23201066773000, -0.33750305, -0.19333886, 0.046120327
23201071173000, -0.42485678, -0.27916542, 0.012217305
23201076151000, -0.5161811, -0.37995818, -0.0076358155
23201081138000, -0.61636305, -0.46853364, -0.03176499
23201086165000, -0.68752885, -0.5381723, -0.05100725
23201091179000, -0.7556403, -0.5665775, -0.070554934
23201096142000, -0.81336707, -0.5681047, -0.083383106
23201101184000, -0.8381071, -0.5479461, -0.082161374
23201106218000, -0.86193085, -0.50518554, -0.05131268
23201111143000, -0.87017757, -0.47647488, -0.03268129
23201116150000, -0.86315256, -0.46303585, 0.0021380284
23201121197000, -0.8371908, -0.473726, 0.049480084
23201126154000, -0.8216137, -0.47555858, 0.11178834
23201131179000, -0.7858781, -0.4914411, 0.19425514
23201136190000, -0.7684685, -0.48899764, 0.2556471
23201141196000, -0.77366084, -0.4914411, 0.31581733
23201146190000, -0.7657196, -0.49327368, 0.37048978
23201151193000, -0.7858781, -0.4886922, 0.40194935
23201156202000, -0.7968737, -0.4810564, 0.4541783
23201161194000, -0.8173377, -0.47403142, 0.48166725
23201166210000, -0.8378017, -0.45265114, 0.50579643
23201171191000, -0.84940815, -0.4111123, 0.5326745
23201176177000, -0.8622363, -0.36651915, 0.552833
23201181151000, -0.8585711, -0.3213151, 0.5534439
23201186154000, -0.8396343, -0.27458394, 0.5696318
23201191159000, -0.83199847, -0.25473082, 0.5928447
23201196140000, -0.799928, -0.25717425, 0.605062
23201201195000, -0.768163, -0.25289822, 0.59742624
23201206178000, -0.73975784, -0.18112154, 0.57848936
23201211200000, -0.7174612, -0.004886922, 0.5723807
23201216137000, -0.66248333, 0.13958271, 0.57604593
23201221216000, -0.6102544, 0.17470746, 0.5555819
23201226153000, -0.5897904, 0.12614368, 0.535118
23201231164000, -0.5739079, 0.08857546, 0.4804455
23201236179000, -0.56291234, 0.05681047, 0.4260785
23201241166000, -0.5699373, 0.023823744, 0.36651915
23201246155000, -0.5561928, -0.013133603, 0.3173445
23201251178000, -0.54825157, -0.09621128, 0.2910773
23201256198000, -0.5015204, -0.15485434, 0.26206118
23201261146000, -0.46395215, -0.21410827, 0.22724187
23201266142000, -0.4184427, -0.28221974, 0.19211712
23201271253000, -0.37598756, -0.34116822, 0.16523905
23201276183000, -0.3381139, -0.36346483, 0.15118915
23201281142000, -0.32253686, -0.38606682, 0.14905111
23201286162000, -0.31978795, -0.41141775, 0.1459968
23201291148000, -0.33322698, -0.43463063, 0.13713925
23201296140000, -0.3484986, -0.43066, 0.14752395
23201301177000, -0.3915646, -0.43860126, 0.15118915
23201306198000, -0.43951756, -0.45142943, 0.1441642
23201311141000, -0.50946164, -0.47647488, 0.12950343
23201316139000, -0.5516113, -0.5030475, 0.10140363
23201321215000, -0.60139686, -0.5488624, 0.08857546
23201326153000, -0.6411031, -0.600786, 0.08582657
23201331138000, -0.6973027, -0.67164636, 0.0842994
23201336164000, -0.74220127, -0.788627, 0.09193522
23201341150000, -0.8063421, -0.7703011, 0.087659165
23201346158000, -0.8582657, -0.713796, 0.082161374
23201351187000, -0.86834496, -0.6939429, 0.07147124
23201356183000, -0.9086621, -0.72509706, 0.05497787
23201361147000, -0.9584476, -0.75502944, 0.058948494
23201366141000, -0.96791595, -0.75686204, 0.06261369
23201371283000, -0.9801333, -0.7315111, 0.07727446
23201376147000, -0.9779953, -0.7296785, 0.0842994
23201381143000, -0.95294976, -0.7302894, 0.108123146
23201386159000, -0.9379836, -0.7440339, 0.11911872
23201391794000, -0.91415983, -0.73426, 0.13744467
23201396147000, -0.8900307, -0.71837753, 0.14966199
23201401179000, -0.872621, -0.68600166, 0.15271631
23201406158000, -0.8481864, -0.6414085, 0.15882497
23201411143000, -0.84696466, -0.6044512, 0.16584991
23201416121000, -0.8240572, -0.56291234, 0.17165314
23201421187000, -0.81489426, -0.5271767, 0.16462818
23201426126000, -0.8210029, -0.49449542, 0.15424347
23201431136000, -0.8240572, -0.46853364, 0.1423316
23201436159000, -0.83108217, -0.4392121, 0.12675454
23201441165000, -0.8396343, -0.42455134, 0.10995574
23201446152000, -0.84391034, -0.4202753, 0.094989546
23201451176000, -0.84971356, -0.42638394, 0.07147124
23201456181000, -0.86162543, -0.43463063, 0.049785517
23201461168000, -0.8677341, -0.4260785, 0.030543262
23201466145000, -0.86254174, -0.40866885, 0.025045475
23201471196000, -0.8353582, -0.36743546, 0.01863139
23201476150000, -0.8200866, -0.31642818, 0.015882496
23201481138000, -0.8194757, -0.26908615, 0.004886922
23201486535000, -0.8231409, -0.23487769, 3.0543262E-4
23201491156000, -0.81489426, -0.172264, 0.010995574
23201496139000, -0.79473567, -0.1020145, 0.002443461
23201501178000, -0.77488256, -0.044898596, -0.0012217305
23201506186000, -0.7654142, 0.008246681, 0.0021380284
23201511140000, -0.7452556, 0.051923547, 0.014049901
23201516142000, -0.74281216, 0.12156218, 0.02443461
23201521211000, -0.743423, 0.16493362, 0.013439035
23201526154000, -0.75441855, 0.18845193, -0.0030543262
23201531160000, -0.75136423, 0.19822577, -0.021685716
23201536171000, -0.73364913, 0.20616703, -0.04886922
23201541226000, -0.6927212, 0.21655174, -0.08093964
23201546143000, -0.6771441, 0.22052236, -0.10751228
23201551186000, -0.64751714, 0.22999077, -0.14935656
23201556177000, -0.6246097, 0.24709499, -0.19028452
23201561156000, -0.60994893, 0.28313604, -0.22479841
23201566164000, -0.59589905, 0.3313944, -0.23457226
23201571292000, -0.57879484, 0.37140608, -0.25137106
23201576240000, -0.5729916, 0.4184427, -0.24831672
23201581753000, -0.5833763, 0.44929138, -0.24281894
23201586180000, -0.5867361, 0.47403142, -0.21380283
23201591139000, -0.58001655, 0.48808134, -0.20219639
23201596147000, -0.5653558, 0.50915617, -0.19486602
23201601166000, -0.5500842, 0.52442783, -0.20311269
23201606223000, -0.5516113, 0.5684101, -0.20922135
23201611159000, -0.550695, 0.5861252, -0.22449298
23201616152000, -0.56046885, 0.5870415, -0.23671028
23201621229000, -0.5714644, 0.6075055, -0.25320363
23201626163000, -0.5717699, 0.623388, -0.25900686
23201631154000, -0.5876524, 0.634689, -0.27091873
23201636167000, -0.5885687, 0.63041294, -0.28221974
23201641149000, -0.58551437, 0.63621616, -0.28771752
23201646138000, -0.5705481, 0.6258314, -0.30268374
23201651184000, -0.552833, 0.6243043, -0.3042109
23201656178000, -0.5494733, 0.6068946, -0.3109304
23201661146000, -0.5458081, 0.600786, -0.32467487
23201666137000, -0.53878313, 0.6102544, -0.33200526
23201671270000, -0.5439755, 0.6072, -0.33628133
23201676143000, -0.5421429, 0.6017023, -0.33383787
23201681140000, -0.5305365, 0.58062744, -0.34116822
23201686161000, -0.50701815, 0.57971114, -0.34208453
23201691155000, -0.4868596, 0.5876524, -0.34269542
23201696159000, -0.45814893, 0.57726765, -0.34391713
23201701186000, -0.43951756, 0.5635232, -0.34605515
23201706190000, -0.4266894, 0.5516113, -0.35735616
23201711156000, -0.39675698, 0.559858, -0.3484986
23201716195000, -0.3857614, 0.56291234, -0.36285394
23201721204000, -0.3753767, 0.5696318, -0.37415496
23201726138000, -0.37110063, 0.55771995, -0.3930918
23201731140000, -0.39278635, 0.56230146, -0.40653083
23201736158000, -0.3894266, 0.57726765, -0.4260785
23201741157000, -0.39370266, 0.59040123, -0.44135013
23201746164000, -0.40591997, 0.6065892, -0.44868052
23201751196000, -0.4147775, 0.636827, -0.45051312
23201756251000, -0.41691554, 0.65026605, -0.45540005
23201761157000, -0.4083634, 0.63285637, -0.44532076
23201766510000, -0.42363504, 0.6377433, -0.4279111
23201771259000, -0.4279111, 0.6053675, -0.43676865
23201776157000, -0.43066, 0.5870415, -0.42821655
23201781152000, -0.4364632, 0.56199604, -0.4251622
23201786181000, -0.4373795, 0.52381694, -0.43157628
23201791180000, -0.4297437, 0.46639562, -0.4352415
23201796166000, -0.43035457, 0.42271876, -0.43768495
23201801188000, -0.43371433, 0.44318274, -0.44226643
23201806205000, -0.41996986, 0.4636467, -0.45906523
23201811158000, -0.42394048, 0.52595496, -0.46914452
23201816147000, -0.41050145, 0.57879484, -0.47586402
23201821157000, -0.41386122, 0.63346726, -0.47678033
23201826147000, -0.40775254, 0.6728681, -0.46089783
23201831140000, -0.40683624, 0.6927212, -0.4266894
23201836160000, -0.41325033, 0.71837753, -0.40591997
23201841147000, -0.40958515, 0.72601336, -0.3576616
23201846148000, -0.4034765, 0.7761043, -0.28985557
23201851187000, -0.41447207, 0.84879726, -0.19517145
23201856251000, -0.4092797, 0.9819659, -0.109650314
23201861154000, -0.39584067, 1.0516045, -0.03176499
23201866147000, -0.3827071, 0.9416488, -0.007941248
23201871230000, -0.3885103, 0.66614854, -0.028710667
23201876149000, -0.43218717, 0.36163223, -0.04337143
23201881148000, -0.5195409, 0.1386664, -0.021991149
23201886175000, -0.6450737, 0.06841691, 0.01038471
23201891155000, -0.80481493, 0.0729984, 0.0067195175
23201896151000, -0.9963212, 0.079107046, -0.038179077
23201901201000, -1.142318, 0.03268129, -0.12705997
23201906347000, -1.2568552, -0.1600467, -0.25137106
23201911163000, -1.3591752, -0.321926, -0.39553526
23201916150000, -1.4089607, -0.30451632, -0.49449542
23201921290000, -1.4330899, -0.17073683, -0.54244834
23201926184000, -1.3900238, -0.1255328, -0.5421429
23201931356000, -1.3478742, -0.35918877, -0.5222898
23201936179000, -1.3100005, -0.46670106, -0.50518554
23201941504000, -1.3191634, -0.6585127, -0.37659842
23201946151000, -1.3674219, -0.7076874, -0.3268129
23201951209000, -1.359786, -0.6612616, -0.2302962
23201956188000, -1.3854424, -0.52656585, -0.13041973
23201961153000, -1.4425583, -0.35979962, -0.02443461
23201966150000, -1.4660766, -0.17287487, 0.07819075
23201971191000, -1.4611896, -0.02565634, 0.15424347
23201976143000, -1.423316, 0.032070424, 0.20280726
23201981142000, -1.3909402, -0.0012217305, 0.21991149
23201986218000, -1.3677273, -0.053450707, 0.21044308
23201991157000, -1.3924674, -0.12583824, 0.20005837
23201996157000, -1.4272866, -0.20647246, 0.20677789
23202001208000, -1.4440855, -0.2706133, 0.19425514
23202006232000, -1.4706581, -0.34574974, 0.16920967
23202011194000, -1.4996742, -0.41080686, 0.18417588
23202016155000, -1.50731, -0.44104472, 0.22235495
23202021200000, -1.5118915, -0.5155703, 0.24404067
23202026164000, -1.4844025, -0.5500842, 0.27397305
23202031139000, -1.4706581, -0.59773165, 0.2846632
23202036145000, -1.4459181, -0.6429357, 0.31429017
23202041972000, -1.4156802, -0.65484756, 0.3115413
23202046135000, -1.3909402, -0.6395759, 0.34972036
23202051179000, -1.4056009, -0.64904433, 0.39950588
23202056291000, -1.4300356, -0.5888741, 0.4166101
23202061253000, -1.4501941, -0.5332854, 0.42943826
23202066378000, -1.4972308, -0.47494772, 0.398895
23202071216000, -1.5451837, -0.42424592, 0.37568212
23202076141000, -1.5882497, -0.3753767, 0.36865717
23202081136000, -1.6166549, -0.3032946, 0.35430184
23202086154000, -1.6490307, -0.20250183, 0.3454443
23202091154000, -1.6789632, -0.13316862, 0.3378085
23202096136000, -1.6978999, -0.1301143, 0.32436943
23202101181000, -1.6862935, -0.12797627, 0.3051272
23202106186000, -1.6505579, -0.07696902, 0.28527406
23202111183000, -1.5928311, 0.0070249503, 0.26419923
23202116142000, -1.563815, 0.09254608, 0.25045475
23202121210000, -1.5396858, 0.15607607, 0.24556783
23202126148000, -1.5271631, 0.18600847, 0.24373524
23202131146000, -1.5176947, 0.33108896, 0.24037547
23202136142000, -1.509448, 0.38789943, 0.23182335
23202141147000, -1.5030339, 0.36713, 0.24007004
23202146137000, -1.5152513, 0.30543262, 0.26389378
23202151176000, -1.5445728, 0.25534168, 0.29046643
23202156074000, -1.5485435, 0.23151793, 0.31948254
23202161085000, -1.541213, 0.30207285, 0.3390302
23202166067000, -1.50731, 0.33475417, 0.32345316
23202171073000, -1.455081, 0.3136793, 0.301462
23202176064000, -1.4590516, 0.16218472, 0.28099802
23202181073000, -1.534188, 0.026572637, 0.301462
23202186087000, -1.6606371, -0.06505715, 0.25473082
23202191117000, -1.7553213, -0.11026118, 0.22479841
23202196087000, -1.7977765, -0.122783914, 0.21380283
23202201183000, -1.8090774, -0.0888809, 0.22266038
23202206233000, -1.8032742, -0.050701816, 0.24007004
23202211126000, -1.7803668, 0.047036625, 0.26083946
23202216126000, -1.7754798, 0.17073683, 0.2678644
23202221202000, -1.7757853, 0.22968534, 0.2657264
23202226149000, -1.7553213, 0.3155119, 0.26236662
23202231120000, -1.765706, 0.31703907, 0.23854288
23202236134000, -1.7403551, 0.25686884, 0.19608775
23202241128000, -1.6581937, 0.11911872, 0.061391957
23202246128000, -1.6685784, -0.008246681, 0.086132
23202251195000, -1.6887369, 0.021685716, 0.14660765
23202256187000, -1.7333301, 0.07513642, 0.1591304
23202261132000, -1.7941113, 0.15241088, 0.19914207
23202266147000, -1.8713857, 0.19242255, 0.22266038
23202271194000, -1.8808541, 0.17501289, 0.22418754
23202276152000, -1.9120082, 0.03390302, 0.22632557
23202281121000, -1.9300288, -0.12950343, 0.21899518
23202286192000, -1.9526308, -0.2678644, 0.22113322
23202291129000, -1.9737056, -0.38240165, 0.24678956
23202296139000, -1.9651535, -0.47800204, 0.29443705
23202301184000, -1.9779817, -0.5525276, 0.35613444
23202306194000, -1.9862283, -0.5919284, 0.38728857
23202311155000, -1.9917262, -0.6065892, 0.41355577
23202316139000, -1.9969184, -0.61850107, 0.42180246
23202321370000, -1.9462167, -0.7458665, 0.31887165
23202326149000, -1.8051068, -0.788627, 0.2565634
23202331142000, -1.8319849, -0.9098838, 0.23701571
23202336163000, -1.8274034, -0.872621, 0.3662137
23202341129000, -1.779145, -0.81000733, 0.47158796
23202346141000, -1.8154916, -0.7687739, 0.5326745
23202351191000, -1.8127426, -0.74220127, 0.57696223
23202356236000, -1.7736472, -0.6563747, 0.6093381
23202361154000, -1.7559321, -0.5647449, 0.6282749
23202366140000, -1.7712038, -0.5030475, 0.6435465
23202371193000, -1.8115209, -0.49663344, 0.65057147
23202376147000, -1.8454239, -0.52778757, 0.6554584
23202381140000, -1.8802432, -0.5546656, 0.66920286
23202386162000, -1.8964312, -0.5705481, 0.68203104
23202391149000, -1.892766, -0.5681047, 0.70432764
23202396152000, -1.8826867, -0.5693264, 0.72692966
23202401204000, -1.8774943, -0.58093286, 0.763887
23202406159000, -1.8304577, -0.5946773, 0.79443026
23202411145000, -1.7849482, -0.6053675, 0.8191703
23202416119000, -1.7119498, -0.6053675, 0.85154617
23202421197000, -1.6905695, -0.61086524, 0.86651236
23202426158000, -1.6242907, -0.61453044, 0.890947
23202431139000, -1.5793921, -0.60994893, 0.91629785
23202436166000, -1.5158621, -0.5907067, 0.91538155
23202441152000, -1.4700472, -0.57635134, 0.9245446
23202446152000, -1.4285084, -0.5742133, 0.9593639
23202451180000, -1.4236214, -0.5867361, 1.0369438
23202456182000, -1.4401149, -0.6224717, 1.0659598
23202461147000, -1.4202617, -0.61483586, 1.0965031
23202466161000, -1.3955216, -0.6227771, 1.1255192
23202471843000, -1.3997977, -0.627664, 1.1438452
23202476144000, -1.3967434, -0.6041457, 1.1771374
23202481137000, -1.393689, -0.54641896, 1.2098186
23202486161000, -1.396438, -0.4801401, 1.2296717
23202491151000, -1.3842206, -0.41538838, 1.2519683
23202496476000, -1.368949, -0.34238997, 1.2709051
23202501158000, -1.3588698, -0.28496864, 1.2962561
23202506284000, -1.3439035, -0.24617869, 1.3011429
23202511146000, -1.3255776, -0.21838433, 1.3081679
23202516208000, -1.3402383, -0.20738874, 1.3054191
23202521163000, -1.348485, -0.20952678, 1.3048081
23202526177000, -1.3826935, -0.20158553, 1.287704
23202531152000, -1.4083499, -0.14905111, 1.2843442
23202536183000, -1.4462235, -0.069027774, 1.273654
23202541182000, -1.4993688, 0.002443461, 1.2724323
23202546153000, -1.5580118, 0.06963864, 1.2684617
23202551198000, -1.6206255, 0.13988814, 1.2675453
23202556258000, -1.6606371, 0.20280726, 1.2556335
23202561189000, -1.704925, 0.24617869, 1.2596041
23202566198000, -1.74738, 0.28405234, 1.2596041
23202571176000, -1.7828102, 0.3323107, 1.2611313
23202576180000, -1.831374, 0.37507126, 1.2742649
23202581158000, -1.8756617, 0.38973203, 1.29198
23202586200000, -1.9068159, 0.39278635, 1.303281
23202591161000, -1.9226984, 0.37720928, 1.3274102
23202596177000, -1.9306396, 0.29229903, 1.3561208
23202601178000, -1.9275852, 0.17195857, 1.3762794
23202606096000, -1.9260582, 0.1160644, 1.4107933
23202611069000, -1.9242256, 0.10323623, 1.4266758
23202616062000, -1.924531, 0.1020145, 1.4514158
23202621099000, -1.93797, 0.12034045, 1.4761559
23202626071000, -1.9581286, 0.16737708, 1.5121969
23202631071000, -1.9758437, 0.22388211, 1.5454891
23202636086000, -1.9850066, 0.22235495, 1.5705346
23202641086000, -1.9877555, 0.21319197, 1.6038266
23202646084000, -1.9871446, 0.17440203, 1.6432275
23202651088000, -1.9755383, 0.15118915, 1.7061466
23202656272000, -1.9624046, 0.16126843, 1.7284433
23202661188000, -1.9391917, 0.20952678, 1.7577647
23202666176000, -1.915368, 0.24312437, 1.7977765
23202671212000, -1.8866574, 0.23151793, 1.8374827
23202676162000, -1.8643607, 0.23060162, 1.8817704
23202681123000, -1.8594738, 0.26297748, 1.9251418
23202686179000, -1.8451185, 0.24801129, 1.9593502
23202691132000, -1.8329011, 0.2489276, 2.0005836
23202696167000, -1.8044959, 0.34330627, 2.058616
23202701178000, -1.7831156, 0.43890667, 2.0885482
23202706269000, -1.7479908, 0.4279111, 2.1050417
23202711210000, -1.7116444, 0.39767328, 2.1160371
23202716176000, -1.6936239, 0.3182608, 2.1297817
23202721183000, -1.6814066, 0.22052236, 2.1450534
23202726144000, -1.6933185, 0.19792034, 2.1789563
23202731149000, -1.7033978, 0.1685988, 2.1716259
23202736163000, -1.6896533, 0.06505715, 2.1340578
23202741492000, -1.6814066, 0.05467244, 2.1200078
23202746147000, -1.6636915, 0.18600847, 2.1355848
23202751178000, -1.6236799, 0.31429017, 2.1481075
23202756220000, -1.5842791, 0.33078352, 2.133447
23202761172000, -1.5088371, 0.35063666, 2.1178699
23202766156000, -1.4434745, 0.33505958, 2.0909917
23202771197000, -1.4004086, 0.30176744, 2.0442605
23202776163000, -1.3304645, 0.27152961, 1.9895881
23202781151000, -1.2815952, 0.27122417, 1.9385809
23202786186000, -1.2308935, 0.36346483, 1.8606955
23202791158000, -1.17897, 0.43004912, 1.890017
23202796850000, -1.1963795, 0.33414328, 1.9642372
23202801234000, -1.2040154, 0.22113322, 1.971873
23202806227000, -1.1618657, 0.25167647, 1.951409
23202811192000, -1.0839803, 0.26725355, 1.93797
23202816151000, -1.0531317, 0.28008172, 1.9291124
23202821234000, -0.9837985, 0.27550024, 1.9349157
23202826161000, -0.90285885, 0.2773328, 1.9297233
23202831187000, -0.82833326, 0.28619036, 1.9162843
23202836180000, -0.77304995, 0.3295618, 1.8664987
23202841157000, -0.74097955, 0.38515055, 1.8170186
23202846153000, -0.70371675, 0.42180246, 1.7788396
23202851207000, -0.6740898, 0.441961, 1.751656
23202856188000, -0.62888575, 0.40591997, 1.7143933
23202861175000, -0.5815437, 0.29168814, 1.6539177
23202866157000, -0.516792, 0.19914207, 1.602605
23202871212000, -0.44440445, 0.1001819, 1.5549575
23202876155000, -0.36102137, -0.0076358155, 1.5106697
23202881154000, -0.29993483, -0.086437434, 1.4645494
23202886180000, -0.22785273, -0.15485434, 1.4227052
23202891167000, -0.15668693, -0.18661933, 1.3857478
23202896151000, -0.100792766, -0.17440203, 1.3487904
23202901208000, -0.017715093, -0.16493362, 1.3008375
23202906223000, 0.058948494, -0.16707164, 1.2464706
23202911160000, 0.106595986, -0.1459968, 1.2162327
23202916155000, 0.21013765, -0.13591751, 1.1701124
23202921222000, 0.31245756, -0.13622294, 1.1221595
23202926164000, 0.41233405, -0.15424347, 1.0821478
23202931154000, 0.52320606, -0.18997909, 1.028697
23202936199000, 0.6435465, -0.24007004, 0.95478237
23202941161000, 0.75136423, -0.301462, 0.88514376
23202946157000, 0.8323039, -0.39278635, 0.8170323
23202951164000, 0.90408057, -0.4859433, 0.7528914
23202956219000, 0.95417154, -0.5537493, 0.70371675
23202961193000, 0.99204516, -0.60994893, 0.6533204
23202966141000, 1.0247264, -0.6423248, 0.6075055
23202971243000, 1.0458013, -0.64934975, 0.5647449
23202976165000, 1.0665708, -0.64873886, 0.5290093
23202981159000, 1.106277, -0.6133087, 0.49296826
23202986180000, 1.1432343, -0.56596667, 0.45540005
23202991166000, 1.1780536, -0.50976706, 0.42088616
23202996274000, 1.239751, -0.45662177, 0.37690386
23203001184000, 1.3029755, -0.43279803, 0.32986724
23203006255000, 1.3771957, -0.40866885, 0.3136793
23203011200000, 1.4205672, -0.37782016, 0.26633725
23203016549000, 1.4874569, -0.38881573, 0.19914207
23203021190000, 1.5601498, -0.42638394, 0.17440203
23203026485000, 1.5995506, -0.47067168, 0.13927728
23203031157000, 1.6172657, -0.5186246, 0.110872045
23203036207000, 1.6084082, -0.5580254, 0.08246681
23203041163000, 1.5989398, -0.59528816, 0.044593163
23203046155000, 1.5943583, -0.65484756, 0.013439035
23203051182000, 1.5894713, -0.6914995, -0.035430185
23203056174000, 1.5958854, -0.72112644, -0.074830994
23203061146000, 1.5855007, -0.73426, -0.11453723
23203066149000, 1.5949692, -0.70188415, -0.15668693
23203071223000, 1.5986344, -0.67103547, -0.19639318
23203076127000, 1.6175711, -0.61422503, -0.22204952
23203081168000, 1.6313156, -0.54825157, -0.22785273
23203086164000, 1.602605, -0.5366451, -0.22999077
23203091177000, 1.575116, -0.55955255, -0.22357668
23203096164000, 1.5308284, -0.5870415, -0.21410827
23203101224000, 1.4706581, -0.6105598, -0.204029
23203106266000, 1.4300356, -0.64934975, -0.20555615
23203111175000, 1.3683381, -0.7131852, -0.21655174
23203116170000, 1.3213016, -0.8213083, -0.22204952
23203121751000, 1.3222178, -0.8854492, -0.21105394
23203126144000, 1.3454307, -0.890947, -0.22999077
23203131142000, 1.3591752, -0.8753699, -0.25442538
23203136143000, 1.3655893, -0.820392, -0.28191432
23203141145000, 1.3652838, -0.7351763, -0.30176744
23203146142000, 1.3683381, -0.66950834, -0.32436943
23203151152000, 1.3310753, -0.5873469, -0.34025195
23203156083000, 1.2996159, -0.5342017, -0.35827246
23203161106000, 1.2577715, -0.48349985, -0.37201694
23203166097000, 1.2024882, -0.42271876, -0.3652974
23203171077000, 1.1407908, -0.37965274, -0.36865717
23203176067000, 1.0824533, -0.3943135, -0.36896262
23203181062000, 1.0067059, -0.45478916, -0.34300083
23203186116000, 0.93309665, -0.5299256, -0.33444872
23203191067000, 0.8723156, -0.602924, -0.33505958
23203196066000, 0.82772243, -0.64996064, -0.34300083
23203201130000, 0.81092364, -0.7635816, -0.36377025
23203206103000, 0.77763146, -0.88208944, -0.3707952
23203211075000, 0.7892379, -0.98471475, -0.36926803
23203216079000, 0.7699956, -1.0461067, -0.37323865
23203221103000, 0.7458665, -1.0390818, -0.38148534
23203226082000, 0.72204274, -0.9447031, -0.39492437
23203231078000, 0.6914995, -0.8054258, -0.41508293
23203236101000, 0.6808093, -0.63316184, -0.4251622
23203241076000, 0.65026605, -0.47708577, -0.42943826
23203246077000, 0.61391956, -0.3463606, -0.4147775
23203251176000, 0.5849035, -0.23151793, -0.4034765
23203256207000, 0.56199604, -0.13713925, -0.37995818
23203261165000, 0.56046885, -0.06963864, -0.3643811
23203266142000, 0.5558874, -0.052534413, -0.355829
23203271181000, 0.5739079, -0.089491755, -0.3491095
23203276150000, 0.56382865, -0.21899518, -0.3494149
23203281300000, 0.52412236, -0.39187005, -0.3585779
23203286180000, 0.38759398, -0.5348125, -0.37415496
23203291167000, 0.18173242, -0.57604593, -0.3848451
23203296142000, -0.09101892, -0.56779927, -0.3894266
23203301168000, -0.24923302, -0.5204572, -0.38423425
23203306233000, -0.5674938, -0.4465425, -0.37659842
23203311196000, -0.84207773, -0.36957347, -0.40378192
23203316114000, -1.0088439, -0.3539964, -0.47219884
23203321163000, -1.033584, -0.40561453, -0.559858
23203326131000, -0.9456194, -0.52473325, -0.65209866
23203331156000, -0.79412484, -0.65118235, -0.7672467
23203336153000, -0.6469063, -0.7535023, -0.8866709
23203341156000, -0.50732356, -0.79351395, -0.9999864
23203346154000, -0.39858958, -0.8078693, -1.099252
23203351173000, -0.3200934, -0.81061816, -1.1676689
23203356183000, -0.26542094, -0.80756384, -1.2049317
23203361151000, -0.21319197, -0.8173377, -1.20371
23203366151000, -0.14905111, -0.79137594, -1.1713341
23203371202000, -0.11636983, -0.73731434, -1.1016954
23203376162000, -0.086132, -0.6609562, -1.010982
23203381138000, -0.106901415, -0.5665775, -0.9092729
23203386171000, -0.14905111, -0.44012842, -0.8164214
23203391151000, -0.19975294, -0.34972036, -0.7357872
23203396125000, -0.25625798, -0.2134974, -0.6945538
23203401154000, -0.27947086, -0.18203785, -0.63316184
23203406219000, -0.29138273, -0.226631, -0.58093286
23203411192000, -0.29901853, -0.31642818, -0.5366451
23203416120000, -0.30024028, -0.39675698, -0.5354234
23203421158000, -0.29993483, -0.44868052, -0.5699373
23203426170000, -0.28924468, -0.44929138, -0.6035349
23203431168000, -0.30695978, -0.4456262, -0.6462954
23203436202000, -0.32834008, -0.44348818, -0.6753115
23203441165000, -0.3680463, -0.43585235, -0.6954701
23203446748000, -0.4092797, -0.36957347, -0.70707655
23203451210000, -0.44012842, -0.25167647, -0.6979135
23203456252000, -0.4886922, -0.13744467, -0.68691796
23203461151000, -0.5155703, -0.056505036, -0.66737026
23203466148000, -0.5494733, 0.004886922, -0.6469063
23203471200000, -0.5656612, 0.03481932, -0.61453044
23203476166000, -0.5662721, 0.048563786, -0.5821546
23203481198000, -0.5543602, 0.0729984, -0.5684101
23203486201000, -0.5381723, 0.12705997, -0.5739079
23203491160000, -0.5149594, 0.15149458, -0.5852089
23203496151000, -0.50488013, 0.22449298, -0.5876524
23203501215000, -0.47647488, 0.2996294, -0.6068946
23203506242000, -0.43096542, 0.36957347, -0.62125
23203511212000, -0.39645153, 0.49113566, -0.6261369
23203516159000, -0.36651915, 0.64568454, -0.62980205
23203521195000, -0.3399465, 0.8170323, -0.6264423
23203526164000, -0.32925636, 1.0112875, -0.6093381
23203531153000, -0.3213151, 1.2159272, -0.5842926
23203536196000, -0.34147367, 1.3869696, -0.5549711
23203541169000, -0.36010507, 1.4883732, -0.5213735
23203546219000, -0.37904188, 1.5457945, -0.48899764
23203551186000, -0.37965274, 1.5402967, -0.46273044
23203556231000, -0.37415496, 1.4844025, -0.4428773
23203561176000, -0.35277468, 1.3973542, -0.41416663
23203566144000, -0.31764993, 1.3384057, -0.3747658
23203571210000, -0.27672195, 1.3139712, -0.33353242
23203576172000, -0.22907446, 1.3020593, -0.29993483
23203581168000, -0.17806722, 1.2938126, -0.26816985
23203586149000, -0.13713925, 1.2867876, -0.23243423
23203591139000, -0.09621128, 1.2913691, -0.20738874
23203596144000, -0.06566802, 1.3127494, -0.14477506
23203601213000, -0.03145956, 1.348485, -0.07788532
23203606249000, -9.162979E-4, 1.3271047, -0.009162978
23203611159000, 0.03726278, 1.282817, -0.0012217305
23203616147000, 0.06963864, 1.2519683, 0.01740966
23203621193000, 0.10140363, 1.2596041, 0.053145275
23203626173000, 0.118507855, 1.2583824, 0.09437868
23203631148000, 0.13316862, 1.2449434, 0.10934488
23203636189000, 0.172264, 1.2990049, 0.11911872
23203641196000, 0.17684549, 1.4089607, 0.15393804
23203646188000, 0.19120082, 1.425454, 0.18692477
23203651156000, 0.17898351, 1.4214834, 0.22449298
23203656297000, 0.14660765, 1.4220943, 0.24190263
23203661204000, 0.113926366, 1.3961325, 0.27275133
23203666139000, 0.12736541, 1.3319917, 0.3200934
23203671164000, 0.16615535, 1.2431108, 0.3735441
23203676156000, 0.19914207, 1.0873401, 0.4269948
23203681174000, 0.23304509, 0.926988, 0.4654793
23203686192000, 0.27275133, 0.8579602, 0.48166725
23203691156000, 0.2855795, 0.7626653, 0.47769663
23203696151000, 0.32559118, 0.6918049, 0.49693888
23203701141000, 0.35338554, 0.6478226, 0.52870387
23203706184000, 0.39278635, 0.5653558, 0.57696223
23203711128000, 0.42180246, 0.50946164, 0.5815437
23203716141000, 0.4642576, 0.48258355, 0.56321776
23203721160000, 0.48899764, 0.44257188, 0.54305923
23203726180000, 0.5143485, 0.40653083, 0.5207626
23203731121000, 0.52534413, 0.36132678, 0.48563787
23203736309000, 0.5403103, 0.29840767, 0.419359
23203741173000, 0.5384777, 0.25167647, 0.35185838
23203746161000, 0.5329799, 0.23426682, 0.29932398
23203751175000, 0.52198434, 0.2312125, 0.22357668
23203756269000, 0.5290093, 0.1731803, 0.13897185
23203761229000, 0.5103779, 0.13683382, 0.06414085
23203766166000, 0.49754974, 0.112399206, 0.028710667
23203771929000, 0.46303585, 0.06719518, 0.002443461
23203776175000, 0.4266894, -0.014966198, -0.020158553
23203781170000, 0.40530908, -0.07544186, -0.070249505
23203786155000, 0.38973203, -0.22204952, -0.09162979
23203791154000, 0.3817908, -0.33536503, -0.10751228
23203796140000, 0.38026363, -0.3830125, -0.12370021
23203801161000, 0.36132678, -0.41813725, -0.118507855
23203806180000, 0.3481932, -0.4373795, -0.09132435
23203811180000, 0.33536503, -0.4456262, -0.063224554
23203816118000, 0.3200934, -0.4596761, -0.056505036
23203821226000, 0.3032946, -0.48563787, -0.060170226
23203826121000, 0.29168814, -0.516792, -0.065973446
23203831163000, 0.27030787, -0.54825157, -0.0870483
23203836137000, 0.24984388, -0.5626069, -0.1160644
23203841150000, 0.23640485, -0.57635134, -0.15271631
23203846148000, 0.20922135, -0.5946773, -0.1994475
23203851179000, 0.18142697, -0.62125, -0.2565634
23203856234000, 0.17379116, -0.6612616, -0.31520647
23203861196000, 0.17379116, -0.7156286, -0.37598756
23203866163000, 0.19333886, -0.7473936, -0.39553526
23203871230000, 0.20280726, -0.77396625, -0.43004912
23203876208000, 0.20311269, -0.84940815, -0.52473325
23203881157000, 0.17837265, -0.8790351, -0.569021
23203886165000, 0.17531833, -0.9114109, -0.5867361
23203891181000, 0.15149458, -0.93279123, -0.63621616
23203896239000, 0.10140363, -0.9016371, -0.68294734
23203901249000, 0.06719518, -0.8533788, -0.7156286
23203906172000, 0.021991149, -0.77396625, -0.7473936
23203911709000, 0.016798794, -0.6930266, -0.7699956
23203916121000, -0.0018325958, -0.63071835, -0.8151997
23203921248000, -0.015882496, -0.56596667, -0.8313876
23203926129000, -0.022296581, -0.5030475, -0.8686504
23203931158000, -0.01863139, -0.44165558, -0.8921687
23203936152000, -0.030543262, -0.37384954, -0.89675015
23203941203000, -0.05467244, -0.31612277, -0.86926126
23203946115000, -0.055588737, -0.25320363, -0.8127562
23203951179000, -0.086132, -0.21288654, -0.75411314
23203956210000, -0.11575896, -0.16493362, -0.68661255
23203961208000, -0.1386664, -0.11728613, -0.62796944
23203966164000, -0.18051068, -0.02687807, -0.57543504
23203971221000, -0.23273966, 0.044593163, -0.52290064
23203976174000, -0.269697, 0.0842994, -0.46944994
23203981177000, -0.3277292, 0.16615535, -0.43982297
23203986197000, -0.34391713, 0.24831672, -0.38881573
23203991167000, -0.37843102, 0.3585779, -0.34666604
23203996165000, -0.40194935, 0.45845437, -0.28527406
23204001183000, -0.42638394, 0.5137377, -0.22632557
23204006170000, -0.44348818, 0.5421429, -0.15424347
23204011145000, -0.45906523, 0.5198463, -0.106901415
23204016136000, -0.47952923, 0.44593164, -0.057421334
23204021201000, -0.5140431, 0.3539964, -9.162979E-4
23204026160000, -0.5546656, 0.23884831, 0.047647487
23204031155000, -0.5867361, 0.1282817, 0.07819075
23204036158000, -0.6554584, 0.06688975, 0.1328632
23204041157000, -0.71776664, 0.07696902, 0.21288654
23204046181000, -0.7901542, 0.16401732, 0.31520647
23204051168000, -0.82741696, 0.24770586, 0.4098906
23204056237000, -0.84757555, 0.29046643, 0.4813618
23204061202000, -0.852157, 0.29871312, 0.5479461
23204066155000, -0.84788096, 0.26175576, 0.59712076
23204071198000, -0.8445212, 0.18081611, 0.6383542
23204076208000, -0.81581056, 0.13347405, 0.66156703
23204081152000, -0.8060367, 0.0143553335, 0.67256266
23204086196000, -0.7770206, -0.105374254, 0.6786713
23204091236000, -0.73853606, -0.22266038, 0.68539083
23204096890000, -0.70554936, -0.3417791, 0.6805039
23204101188000, -0.6805039, -0.4642576, 0.6728681
23204106210000, -0.65393126, -0.5699373, 0.6621779
23204111150000, -0.65026605, -0.66523224, 0.6377433
23204116146000, -0.6075055, -0.74464476, 0.6224717
23204121211000, -0.57726765, -0.7858781, 0.6081163
23204126258000, -0.5335908, -0.8155051, 0.58246
23204131236000, -0.49602258, -0.8542951, 0.55863625
23204136209000, -0.4437936, -0.86009824, 0.5317582
23204141233000, -0.41508293, -0.8454375, 0.52198434
23204146176000, -0.39645153, -0.8185594, 0.5027421
23204151191000, -0.37140608, -0.77274454, 0.48380527
23204156200000, -0.37659842, -0.6914995, 0.47067168
23204161170000, -0.3817908, -0.59528816, 0.45478916
23204166970000, -0.3817908, -0.4801401, 0.44104472
23204171160000, -0.3827071, -0.4266894, 0.4260785
23204186160000, -0.33841935, -0.16554448, 0.4184427
23204191173000, -0.3145956, -0.12308934, 0.41325033
23204196494000, -0.28160888, -0.10293079, 0.38423425
23204201230000, -0.25411993, -0.093462385, 0.34422258
23204206118000, -0.2180789, -0.09712757, 0.28619036
23204211063000, -0.17379116, -0.116675265, 0.22999077
23204216068000, -0.15424347, -0.14721853, 0.16401732
23204221094000, -0.12308934, -0.18112154, 0.08857546
23204226161000, -0.11148291, -0.21013765, 0.0036651916
23204231058000, -0.100792766, -0.24984388, -0.08124508
23204236374000, -0.09193522, -0.2843578, -0.15424347
23204241068000, -0.09407325, -0.3210097, -0.20799962
23204246324000, -0.089491755, -0.3643811, -0.25289822
23204251179000, -0.08399397, -0.40317106, -0.29229903
23204256122000, -0.084910266, -0.4251622, -0.32589662
23204261120000, -0.089491755, -0.41630468, -0.3652974
23204266118000, -0.09315695, -0.41447207, -0.40561453
23204271146000, -0.10415252, -0.39400807, -0.44623706
23204276105000, -0.10048734, -0.3912592, -0.46273044
23204281112000, -0.101098195, -0.38759398, -0.5015204
23204286139000, -0.11789699, -0.36193767, -0.5305365
23204291120000, -0.118202426, -0.33658674, -0.5644395
23204296100000, -0.119729586, -0.27916542, -0.5992588
23204301160000, -0.13775012, -0.2489276, -0.6243043
23204306184000, -0.13530666, -0.20097467, -0.6469063
23204311143000, -0.1432479, -0.1731803, -0.659429
23204316139000, -0.13652839, -0.13103059, -0.6789767
23204321152000, -0.13103059, -0.106901415, -0.689056
23204326180000, -0.12003502, -0.092240654, -0.6881397
23204331140000, -0.110872045, -0.10873401, -0.69974613
23204336171000, -0.09682214, -0.12034045, -0.7012733
23204341161000, -0.09101892, -0.16035213, -0.7076874
23204346143000, -0.07238753, -0.2510656, -0.70952
23204351185000, -0.053450707, -0.3827071, -0.71776664
23204356169000, -0.04886922, -0.45173484, -0.70005155
23204361146000, -0.03970624, -0.4437936, -0.66798115
23204366139000, -0.004276057, -0.40561453, -0.64873886
23204371161000, 0.00580322, -0.30726522, -0.64843345
23204376156000, -3.0543262E-4, -0.19272798, -0.6432411
23204381139000, -0.0018325958, -0.105068825, -0.6374379
23204386163000, -0.017104227, -0.020158553, -0.6178902
23204391165000, -0.036651913, 0.012217305, -0.5879578
23204396146000, -0.06414085, 0.011911872, -0.5522222
23204401170000, -0.056505036, 0.01160644, -0.50610185
23204406260000, -0.05589417, 0.01282817, -0.4709771
23204411219000, -0.046731193, -0.0033597588, -0.44501534
23204416233000, -0.040011674, -0.05131268, -0.410196
23204421161000, -0.03359759, -0.10293079, -0.38240165
23204426171000, -0.027488936, -0.13652839, -0.35796702
23204431161000, -0.016187929, -0.160963, -0.35246924
23204436184000, -0.021380283, -0.17806722, -0.33292156
23204441965000, -0.02321288, -0.19242255, -0.32253686
23204446227000, -0.032375857, -0.18692477, -0.30573806
23204451179000, -0.051923547, -0.16554448, -0.2855795
23204456156000, -0.046120327, -0.14660765, -0.26450464
23204461077000, -0.052839845, -0.14202617, -0.24098633
23204466062000, -0.053145275, -0.13988814, -0.23671028
23204471095000, -0.05467244, -0.112399206, -0.22357668
23204476067000, -0.05497787, -0.09162979, -0.18936823
23204481094000, -0.052839845, -0.086437434, -0.17501289
23204486089000, -0.043676864, -0.099571034, -0.16737708
23204491147000, -0.035430185, -0.10354166, -0.15088372
23204496063000, -0.046120327, -0.11209377, -0.13164146
23204501141000, -0.03756821, -0.12767084, -0.12064589
23204506211000, -0.025350908, -0.11636983, -0.09865474
23204511151000, -0.029932396, -0.08277224, -0.073303826
23204516121000, -0.03390302, -0.06811147, -0.045814894
23204521126000, -0.032986723, -0.055588737, -0.024740042
23204526122000, -0.03176499, -0.040927973, -0.00580322
23204531126000, -0.03756821, -0.023823744, 0.0106901415
23204536138000, -0.032375857, -0.015271631, 0.028405234
23204541142000, -0.034513887, -0.0143553335, 0.033292156
23204546113000, -0.029321533, -0.0027488936, 0.046120327
23204551172000, -0.027183503, 0.01038471, 0.053145275
23204556179000, -0.033292156, 0.0106901415, 0.058948494
23204561139000, -0.0290161, 0.008246681, 0.04642576
23204566140000, -0.025961773, 0.013133603, 0.042760566
23204571237000, -0.031154128, 0.024129177, 0.042455133
23204576151000, -0.032375857, 0.018325957, 0.03481932
23204581138000, -0.027183503, 0.014966198, 0.036957346
23204586155000, -0.007330383, 0.02107485, 0.03634648
23204591195000, -0.002443461, 0.04550946, 0.03940081
23204596202000, 0.015271631, 0.060170226, 0.035430185
23204601172000, 0.010079277, 0.07819075, 0.038179077
23204606163000, 0.005497787, 0.09254608, 0.04520403
23204611147000, 0.01740966, 0.10140363, 0.059253927
23204616133000, 0.01863139, 0.105374254, 0.06047566
23204621234000, 0.013133603, 0.112704635, 0.07788532
23204626150000, 0.024740042, 0.11484267, 0.086437434
23204631154000, 0.014966198, 0.108123146, 0.09682214
23204636157000, 0.018020526, 0.08827003, 0.108123146
23204641158000, 0.024740042, 0.10354166, 0.106595986
23204646140000, 0.01038471, 0.1423316, 0.0720821
23204651158000, -0.017715093, 0.15332718, 0.046120327
23204656163000, -0.044593163, 0.19975294, 0.018020526
23204661152000, -0.10262536, 0.22510384, -0.01740966
23204666119000, -0.13927728, 0.28955013, -0.042760566
23204671164000, -0.21960606, 0.3921755, -0.08735373
23204676127000, -0.31673363, 0.36346483, -0.06627888
23204681136000, -0.2932153, 0.39370266, 0.03390302
23204686145000, -0.19486602, 0.46578476, 0.08979719
23204691151000, -0.12186762, 0.4896085, 0.12003502
23204696130000, -0.083383106, 0.44073927, 0.14110987
23204701193000, -0.03604105, 0.3359759, 0.15057829
23204706309000, -0.014966198, 0.22296582, 0.18203785
23204711185000, 0.021685716, 0.11453723, 0.19822577
23204716142000, 0.053145275, 0.058643065, 0.17256944
23204721182000, 0.047647487, 0.020463986, 0.1432479
23204726182000, 0.02107485, 0.0033597588, 0.124311075
23204731153000, 0.004886922, -0.024129177, 0.10751228
23204736147000, -0.005497787, -0.042455133, 0.090713486
23204741173000, -0.021685716, -0.058643065, 0.074830994
23204746155000, -0.022907447, -0.0571159, 0.06291912
23204751171000, -0.026572637, -0.053145275, 0.04184427
23204756262000, -0.014049901, -0.04642576, 0.038179077
23204761207000, -0.015577064, -0.042455133, 0.015882496
23204766515000, -0.013133603, -0.053145275, 0.0030543262
23204771265000, -0.0036651916, -0.06688975, -0.008552114
23204776177000, 0.002443461, -0.11362094, -0.0143553335
23204781254000, 0.014660766, -0.1432479, -0.03573562
23204786172000, 0.015577064, -0.1695151, -0.05467244
23204791169000, 0.015577064, -0.17806722, -0.06414085
23204796170000, 0.017715093, -0.17623462, -0.073303826
23204801235000, 0.011911872, -0.14721853, -0.07452556
23204806248000, 0.022296581, -0.10781772, -0.082161374
23204811282000, 0.019242255, -0.07544186, -0.07880162
23204816149000, 0.021685716, -0.03940081, -0.07696902
23204821266000, 0.024740042, -0.0067195175, -0.07452556
23204826158000, 0.01282817, 0.018936822, -0.076358154
23204831172000, 0.016493361, 0.043982297, -0.07086037
23204836180000, 0.010995574, 0.056505036, -0.06566802
23204841196000, 0.010079277, 0.071776666, -0.055283304
23204846181000, 0.0143553335, 0.08582657, -0.058948494
23204851174000, 0.0125227375, 0.09132435, -0.064751714
23204856268000, 0.0030543262, 0.09560041, -0.070249505
23204861181000, -0.0027488936, 0.09315695, -0.0729984
23204866164000, -0.0076358155, 0.089491755, -0.07147124
23204871188000, -0.018020526, 0.08582657, -0.08307768
23204876150000, -0.014660766, 0.0852157, -0.09560041
23204881141000, -0.01985312, 0.0888809, -0.09162979
23204886167000, -0.023823744, 0.09773844, -0.09407325
23204891150000, -0.015271631, 0.12217305, -0.0983493
23204896138000, -0.018325957, 0.13775012, -0.093462385
23204901165000, -0.015577064, 0.14263703, -0.10048734
23204906278000, -0.01282817, 0.14385876, -0.10140363
23204911253000, -0.006414085, 0.15149458, -0.10170906
23204916130000, -0.00580322, 0.16035213, -0.093767814
23204921181000, -6.1086525E-4, 0.15393804, -0.08979719
23204926147000, 0.005497787, 0.13744467, -0.089186326
23204931138000, -0.005497787, 0.13072516, -0.081855945
23204936163000, 0.0015271631, 0.12339478, -0.0693332
23204941155000, 0.013744468, 0.1001819, -0.069027774
23204946148000, 0.0021380284, 0.080634214, -0.06169739
23204951166000, -3.0543262E-4, 0.063224554, -0.06383542
23204956294000, -0.003970624, 0.04520403, -0.06566802
23204961259000, -0.0067195175, 0.056199603, -0.055588737
23204966181000, -0.014966198, 0.0580322, -0.043676864
23204971173000, -0.008552114, 0.05497787, -0.03268129
23204976162000, -0.015271631, 0.062002823, -0.028099801
23204981165000, -0.01740966, 0.06841691, -0.014660766
23204986167000, -0.016187929, 0.064751714, -0.0125227375
23204991126000, -0.018325957, 0.052534413, 3.0543262E-4
23204996141000, -0.010995574, 0.053145275, 0.0067195175
23205001154000, -0.018936822, 0.04734206, 0.008552114
23205006268000, -0.013744468, 0.03848451, 0.028405234
23205011183000, -0.010995574, 0.027488936, 0.03359759
23205016142000, -0.011911872, 0.0106901415, 0.037873644
23205021178000, -0.0076358155, -0.0076358155, 0.04886922
23205026162000, -0.0021380284, -0.016493361, 0.047647487
23205031186000, -0.004581489, -0.02565634, 0.06536258
23205036172000, 6.1086525E-4, -0.044593163, 0.08155051
23205041522000, 0.009162978, -0.064446285, 0.0852157
23205046138000, 0.012217305, -0.077579886, 0.08582657
23205051514000, 0.008552114, -0.08857546, 0.08674286
23205056286000, 0.009162978, -0.099571034, 0.093462385
23205061723000, 0.008246681, -0.11362094, 0.0983493
23205066172000, 0.0030543262, -0.1160644, 0.10415252
23205071135000, 0.008246681, -0.12217305, 0.101098195
23205076160000, 0.005192355, -0.1282817, 0.099571034
23205081154000, -0.0012217305, -0.1328632, 0.1020145
23205086154000, -0.0018325958, -0.13103059, 0.095294975
23205091166000, -0.0012217305, -0.122783914, 0.099571034
23205096172000, -0.004581489, -0.12034045, 0.09896017
23205101191000, -0.002443461, -0.115453534, 0.09468412
23205106298000, -0.007941248, -0.10629055, 0.09040806
23205111194000, -0.007330383, -0.10720685, 0.095294975
23205116166000, -0.007330383, -0.09193522, 0.092240654
23205121213000, -0.016187929, -0.08460484, 0.086132
23205126300000, -0.010079277, -0.07941248, 0.0852157
23205131186000, -0.018936822, -0.070249505, 0.07788532
23205136194000, -0.01160644, -0.057726767, 0.080634214
23205141233000, -0.019547688, -0.047647487, 0.07574729
23205146228000, -0.017104227, -0.038789943, 0.07086037
23205151217000, -0.016187929, -0.03573562, 0.06811147
23205156081000, -0.016493361, -0.028710667, 0.0693332
23205161075000, -0.020463986, -0.015882496, 0.05375614
23205166079000, -0.016798794, 6.1086525E-4, 0.042455133
23205171086000, -0.02321288, 0.018936822, 0.045814894
23205176071000, -0.0290161, 0.025961773, 0.04550946
23205181077000, -0.018325957, 0.03145956, 0.035124753
23205186106000, -0.013133603, 0.034208454, 0.028710667
23205191074000, -0.02443461, 0.033292156, 0.021991149
23205196085000, -0.025350908, 0.03756821, 0.017104227
23205201109000, -0.018936822, 0.04917465, 0.014049901
23205206093000, -0.022296581, 0.040317107, 0.010995574
23205211123000, -0.014966198, 0.041233405, -9.162979E-4
23205216154000, -0.019547688, 0.033292156, -0.006414085
23205221158000, -0.03573562, 0.034208454, -0.0076358155
23205226140000, -0.032375857, 0.03726278, -0.009162978
23205231140000, -0.029932396, 0.04428773, -0.021685716
23205236164000, -0.02443461, 0.040011674, -0.015882496
23205241222000, -0.03390302, 0.027488936, -0.021685716
23205246123000, -0.035430185, 0.020158553, -0.027794369
23205251172000, -0.028405234, 0.029626964, -0.030543262
23205256342000, -0.028405234, 0.029321533, -0.03756821
23205261181000, -0.03268129, 0.023823744, -0.029932396
23205266337000, -0.03940081, 0.03268129, -0.032986723
23205271156000, -0.027183503, 0.030848695, -0.037873644
23205276323000, -0.032375857, 0.035430185, -0.03940081
23205281154000, -0.029626964, 0.02321288, -0.034208454
23205286430000, -0.021991149, 0.023823744, -0.03573562
23205291178000, -0.021380283, 0.035124753, -0.026267206
23205296498000, -0.01863139, 0.037873644, -0.02443461
23205301166000, -0.01740966, 0.040927973, -0.023518313
23205306216000, -0.016798794, 0.038179077, -0.026572637
23205311213000, -0.0106901415, 0.030543262, -0.024129177
23205316128000, -0.013744468, 0.03359759, -0.009162978
23205321238000, -0.013439035, 0.03145956, -0.008857546
23205326127000, -0.0036651916, 0.025045475, -0.013439035
23205331176000, -0.007941248, 0.01985312, 0.0036651916
23205336132000, -0.015577064, 0.014660766, 0.005497787
23205341219000, -0.009162978, 0.007941248, 0.0021380284
23205346122000, -0.0076358155, 0.01038471, 0.0061086523
23205351161000, -0.01160644, 0.0125227375, 0.0036651916
23205356146000, -0.009468411, -6.1086525E-4, 0.016493361
23205361147000, -0.0033597588, 0.0030543262, 0.007941248
23205366158000, -0.009468411, 0.008246681, 0.015577064
23205371160000, -0.008246681, 0.002443461, 0.015577064
23205376160000, -0.004886922, 0.0018325958, 0.023823744
23205381180000, -0.0076358155, 0.004276057, 0.02321288
23205386197000, -0.0076358155, -0.005192355, 0.027183503
23205391165000, -0.0015271631, -0.009773844, 0.01740966
23205396184000, -0.002443461, -0.014966198, 0.023518313
23205401198000, -0.004276057, -0.021380283, 0.02443461
23205406281000, -0.009773844, -0.02687807, 0.029321533
23205411219000, -0.0021380284, -0.018325957, 0.027183503
23205416158000, -0.01038471, -0.027794369, 0.025045475
23205421148000, -0.004581489, -0.023823744, 0.02076942
23205426156000, 9.162979E-4, -0.03359759, 0.015882496
23205431141000, -0.00580322, -0.04795292, 0.01740966
23205436161000, -0.0070249503, -0.03634648, 0.02107485
23205441135000, -0.013744468, -0.040011674, 0.024740042
23205446162000, -0.017715093, -0.041233405, 0.022296581
23205451166000, -0.014660766, -0.03390302, 0.017104227
23205456260000, -0.006414085, -0.040927973, 0.018325957
23205461177000, -0.005497787, -0.033292156, 0.019547688
23205466135000, -0.016493361, -0.032986723, 0.012217305
23205471130000, -0.022296581, -0.03176499, 0.016187929
23205476175000, -0.017104227, -0.028710667, 0.010079277
23205481134000, -0.01160644, -0.01863139, 0.016187929
23205486156000, -0.0143553335, -0.02565634, 0.0125227375
23205491227000, -0.013439035, -0.0143553335, 0.014049901
23205496277000, -0.017715093, -0.019547688, 0.003970624
23205501176000, -0.015882496, -0.02076942, 0.007330383
23205506231000, -0.02321288, -0.016493361, 0.008552114
23205511168000, -0.028099801, -0.018020526, 0.008552114
23205516164000, -0.020463986, -0.02565634, 3.0543262E-4
23205521202000, -0.030848695, -0.026267206, -0.004581489
23205526197000, -0.025350908, -0.016493361, -0.0021380284
23205531382000, -0.017715093, -0.013744468, -0.01038471
23205536186000, -0.029932396, -0.014660766, -0.008246681
23205541434000, -0.028099801, -0.013744468, -0.013133603
23205546169000, -0.03573562, -0.013439035, -0.014049901
23205551216000, -0.027794369, -0.010995574, -0.013439035
23205556240000, -0.03573562, -0.013439035, -0.0076358155
23205561223000, -0.03634648, -0.018936822, -0.0106901415
23205566136000, -0.028099801, -0.014660766, -0.011911872
23205571160000, -0.018936822, -0.0106901415, -0.012217305
23205576145000, -0.0290161, -0.01740966, -0.015271631
23205581225000, -0.03390302, -0.010079277, -0.009468411
23205586189000, -0.025045475, -0.008246681, -0.008552114
23205591521000, -0.02321288, -0.009162978, -0.005497787
23205596186000, -0.0290161, -0.005192355, -0.011301007
23205601182000, -0.02687807, -0.008552114, -0.0067195175
23205606308000, -0.03023783, -0.004581489, -0.009773844
23205611187000, -0.028099801, -0.004581489, -0.0036651916
23205616179000, -0.023823744, 9.162979E-4, -0.009773844
23205621194000, -0.023823744, -0.004276057, -0.004581489
23205626167000, -0.01985312, 0.0012217305, -3.0543262E-4
23205631122000, -0.021991149, -0.0030543262, -0.0033597588
23205636186000, -0.021685716, -0.002443461, -0.0012217305
23205641172000, -0.02321288, -0.009162978, -6.1086525E-4
23205646180000, -0.021380283, 3.0543262E-4, 0.0036651916
23205651131000, -0.0143553335, -0.004581489, 0.0021380284
23205656208000, -0.015882496, 0.0012217305, 0.007941248
23205661130000, -0.015882496, 0.0021380284, -0.0030543262
23205666170000, -0.017104227, 0.003970624, 0.004276057
23205671143000, -0.018936822, 0.0036651916, 0.0106901415
23205676188000, -0.01740966, -0.0015271631, 0.009162978
23205681181000, -0.01282817, -0.0015271631, 0.0070249503
23205686160000, -0.0143553335, 0.005497787, 0.013439035
23205691164000, -0.014660766, 0.004886922, 0.017104227
23205696139000, -0.02321288, 0.002443461, 0.021380283
23205701174000, -0.016187929, 9.162979E-4, 0.027794369
23205706175000, -0.018325957, 0.0067195175, 0.01985312
23205711204000, -0.02076942, 0.0036651916, 0.01160644
23205716169000, -0.012217305, 9.162979E-4, 0.01282817
23205721163000, -0.01038471, 6.1086525E-4, 0.021685716
23205726145000, -0.016493361, 0.01160644, 0.020158553
23205731138000, -0.029626964, 0.009468411, 0.020158553
23205736165000, -0.01282817, 0.007330383, 0.015882496
23205741153000, -0.0143553335, 0.004581489, 0.018936822
23205746152000, -0.011911872, 0.006414085, 0.016798794
23205751151000, -0.013439035, 9.162979E-4, 0.015271631
23205756173000, -0.007330383, 0.005192355, 0.02107485
23205761187000, -0.018020526, 0.0027488936, 0.02107485
23205766176000, -0.009468411, 0.0012217305, 0.015882496
23205771216000, -0.01160644, 0.0070249503, 0.0125227375
23205776182000, -0.01038471, 0.00580322, 0.013133603
23205781177000, -0.01282817, -0.0021380284, 0.0143553335
23205786185000, -0.02321288, -0.00580322, 0.011301007
23205791167000, -0.016798794, -0.0027488936, 0.011911872
23205796119000, -0.024129177, -0.0030543262, 0.013439035
23205801211000, -0.020158553, 0.004276057, 0.011301007
23205806177000, -0.021380283, -0.007330383, 0.005497787
23205811191000, -0.028099801, -0.004886922, 0.007330383
23205816160000, -0.027488936, 0.0015271631, 0.0027488936
23205821238000, -0.01740966, -0.0012217305, 0.0036651916
23205826150000, -0.020463986, -0.0012217305, 0.0015271631
23205831178000, -0.021991149, -0.0012217305, 0.005192355
23205836165000, -0.018325957, -0.0015271631, 0.003970624
23205841198000, -0.0143553335, -0.005497787, 3.0543262E-4
23205846193000, -0.023823744, -0.0030543262, -9.162979E-4
23205851164000, -0.025350908, -0.013133603, -0.004581489
23205856185000, -0.017715093, -0.016187929, 0.0018325958
23205861169000, -0.011911872, -0.0076358155, 0.007330383
23205866157000, -0.013744468, -0.009773844, -0.0021380284
23205871165000, -0.02076942, -0.020158553, -0.0061086523
23205876140000, -0.021380283, -0.01985312, 0.0021380284
23205881183000, -0.015577064, -0.013133603, 6.1086525E-4
23205886146000, -0.025045475, -0.014049901, -6.1086525E-4
23205891187000, -0.017715093, -0.012217305, -0.0027488936
23205896240000, -0.025045475, -0.013133603, 0.004886922
23205901159000, -0.017104227, -0.007330383, 0.004886922
23205906180000, -0.011301007, -0.007330383, -0.0018325958
23205911152000, -0.02321288, -0.0018325958, 0.0018325958
23205916141000, -0.01160644, -0.0015271631, 0.006414085
23205921159000, -0.0106901415, -0.003970624, -0.0033597588
23205926149000, -0.013439035, -0.008246681, 0.002443461
23205931151000, -0.013133603, -0.0021380284, 0.0076358155
23205936158000, -0.018020526, -0.003970624, 3.0543262E-4
23205941224000, -0.016493361, -0.016493361, 0.0021380284
23205946206000, -0.022907447, -0.008246681, 0.01038471
23205951176000, -0.023518313, -0.004886922, 0.0076358155
23205956183000, -0.016798794, -3.0543262E-4, 0.01282817
23205961165000, -0.0125227375, -0.008246681, 0.012217305
23205966156000, -0.021380283, -0.008552114, 0.008552114
23205971202000, -0.02321288, -0.010079277, 0.011301007
23205976170000, -0.014966198, 0.008857546, 0.01282817
23205981153000, -0.013439035, 0.0027488936, 0.0076358155
23205986151000, -0.014660766, 0.004276057, 0.010079277
23205991146000, -0.019242255, -6.1086525E-4, 0.004886922
23205996183000, -0.018020526, 0.002443461, 0.0067195175
23206001257000, -0.014049901, 0.010995574, 0.013439035
23206006261000, -0.014966198, 0.009468411, 0.0070249503
23206011180000, -0.016493361, 0.009468411, 0.009773844
23206016156000, -0.018325957, -0.0012217305, 0.008857546
23206021229000, -0.017104227, 3.0543262E-4, 0.002443461
23206026188000, -0.014966198, -0.0033597588, 0.0012217305
23206031181000, -0.016798794, -0.009773844, 0.0070249503
23206036149000, -0.022907447, -0.00580322, 0.00580322
23206041181000, -0.026267206, -0.004581489, 0.010079277
23206046184000, -0.02687807, -0.008552114, 0.013439035
23206051176000, -0.024740042, -0.0076358155, 0.005497787
23206056181000, -0.014660766, -0.009468411, 0.0030543262
23206061160000, -0.017715093, -0.013133603, 0.005192355
23206066152000, -0.01863139, -0.0030543262, 0.012217305
23206071156000, -0.01282817, -0.0027488936, 0.0061086523
23206076189000, -0.018936822, 0.0036651916, 0.010995574
23206081180000, -0.015577064, 0.0070249503, 0.01160644
23206086215000, -0.017104227, -9.162979E-4, 0.0070249503
23206091205000, -0.017104227, 0.0021380284, 0.0070249503
