#Rate of rotation around the x y z axes (Angular velocity).
#timestamp(ns),x,y,z(rad/s)
#Datetime: 03/04/2015 15:23:27
##########################################
#Activity: 8 - CSI - Car-Step in - 6s
#Subject ID: 44
#First Name: sub44
#Last Name: sub44
#Age: 25
#Height(cm): 176
#Weight(kg): 80
#Gender: Male
##########################################

@DATA
16953268855000, -0.008246681, -0.10476339, 0.0033597588
16953273201000, -0.021380283, -0.11453723, -0.0061086523
16953278204000, -0.009162978, -0.1160644, 0.0018325958
16953283201000, -0.008552114, -0.1142318, -0.002443461
16953288213000, -0.0143553335, -0.11026118, -0.0012217305
16953293203000, -0.014049901, -0.11453723, -0.002443461
16953298193000, -0.021380283, -0.105068825, -0.009468411
16953303196000, -0.01863139, -0.10262536, -0.009773844
16953308179000, -0.028710667, -0.09712757, -0.002443461
16953313223000, -0.028099801, -0.09712757, -0.009162978
16953318203000, -0.030848695, -0.092240654, -0.004581489
16953323195000, -0.03023783, -0.08582657, -0.0027488936
16953328294000, -0.036957346, -0.086437434, -0.0070249503
16953333288000, -0.027488936, -0.0842994, -0.0036651916
16953338960000, -0.03176499, -0.0852157, -0.004581489
16953343187000, -0.036957346, -0.07696902, -0.004886922
16953348204000, -0.03848451, -0.06963864, 0.005192355
16953353192000, -0.025961773, -0.06047566, 0.004276057
16953358174000, -0.025045475, -0.06719518, 0.004276057
16953363252000, -0.020463986, -0.062308256, 0.008246681
16953368208000, -0.024129177, -0.06627888, 0.004886922
16953373190000, -0.017104227, -0.06352998, 0.008857546
16953378271000, -0.0061086523, -0.0571159, 0.0076358155
16953383190000, -0.004581489, -0.046120327, 0.004886922
16953388182000, -0.01282817, -0.043066, 0.010995574
16953393211000, -0.0036651916, -0.03848451, 0.007941248
16953398176000, -0.008857546, -0.028710667, 0.00580322
16953403173000, -0.0033597588, -0.0290161, 0.008857546
16953408698000, -0.0076358155, -0.028099801, 0.007330383
16953413207000, -0.005497787, -0.025961773, 0.007941248
16953418197000, -0.01038471, -0.026572637, 0.0076358155
16953423179000, -0.009773844, -0.0125227375, 0.0106901415
16953428183000, -0.013133603, -0.011301007, 0.016493361
16953433177000, -0.014660766, 0.009773844, 0.026572637
16953438200000, -0.028405234, 0.019242255, 0.023518313
16953443183000, -0.03756821, 0.018936822, 0.016798794
16953448204000, -0.026572637, 0.03268129, 0.018936822
16953453197000, -0.027183503, 0.03390302, 0.0290161
16953458179000, -0.038789943, 0.04886922, 0.028405234
16953463227000, -0.046120327, 0.0580322, 0.022907447
16953468196000, -0.046731193, 0.065973446, 0.021991149
16953473185000, -0.046120327, 0.060170226, 0.02443461
16953478403000, -0.06047566, 0.061086524, 0.026572637
16953483210000, -0.05222898, 0.050396383, 0.014660766
16953488194000, -0.06414085, 0.050701816, 0.02107485
16953493175000, -0.077579886, 0.057421334, 0.017104227
16953498162000, -0.07727446, 0.069027774, 0.01863139
16953503199000, -0.0852157, 0.07391469, 0.015271631
16953508173000, -0.081855945, 0.08735373, 0.01160644
16953513290000, -0.08735373, 0.08307768, 0.004886922
16953518211000, -0.09468412, 0.08552113, 3.0543262E-4
16953523226000, -0.096516706, 0.082161374, 9.162979E-4
16953528193000, -0.094989546, 0.095294975, -0.0027488936
16953533202000, -0.09712757, 0.118507855, -0.013133603
16953538190000, -0.09468412, 0.13744467, -0.012217305
16953543175000, -0.090713486, 0.14508049, -0.022907447
16953548177000, -0.08155051, 0.17165314, -0.02687807
16953553198000, -0.076358154, 0.21197024, -0.024129177
16953558173000, -0.07727446, 0.23945917, -0.02565634
16953563220000, -0.076052725, 0.25442538, -0.030848695
16953568237000, -0.065973446, 0.2828306, -0.032375857
16953573237000, -0.06994407, 0.2959642, -0.032375857
16953578274000, -0.06688975, 0.31245756, -0.025045475
16953583241000, -0.06841691, 0.32406402, -0.027794369
16953588242000, -0.06963864, 0.32253686, -0.027488936
16953593945000, -0.06383542, 0.3100141, -0.027488936
16953598203000, -0.057421334, 0.29138273, -0.021685716
16953603196000, -0.049480084, 0.2843578, -0.02076942
16953608209000, -0.054061573, 0.2678644, -0.01740966
16953613248000, -0.05222898, 0.23426682, -0.015271631
16953618207000, -0.058948494, 0.21227567, -0.01740966
16953623195000, -0.058643065, 0.18509217, -0.01740966
16953628219000, -0.08032878, 0.16432275, -0.016493361
16953633273000, -0.08582657, 0.13652839, -0.022907447
16953638195000, -0.09682214, 0.13255776, -0.02443461
16953643183000, -0.11301007, 0.11911872, -0.03634648
16953648204000, -0.12095132, 0.10751228, -0.03940081
16953653233000, -0.12797627, 0.10598512, -0.044898596
16953658212000, -0.14508049, 0.090713486, -0.048563786
16953664230000, -0.14385876, 0.09040806, -0.0571159
16953668237000, -0.15485434, 0.089186326, -0.0571159
16953673231000, -0.15577064, 0.08827003, -0.0580322
16953678242000, -0.15607607, 0.08093964, -0.061391957
16953683241000, -0.16707164, 0.073303826, -0.06536258
16953688224000, -0.1591304, 0.071776666, -0.069027774
16953693185000, -0.16584991, 0.06261369, -0.06688975
16953698285000, -0.16035213, 0.06780604, -0.06291912
16953703196000, -0.15454891, 0.06047566, -0.06536258
16953708177000, -0.15424347, 0.05497787, -0.06536258
16953713218000, -0.14752395, 0.06658431, -0.06352998
16953718202000, -0.15515977, 0.05589417, -0.064751714
16953723194000, -0.14782938, 0.053450707, -0.07238753
16953728216000, -0.13836098, 0.055283304, -0.0693332
16953733165000, -0.1518, 0.057421334, -0.08032878
16953738200000, -0.14355333, 0.05589417, -0.09010262
16953743187000, -0.13591751, 0.064446285, -0.10842858
16953748204000, -0.1301143, 0.06505715, -0.1133155
16953753197000, -0.12064589, 0.064446285, -0.11942416
16953758195000, -0.111177474, 0.082161374, -0.12064589
16953763231000, -0.106901415, 0.10323623, -0.12644911
16953768194000, -0.11575896, 0.118202426, -0.13805555
16953773186000, -0.10262536, 0.12950343, -0.14752395
16953778192000, -0.098043874, 0.13775012, -0.15882497
16953783241000, -0.09773844, 0.15118915, -0.160963
16953788227000, -0.11728613, 0.15088372, -0.16310102
16953793184000, -0.1160644, 0.14385876, -0.16646078
16953798239000, -0.13164146, 0.13988814, -0.17715092
16953803400000, -0.13255776, 0.12980886, -0.18173242
16953808184000, -0.14966199, 0.12858713, -0.183565
16953813216000, -0.15363261, 0.118507855, -0.1863139
16953818196000, -0.15760323, 0.112399206, -0.18661933
16953823186000, -0.16982053, 0.10873401, -0.17592919
16953828199000, -0.17806722, 0.092240654, -0.17440203
16953833210000, -0.17501289, 0.094989546, -0.16493362
16953838196000, -0.19394971, 0.07849618, -0.16493362
16953843188000, -0.1966986, 0.06780604, -0.16462818
16953848204000, -0.21380283, 0.07544186, -0.15607607
16953853202000, -0.22296582, 0.07574729, -0.14813483
16953858169000, -0.22082779, 0.0729984, -0.14049901
16953863213000, -0.22937989, 0.07666359, -0.13897185
16953868203000, -0.23365596, 0.082161374, -0.12950343
16953873184000, -0.23335053, 0.08979719, -0.12339478
16953878233000, -0.23732115, 0.10293079, -0.10323623
16953883290000, -0.23701571, 0.12034045, -0.09896017
16953888192000, -0.25961772, 0.129198, -0.09468412
16953893184000, -0.2611449, 0.13897185, -0.08093964
16953898478000, -0.269697, 0.16126843, -0.07422013
16953903195000, -0.27580565, 0.16615535, -0.064446285
16953908173000, -0.29749137, 0.172264, -0.05009095
16953913258000, -0.31123585, 0.18600847, -0.050396383
16953918979000, -0.32406402, 0.19364429, -0.03023783
16953923199000, -0.34300083, 0.21319197, -0.014966198
16953928206000, -0.37598756, 0.23243423, 0.0012217305
16953933198000, -0.40378192, 0.24984388, 0.007330383
16953938192000, -0.43004912, 0.27397305, 0.028099801
16953943176000, -0.45723262, 0.30024028, 0.055588737
16953948213000, -0.4896085, 0.34574974, 0.08582657
16953953197000, -0.5564982, 0.3744604, 0.12064589
16953958171000, -0.6041457, 0.40530908, 0.15577064
16953963272000, -0.65026605, 0.43860126, 0.1957823
16953968205000, -0.68569624, 0.5006041, 0.23762658
16953973192000, -0.7290677, 0.5540548, 0.28160888
16953978231000, -0.76083267, 0.6270532, 0.32650748
16953983203000, -0.77304995, 0.6774496, 0.38606682
16953988962000, -0.784351, 0.7415904, 0.43096542
16953993183000, -0.79412484, 0.75625116, 0.48624873
16953998178000, -0.79717916, 0.7816021, 0.50732356
16954003162000, -0.80481493, 0.8060367, 0.5467244
16954008172000, -0.8164214, 0.829555, 0.5910121
16954013175000, -0.84940815, 0.8564331, 0.64721173
16954018170000, -0.8927795, 0.84971356, 0.6994407
16954023169000, -0.95447695, 0.8222246, 0.7431176
16954028176000, -1.0024298, 0.8008443, 0.77824235
16954033183000, -1.0262536, 0.7678576, 0.820392
16954038189000, -1.0341948, 0.7431176, 0.8671232
16954043182000, -1.0638218, 0.7415904, 0.91446525
16954048220000, -1.10139, 0.7351763, 0.9611965
16954053113000, -1.1722504, 0.72234815, 0.9987647
16954058330000, -1.2519683, 0.6899723, 1.0195341
16954063126000, -1.3347405, 0.65209866, 1.0177015
16954068113000, -1.427592, 0.6252206, 0.99173975
16954073111000, -1.4886786, 0.6151413, 0.95569867
16954078147000, -1.5082263, 0.59406644, 0.9239337
16954083109000, -1.4871514, 0.5662721, 0.88697636
16954088114000, -1.4123205, 0.48441613, 0.84665924
16954093177000, -1.2751812, 0.42760566, 0.8142834
16954098132000, -1.1881329, 0.33933565, 0.7996226
16954103190000, -0.9990701, 0.20708331, 0.76052725
16954108193000, -0.81397796, 0.06169739, 0.70432764
16954113250000, -0.6444628, -0.07269296, 0.66431594
16954118199000, -0.4831944, -0.17165314, 0.62949663
16954123193000, -0.36163223, -0.22632557, 0.6102544
16954128231000, -0.25442538, -0.2657264, 0.6056729
16954133200000, -0.1554652, -0.29657507, 0.6252206
16954138191000, -0.076052725, -0.29168814, 0.66431594
16954143178000, -0.0076358155, -0.25411993, 0.72356987
16954148204000, 0.058337633, -0.1740966, 0.7324274
16954153204000, 0.11728613, -0.10415252, 0.74220127
16954158225000, 0.15943582, -0.059864793, 0.75777835
16954163242000, 0.20311269, -0.0125227375, 0.7806858
16954168234000, 0.25137106, 0.03145956, 0.79779
16954173233000, 0.28680122, 0.06811147, 0.8332202
16954178222000, 0.32803464, 0.093462385, 0.84238315
16954183252000, 0.36651915, 0.112704635, 0.8417723
16954188239000, 0.38973203, 0.14263703, 0.8313876
16954193221000, 0.4266894, 0.15302174, 0.816116
16954198247000, 0.44257188, 0.16584991, 0.80878556
16954203236000, 0.47403142, 0.19272798, 0.786489
16954208240000, 0.50243664, 0.21624629, 0.7761043
16954213246000, 0.54611355, 0.24251351, 0.7510588
16954218304000, 0.59773165, 0.2751948, 0.7247916
16954223239000, 0.6478226, 0.30176744, 0.70707655
16954228265000, 0.6933321, 0.31215215, 0.6945538
16954233232000, 0.73273283, 0.35369098, 0.68019843
16954238208000, 0.75136423, 0.43096542, 0.659429
16954243229000, 0.7495316, 0.4822781, 0.63255095
16954248213000, 0.71959925, 0.52748215, 0.59742624
16954253198000, 0.68661255, 0.5714644, 0.5757405
16954258198000, 0.6206391, 0.59589905, 0.537256
16954263209000, 0.5702427, 0.6010914, 0.4972443
16954268207000, 0.49663344, 0.5934556, 0.45234573
16954273185000, 0.4279111, 0.5757405, 0.39828414
16954278223000, 0.36102137, 0.5513059, 0.35033122
16954283200000, 0.3051272, 0.5045747, 0.2938262
16954288193000, 0.269697, 0.48655418, 0.24281894
16954293192000, 0.23518312, 0.47494772, 0.21105394
16954298331000, 0.22021692, 0.46303585, 0.16157386
16954303194000, 0.19425514, 0.462425, 0.12003502
16954308168000, 0.17134771, 0.45906523, 0.082161374
16954314228000, 0.14752395, 0.4596761, 0.017104227
16954318235000, 0.08155051, 0.45937067, -0.002443461
16954323219000, 0.056199603, 0.46639562, -0.036957346
16954328209000, 0.010079277, 0.46944994, -0.070554934
16954333200000, -0.009162978, 0.4636467, -0.10598512
16954338204000, -0.04520403, 0.43401974, -0.1469131
16954343184000, -0.06536258, 0.40194935, -0.15790866
16954348205000, -0.06841691, 0.364992, -0.17684549
16954353195000, -0.065973446, 0.33444872, -0.18203785
16954358199000, -0.056199603, 0.301462, -0.16768251
16954363203000, -0.023823744, 0.26175576, -0.1600467
16954368199000, 0.010079277, 0.20189096, -0.15699236
16954373186000, 0.03359759, 0.1151481, -0.14630222
16954378214000, 0.06291912, 0.02076942, -0.1414153
16954383602000, 0.12797627, -0.05100725, -0.1255328
16954388195000, 0.22540927, -0.07452556, -0.10903945
16954393184000, 0.28313604, -0.04734206, -0.10445796
16954398203000, 0.37659842, 0.051618114, -0.09590584
16954403193000, 0.410196, 0.18448131, -0.110872045
16954408208000, 0.39278635, 0.30726522, -0.13927728
16954413215000, 0.3481932, 0.39003745, -0.17073683
16954418199000, 0.28191432, 0.44257188, -0.20586158
16954423191000, 0.17837265, 0.47158796, -0.23793201
16954428304000, 0.06261369, 0.4596761, -0.26542094
16954433298000, -0.074830994, 0.4529566, -0.2919936
16954438198000, -0.22388211, 0.4297437, -0.33750305
16954443196000, -0.40378192, 0.35979962, -0.3839288
16954448205000, -0.58062744, 0.2574797, -0.42210788
16954453180000, -0.72295904, 0.1591304, -0.43279803
16954458206000, -0.8167268, 0.09865474, -0.4025602
16954463205000, -0.82986045, 0.0711658, -0.37048978
16954468196000, -0.7791586, 0.086132, -0.32620203
16954473187000, -0.6881397, 0.08674286, -0.2846632
16954478208000, -0.58368176, 0.10262536, -0.25900686
16954483203000, -0.47708577, 0.11911872, -0.2507602
16954488189000, -0.36102137, 0.1414153, -0.24495697
16954493172000, -0.31031954, 0.21533, -0.23579398
16954498554000, -0.22357668, 0.30909783, -0.19456059
16954503199000, -0.10934488, 0.40225476, -0.18509217
16954508145000, -0.07544186, 0.45937067, -0.14508049
16954513276000, -0.037873644, 0.47555858, -0.101098195
16954518135000, -0.028710667, 0.48930305, -0.03940081
16954523261000, -0.014966198, 0.52564955, 0.055283304
16954528276000, 0.008857546, 0.5925393, 0.15454891
16954533207000, 0.026572637, 0.68966687, 0.25900686
16954538193000, 0.03481932, 0.77549344, 0.3726278
16954543177000, 0.030848695, 0.8347474, 0.46792278
16954548219000, 0.026572637, 0.8542951, 0.550695
16954553193000, 0.026267206, 0.8912524, 0.6105598
16954558204000, 0.04337143, 0.9230174, 0.65301496
16954563256000, 0.06963864, 0.92271197, 0.6933321
16954568219000, 0.10140363, 0.85918194, 0.6945538
16954573193000, 0.1282817, 0.79320854, 0.68325275
16954578224000, 0.15821409, 0.80573124, 0.6621779
16954583196000, 0.17715092, 0.8228355, 0.6337727
16954588216000, 0.19028452, 0.8527679, 0.6230826
16954593179000, 0.17379116, 0.87017757, 0.6114761
16954598208000, 0.15118915, 0.8081747, 0.6062838
16954603195000, 0.12034045, 0.64965516, 0.589485
16954608196000, 0.07727446, 0.4361578, 0.55863625
16954613350000, 0.08032878, 0.21685717, 0.5195409
16954618177000, 0.10720685, 0.032986723, 0.46578476
16954623164000, 0.15515977, -0.15210545, 0.42455134
16954628323000, 0.20433442, -0.321926, 0.3817908
16954633168000, 0.21899518, -0.47555858, 0.3417791
16954638904000, 0.2302962, -0.61269784, 0.2837469
16954643168000, 0.20891592, -0.7351763, 0.24770586
16954648206000, 0.13469578, -0.90102625, 0.21013765
16954653145000, 0.022602014, -1.0512991, 0.1908954
16954658193000, -0.11301007, -1.1713341, 0.18570304
16954663258000, -0.24740042, -1.235475, 0.23762658
16954668222000, -0.34055737, -1.2308935, 0.33261612
16954673169000, -0.40622538, -1.2183707, 0.40775254
16954678227000, -0.46731192, -1.1728612, 0.49968776
16954683185000, -0.50518554, -1.1636983, 0.59131753
16954688200000, -0.50426924, -1.1777482, 0.63224554
16954693346000, -0.48166725, -1.2198979, 0.68294734
16954698199000, -0.46211955, -1.3063353, 0.6936375
16954703147000, -0.46028697, -1.4236214, 0.6954701
16954708983000, -0.43585235, -1.5717562, 0.6973027
16954713217000, -0.40469822, -1.5864171, 0.6951646
16954718197000, -0.38362336, -1.6016886, 0.70616025
16954723125000, -0.3735441, -1.6710218, 0.68539083
16954728212000, -0.35979962, -1.6798794, 0.6637051
16954733137000, -0.3417791, -1.6646078, 0.6563747
16954738197000, -0.3295618, -1.6615535, 0.634689
16954743169000, -0.29901853, -1.6584991, 0.62796944
16954748203000, -0.29565877, -1.6511687, 0.6197228
16954753197000, -0.29901853, -1.6340646, 0.5882632
16954758215000, -0.28313604, -1.5479325, 0.589485
16954763213000, -0.2996294, -1.4370605, 0.59559363
16954768187000, -0.29352075, -1.2928963, 0.57787853
16954773188000, -0.28680122, -1.133155, 0.56779927
16954779264000, -0.26297748, -0.95264435, 0.5879578
16954783197000, -0.2602286, -0.8622363, 0.5879578
16954788203000, -0.25900686, -0.71959925, 0.58032197
16954793176000, -0.2519819, -0.589485, 0.56291234
16954798201000, -0.25625798, -0.4810564, 0.5412266
16954803203000, -0.2593123, -0.3924809, 0.5161811
16954808235000, -0.2593123, -0.321926, 0.49113566
16954813207000, -0.26908615, -0.29046643, 0.45753807
16954818198000, -0.2846632, -0.27855456, 0.42424592
16954823189000, -0.30085114, -0.28710666, 0.3744604
16954828189000, -0.30665436, -0.2910773, 0.3359759
16954833193000, -0.31215215, -0.26236662, 0.344528
16954838194000, -0.33658674, -0.28038713, 0.3182608
16954843156000, -0.344528, -0.31642818, 0.28710666
16954848384000, -0.3304781, -0.36468655, 0.25137106
16954853131000, -0.3118467, -0.41233405, 0.22540927
16954858205000, -0.31581733, -0.46303585, 0.20738874
16954863181000, -0.3182608, -0.516792, 0.1704314
16954868197000, -0.32834008, -0.54428095, 0.13805555
16954873173000, -0.32559118, -0.5516113, 0.11301007
16954878217000, -0.30879238, -0.5510005, 0.07880162
16954883171000, -0.31978795, -0.5338962, 0.06780604
16954888190000, -0.32498032, -0.49296826, 0.03756821
16954893184000, -0.34330627, -0.46486846, 0.004581489
16954898205000, -0.3555236, -0.43310347, -0.025045475
16954903129000, -0.35888332, -0.4202753, -0.06261369
16954908211000, -0.35613444, -0.41325033, -0.086132
16954913190000, -0.35155296, -0.41996986, -0.12370021
16954918200000, -0.3408628, -0.37110063, -0.18051068
16954923126000, -0.32345316, -0.36132678, -0.20647246
16954928211000, -0.31673363, -0.35094208, -0.2275473
16954933206000, -0.35308012, -0.32803464, -0.23609942
16954938190000, -0.35918877, -0.2938262, -0.24007004
16954943175000, -0.35918877, -0.28221974, -0.24404067
16954948197000, -0.3662137, -0.3051272, -0.24251351
16954953194000, -0.3817908, -0.3368922, -0.24007004
16954958191000, -0.41141775, -0.36957347, -0.22602014
16954963645000, -0.43799037, -0.39278635, -0.22266038
16954968199000, -0.48380527, -0.40317106, -0.20738874
16954973228000, -0.5235115, -0.39614612, -0.18753563
16954978183000, -0.5876524, -0.3830125, -0.18112154
16954983209000, -0.625526, -0.3484986, -0.16279559
16954988189000, -0.6817256, -0.31215215, -0.13439035
16954993191000, -0.74067414, -0.2864958, -0.12705997
16954998159000, -0.7834347, -0.25442538, -0.13194689
16955003158000, -0.8210029, -0.23762658, -0.14905111
16955008143000, -0.850019, -0.24648413, -0.17165314
16955013173000, -0.91446525, -0.2950479, -0.18997909
16955018136000, -0.95172805, -0.3735441, -0.21410827
16955023164000, -0.9798279, -0.46089783, -0.2406809
16955028142000, -1.0067059, -0.5503896, -0.27152961
16955033959000, -1.0167851, -0.59895337, -0.27550024
16955038140000, -1.0375546, -0.6432411, -0.27916542
16955043177000, -1.0577132, -0.6918049, -0.27855456
16955048161000, -1.0708468, -0.6914995, -0.26542094
16955053117000, -1.0940597, -0.66706485, -0.22815818
16955058318000, -1.0873401, -0.6209445, -0.20219639
16955063144000, -1.1078042, -0.5589417, -0.17256944
16955068118000, -1.1264355, -0.47616947, -0.1459968
16955073110000, -1.1410962, -0.441961, -0.1863139
16955078165000, -1.1285735, -0.376293, -0.1704314
16955083115000, -1.1209377, -0.29932398, -0.10567969
16955088117000, -1.1221595, -0.26083946, -0.08857546
16955093111000, -1.0986412, -0.26206118, -0.09193522
16955098117000, -1.0473285, -0.29443705, -0.1301143
16955103167000, -0.98654735, -0.3203988, -0.17165314
16955108646000, -0.9279043, -0.344528, -0.22449298
16955113184000, -0.91751957, -0.35460728, -0.27366763
16955118135000, -0.94897914, -0.35918877, -0.2947425
16955123162000, -1.0125091, -0.36774087, -0.2770274
16955128232000, -1.0910053, -0.3921755, -0.22693644
16955133209000, -1.1661417, -0.36835176, -0.14385876
16955138465000, -1.2663237, -0.3295618, -0.022296581
16955143159000, -1.3509285, -0.267559, 0.058643065
16955148398000, -1.3680327, -0.10995574, 0.2134974
16955153179000, -1.4144585, 0.077579886, 0.36835176
16955158186000, -1.4648548, 0.2284636, 0.48716503
16955163217000, -1.4523321, 0.41386122, 0.6282749
16955168131000, -1.4813483, 0.57635134, 0.71837753
16955173195000, -1.4905112, 0.61911196, 0.75533485
16955178181000, -1.4782939, 0.65668017, 0.7483099
16955183204000, -1.42973, 0.6453791, 0.7101309
16955188140000, -1.3640621, 0.539394, 0.63255095
16955193179000, -1.3381003, 0.34697145, 0.5479461
16955198184000, -1.2773192, 0.0729984, 0.47616947
16955203231000, -1.2024882, -0.21105394, 0.37995818
16955208280000, -1.1007792, -0.44440445, 0.301462
16955213255000, -1.0079277, -0.5891795, 0.24373524
16955218209000, -0.95569867, -0.66614854, 0.21380283
16955223220000, -0.9419542, -0.659429, 0.2144137
16955228274000, -0.9691377, -0.63621616, 0.22510384
16955233236000, -0.9941832, -0.56169057, 0.26389378
16955238210000, -1.0537425, -0.4908302, 0.32070425
16955243233000, -1.1129965, -0.41080686, 0.36987892
16955248233000, -1.1893547, -0.32742378, 0.4129449
16955253212000, -1.2907583, -0.19058995, 0.4792238
16955258238000, -1.4269812, -0.07696902, 0.55741453
16955263243000, -1.5885551, -0.014660766, 0.59956425
16955268234000, -1.750129, 0.005192355, 0.6020077
16955273223000, -1.8750509, 0.03604105, 0.63346726
16955278250000, -1.917506, 0.116675265, 0.6239988
16955283231000, -1.9795089, 0.2443461, 0.5491679
16955288334000, -2.0433443, 0.3885103, 0.4370741
16955293234000, -2.0882428, 0.5161811, 0.2959642
16955298225000, -2.1310034, 0.5546656, 0.14508049
16955303230000, -2.1261165, 0.5589417, -0.0076358155
16955308244000, -2.096184, 0.5036584, -0.15118915
16955313182000, -2.0412061, 0.36132678, -0.27366763
16955318238000, -1.947133, 0.24770586, -0.33292156
16955323870000, -1.8894062, 0.09407325, -0.3295618
16955328255000, -1.8341229, -0.052534413, -0.32070425
16955333167000, -1.7922786, -0.14080444, -0.30604348
16955338209000, -1.7482964, -0.038789943, -0.26053402
16955343145000, -1.7143933, 0.07086037, -0.1957823
16955348240000, -1.6997325, 0.15027285, -0.14477506
16955353132000, -1.6536123, 0.24190263, -0.09407325
16955358340000, -1.6340646, 0.32375857, -0.056505036
16955363161000, -1.6181821, 0.4129449, -0.03573562
16955368217000, -1.6145169, 0.47403142, -0.029626964
16955373155000, -1.5858061, 0.59315014, -0.041233405
16955378271000, -1.5858061, 0.7284568, -0.069027774
16955383171000, -1.5754215, 0.8042041, -0.1001819
16955388235000, -1.5754215, 0.8206975, -0.10598512
16955393908000, -1.5497651, 0.73823065, -0.10629055
16955398235000, -1.5558738, 0.6960809, -0.105374254
16955403218000, -1.561677, 0.5748242, -0.080634214
16955408227000, -1.5824465, 0.47250426, -0.052839845
16955413238000, -1.598329, 0.35277468, -0.022296581
16955418190000, -1.6331482, 0.28405234, 0.009468411
16955423220000, -1.6719382, 0.24098633, 0.043982297
16955428256000, -1.7076738, 0.20769419, 0.0571159
16955433229000, -1.7305813, 0.26450464, 0.059864793
16955438290000, -1.7476854, 0.3463606, 0.08032878
16955443216000, -1.7088956, 0.4474588, 0.09865474
16955448166000, -1.6526959, 0.55741453, 0.100792766
16955453115000, -1.5943583, 0.6591236, 0.09682214
16955458139000, -1.5265522, 0.7348709, 0.099265605
16955463346000, -1.4886786, 0.782213, 0.09987647
16955468095000, -1.4581354, 0.8017606, 0.103847094
16955473106000, -1.4395039, 0.8191703, 0.11759156
16955478136000, -1.3988814, 0.8136725, 0.1328632
16955483105000, -1.3744467, 0.81489426, 0.14294247
16955488128000, -1.346347, 0.91415983, 0.17928895
16955493169000, -1.3356569, 0.9602802, 0.22052236
16955498103000, -1.3435981, 0.94989544, 0.27305678
16955503123000, -1.3567317, 0.93645644, 0.31764993
16955508091000, -1.3594806, 0.93279123, 0.38881573
16955513176000, -1.357648, 0.89369583, 0.46517387
16955518071000, -1.3738359, 0.8258898, 0.5320636
16955523110000, -1.4172074, 0.7812967, 0.60994893
16955528177000, -1.484708, 0.75808376, 0.64904433
16955533117000, -1.5720617, 0.7495316, 0.6731735
16955538099000, -1.6588045, 0.7290677, 0.67011917
16955543106000, -1.6884315, 0.7244862, 0.6627888
16955548115000, -1.666135, 0.70066243, 0.64904433
16955553104000, -1.6328428, 0.68019843, 0.63438356
16955558092000, -1.6019942, 0.68111473, 0.61819565
16955563146000, -1.632232, 0.6808093, 0.59986967
16955568120000, -1.649947, 0.68203104, 0.59681535
16955573114000, -1.6337591, 0.70921457, 0.59712076
16955578139000, -1.6022996, 0.7324274, 0.6178902
16955583115000, -1.5635096, 0.7293731, 0.6221663
16955588114000, -1.5225816, 0.70066243, 0.634689
16955593130000, -1.4966198, 0.63499445, 0.6398814
16955598119000, -1.4410311, 0.5571091, 0.67073005
16955603116000, -1.4144585, 0.46639562, 0.68539083
16955608096000, -1.4025466, 0.36774087, 0.6979135
16955613139000, -1.4037683, 0.2452624, 0.700357
16955618108000, -1.4141531, 0.16065755, 0.70829827
16955623105000, -1.4892895, 0.08093964, 0.70707655
16955628210000, -1.6209309, 0.006414085, 0.70463306
16955633166000, -1.7492126, -0.062002823, 0.6951646
16955638153000, -1.8732183, -0.07971791, 0.68294734
16955643162000, -1.9367483, -0.06261369, 0.65668017
16955648671000, -1.9620992, 0.026572637, 0.6301075
16955653178000, -1.9688187, 0.10567969, 0.6059783
16955658157000, -1.9758437, 0.1695151, 0.59223384
16955663292000, -1.9749273, 0.19883664, 0.58551437
16955668232000, -1.9608774, 0.20799962, 0.5858198
16955673232000, -1.953547, 0.17928895, 0.62796944
16955678313000, -1.9483547, 0.1386664, 0.66889745
16955683220000, -1.9566014, 0.070554934, 0.7431176
16955688228000, -1.9587394, 0.02107485, 0.82436264
16955693180000, -1.9566014, 0.0012217305, 0.8979719
16955698229000, -1.9624046, 0.009773844, 0.9633345
16955703181000, -1.9602666, 0.022602014, 1.0341948
16955708166000, -1.9642372, 0.06078109, 1.0836749
16955713276000, -1.96271, 0.10629055, 1.1175779
16955718948000, -1.9764545, 0.14782938, 1.1328496
16955723128000, -1.9758437, 0.16646078, 1.1520919
16955728228000, -1.9792033, 0.18448131, 1.1484267
16955733173000, -1.9917262, 0.17623462, 1.153619
16955738197000, -1.9953914, 0.15943582, 1.151481
16955743216000, -1.9816469, 0.13225232, 1.1664472
16955748174000, -1.9694295, 0.118507855, 1.1545353
16955753239000, -1.9639318, 0.10598512, 1.1545353
16955758167000, -1.9462167, 0.069027774, 1.1646146
16955763256000, -1.9428569, 0.05955936, 1.1499538
16955768200000, -1.9364429, 0.05131268, 1.149343
16955773188000, -1.9486601, 0.035430185, 1.1505647
16955778251000, -1.9517145, 0.0015271631, 1.1688906
16955783210000, -1.9788979, 0.016493361, 1.1942415
16955788683000, -2.0048597, -0.023518313, 1.2235631
16955793193000, -2.0060816, -0.054061573, 1.2492194
16955798168000, -1.997224, -0.0106901415, 1.2983941
16955803196000, -2.0222695, 0.023518313, 1.3582588
16955808150000, -2.038152, 0.0061086523, 1.3988814
16955813287000, -2.0662518, -0.0018325958, 1.430341
16955818239000, -2.0867157, 0.0021380284, 1.4627168
16955823230000, -2.1212296, -0.03359759, 1.4657712
16955828218000, -2.119397, -0.07452556, 1.4569136
16955833215000, -2.10046, -0.056199603, 1.4492778
16955838142000, -2.0873265, -0.04153884, 1.4205672
16955843178000, -2.074193, -3.0543262E-4, 1.4025466
16955848175000, -2.0607538, 0.04795292, 1.3778065
16955853194000, -2.0595322, 0.07086037, 1.346347
16955858381000, -2.0567832, 0.08735373, 1.3393221
16955863212000, -2.0405953, 0.065973446, 1.3289373
16955868206000, -2.01219, 0.0021380284, 1.3054191
16955873192000, -1.960572, -0.009162978, 1.2864822
16955878271000, -1.9248364, -0.021991149, 1.2534955
16955883201000, -1.9000963, -0.056505036, 1.2302825
16955888179000, -1.8979583, -0.09743301, 1.2070698
16955893173000, -1.8613064, -0.12339478, 1.205848
16955898192000, -1.831374, -0.12675454, 1.2308935
16955903196000, -1.8124372, -0.15607607, 1.2461652
16955908888000, -1.7892243, -0.18967366, 1.2696834
16955913240000, -1.7397442, -0.19608775, 1.3093897
16955918194000, -1.7012597, -0.19730948, 1.3384057
16955923188000, -1.6404786, -0.19975294, 1.3439035
16955928166000, -1.57084, -0.21013765, 1.3399329
16955933199000, -1.5152513, -0.19394971, 1.3457361
16955938159000, -1.459968, -0.20861048, 1.3316863
16955943185000, -1.4382823, -0.23273966, 1.2980887
16955948139000, -1.3994923, -0.26328292, 1.2571607
16955953202000, -1.357648, -0.27183503, 1.2110404
16955958173000, -1.2977833, -0.26328292, 1.1731668
16955963294000, -1.278541, -0.2770274, 1.1316279
16955968196000, -1.2324207, -0.3155119, 1.1163563
16955973193000, -1.1771374, -0.29657507, 1.0922271
16955978153000, -1.1282681, -0.27275133, 1.0772609
16955983208000, -1.0867293, -0.25137106, 1.0439687
16955988161000, -1.0509937, -0.23915374, 1.0158689
16955993208000, -1.033584, -0.2443461, 0.9850202
16955998178000, -1.0262536, -0.23854288, 0.92057395
16956003186000, -1.0164797, -0.24587326, 0.8695667
16956008214000, -0.99296147, -0.23976462, 0.81245077
16956013199000, -0.9645562, -0.22907446, 0.7348709
16956018190000, -0.9599747, -0.24129178, 0.64904433
16956023173000, -0.9388999, -0.27885997, 0.5662721
16956028215000, -0.8854492, -0.3213151, 0.49357912
16956033149000, -0.8338311, -0.37598756, 0.4196644
16956038213000, -0.7473936, -0.4352415, 0.3408628
16956043929000, -0.6404922, -0.4978552, 0.2761111
16956063239000, -0.15485434, -0.657291, 0.08399397
16956068304000, -0.017104227, -0.67256266, 0.036957346
16956073223000, 0.10293079, -0.6844745, 0.0012217305
16956078413000, 0.21105394, -0.70280045, -0.046731193
16956083237000, 0.31642818, -0.7150178, -0.08093964
16956088211000, 0.3998113, -0.6979135, -0.10934488
16956093183000, 0.49357912, -0.6747007, -0.14508049
16956098212000, 0.56596667, -0.63224554, -0.17348573
16956103189000, 0.623388, -0.57971114, -0.1966986
16956108220000, 0.6612616, -0.5103779, -0.23060162
16956113863000, 0.6814202, -0.44348818, -0.2574797
16956118198000, 0.70432764, -0.3652974, -0.27977628
16956123160000, 0.73914695, -0.29046643, -0.30085114
16956128221000, 0.77671516, -0.23273966, -0.31581733
16956133168000, 0.8173377, -0.19456059, -0.33383787
16956138195000, 0.8753699, -0.18509217, -0.3417791
16956143234000, 0.9282097, -0.15851954, -0.34483343
16956148237000, 0.99021256, -0.14660765, -0.35033122
16956153301000, 1.0616838, -0.14385876, -0.3436117
16956158222000, 1.1227703, -0.14385876, -0.33444872
16956163246000, 1.1475104, -0.15760323, -0.33292156
16956168248000, 1.1991285, -0.14752395, -0.33322698
16956173218000, 1.2687671, -0.14294247, -0.32803464
16956178239000, 1.3335189, -0.13347405, -0.3100141
16956183452000, 1.4178182, -0.11575896, -0.2828306
16956188231000, 1.4810427, -0.101098195, -0.269697
16956193187000, 1.5415184, -0.07238753, -0.2501493
16956198241000, 1.5931365, -0.04184427, -0.22724187
16956203257000, 1.6245961, -0.017715093, -0.20738874
16956208182000, 1.6658295, 0.00580322, -0.17287487
16956213240000, 1.6658295, 0.004581489, -0.15974127
16956218199000, 1.6303993, -0.003970624, -0.13408493
16956223197000, 1.5873333, -0.007941248, -0.095294975
16956228215000, 1.5488489, 0.008857546, -0.06658431
16956233201000, 1.5293012, 0.048258353, -0.022907447
16956238194000, 1.5372424, 0.116675265, 0.015882496
16956243174000, 1.5580118, 0.17928895, 0.038789943
16956248262000, 1.5793921, 0.2773328, 0.07696902
16956253236000, 1.6035212, 0.32467487, 0.1160644
16956258183000, 1.6288722, 0.3454443, 0.1337795
16956263213000, 1.6496416, 0.2742785, 0.15607607
16956268193000, 1.6811012, 0.21960606, 0.16157386
16956273194000, 1.6777414, 0.20799962, 0.14355333
16956278212000, 1.6615535, 0.24648413, 0.17867808
16956283199000, 1.6233743, 0.27091873, 0.2507602
16956288193000, 1.5974126, 0.2507602, 0.28191432
16956293174000, 1.5720617, 0.17073683, 0.28588495
16956298155000, 1.6056592, 0.09560041, 0.28130344
16956303209000, 1.5909985, 0.06963864, 0.258396
16956308180000, 1.5635096, 0.11209377, 0.2565634
16956313312000, 1.509448, 0.10720685, 0.2593123
16956318234000, 1.4581354, 0.06536258, 0.25534168
16956323199000, 1.4413365, 0.023518313, 0.23182335
16956328189000, 1.4059063, -0.030848695, 0.23548855
16956333242000, 1.382388, -0.0571159, 0.23457226
16956338143000, 1.3707817, -0.09743301, 0.20097467
16956343179000, 1.3469579, -0.14966199, 0.17073683
16956348292000, 1.303281, -0.2284636, 0.20525073
16956353193000, 1.2815952, -0.2452624, 0.21380283
16956358357000, 1.2696834, -0.2828306, 0.21563543
16956363265000, 1.2412782, -0.36713, 0.17837265
16956368852000, 1.1924089, -0.3735441, 0.13408493
16956373236000, 1.0955868, -0.3399465, 0.14172074
16956378170000, 1.0085385, -0.30787608, 0.14630222
16956383241000, 0.9645562, -0.2996294, 0.12461651
16956388232000, 0.93034774, -0.28924468, 0.13316862
16956393240000, 0.8933904, -0.24220806, 0.14385876
16956398200000, 0.8720101, -0.19639318, 0.15699236
16956403261000, 0.84299403, -0.20891592, 0.1459968
16956408202000, 0.81000733, -0.2938262, 0.10873401
16956413285000, 0.7473936, -0.36071593, 0.09560041
16956418299000, 0.6407976, -0.4792238, 0.2049453
16956423224000, 0.5723807, -0.5992588, 0.24831672
16956428265000, 0.49449542, -0.7150178, 0.20372356
16956433236000, 0.34116822, -0.79351395, 0.13561209
16956438815000, 0.16523905, -0.8671232, 0.0852157
16956443222000, 0.04062254, -0.91232723, 0.032986723
16956448185000, -0.01282817, -0.9104946, -0.027488936
16956453229000, -0.022602014, -0.8060367, -0.06536258
16956458181000, -0.023823744, -0.64996064, -0.11453723
16956463251000, -0.009468411, -0.49846604, -0.15057829
16956468173000, 0.013133603, -0.33353242, -0.18906279
16956473205000, 0.028710667, -0.20708331, -0.22540927
16956478214000, 0.042455133, -0.13683382, -0.24740042
16956483208000, 0.04428773, -0.083383106, -0.2846632
16956488195000, 0.03481932, -0.048563786, -0.29718593
16956493179000, 0.025961773, -0.043066, -0.33108896
16956498205000, -0.009773844, -0.07849618, -0.35613444
16956503135000, -0.04153884, -0.10140363, -0.3640757
16956508534000, -0.083383106, -0.10445796, -0.35643986
16956513153000, -0.13775012, -0.12583824, -0.33078352
16956518200000, -0.15302174, -0.16279559, -0.2883284
16956523127000, -0.17989981, -0.22235495, -0.24709499
16956528203000, -0.19456059, -0.24404067, -0.20463985
16956533161000, -0.19914207, -0.28405234, -0.18325958
16956538209000, -0.17837265, -0.25717425, -0.1554652
16956543186000, -0.15363261, -0.20158553, -0.12186762
16956548169000, -0.1133155, -0.172264, -0.110872045
16956553198000, -0.089491755, -0.12461651, -0.102319926
16956558191000, -0.044593163, -0.122783914, -0.106595986
16956563292000, 0.00580322, -0.11759156, -0.110872045
16956568275000, 0.058948494, -0.09743301, -0.12767084
16956573188000, 0.101098195, -0.0842994, -0.13683382
16956578226000, 0.1685988, -0.07574729, -0.1469131
16956583194000, 0.22113322, -0.06811147, -0.14996742
16956588193000, 0.25381452, -0.0729984, -0.15363261
16956593183000, 0.2764165, -0.11881329, -0.16340645
16956598190000, 0.27947086, -0.16676621, -0.17806722
16956603212000, 0.23884831, -0.22693644, -0.19975294
16956608168000, 0.17928895, -0.26389378, -0.21319197
16956613239000, 0.11911872, -0.26083946, -0.22724187
16956618290000, 0.03940081, -0.25411993, -0.24709499
16956623189000, -0.00580322, -0.23335053, -0.26267207
16956628159000, -0.06078109, -0.20708331, -0.27550024
16956633211000, -0.10842858, -0.16982053, -0.29138273
16956638165000, -0.1572978, -0.14630222, -0.31520647
16956643181000, -0.18936823, -0.12675454, -0.33292156
16956648239000, -0.21624629, -0.09865474, -0.34025195
16956653194000, -0.23243423, -0.08582657, -0.34483343
16956658285000, -0.27152961, -0.07971791, -0.34788775
16956663209000, -0.28160888, -0.058948494, -0.32986724
16956668157000, -0.29932398, -0.063224554, -0.32253686
16956673195000, -0.32406402, -0.054367006, -0.32070425
16956678180000, -0.3286455, -0.03970624, -0.29810223
16956683202000, -0.31581733, -0.050701816, -0.27305678
16956688131000, -0.2648101, -0.053145275, -0.2556471
16956693834000, -0.2125811, -0.04428773, -0.24190263
16956698140000, -0.15974127, -0.05375614, -0.22785273
16956703231000, -0.089186326, -0.04917465, -0.20738874
16956708163000, -0.03481932, -0.046120327, -0.19792034
16956713326000, 0.0061086523, -0.028099801, -0.17287487
16956718206000, 0.018936822, -0.025961773, -0.17012598
16956723231000, 0.028405234, -0.030848695, -0.16218472
16956728290000, 0.022602014, -0.039095376, -0.14905111
16956733171000, 0.024740042, -0.036651913, -0.14844026
16956738202000, 0.0290161, -0.036957346, -0.14569137
16956743182000, 0.022907447, -0.049480084, -0.15088372
16956748175000, 0.022296581, -0.047647487, -0.14721853
16956753194000, 0.035430185, -0.051618114, -0.14049901
16956758185000, 0.02687807, -0.07086037, -0.1386664
16956763939000, 0.03023783, -0.086437434, -0.124005646
16956768206000, 0.043676864, -0.09010262, -0.12858713
16956773221000, 0.043066, -0.099571034, -0.112399206
16956778317000, 0.053450707, -0.10720685, -0.10323623
16956783234000, 0.0580322, -0.11942416, -0.087659165
16956788233000, 0.07727446, -0.118507855, -0.086437434
16956793237000, 0.07422013, -0.124005646, -0.076052725
16956798246000, 0.09193522, -0.11881329, -0.07941248
16956803223000, 0.093462385, -0.12858713, -0.07086037
16956808232000, 0.1142318, -0.11789699, -0.06261369
16956813231000, 0.14080444, -0.12736541, -0.055588737
16956818215000, 0.15118915, -0.13255776, -0.04520403
16956823223000, 0.1414153, -0.12675454, -0.03390302
16956828267000, 0.14355333, -0.10354166, -0.02076942
16956833553000, 0.12308934, -0.070554934, -0.015271631
16956838215000, 0.058643065, -0.07360926, -0.0027488936
16956843186000, 0.040011674, -0.082161374, -0.0018325958
16956848253000, 0.051618114, -0.083383106, -0.0012217305
16956853165000, 0.055283304, -0.07391469, 0.005192355
16956858216000, 0.05222898, -0.07696902, 0.003970624
16956863175000, 0.06994407, -0.07147124, 0.0033597588
16956868240000, 0.052839845, -0.069027774, 3.0543262E-4
16956873128000, 0.05955936, -0.062308256, -0.005497787
16956878219000, 0.054061573, -0.063224554, -0.0036651916
16956883134000, 0.06383542, -0.06688975, -0.003970624
16956888231000, 0.06719518, -0.05497787, -0.01160644
16956893247000, 0.07544186, -0.06261369, -0.018020526
16956898240000, 0.07727446, -0.07086037, -0.022296581
16956903246000, 0.07971791, -0.06658431, -0.029932396
16956908234000, 0.07788532, -0.06566802, -0.036651913
16956913241000, 0.081855945, -0.070249505, -0.029932396
16956918239000, 0.09285152, -0.07574729, -0.03604105
16956923237000, 0.10140363, -0.0711658, -0.047036625
16956928250000, 0.0842994, -0.073303826, -0.046120327
16956933196000, 0.0729984, -0.07391469, -0.04886922
16956938196000, 0.08032878, -0.06872234, -0.053450707
16956943205000, 0.070249505, -0.070554934, -0.05375614
16956948219000, 0.0580322, -0.0729984, -0.052534413
16956953235000, 0.05222898, -0.0729984, -0.057726767
16956958237000, 0.04886922, -0.06627888, -0.055283304
16956963237000, 0.025045475, -0.073303826, -0.058337633
16956968233000, 0.018936822, -0.07574729, -0.0711658
16956973129000, 0.014049901, -0.07666359, -0.061391957
16956978219000, 0.01740966, -0.05681047, -0.06627888
16956983132000, 0.03176499, -0.048258353, -0.07544186
16956988231000, 0.027794369, -0.029626964, -0.0711658
16956993153000, 0.022602014, -0.038179077, -0.0693332
16956998309000, -0.0030543262, -0.04550946, -0.073303826
16957003202000, -0.010995574, -0.048563786, -0.06352998
16957008221000, -0.0125227375, -0.064446285, -0.05955936
16957013139000, -0.023823744, -0.08277224, -0.05131268
16957018875000, -0.02321288, -0.09712757, -0.043676864
16957023190000, -0.008857546, -0.105068825, -0.03848451
16957028227000, 0.007330383, -0.08582657, -0.038179077
16957033210000, 0.01282817, -0.07727446, -0.04337143
16957038175000, 0.021685716, -0.08582657, -0.043676864
16957043202000, 0.02565634, -0.07422013, -0.043066
16957048205000, 0.029932396, -0.06994407, -0.039095376
16957053111000, 0.018325957, -0.0693332, -0.042760566
16957058112000, 0.032070424, -0.07360926, -0.04153884
16957063139000, 0.025961773, -0.08277224, -0.047647487
16957068113000, 0.01985312, -0.080634214, -0.047036625
16957073101000, 0.021685716, -0.06566802, -0.04062254
16957078137000, 0.007941248, -0.064751714, -0.044593163
16957083128000, 0.0030543262, -0.064446285, -0.044898596
16957088424000, -0.00580322, -0.055588737, -0.042455133
16957093135000, -0.003970624, -0.04153884, -0.035124753
16957098134000, -0.0070249503, -0.029321533, -0.03756821
16957103125000, -0.0070249503, -0.025350908, -0.032070424
16957108231000, -0.0125227375, -0.022296581, -0.030543262
16957113265000, -0.0125227375, -0.029626964, -0.024129177
16957118223000, -0.009162978, -0.034208454, -0.034513887
16957123250000, -0.005192355, -0.025350908, -0.03359759
16957128276000, -0.0018325958, -0.022296581, -0.025045475
16957133220000, -0.0018325958, -0.02565634, -0.021380283
16957138189000, -0.007330383, -0.025961773, -0.025045475
16957143231000, -0.0076358155, -0.024740042, -0.0290161
16957148228000, -0.0036651916, -0.034208454, -0.022296581
16957153231000, -0.0030543262, -0.02687807, -0.01740966
16957158765000, 0.0030543262, -0.02565634, -0.020158553
16957163245000, -0.0012217305, -0.023518313, -0.023823744
16957168224000, 0.0015271631, -0.02687807, -0.028405234
16957173237000, 0.009162978, -0.024129177, -0.020158553
16957178236000, 0.003970624, -0.02687807, -0.020158553
16957183239000, 0.0125227375, -0.021380283, -0.016798794
16957188223000, 0.017104227, -0.0061086523, -0.025045475
16957193231000, 0.0125227375, -0.01038471, -0.02687807
16957198231000, 0.0143553335, -0.014660766, -0.034513887
16957203215000, 0.009773844, -0.013133603, -0.038789943
16957208230000, 0.003970624, -0.0076358155, -0.046120327
16957213262000, 0.014966198, -0.007941248, -0.046731193
16957218201000, 0.014966198, -0.0125227375, -0.04062254
16957223245000, 0.008552114, -0.01282817, -0.04428773
16957228423000, 0.007330383, -0.02443461, -0.04886922
16957233239000, 0.009162978, -0.01985312, -0.062308256
16957238180000, 0.004581489, -0.02565634, -0.062002823
16957243209000, 0.0070249503, -0.020158553, -0.06078109
16957248155000, 0.0070249503, 0.0015271631, -0.070249505
16957253099000, -0.006414085, -0.004276057, -0.07391469
16957258115000, -0.006414085, -0.02443461, -0.06627888
16957263141000, 0.017104227, -0.046731193, -0.055588737
16957268101000, 0.0143553335, -0.048258353, -0.06566802
16957273107000, 0.022602014, -0.05131268, -0.064751714
16957278148000, 0.029321533, -0.054061573, -0.070554934
16957283127000, 0.02076942, -0.04428773, -0.060170226
16957288111000, 0.008246681, -0.05955936, -0.06780604
16957293109000, 0.017104227, -0.08552113, -0.059253927
16957298119000, 0.021685716, -0.0983493, -0.0693332
16957303188000, 0.029321533, -0.09896017, -0.06719518
16957308181000, 0.028710667, -0.105374254, -0.06169739
16957313201000, 0.021991149, -0.10873401, -0.06169739
16957318214000, 0.017715093, -0.10629055, -0.058643065
16957323192000, 0.013744468, -0.093767814, -0.062002823
16957328272000, 0.007330383, -0.08124508, -0.056199603
16957333205000, -0.0015271631, -0.06414085, -0.07269296
16957338293000, -0.01740966, -0.058948494, -0.0711658
16957343168000, -0.010079277, -0.05131268, -0.06963864
16957348147000, -0.015577064, -0.06169739, -0.07819075
16957353195000, -0.0106901415, -0.058643065, -0.077579886
16957358176000, -0.020158553, -0.059253927, -0.08032878
16957363212000, -0.024129177, -0.03940081, -0.08460484
16957368134000, -0.04153884, -0.026572637, -0.0888809
16957373186000, -0.045814894, -0.040011674, -0.093462385
16957378209000, -0.049480084, -0.053145275, -0.09193522
16957383219000, -0.044898596, -0.05222898, -0.09285152
16957388129000, -0.044898596, -0.050701816, -0.09468412
16957393169000, -0.046120327, -0.034513887, -0.086132
16957398175000, -0.057726767, -0.026267206, -0.079107046
16957403199000, -0.05375614, -0.007330383, -0.08246681
16957408156000, -0.06627888, 0.005497787, -0.0729984
16957414019000, -0.062002823, -9.162979E-4, -0.06841691
16957418128000, -0.061086524, -0.014966198, -0.064751714
16957423189000, -0.042455133, -0.004581489, -0.061391957
16957428160000, -0.04184427, -0.011911872, -0.049480084
16957433207000, -0.036651913, -0.011301007, -0.04550946
16957438152000, -0.03390302, -0.0076358155, -0.046731193
16957443232000, -0.025045475, -0.004276057, -0.04337143
16957448239000, -0.03145956, -0.009773844, -0.03390302
16957453227000, -0.014966198, -0.01282817, -0.025350908
16957458211000, -0.009468411, -0.004581489, -0.015882496
16957463262000, -0.009468411, -0.013744468, -0.01985312
16957468218000, -0.017715093, -0.019242255, -0.0143553335
16957473227000, -0.022602014, -0.031154128, -0.0076358155
16957478301000, -0.019547688, -0.03756821, -0.00580322
16957483799000, -0.0106901415, -0.034513887, 0.0015271631
16957488230000, -0.015271631, -0.03756821, -0.0036651916
16957493220000, -0.01282817, -0.03756821, -0.0018325958
16957498251000, -0.023518313, -0.03390302, 0.011301007
16957503234000, -0.019547688, -0.03634648, 0.0033597588
16957508236000, -0.010995574, -0.03145956, 0.007941248
16957513329000, -0.017715093, -0.031154128, 0.006414085
16957518266000, -0.013744468, -0.028710667, 0.004581489
16957523223000, -0.021991149, -0.033292156, 0.011301007
16957528223000, -0.022602014, -0.0290161, 0.007941248
16957533225000, -0.01160644, -0.030543262, 0.004276057
16957538207000, -0.0106901415, -0.04153884, 0.015882496
16957543226000, -0.015882496, -0.029932396, 0.01863139
16957548232000, -0.0106901415, -0.037873644, 0.014966198
16957553179000, -0.0143553335, -0.03940081, 0.018020526
16957558226000, -0.012217305, -0.044593163, 0.010995574
16957563285000, -0.016187929, -0.043676864, 0.009773844
16957568307000, -0.022907447, -0.032070424, 0.016493361
16957573224000, -0.014049901, -0.027794369, 0.014966198
16957578205000, -0.0143553335, -0.021380283, 0.015271631
16957583158000, -0.0143553335, -0.016187929, 0.010995574
16957588196000, -0.01038471, -0.014660766, 0.01160644
16957593163000, -0.005497787, -0.0061086523, 0.009468411
16957598212000, -0.011301007, -0.0067195175, 0.0033597588
16957603192000, -0.01282817, -0.0021380284, 0.01160644
16957608160000, -0.01740966, -0.00580322, 0.012217305
16957613232000, -0.016187929, -0.0015271631, 0.014049901
16957618293000, -0.021991149, -0.0012217305, 0.021380283
16957623125000, -0.02321288, -0.0018325958, 0.008552114
16957628250000, -0.017715093, -6.1086525E-4, 0.005497787
16957633134000, -0.018936822, 0.009468411, 0.004581489
16957638195000, -0.02565634, 0.01282817, 0.007941248
16957643160000, -0.026572637, 0.02443461, 0.008246681
16957648186000, -0.022296581, 0.015882496, 0.0012217305
16957653153000, -0.026267206, 0.024129177, 0.010079277
16957658169000, -0.03573562, 0.020158553, 0.0061086523
16957663222000, -0.024740042, 0.028710667, 3.0543262E-4
16957669003000, -0.03726278, 0.03604105, -3.0543262E-4
16957673259000, -0.03145956, 0.03023783, 0.0033597588
16957678269000, -0.031154128, 0.02687807, 0.004276057
16957683183000, -0.03481932, 0.019547688, -6.1086525E-4
16957688234000, -0.01985312, 0.018936822, 0.0070249503
16957693205000, -0.03481932, 0.021685716, -0.0027488936
16957698238000, -0.034513887, 0.014660766, -0.0012217305
16957703551000, -0.038179077, 0.013439035, -0.00580322
16957708199000, -0.032375857, 0.01038471, -0.0036651916
16957713223000, -0.03848451, 0.011911872, -0.0036651916
16957718234000, -0.033292156, 0.0012217305, -0.00580322
16957723242000, -0.028405234, -0.0021380284, -0.016187929
16957728295000, -0.018325957, 0.005497787, -0.012217305
16957733233000, -0.026572637, -0.007941248, -0.01282817
16957738692000, -0.018020526, 6.1086525E-4, -0.009773844
16957743231000, -0.023823744, -0.00580322, -0.017104227
16957748232000, -0.016798794, -0.00580322, -0.015882496
16957753245000, -0.02107485, -0.004581489, -0.009162978
16957758185000, -0.02443461, 0.004886922, -0.013439035
16957763203000, -0.032070424, 0.003970624, -0.011911872
16957768196000, -0.03940081, -0.00580322, -0.005497787
16957773331000, -0.032070424, -0.004276057, -0.017104227
16957778168000, -0.029321533, -0.0076358155, -0.005192355
16957783203000, -0.03359759, -0.004886922, -0.014049901
16957788236000, -0.035430185, -0.0106901415, -0.016798794
16957793182000, -0.029321533, -0.01160644, -0.014660766
16957798159000, -0.03268129, -0.0030543262, -0.027183503
16957803194000, -0.032375857, -0.015882496, -0.02565634
16957808183000, -0.013744468, -0.009773844, -0.026267206
16957813294000, -0.017104227, -0.014660766, -0.029626964
16957818177000, -0.0143553335, -0.017715093, -0.028099801
16957823235000, -0.01160644, -0.01160644, -0.022602014
16957828149000, -0.028710667, 0.025961773, -0.02687807
16957833245000, -0.04795292, 0.007941248, -0.03145956
16957838126000, -0.022602014, -0.008857546, -0.0290161
16957843182000, -0.018936822, -0.007330383, -0.027794369
16957848178000, -0.013133603, -0.01038471, -0.032070424
16957853197000, -0.020463986, -0.011911872, -0.027183503
16957858176000, -0.029932396, -0.008552114, -0.03023783
16957863283000, -0.026572637, -0.018020526, -0.032375857
16957868209000, -0.026572637, -0.005497787, -0.025045475
16957873186000, -0.03145956, -0.005192355, -0.020463986
16957878924000, -0.03023783, -0.007330383, -0.02321288
16957883206000, -0.02107485, -0.007330383, -0.023823744
16957888228000, -0.033292156, -0.0021380284, -0.019547688
16957893184000, -0.028099801, -0.008552114, -0.022602014
16957898517000, -0.024740042, -0.006414085, -0.01038471
16957903197000, -0.031154128, -0.010995574, -0.01863139
16957908181000, -0.027794369, -0.017104227, -0.009162978
16957913267000, -0.032375857, -0.01985312, -0.014660766
16957918270000, -0.022907447, -0.016493361, -0.007941248
16957923188000, -0.02565634, -0.024740042, -0.010079277
16957928170000, -0.026267206, -0.03145956, -0.008246681
16957933200000, -0.024129177, -0.022602014, -0.011911872
16957938129000, -0.02107485, -0.021685716, -0.004276057
16957943187000, -0.028710667, -0.03145956, -0.015882496
16957948165000, -0.023823744, -0.027183503, -0.006414085
16957953194000, -0.029626964, -0.01863139, -0.004886922
16957958135000, -0.03023783, -0.015577064, -0.00580322
16957963206000, -0.028710667, -0.016493361, 0.005192355
16957968133000, -0.030848695, -0.014966198, 0.005497787
16957973197000, -0.03604105, -0.016493361, 0.010079277
16957978170000, -0.03145956, -0.013439035, 0.0106901415
16957983200000, -0.030543262, -0.01282817, 0.0106901415
16957988199000, -0.031154128, -0.018325957, 0.010079277
16957993179000, -0.02565634, -0.011301007, 0.008857546
16957998209000, -0.035124753, -0.018936822, 0.0106901415
16958003196000, -0.033292156, -0.017715093, 0.012217305
16958008179000, -0.03390302, -0.01160644, 0.017104227
16958013222000, -0.028099801, -0.010995574, 0.021991149
16958018256000, -0.027794369, -0.014049901, 0.018020526
16958023191000, -0.01863139, -0.011301007, 0.020158553
16958028307000, -0.020463986, -0.010079277, 0.02321288
16958033198000, -0.021991149, -0.005192355, 0.028099801
16958038191000, -0.02687807, -0.0033597588, 0.02565634
16958043176000, -0.023823744, 3.0543262E-4, 0.027488936
16958048201000, -0.012217305, -0.002443461, 0.024129177
16958053190000, -0.014049901, 0.004886922, 0.029626964
16958058175000, -0.01985312, 0.009468411, 0.03176499
16958063501000, -0.028099801, 0.01160644, 0.025961773
16958068259000, -0.02076942, 0.016187929, 0.02687807
16958073197000, -0.02107485, 0.024129177, 0.0290161
16958078198000, -0.023518313, 0.024740042, 0.032070424
16958083141000, -0.0290161, 0.01282817, 0.0290161
16958088195000, -0.029932396, 0.016493361, 0.027183503
16958093143000, -0.034208454, 0.020158553, 0.028405234
16958098207000, -0.03176499, 0.013744468, 0.033292156
16958103128000, -0.02076942, 0.029321533, 0.028405234
16958108228000, -0.03268129, 0.025045475, 0.024129177
16958113162000, -0.029321533, 0.02321288, 0.023518313
16958118192000, -0.032986723, 0.02076942, 0.021380283
16958123151000, -0.034513887, 0.021685716, 0.017715093
16958128183000, -0.03176499, 0.013133603, 0.016187929
16958133165000, -0.022602014, 0.018325957, 0.014660766
16958138193000, -0.020158553, 0.016187929, 0.014049901
16958143325000, -0.029626964, 0.02076942, 0.018325957
16958148203000, -0.032986723, 0.014049901, 0.014049901
16958153219000, -0.021991149, 0.017715093, 0.013439035
16958158174000, -0.033292156, 0.0076358155, 0.015577064
16958163252000, -0.034208454, 0.007330383, 0.004276057
16958168197000, -0.023823744, 0.008246681, 0.0076358155
16958173169000, -0.035430185, 0.01282817, -3.0543262E-4
16958178191000, -0.029932396, 0.0076358155, 0.0070249503
16958183552000, -0.029321533, 0.015271631, 0.01038471
16958188230000, -0.0290161, 0.009162978, 0.004276057
16958193169000, -0.028710667, 0.010995574, 0.003970624
16958198231000, -0.028405234, 0.024129177, 0.009468411
16958203130000, -0.040011674, 0.004886922, 0.0012217305
16958208196000, -0.035124753, 9.162979E-4, 0.005497787
16958213218000, -0.03023783, 0.004276057, 0.0061086523
16958218195000, -0.027488936, 0.004581489, 0.002443461
16958223195000, -0.025961773, -3.0543262E-4, 9.162979E-4
16958228183000, -0.022602014, -0.0036651916, 0.005192355
16958233209000, -0.014049901, -0.00580322, -0.003970624
16958238195000, -0.0125227375, -0.008246681, 0.005497787
16958243235000, -0.021991149, -0.0076358155, 0.0036651916
16958248226000, -0.02687807, -0.014966198, -0.0021380284
16958253232000, -0.021685716, -0.014660766, 0.004581489
16958258224000, -0.019547688, -0.015271631, -6.1086525E-4
16958263355000, -0.027794369, -0.02107485, 0.009773844
16958268317000, -0.032986723, -0.020158553, 6.1086525E-4
16958273233000, -0.020463986, -0.019242255, -0.0036651916
16958278238000, -0.021991149, -0.016493361, 0.0012217305
16958283237000, -0.032070424, -0.01160644, 0.0033597588
16958288219000, -0.02321288, -0.024740042, -6.1086525E-4
16958293211000, -0.027794369, -0.019242255, 0.004581489
16958298246000, -0.022602014, -0.017715093, -0.0021380284
16958303229000, -0.012217305, -0.021380283, -6.1086525E-4
16958308206000, -0.011911872, -0.02076942, 0.0018325958
16958313327000, -0.02107485, -0.016798794, 9.162979E-4
16958318329000, -0.019242255, -0.017104227, 0.004581489
16958323228000, -0.01985312, -0.0033597588, 0.005192355
16958328161000, -0.015271631, -0.007941248, 0.0076358155
16958333207000, -0.021685716, -0.008246681, 0.005192355
16958338194000, -0.023518313, -0.008246681, 0.011911872
16958343178000, -0.023823744, 0.004581489, 0.018020526
16958348125000, -0.03176499, 0.012217305, 0.011301007
16958353195000, -0.032986723, 0.004581489, 0.009773844
16958358188000, -0.03359759, -9.162979E-4, 0.010079277
16958363300000, -0.033292156, 0.00580322, 0.00580322
16958368235000, -0.03359759, 0.004276057, 0.01160644
16958373188000, -0.029932396, 0.011301007, 0.006414085
16958378143000, -0.02687807, 0.01282817, 0.007330383
16958383205000, -0.024740042, 0.009162978, 0.007941248
16958388126000, -0.025961773, 0.0106901415, 0.006414085
16958393170000, -0.020463986, 0.01160644, 0.010079277
16958398145000, -0.0290161, 0.0070249503, 0.013133603
16958403197000, -0.029932396, 0.010079277, 0.017104227
16958408164000, -0.027794369, 0.004276057, 0.015882496
16958413279000, -0.033292156, 0.004581489, 0.015271631
16958418253000, -0.03023783, 0.003970624, 0.010995574
16958423229000, -0.028099801, -0.0021380284, 0.0070249503
16958428222000, -0.023823744, 0.005497787, 0.007941248
16958433232000, -0.026267206, 0.009773844, 0.015882496
16958438215000, -0.029626964, 0.013439035, 0.011301007
16958443234000, -0.028099801, 0.0067195175, 0.0106901415
16958448491000, -0.029321533, 0.0018325958, 0.014966198
16958453229000, -0.023518313, 0.010995574, 0.020463986
16958458403000, -0.026267206, 0.004581489, 0.0143553335
16958463326000, -0.020158553, 0.005497787, 0.01863139
16958468564000, -0.026267206, 0.0061086523, 0.01863139
16958473228000, -0.02565634, -0.005497787, 0.022602014
16958478212000, -0.027183503, 0.008857546, 0.018020526
16958483242000, -0.027488936, 0.004276057, 0.018936822
16958488225000, -0.022602014, 0.004276057, 0.015271631
16958493180000, -0.021685716, 9.162979E-4, 0.01282817
16958498189000, -0.019242255, 0.008552114, 0.016798794
16958503192000, -0.021380283, 0.011911872, 0.014049901
16958508177000, -0.016493361, 0.012217305, 0.018936822
16958513215000, -0.023823744, 0.008857546, 0.020463986
16958518263000, -0.02565634, 0.011911872, 0.019242255
16958523225000, -0.025961773, 0.012217305, 0.015882496
16958528225000, -0.02321288, 0.007330383, 0.016798794
16958533133000, -0.027794369, 0.0070249503, 0.01740966
16958538211000, -0.036651913, -0.003970624, 0.011301007
16958543143000, -0.03176499, 0.003970624, 0.0076358155
16958548186000, -0.033292156, 0.010079277, 0.009773844
16958553152000, -0.03176499, 0.016187929, 0.008857546
16958558207000, -0.029321533, 0.012217305, 0.0067195175
16958563296000, -0.027794369, 0.016798794, 0.0036651916
16958568308000, -0.03481932, 0.005192355, 0.004886922
16958573288000, -0.025961773, 0.021685716, 0.008857546
16958578182000, -0.028099801, 0.015882496, 0.0021380284
16958583229000, -0.029932396, 0.013744468, 0.003970624
16958588229000, -0.032375857, 0.0076358155, 0.009162978
16958593213000, -0.03604105, 0.005192355, 0.0143553335
16958598224000, -0.029321533, -0.008246681, 0.0106901415
16958603129000, -0.02687807, -0.0018325958, 0.014660766
16958608217000, -0.03634648, -0.009468411, 0.02565634
16958613272000, -0.03634648, -0.021380283, 0.023518313
16958618249000, -0.03023783, -0.019242255, 0.022602014
16958623193000, -0.032986723, -0.02076942, 0.022602014
16958628227000, -0.029932396, -0.019242255, 0.028405234
16958633223000, -0.03726278, -0.02076942, 0.025045475
16958638194000, -0.024129177, -0.016798794, 0.027794369
16958643246000, -0.0290161, -0.009162978, 0.027183503
16958648222000, -0.023823744, -0.0076358155, 0.022296581
16958653231000, -0.02565634, -0.009773844, 0.02687807
16958658215000, -0.025350908, -3.0543262E-4, 0.026572637
16958663254000, -0.035124753, 6.1086525E-4, 0.02565634
16958668303000, -0.029321533, 0.003970624, 0.02565634
16958673232000, -0.032070424, -0.0036651916, 0.02687807
16958678219000, -0.03481932, 0.0018325958, 0.01985312
16958683233000, -0.038179077, -0.004276057, 0.020158553
16958688226000, -0.03970624, -0.01038471, 0.014660766
16958693230000, -0.03481932, -0.01038471, 0.02076942
16958698220000, -0.03359759, -0.021685716, 0.014049901
16958703226000, -0.03848451, -0.017104227, 0.016493361
16958708233000, -0.04642576, -0.017715093, 0.013744468
16958713282000, -0.047036625, -0.014049901, 0.009773844
16958718308000, -0.05131268, -0.018936822, 0.009468411
16958723232000, -0.041233405, -0.015882496, 0.01038471
16958728219000, -0.041233405, -0.020463986, 0.0015271631
16958733232000, -0.04184427, -0.0125227375, -0.0012217305
16958738190000, -0.035124753, -0.018325957, -0.005192355
16958743235000, -0.048563786, -0.017715093, 0.0018325958
16958748249000, -0.03604105, -0.017715093, -0.005497787
16958753233000, -0.03848451, -0.02443461, -0.00580322
16958758219000, -0.03848451, -0.030543262, -0.010079277
16958763282000, -0.04062254, -0.022296581, -0.005192355
16958768297000, -0.038789943, -0.03176499, -0.010079277
16958773231000, -0.044898596, -0.025350908, -0.015882496
16958778196000, -0.03604105, -0.025350908, -0.011911872
16958783232000, -0.04153884, -0.024740042, -0.012217305
16958788186000, -0.03848451, -0.032070424, -0.013439035
16958793234000, -0.04153884, -0.03481932, -0.023823744
16958798149000, -0.03390302, -0.0290161, -0.018020526
16958803229000, -0.038179077, -0.031154128, -0.021991149
16958808149000, -0.032986723, -0.033292156, -0.026267206
16958813304000, -0.037873644, -0.03390302, -0.019242255
16958818231000, -0.032070424, -0.02443461, -0.02107485
16958823229000, -0.04062254, -0.028710667, -0.022602014
16958828145000, -0.03940081, -0.022602014, -0.01863139
16958833232000, -0.040011674, -0.028710667, -0.013439035
16958838150000, -0.03940081, -0.032375857, -0.019242255
16958843227000, -0.05681047, -0.039095376, -0.0143553335
16958848204000, -0.04428773, -0.031154128, -0.016493361
16958853231000, -0.049480084, -0.026572637, -0.02107485
16958858240000, -0.04184427, -0.029626964, -0.01740966
16958863343000, -0.0290161, -0.018325957, -0.015882496
16958868302000, -0.036651913, -0.014660766, -0.019547688
16958873230000, -0.022602014, -0.0033597588, -0.0125227375
16958878205000, -0.034208454, -0.015271631, -0.018936822
16958883233000, -0.03359759, -0.016493361, -0.015577064
16958888192000, -0.027794369, -0.01038471, -0.004581489
16958893227000, -0.021380283, -0.008552114, -0.0106901415
16958898235000, -0.017104227, -0.0030543262, -0.0143553335
16958903233000, -0.022907447, -0.0015271631, -0.013439035
16958908287000, -0.021685716, 0.005497787, -0.005192355
16958913324000, -0.02565634, 0.010995574, -0.0018325958
16958918541000, -0.021380283, 0.0021380284, -0.009468411
16958923229000, -0.020463986, -0.003970624, -0.0018325958
16958928470000, -0.022907447, -0.004886922, 9.162979E-4
16958933199000, -0.02321288, 0.006414085, -0.0021380284
16958938150000, -0.022602014, 0.007330383, -0.0021380284
16958943215000, -0.019547688, 0.01038471, 0.005497787
16958948179000, -0.026572637, 0.01038471, 0.009468411
16958953228000, -0.023823744, 0.009468411, 0.009468411
16958958185000, -0.022296581, 0.015882496, 0.0125227375
16958963310000, -0.022907447, 0.018020526, 0.014049901
16958968188000, -0.026572637, 0.019242255, 0.016187929
