#Rate of rotation around the x y z axes (Angular velocity).
#timestamp(ns),x,y,z(rad/s)
#Datetime: 07/05/2015 16:46:41
##########################################
#Activity: 8 - CSI - Car-Step in - 6s
#Subject ID: 51
#First Name: sub51
#Last Name: sub51
#Age: 23
#Height(cm): 171
#Weight(kg): 70
#Gender: Male
##########################################

@DATA
23248948155000, 0.27183503, 0.4251622, 0.43676865
23248953127000, 0.2764165, 0.4642576, 0.43799037
23248958097000, 0.2947425, 0.52381694, 0.44348818
23248963381000, 0.3023783, 0.57848936, 0.43860126
23248968137000, 0.29871312, 0.6200282, 0.44501534
23248973122000, 0.2959642, 0.6609562, 0.43371433
23248978127000, 0.3023783, 0.68936145, 0.42913285
23248983132000, 0.3100141, 0.6914995, 0.41386122
23248988134000, 0.3036, 0.6908886, 0.40561453
23248993393000, 0.3222314, 0.68875057, 0.36713
23248998130000, 0.33444872, 0.6728681, 0.35246924
23249003107000, 0.35705075, 0.6301075, 0.32528573
23249008111000, 0.36285394, 0.5766568, 0.29229903
23249013120000, 0.3659083, 0.51159966, 0.2742785
23249018124000, 0.376293, 0.45570546, 0.25289822
23249023122000, 0.38026363, 0.40408736, 0.24404067
23249028116000, 0.37598756, 0.35979962, 0.2180789
23249033102000, 0.36896262, 0.3484986, 0.19914207
23249038126000, 0.36163223, 0.34055737, 0.18325958
23249043127000, 0.3399465, 0.3491095, 0.17837265
23249048153000, 0.3222314, 0.37659842, 0.17928895
23249053122000, 0.310625, 0.39584067, 0.18967366
23249058091000, 0.30390546, 0.3827071, 0.20616703
23249063208000, 0.30879238, 0.3643811, 0.21197024
23249068124000, 0.32803464, 0.3555236, 0.22296582
23249073121000, 0.33750305, 0.34483343, 0.20433442
23249078882000, 0.3436117, 0.32528573, 0.18203785
23249083124000, 0.3662137, 0.29626966, 0.16462818
23249088123000, 0.3744604, 0.2724459, 0.13103059
23249093117000, 0.3912592, 0.24465153, 0.101098195
23249098150000, 0.41325033, 0.21991149, 0.064446285
23249103121000, 0.4166101, 0.2012801, 0.032070424
23249108113000, 0.42821655, 0.18845193, -0.0027488936
23249113138000, 0.42485678, 0.18173242, -0.03573562
23249118125000, 0.4266894, 0.18570304, -0.057726767
23249123120000, 0.4034765, 0.18600847, -0.08827003
23249128128000, 0.40317106, 0.20708331, -0.108123146
23249133126000, 0.38637227, 0.23090707, -0.124311075
23249138121000, 0.3549127, 0.24984388, -0.14080444
23249143121000, 0.33017266, 0.27122417, -0.15699236
23249149030000, 0.27550024, 0.27152961, -0.16493362
23249153124000, 0.23884831, 0.23884831, -0.1777618
23249158096000, 0.21380283, 0.19364429, -0.20372356
23249163127000, 0.17867808, 0.13316862, -0.23915374
23249168128000, 0.16890424, 0.03359759, -0.28924468
23249173133000, 0.15760323, -0.061086524, -0.3463606
23249178121000, 0.15363261, -0.10567969, -0.39858958
23249183127000, 0.16035213, -0.1994475, -0.4343252
23249188120000, 0.17837265, -0.27550024, -0.4908302
23249193393000, 0.19822577, -0.31520647, -0.5323691
23249198146000, 0.21135938, -0.31123585, -0.5662721
23249203134000, 0.22479841, -0.27030787, -0.602924
23249208121000, 0.23335053, -0.2171626, -0.6239988
23249213152000, 0.24831672, -0.13561209, -0.63285637
23249218381000, 0.27763826, -0.06169739, -0.6209445
23249223129000, 0.3368922, 0.016798794, -0.5839872
23249228116000, 0.40591997, 0.07727446, -0.5345071
23249233127000, 0.50518554, 0.12522738, -0.47403142
23249238119000, 0.6062838, 0.1423316, -0.41599923
23249243121000, 0.6759224, 0.12308934, -0.36377025
23249248157000, 0.7189884, 0.070249505, -0.3323107
23249253126000, 0.7263188, -0.022602014, -0.30970868
23249258099000, 0.7067711, -0.13836098, -0.28252518
23249263135000, 0.67164636, -0.27397305, -0.22082779
23249268128000, 0.65576386, -0.41172317, -0.17928895
23249273123000, 0.65393126, -0.46517387, -0.14080444
23249278119000, 0.6246097, -0.52931476, -0.13072516
23249283124000, 0.6270532, -0.5439755, -0.106595986
23249288078000, 0.6041457, -0.52778757, -0.09896017
23249293119000, 0.58184916, -0.48533243, -0.09865474
23249298139000, 0.5342017, -0.4269948, -0.10415252
23249303136000, 0.50426924, -0.35705075, -0.110872045
23249308114000, 0.4709771, -0.26847526, -0.1255328
23249313153000, 0.43768495, -0.1881465, -0.1386664
23249318140000, 0.4196644, -0.12644911, -0.14966199
23249323119000, 0.40011674, -0.1020145, -0.16462818
23249328076000, 0.39187005, -0.095294975, -0.18173242
23249333104000, 0.3744604, -0.1142318, -0.18142697
23249338094000, 0.36285394, -0.14019357, -0.19303341
23249343074000, 0.3399465, -0.18051068, -0.21960606
23249348132000, 0.30909783, -0.2171626, -0.23426682
23249353078000, 0.2733622, -0.23701571, -0.24312437
23249358055000, 0.23976462, -0.22602014, -0.25961772
23249363084000, 0.2049453, -0.19272798, -0.27030787
23249368095000, 0.15851954, -0.1518, -0.28038713
23249373082000, 0.1282817, -0.12675454, -0.28099802
23249378080000, 0.118507855, -0.06719518, -0.269697
23249383085000, 0.08032878, -0.025350908, -0.26847526
23249388090000, 0.062002823, 0.013133603, -0.23762658
23249393103000, 0.04520403, 0.01985312, -0.22235495
23249398079000, 0.027183503, 0.033292156, -0.19364429
23249403093000, 0.024129177, 0.039095376, -0.17287487
23249408096000, 0.015271631, 0.0018325958, -0.1459968
23249413092000, 0.0027488936, -0.0421497, -0.1328632
23249418097000, -0.025961773, -0.09590584, -0.10323623
23249423085000, -0.048258353, -0.14080444, -0.08674286
23249428065000, -0.070554934, -0.1591304, -0.06780604
23249433070000, -0.09987647, -0.15057829, -0.04917465
23249438087000, -0.14966199, -0.1459968, -0.028710667
23249443076000, -0.18478674, -0.09254608, -0.0076358155
23249448136000, -0.22571471, -0.041233405, 0.017104227
23249453093000, -0.25442538, 0.009773844, 0.034208454
23249458083000, -0.28802297, 0.047647487, 0.04520403
23249463119000, -0.29260445, 0.1001819, 0.056199603
23249468096000, -0.29657507, 0.11575896, 0.058948494
23249473636000, -0.29535335, 0.1563815, 0.05681047
23249478078000, -0.2947425, 0.1863139, 0.058948494
23249483100000, -0.2828306, 0.21685717, 0.06627888
23249488079000, -0.2846632, 0.26328292, 0.071776666
23249493072000, -0.26267207, 0.3268129, 0.05955936
23249498106000, -0.25778514, 0.38820487, 0.058643065
23249503093000, -0.2489276, 0.45081854, 0.060170226
23249508085000, -0.24312437, 0.50915617, 0.06872234
23249513087000, -0.22571471, 0.57726765, 0.077579886
23249518091000, -0.21502456, 0.6563747, 0.08827003
23249523096000, -0.19028452, 0.7293731, 0.10170906
23249528078000, -0.14721853, 0.818254, 0.11453723
23249533100000, -0.10995574, 0.91996306, 0.12370021
23249538088000, -0.05955936, 1.0283916, 0.116980694
23249543091000, -0.002443461, 1.1517864, 0.11178834
23249548097000, 0.032070424, 1.2443326, 0.09590584
23249553092000, 0.06078109, 1.3142766, 0.09621128
23249558085000, 0.07727446, 1.3637567, 0.09621128
23249563116000, 0.10323623, 1.3891076, 0.08460484
23249568101000, 0.10842858, 1.3970488, 0.062308256
23249573087000, 0.113926366, 1.3814718, 0.056505036
23249578066000, 0.129198, 1.3295482, 0.034208454
23249583097000, 0.12217305, 1.2959507, -0.00580322
23249588089000, 0.08093964, 1.2486086, -0.064751714
23249593539000, 0.011911872, 1.0885619, -0.111177474
23249598161000, -0.02076942, 0.88789266, -0.1423316
23249603136000, -0.04062254, 0.66706485, -0.160963
23249608083000, -0.029321533, 0.43768495, -0.18112154
23249613084000, -0.033292156, 0.21899518, -0.18325958
23249618101000, -0.034208454, -9.162979E-4, -0.1908954
23249623090000, -0.025350908, -0.17195857, -0.19364429
23249628073000, 0.0030543262, -0.2828306, -0.17928895
23249633089000, 0.041233405, -0.344528, -0.16554448
23249638099000, 0.07727446, -0.35735616, -0.17501289
23249643077000, 0.106595986, -0.33933565, -0.17348573
23249648095000, 0.092240654, -0.35216382, -0.19303341
23249653093000, 0.05589417, -0.28619036, -0.16187929
23249658081000, -0.0012217305, -0.16371189, -0.1301143
23249663083000, -0.049785517, -0.12492194, -0.10842858
23249668107000, -0.10415252, -0.093462385, -0.124005646
23249673089000, -0.13652839, -0.040317107, -0.13347405
23249678077000, -0.19456059, 0.04520403, -0.094989546
23249683138000, -0.2434298, 0.06811147, -0.05009095
23249688046000, -0.269697, 0.025350908, 0.009468411
23249693098000, -0.31948254, -0.015882496, 0.0693332
23249698045000, -0.3576616, -0.0693332, 0.13041973
23249703089000, -0.4007276, -0.116980694, 0.18967366
23249708119000, -0.44868052, -0.13805555, 0.22602014
23249713095000, -0.49418998, -0.07422013, 0.2874121
23249718092000, -0.50885075, -0.004276057, 0.36835176
23249723103000, -0.50762904, 0.013744468, 0.441961
23249728120000, -0.52870387, 0.027183503, 0.4605924
23249733109000, -0.548557, 0.046731193, 0.4718934
23249738112000, -0.573297, 0.04642576, 0.4538729
23249743118000, -0.5708536, 0.03634648, 0.44868052
23249748153000, -0.5815437, 0.05681047, 0.47036624
23249753045000, -0.5864306, 0.0888809, 0.453262
23249758003000, -0.5897904, 0.106595986, 0.41630468
23249763037000, -0.6221663, 0.1459968, 0.4016439
23249768008000, -0.64476824, 0.15149458, 0.4016439
23249773001000, -0.6786713, 0.11636983, 0.4260785
23249778006000, -0.70249504, 0.03726278, 0.4071417
23249783011000, -0.6948592, 0.03940081, 0.44043383
23249788005000, -0.7483099, 0.11301007, 0.5671884
23249794321000, -0.8347474, 0.12339478, 0.655153
23249798445000, -0.91324353, 0.1255328, 0.67256266
23249803086000, -0.94042706, 0.12461651, 0.72295904
23249808090000, -0.9764681, 0.112704635, 0.7892379
23249813127000, -1.0103711, 0.11301007, 0.818254
23249818098000, -1.0341948, 0.1282817, 0.8536842
23249823097000, -1.0647382, 0.15088372, 0.8790351
23249828076000, -1.0965031, 0.18906279, 0.8854492
23249833100000, -1.1090258, 0.16554448, 0.86529064
23249838087000, -1.1224649, 0.13225232, 0.82924956
23249843070000, -1.1117748, 0.112399206, 0.77579886
23249848216000, -1.105666, 0.08827003, 0.7440339
23249853103000, -1.0852021, 0.034208454, 0.70371675
23249858087000, -1.0528263, 0.0021380284, 0.68203104
23249863077000, -1.0030408, -0.059253927, 0.6658431
23249868761000, -0.9804387, -0.12736541, 0.63438356
23249873086000, -0.91507614, -0.16065755, 0.6169739
23249878080000, -0.8940013, -0.17165314, 0.58459806
23249883048000, -0.84207773, -0.16982053, 0.5589417
23249888090000, -0.7791586, -0.14049901, 0.5204572
23249893078000, -0.70096785, -0.12980886, 0.47158796
23249898116000, -0.63285637, -0.10262536, 0.43676865
23249903284000, -0.57635134, -0.090713486, 0.39003745
23249908087000, -0.52198434, -0.080634214, 0.35613444
23249913275000, -0.48655418, -0.067500606, 0.30848694
23249918102000, -0.46578476, -0.059253927, 0.27122417
23249923072000, -0.45937067, -0.034208454, 0.22876903
23249928078000, -0.47067168, -0.015577064, 0.19486602
23249933097000, -0.4896085, -0.024740042, 0.16157386
23249938132000, -0.50426924, -0.049480084, 0.15393804
23249943088000, -0.52320606, -0.08460484, 0.12370021
23249948194000, -0.53023106, -0.13408493, 0.101098195
23249953177000, -0.53023106, -0.1731803, 0.06780604
23249958086000, -0.51251596, -0.18295415, 0.050396383
23249963196000, -0.5021312, -0.19303341, 0.0067195175
23249968100000, -0.4877759, -0.2049453, -0.03268129
23249973087000, -0.47067168, -0.20922135, -0.055588737
23249978076000, -0.44898596, -0.18417588, -0.07727446
23249983101000, -0.4382958, -0.15790866, -0.119729586
23249988089000, -0.4279111, -0.12858713, -0.14294247
23249993088000, -0.42852196, -0.08735373, -0.16493362
23249998132000, -0.42394048, -0.04184427, -0.18448131
23250003079000, -0.42913285, -0.009162978, -0.1957823
23250008257000, -0.44012842, 0.0421497, -0.21288654
23250013132000, -0.44012842, 0.09560041, -0.23090707
23250018051000, -0.43004912, 0.1142318, -0.24098633
23250023065000, -0.42913285, 0.13744467, -0.24648413
23250028055000, -0.43860126, 0.15118915, -0.27091873
23250033172000, -0.4447099, 0.16646078, -0.26847526
23250038064000, -0.4437936, 0.18081611, -0.25320363
23250043080000, -0.44348818, 0.21227567, -0.2434298
23250048160000, -0.44532076, 0.204029, -0.24007004
23250053163000, -0.42455134, 0.20769419, -0.24709499
23250058088000, -0.42943826, 0.1994475, -0.24770586
23250063151000, -0.4175264, 0.17654006, -0.24740042
23250068074000, -0.40469822, 0.17745635, -0.26083946
23250073088000, -0.3827071, 0.18570304, -0.27672195
23250078058000, -0.35918877, 0.22021692, -0.29626966
23250083099000, -0.3277292, 0.27855456, -0.30176744
23250088079000, -0.2941316, 0.33628133, -0.28924468
23250093071000, -0.25961772, 0.39767328, -0.2782491
23250098197000, -0.23365596, 0.45845437, -0.2648101
23250103119000, -0.20311269, 0.5329799, -0.25228736
23250108050000, -0.16523905, 0.59437186, -0.22907446
23250113094000, -0.1441642, 0.6759224, -0.20738874
23250118031000, -0.13561209, 0.7510588, -0.18295415
23250123830000, -0.12675454, 0.82741696, -0.15241088
23250128087000, -0.14294247, 0.9056077, -0.13133603
23250133099000, -0.15271631, 0.96974856, -0.108123146
23250138062000, -0.1853976, 1.0152581, -0.09193522
23250143063000, -0.2134974, 1.0476339, -0.06872234
23250148253000, -0.2501493, 1.0607675, -0.062308256
23250153095000, -0.29168814, 1.073901, -0.043676864
23250158068000, -0.31764993, 1.0812315, -0.03848451
23250163150000, -0.37782016, 1.0714576, -0.024129177
23250168117000, -0.4111123, 1.0607675, -0.01740966
23250173094000, -0.44776422, 1.058324, -0.0076358155
23250178071000, -0.47525316, 1.058324, -0.0015271631
23250183094000, -0.51159966, 1.0369438, -0.003970624
23250188090000, -0.535118, 1.010982, -0.0030543262
23250193131000, -0.5626069, 0.9755518, -0.01282817
23250198176000, -0.58123827, 0.95111716, -0.026572637
23250203115000, -0.5864306, 0.9245446, -0.029932396
23250208087000, -0.6072, 0.8872818, -0.0421497
23250213152000, -0.59986967, 0.8622363, -0.037873644
23250218105000, -0.6068946, 0.8509353, -0.029932396
23250223122000, -0.5925393, 0.84116143, -0.013744468
23250228130000, -0.58093286, 0.83077675, 0.012217305
23250233133000, -0.59406644, 0.82924956, 0.0290161
23250238121000, -0.6053675, 0.8200866, 0.05589417
23250243132000, -0.63041294, 0.82802784, 0.08399397
23250248219000, -0.66889745, 0.8436049, 0.10476339
23250253213000, -0.71776664, 0.84329945, 0.119729586
23250258098000, -0.77091193, 0.8173377, 0.12980886
23250263302000, -0.7874053, 0.7877107, 0.15057829
23250268144000, -0.84513205, 0.7611381, 0.17867808
23250273123000, -0.92179567, 0.75747293, 0.17195857
23250278123000, -0.9972375, 0.76144356, 0.16279559
23250283131000, -1.0488557, 0.7806858, 0.16218472
23250288127000, -1.0855075, 0.7809912, 0.14263703
23250293154000, -1.112691, 0.7797695, 0.115453534
23250298188000, -1.1447614, 0.7495316, 0.06536258
23250303168000, -1.1771374, 0.7333437, 0.005192355
23250308120000, -1.2006557, 0.7098254, -0.05589417
23250313119000, -1.2275337, 0.689056, -0.1328632
23250318129000, -1.251052, 0.62858033, -0.18661933
23250323122000, -1.2724323, 0.5525276, -0.23976462
23250328122000, -1.2751812, 0.51007247, -0.23732115
23250333073000, -1.2538009, 0.54183745, -0.19333886
23250338125000, -1.2458596, 0.5821546, -0.15210545
23250343088000, -1.2247849, 0.5946773, -0.10720685
23250348195000, -1.2156218, 0.5925393, -0.03848451
23250353205000, -1.217149, 0.6084218, -0.005192355
23250358092000, -1.2205088, 0.6151413, 0.06719518
23250363188000, -1.2333369, 0.5946773, 0.13775012
23250368130000, -1.2644911, 0.5662721, 0.20525073
23250373098000, -1.2965615, 0.5320636, 0.26145032
23250378119000, -1.3377949, 0.4972443, 0.3145956
23250383102000, -1.3487904, 0.4129449, 0.3640757
23250388123000, -1.3735305, 0.27977628, 0.3811799
23250393077000, -1.3750577, 0.1301143, 0.37415496
23250398154000, -1.3762794, -0.028099801, 0.36651915
23250403035000, -1.3842206, -0.19792034, 0.34697145
23250408122000, -1.393689, -0.35094208, 0.321926
23250413163000, -1.3768903, -0.45631635, 0.30573806
23250418135000, -1.3674219, -0.46578476, 0.2770274
23250423353000, -1.3503176, -0.41996986, 0.2611449
23250428149000, -1.3429873, -0.31642818, 0.24373524
23250433088000, -1.3277156, -0.22357668, 0.21594086
23250438121000, -1.3219124, -0.09987647, 0.18845193
23250443101000, -1.3439035, -0.02107485, 0.15393804
23250449083000, -1.3839152, 0.11759156, 0.15851954
23250453077000, -1.42973, 0.20005837, 0.14477506
23250458102000, -1.4587462, 0.23426682, 0.12797627
23250463077000, -1.4923438, 0.25442538, 0.12156218
23250468098000, -1.5070046, 0.29657507, 0.12614368
23250473027000, -1.5192219, 0.3555236, 0.13439035
23250478075000, -1.5259414, 0.29168814, 0.16462818
23250483033000, -1.5409076, 0.32345316, 0.20525073
23250488086000, -1.5354098, 0.3567453, 0.2284636
23250493066000, -1.5066991, 0.3268129, 0.24098633
23250498183000, -1.42973, 0.2312125, 0.28191432
23250503096000, -1.3753631, 0.1957823, 0.31612277
23250508088000, -1.3573426, 0.18509217, 0.33078352
23250513102000, -1.3478742, 0.20280726, 0.34269542
23250518901000, -1.3377949, 0.17379116, 0.36468655
23250523093000, -1.3298537, 0.15332718, 0.3915646
23250528077000, -1.3295482, 0.15210545, 0.41508293
23250533101000, -1.3313808, 0.14996742, 0.4343252
23250538090000, -1.3020593, 0.16768251, 0.4615087
23250543075000, -1.2962561, 0.16890424, 0.46853364
23250548209000, -1.2922854, 0.1685988, 0.46517387
23250553169000, -1.2858714, 0.19700404, 0.4364632
23250558086000, -1.2864822, 0.25259277, 0.40500367
23250563090000, -1.2794572, 0.3051272, 0.3827071
23250568093000, -1.2583824, 0.3475823, 0.39553526
23250573073000, -1.244638, 0.34391713, 0.39370266
23250578069000, -1.2348641, 0.36377025, 0.38789943
23250583099000, -1.244638, 0.3594942, 0.37812558
23250588244000, -1.2559389, 0.31429017, 0.39522982
23250593095000, -1.2800682, 0.25961772, 0.39400807
23250598155000, -1.323745, 0.20708331, 0.3848451
23250603113000, -1.3466524, 0.13225232, 0.3817908
23250608086000, -1.3787229, 0.04153884, 0.36865717
23250613110000, -1.400714, -0.035124753, 0.35460728
23250618099000, -1.4407257, -0.116980694, 0.35643986
23250623084000, -1.4773777, -0.17256944, 0.36682457
23250628068000, -1.4789047, -0.16218472, 0.37751472
23250633101000, -1.4752395, -0.13775012, 0.3817908
23250638050000, -1.4422529, -0.16920967, 0.40622538
23250643065000, -1.4401149, -0.14966199, 0.41813725
23250648125000, -1.4333953, -0.062002823, 0.4352415
23250653168000, -1.4532484, 0.029626964, 0.4266894
23250658341000, -1.5106697, 0.06963864, 0.4251622
23250663091000, -1.5479325, 0.09560041, 0.43310347
23250668080000, -1.5497651, 0.116675265, 0.43463063
23250673077000, -1.5265522, 0.1563815, 0.4373795
23250678067000, -1.5134187, 0.204029, 0.4297437
23250683063000, -1.5079209, 0.2284636, 0.4025602
23250688052000, -1.5305228, 0.20861048, 0.37384954
23250693075000, -1.564426, 0.19181168, 0.34666604
23250698099000, -1.5961909, 0.17592919, 0.3222314
23250703079000, -1.616044, 0.11301007, 0.28069258
23250708066000, -1.625207, 0.0421497, 0.24709499
23250713061000, -1.6187929, -0.048258353, 0.2275473
23250718056000, -1.611768, 0.05222898, 0.23304509
23250723058000, -1.6224581, 0.11209377, 0.2284636
23250728048000, -1.6420058, 0.021991149, 0.22174409
23250738149000, -1.6542231, -0.12339478, 0.25381452
23250743067000, -1.6410894, -0.19822577, 0.30207285
23250748364000, -1.63437, -0.23487769, 0.3643811
23250753010000, -1.6187929, -0.26633725, 0.41905355
23250757990000, -1.5766432, -0.24831672, 0.44715336
23250763048000, -1.5234979, -0.19822577, 0.5021312
23250767997000, -1.5012014, -0.10323623, 0.54305923
23250773004000, -1.4581354, 0.005192355, 0.56413406
23250777996000, -1.4165965, 0.089186326, 0.5696318
23250783010000, -1.3713925, 0.16646078, 0.57787853
23250788171000, -1.3365731, 0.20799962, 0.5589417
23250793270000, -1.3041973, 0.23090707, 0.5225952
23250798338000, -1.2745703, 0.24098633, 0.4615087
23250803084000, -1.2757921, 0.25289822, 0.43982297
23250808736000, -1.2837334, 0.24831672, 0.40042216
23250813095000, -1.3109168, 0.22785273, 0.35827246
23250818109000, -1.3402383, 0.20738874, 0.31795537
23250823087000, -1.3707817, 0.2489276, 0.3222314
23250828085000, -1.4062119, 0.23182335, 0.31490102
23250833100000, -1.4416419, 0.21410827, 0.28069258
23250838080000, -1.4676038, 0.13072516, 0.24007004
23250843089000, -1.4953982, -0.027183503, 0.19822577
23250848194000, -1.5399913, -0.14844026, 0.20158553
23250853151000, -1.5683966, -0.30390546, 0.18387043
23250858090000, -1.4654657, -0.4129449, 0.09682214
23250863106000, -1.5103643, -0.2602286, 0.1863139
23250868099000, -1.6212363, -0.16218472, 0.28191432
23250873088000, -1.6487253, -0.20250183, 0.29871312
23250878776000, -1.6530013, -0.22327125, 0.3109304
23250883088000, -1.6355917, -0.20525073, 0.33475417
23250888085000, -1.5971072, -0.17959438, 0.3368922
23250893069000, -1.5210545, -0.16982053, 0.34666604
23250898164000, -1.4569136, -0.16554448, 0.3417791
23250903149000, -1.3848315, -0.17745635, 0.34025195
23250908081000, -1.3408492, -0.20158553, 0.33750305
23250913132000, -1.2803736, -0.25350907, 0.33567044
23250918098000, -1.2281445, -0.30634892, 0.32589662
23250923086000, -1.1432343, -0.4025602, 0.30085114
23250928076000, -1.1102476, -0.39400807, 0.30176744
23250933027000, -1.1142182, -0.38056904, 0.30787608
23250938087000, -1.1090258, -0.4392121, 0.29901853
23250943075000, -1.0516045, -0.5439755, 0.28313604
23250948756000, -0.97341377, -0.6114761, 0.25259277
23250953060000, -0.8552113, -0.623388, 0.24129178
23250958086000, -0.8197812, -0.679893, 0.22296582
23250963106000, -0.72204274, -0.7330383, 0.20433442
23250968100000, -0.63285637, -0.79076505, 0.17348573
23250973060000, -0.5448918, -0.84635377, 0.14874569
23250978079000, -0.47616947, -0.9569204, 0.11362094
23250983078000, -0.40408736, -1.0461067, 0.0693332
23250988085000, -0.32528573, -1.0348058, 0.05681047
23250995324000, -0.2751948, -1.0778717, 0.033292156
23250998117000, -0.18509217, -1.1117748, 0.02076942
23251003142000, -0.16249016, -1.1881329, 0.0030543262
23251008090000, -0.13041973, -1.2519683, -0.0033597588
23251013115000, -0.11759156, -1.3005321, -0.003970624
23251018228000, -0.103847094, -1.3478742, -0.0027488936
23251023097000, -0.096516706, -1.378112, 0.006414085
23251028075000, -0.10629055, -1.3924674, 0.026572637
23251033100000, -0.11942416, -1.3820826, 0.035430185
23251038088000, -0.1160644, -1.3536774, 0.052534413
23251043108000, -0.124311075, -1.3243558, 0.081855945
23251048176000, -0.14446963, -1.2770138, 0.106901415
23251053099000, -0.16615535, -1.2168436, 0.1301143
23251058085000, -0.18753563, -1.1585059, 0.15088372
23251063102000, -0.22021692, -1.1139128, 0.1777618
23251068091000, -0.24312437, -1.105666, 0.2049453
23251073084000, -0.2910773, -1.0977248, 0.2134974
23251078067000, -0.31215215, -1.0635164, 0.23304509
23251083095000, -0.3371976, -0.98868537, 0.24831672
23251088026000, -0.3744604, -0.93584555, 0.2742785
23251093067000, -0.42241332, -0.8686504, 0.2843578
23251098123000, -0.44806966, -0.8206975, 0.2968805
23251103114000, -0.49266282, -0.7602218, 0.31031954
23251108032000, -0.5314528, -0.72112644, 0.32162055
23251113084000, -0.5589417, -0.6545421, 0.34972036
23251118044000, -0.5879578, -0.6258314, 0.3839288
23251123089000, -0.6114761, -0.6053675, 0.4034765
23251128060000, -0.6444628, -0.5876524, 0.41996986
23251133809000, -0.6582073, -0.56169057, 0.45906523
23251138067000, -0.68019843, -0.56107974, 0.48655418
23251143062000, -0.6942484, -0.56016344, 0.52290064
23251148158000, -0.698219, -0.52748215, 0.5531385
23251153095000, -0.68691796, -0.46944994, 0.57879484
23251158243000, -0.70371675, -0.4025602, 0.6230826
23251163082000, -0.71837753, -0.3454443, 0.65484756
23251168070000, -0.7528914, -0.31856623, 0.68539083
23251173087000, -0.7831292, -0.30115658, 0.73823065
23251178311000, -0.82558435, -0.28985557, 0.7892379
23251183064000, -0.8732319, -0.25259277, 0.838718
23251188061000, -0.9272934, -0.2321288, 0.890947
23251193103000, -0.9950995, -0.21044308, 0.97127575
23251198226000, -1.0363328, -0.18142697, 1.0387764
23251203781000, -1.0809261, -0.14110987, 1.1074986
23251208300000, -1.1175779, -0.10170906, 1.1615603
23251213073000, -1.1585059, -0.06536258, 1.2134838
23251218067000, -1.1820242, -0.030543262, 1.2629639
23251223121000, -1.1866057, -0.013133603, 1.3206906
23251228047000, -1.1972959, 0.01038471, 1.3414601
23251233126000, -1.1994339, 0.027183503, 1.3790283
23251238117000, -1.2082914, 0.040927973, 1.434617
23251243100000, -1.2278391, 0.03359759, 1.4752395
23251248155000, -1.2379184, 0.016493361, 1.5149459
23251253161000, -1.2541064, 0.019547688, 1.563815
23251258019000, -1.2702943, 0.044593163, 1.616044
23251263121000, -1.2705997, 0.08674286, 1.6603317
23251268099000, -1.2773192, 0.12736541, 1.6957619
23251273682000, -1.2861768, 0.15118915, 1.7369953
23251278108000, -1.3121386, 0.2003638, 1.7986927
23251283124000, -1.3014483, 0.24220806, 1.8460348
23251288074000, -1.2950343, 0.28619036, 1.9007072
23251293088000, -1.2843442, 0.33658674, 1.958434
23251298236000, -1.2822062, 0.4092797, 1.9975294
23251303138000, -1.284955, 0.45814893, 2.0314324
23251308135000, -1.2904528, 0.5326745, 2.0717494
23251313124000, -1.2654073, 0.6059783, 2.1035144
23251318141000, -1.2470814, 0.6414085, 2.1670444
23251323119000, -1.235475, 0.6407976, 2.219579
23251328121000, -1.2284501, 0.6188065, 2.2348504
23251333115000, -1.2024882, 0.6065892, 2.2608123
23251338122000, -1.1963795, 0.63346726, 2.2855523
23251343442000, -1.1658363, 0.6453791, 2.34389
23251348151000, -1.1307116, 0.68386364, 2.4123068
23251353121000, -1.1053606, 0.66339964, 2.4346035
23251358103000, -1.0906999, 0.59650993, 2.4517076
23251363132000, -1.0873401, 0.57818395, 2.4608707
23251368126000, -1.070236, 0.57971114, 2.4727826
23251373111000, -1.0439687, 0.52564955, 2.4798074
23251378111000, -1.0256428, 0.44257188, 2.4740043
23251383122000, -1.0177015, 0.40653083, 2.4678955
23251388104000, -1.0170907, 0.4025602, 2.454762
23251394065000, -1.0112875, 0.41722095, 2.4437664
23251398217000, -1.0036516, 0.45112398, 2.4440718
23251403137000, -0.98532563, 0.49602258, 2.4236078
23251408125000, -0.97066486, 0.5726862, 2.4028385
23251413089000, -0.9486737, 0.6169739, 2.3961189
23251418125000, -0.94989544, 0.6075055, 2.3930645
23251423116000, -0.97127575, 0.58246, 2.388483
23251428114000, -0.97127575, 0.552833, 2.3722951
23251433107000, -0.97433007, 0.5317582, 2.3463335
23251438119000, -0.97341377, 0.47158796, 2.3075435
23251443096000, -0.94134337, 0.45662177, 2.2968533
23251448243000, -0.91324353, 0.4392121, 2.2925773
23251453133000, -0.9166033, 0.39736784, 2.2629502
23251458050000, -0.8875872, 0.37140608, 2.2293527
23251463097000, -0.84207773, 0.3585779, 2.2079725
23251468274000, -0.8051204, 0.3005457, 2.1725423
23251473081000, -0.7510588, 0.23457226, 2.1255057
23251478117000, -0.7293731, 0.20433442, 2.094046
23251483105000, -0.72295904, 0.23793201, 2.0916026
23251488096000, -0.7144069, 0.3277292, 2.110234
23251493232000, -0.6979135, 0.4196644, 2.1346686
23251498144000, -0.66614854, 0.4783075, 2.1413882
23251503077000, -0.61422503, 0.54336464, 2.1206186
23251508097000, -0.5458081, 0.6236934, 2.0815234
23251513073000, -0.4999932, 0.61453044, 2.0525072
23251518104000, -0.46273044, 0.600786, 1.9883664
23251523061000, -0.45204028, 0.5311473, 1.958434
23251528595000, -0.4382958, 0.46486846, 1.8762726
23251533029000, -0.4636467, 0.42271876, 1.7825048
23251538100000, -0.47861293, 0.39950588, 1.6982054
23251543064000, -0.5015204, 0.40653083, 1.6065756
23251548163000, -0.5149594, 0.43463063, 1.5360206
23251553154000, -0.5271767, 0.45173484, 1.4630222
23251558089000, -0.5198463, 0.43096542, 1.3747523
23251563271000, -0.4914411, 0.4184427, 1.2935071
23251568126000, -0.4605924, 0.38789943, 1.1850786
23251573115000, -0.41783184, 0.36193767, 1.0769554
23251578104000, -0.3820962, 0.3032946, 0.98746365
23251583116000, -0.36835176, 0.13500121, 0.895223
23251588123000, -0.3463606, 0.032986723, 0.82741696
23251593129000, -0.31245756, -0.009773844, 0.79320854
23251598873000, -0.28130344, -0.050701816, 0.7690793
23251603143000, -0.21624629, -0.04337143, 0.7464773
23251608122000, -0.17134771, -0.014049901, 0.73364913
23251613071000, -0.118507855, 0.0030543262, 0.7431176
23251618093000, -0.060170226, 0.02443461, 0.7415904
23251623095000, -0.03970624, 0.064751714, 0.7272351
23251628050000, -0.013744468, 0.09896017, 0.700357
23251633089000, 0.025961773, 0.10140363, 0.6597345
23251638074000, 0.047036625, 0.12522738, 0.625526
23251643071000, 0.06811147, 0.10720685, 0.5684101
23251648128000, 0.07513642, 0.0729984, 0.49480084
23251653170000, 0.08002335, 0.04428773, 0.40286562
23251658018000, 0.064751714, 9.162979E-4, 0.31031954
23251663109000, 0.064446285, -0.03145956, 0.20586158
23251668181000, 0.06566802, -0.05100725, 0.11942416
23251673089000, 0.070249505, -0.0580322, 0.043676864
23251678083000, 0.07544186, -0.05497787, -0.051923547
23251683056000, 0.083383106, -0.06963864, -0.1386664
23251688062000, 0.0983493, -0.076358154, -0.20891592
23251693092000, 0.12034045, -0.087659165, -0.2910773
23251698050000, 0.17684549, -0.08307768, -0.35033122
23251703048000, 0.22357668, -0.093462385, -0.42485678
23251708052000, 0.27030787, -0.13744467, -0.5198463
23251713055000, 0.31703907, -0.1591304, -0.5925393
23251718056000, 0.35246924, -0.1872302, -0.6453791
23251723073000, 0.3998113, -0.2602286, -0.73761976
23251728061000, 0.47555858, -0.35185838, -0.8200866
23251733055000, 0.5516113, -0.4279111, -0.8921687
23251738446000, 0.6301075, -0.5002986, -0.95294976
23251743108000, 0.6933321, -0.5739079, -0.9947941
23251748260000, 0.7648033, -0.63438356, -1.0073168
23251753018000, 0.81489426, -0.6597345, -0.95539325
23251758005000, 0.8258898, -0.6591236, -0.87781334
23251763019000, 0.83260936, -0.62949663, -0.8200866
23251768009000, 0.8542951, -0.5714644, -0.7675522
23251773006000, 0.8720101, -0.5015204, -0.7122689
23251777990000, 0.91538155, -0.43371433, -0.65087694
23251783010000, 0.9822713, -0.36865717, -0.61666846
23251787996000, 1.0604621, -0.29168814, -0.59986967
23251794235000, 1.149343, -0.25442538, -0.59956425
23251798172000, 1.2278391, -0.26450464, -0.59559363
23251803091000, 1.3005321, -0.3100141, -0.60048056
23251808022000, 1.3454307, -0.3231477, -0.59681535
23251813092000, 1.3503176, -0.33567044, -0.5910121
23251818161000, 1.351234, -0.29016098, -0.5626069
23251823087000, 1.3234396, -0.2415972, -0.535118
23251828040000, 1.2782356, -0.21777347, -0.5137377
23251833138000, 1.2275337, -0.21471913, -0.473726
23251838091000, 1.1982121, -0.21594086, -0.44165558
23251843135000, 1.1756102, -0.22602014, -0.41080686
23251848157000, 1.1976013, -0.2751948, -0.39461896
23251853790000, 1.2260065, -0.36560285, -0.39553526
23251858076000, 1.2461652, -0.47586402, -0.4156938
23251863096000, 1.269378, -0.5671884, -0.4382958
23251868079000, 1.2910637, -0.6606508, -0.47678033
23251873067000, 1.3014483, -0.73853606, -0.50610185
23251878125000, 1.2925909, -0.77946407, -0.53023106
23251883101000, 1.2709051, -0.81397796, -0.5543602
23251888169000, 1.2370021, -0.8231409, -0.5705481
23251893191000, 1.1856894, -0.80878556, -0.5858198
23251898102000, 1.142318, -0.77274454, -0.59864795
23251903092000, 1.087951, -0.71837753, -0.6068946
23251908093000, 1.0454959, -0.689056, -0.6017023
23251913072000, 1.0170907, -0.65240407, -0.59406644
23251918099000, 0.9804387, -0.6261369, -0.57910025
23251923661000, 0.9401216, -0.6365216, -0.54519725
23251928066000, 0.8866709, -0.63194007, -0.5320636
23251933078000, 0.8594874, -0.6429357, -0.50946164
23251938127000, 0.8268061, -0.64721173, -0.49021935
23251943092000, 0.7883216, -0.6588182, -0.47983465
23251948183000, 0.76144356, -0.6637051, -0.47739118
23251953023000, 0.73364913, -0.65393126, -0.48349985
23251958087000, 0.72356987, -0.6243043, -0.4896085
23251963046000, 0.713796, -0.58246, -0.49327368
23251968116000, 0.70616025, -0.5158757, -0.47250426
23251973050000, 0.68783426, -0.48655418, -0.45753807
23251978117000, 0.675617, -0.46975538, -0.44165558
23251983110000, 0.6404922, -0.49327368, -0.42119157
23251988090000, 0.5907067, -0.50885075, -0.4120286
23251995174000, 0.50426924, -0.49877146, -0.41996986
23251998120000, 0.3830125, -0.44990227, -0.4129449
23252003092000, 0.21502456, -0.36713, -0.4071417
23252008121000, 0.017104227, -0.3036, -0.40286562
23252013141000, -0.0852157, -0.18478674, -0.40500367
23252018135000, -0.3268129, -0.103847094, -0.42058071
23252023122000, -0.57910025, -0.0421497, -0.44837508
23252028102000, -0.77824235, -0.014049901, -0.5018258
23252033123000, -0.89461213, -0.035124753, -0.5357288
23252038106000, -0.93554014, -0.11301007, -0.5564982
23252043235000, -0.87872964, -0.21013765, -0.5671884
23252048204000, -0.78801614, -0.27885997, -0.5876524
23252053231000, -0.6771441, -0.3213151, -0.5928447
23252058085000, -0.56046885, -0.3494149, -0.59589905
23252063167000, -0.46975538, -0.3707952, -0.6010914
23252068125000, -0.38637227, -0.40103304, -0.600786
23252073123000, -0.31978795, -0.44868052, -0.59864795
23252078110000, -0.23945917, -0.5222898, -0.5766568
23252083161000, -0.17073683, -0.5852089, -0.5225952
23252088123000, -0.12583824, -0.59589905, -0.44593164
23252093179000, -0.11789699, -0.5375614, -0.36071593
23252098205000, -0.122478485, -0.44593164, -0.2959642
23252103206000, -0.15302174, -0.37384954, -0.19028452
23252108110000, -0.22479841, -0.27366763, -0.13775012
23252113139000, -0.25595254, -0.22968534, -0.021685716
23252118125000, -0.29871312, -0.20525073, 0.06169739
23252123123000, -0.32986724, -0.21838433, 0.113926366
23252128103000, -0.33933565, -0.23457226, 0.12614368
23252133186000, -0.31612277, -0.2648101, 0.08460484
23252138121000, -0.28069258, -0.28496864, 0.008246681
23252143273000, -0.23762658, -0.32284227, -0.055588737
23252148173000, -0.18112154, -0.36254853, -0.10293079
23252153182000, -0.13194689, -0.40439278, -0.14446963
23252158089000, -0.08827003, -0.44959682, -0.17195857
23252163129000, -0.06536258, -0.48655418, -0.19028452
23252168085000, -0.06994407, -0.5421429, -0.19058995
23252173126000, -0.062308256, -0.5815437, -0.1863139
23252178075000, -0.07147124, -0.6209445, -0.17745635
23252183132000, -0.08979719, -0.65668017, -0.1591304
23252188019000, -0.105068825, -0.6704246, -0.13988814
23252194721000, -0.11026118, -0.65148777, -0.1301143
23252198037000, -0.11881329, -0.62888575, -0.11026118
23252203139000, -0.11911872, -0.5665775, -0.09132435
23252208022000, -0.122478485, -0.47158796, -0.089491755
23252213271000, -0.118507855, -0.36193767, -0.08277224
23252218048000, -0.115453534, -0.24587326, -0.07269296
23252223111000, -0.11575896, -0.12980886, -0.06414085
23252228066000, -0.103847094, -0.0143553335, -0.054367006
23252233189000, -0.0870483, 0.08827003, -0.05100725
23252238076000, -0.07788532, 0.18203785, -0.048563786
23252243105000, -0.06872234, 0.258396, -0.051923547
23252248945000, -0.0571159, 0.31978795, -0.05375614
23252253128000, -0.056199603, 0.3494149, -0.06047566
23252258308000, -0.05589417, 0.35888332, -0.0711658
23252263131000, -0.07360926, 0.37048978, -0.08460484
23252268273000, -0.08857546, 0.35185838, -0.105374254
23252273126000, -0.098043874, 0.3210097, -0.12767084
23252278116000, -0.12492194, 0.29077184, -0.15118915
23252283145000, -0.15363261, 0.26419923, -0.17256944
23252288025000, -0.18112154, 0.2593123, -0.1872302
23252293122000, -0.21533, 0.26908615, -0.2012801
23252298082000, -0.25289822, 0.27305678, -0.20799962
23252303212000, -0.26145032, 0.28252518, -0.20677789
23252308026000, -0.28710666, 0.30390546, -0.21533
23252313126000, -0.28680122, 0.33169982, -0.22510384
23252318535000, -0.28252518, 0.35735616, -0.23182335
23252323123000, -0.29016098, 0.37415496, -0.22388211
23252328079000, -0.27977628, 0.4071417, -0.21563543
23252333149000, -0.25473082, 0.44715336, -0.1872302
23252338074000, -0.23365596, 0.4905248, -0.16707164
23252343138000, -0.20738874, 0.52290064, -0.13469578
23252348148000, -0.18020524, 0.5671884, -0.112704635
23252353224000, -0.16493362, 0.61544675, -0.09254608
23252358095000, -0.14080444, 0.66920286, -0.06963864
23252363099000, -0.13041973, 0.7128797, -0.045814894
23252368138000, -0.1133155, 0.7516697, -0.011301007
23252373119000, -0.09040806, 0.7825184, 0.021380283
23252378138000, -0.070554934, 0.78984874, 0.04642576
23252383183000, -0.039095376, 0.806953, 0.070554934
23252388264000, -0.024129177, 0.83658, 0.10140363
23252394400000, -0.009468411, 0.8604037, 0.13041973
23252398242000, -0.004886922, 0.88514376, 0.16340645
23252403124000, 0.0033597588, 0.9077458, 0.17745635
23252408127000, 3.0543262E-4, 0.9224065, 0.2049453
23252413081000, -0.0027488936, 0.93767816, 0.22876903
23252418099000, -0.0027488936, 0.97310835, 0.25045475
23252423089000, 0.012217305, 0.979217, 0.24801129
23252428073000, 0.032070424, 0.9682214, 0.26236662
23252433105000, 0.04795292, 0.9505063, 0.2773328
23252438092000, 0.076358154, 0.95478237, 0.3005457
23252443083000, 0.1001819, 0.96974856, 0.3182608
23252448165000, 0.13591751, 1.0403035, 0.31215215
23252453166000, 0.15332718, 1.0913107, 0.30543262
23252458093000, 0.17440203, 1.1322387, 0.2919936
23252463064000, 0.1957823, 1.1530081, 0.30451632
23252468099000, 0.20922135, 1.1893547, 0.30757064
23252473089000, 0.22266038, 1.2287555, 0.28252518
23252478067000, 0.22815818, 1.2382239, 0.2669481
23252483179000, 0.2321288, 1.2327261, 0.2574797
23252488092000, 0.23915374, 1.2177598, 0.25350907
23252493104000, 0.25717425, 1.2095132, 0.2519819
23252498107000, 0.26083946, 1.1869112, 0.25686884
23252503886000, 0.26206118, 1.1615603, 0.25503623
23252508088000, 0.26297748, 1.1429288, 0.25442538
23252513064000, 0.29016098, 1.102001, 0.2687807
23252518098000, 0.29168814, 1.056186, 0.30573806
23252523043000, 0.31123585, 1.0085385, 0.3323107
23252528085000, 0.33200526, 0.9660834, 0.3494149
23252533062000, 0.34208453, 0.90377516, 0.35277468
23252538080000, 0.35827246, 0.84391034, 0.3539964
23252543063000, 0.37934732, 0.79381937, 0.3549127
23252548163000, 0.39828414, 0.7696902, 0.34880406
23252553097000, 0.41905355, 0.7593055, 0.34208453
23252558088000, 0.43554693, 0.72601336, 0.34391713
23252563063000, 0.45081854, 0.7535023, 0.34055737
23252568099000, 0.45662177, 0.7440339, 0.29016098
23252573718000, 0.46303585, 0.6927212, 0.23090707
23252578072000, 0.462425, 0.68875057, 0.24281894
23252583266000, 0.45998153, 0.68936145, 0.25228736
23252588090000, 0.44990227, 0.67011917, 0.27091873
23252593454000, 0.44593164, 0.6401868, 0.27091873
23252598102000, 0.44868052, 0.6178902, 0.27122417
23252603424000, 0.4541783, 0.58551437, 0.24281894
23252608167000, 0.4868596, 0.52473325, 0.22876903
23252613077000, 0.5030475, 0.44990227, 0.20463985
23252618099000, 0.5036584, 0.38087448, 0.1695151
23252623066000, 0.49174652, 0.27488935, 0.14660765
23252628077000, 0.5002986, 0.26297748, 0.12522738
23252633045000, 0.49968776, 0.2706133, 0.11362094
23252638091000, 0.51007247, 0.29718593, 0.122783914
23252643434000, 0.51923543, 0.2938262, 0.14538592
23252648129000, 0.5299256, 0.17623462, 0.160963
23252653023000, 0.55680364, 0.10842858, 0.20830505
23252658088000, 0.5540548, 0.10170906, 0.26236662
23252663047000, 0.52595496, 0.12308934, 0.31764993
23252668104000, 0.48747048, 0.1518, 0.38087448
23252673045000, 0.47311515, 0.1572978, 0.3943135
23252678073000, 0.47250426, 0.14477506, 0.39461896
23252683085000, 0.44684792, 0.12767084, 0.41508293
23252688082000, 0.43463063, 0.12736541, 0.43676865
23252693148000, 0.43218717, 0.106901415, 0.4364632
23252698133000, 0.42546764, 0.055283304, 0.42485678
23252703107000, 0.40775254, 0.007330383, 0.3707952
23252708118000, 0.39187005, -0.06658431, 0.33292156
23252713302000, 0.3659083, -0.09315695, 0.28160888
23252718119000, 0.3594942, -0.10445796, 0.21563543
23252723167000, 0.36713, -0.12186762, 0.14385876
23252728105000, 0.38423425, -0.16340645, 0.07696902
23252733109000, 0.3894266, -0.16279559, 0.021685716
23252738129000, 0.37843102, -0.16218472, -0.0421497
23252743134000, 0.36346483, -0.13591751, -0.09040806
23252748161000, 0.33628133, -0.12339478, -0.13103059
23252753131000, 0.28985557, -0.10262536, -0.13683382
23252758088000, 0.27366763, -0.07422013, -0.14508049
23252763133000, 0.23915374, -0.03634648, -0.15943582
23252768128000, 0.21594086, 0.009468411, -0.19028452
23252773124000, 0.18570304, 0.040317107, -0.20097467
23252778101000, 0.15393804, 0.03940081, -0.18081611
23252783146000, 0.12095132, 0.01740966, -0.15149458
23252788123000, 0.102319926, 0.011301007, -0.14508049
23252794885000, 0.09407325, 0.051618114, -0.105068825
23252798101000, 0.030848695, 0.053145275, -0.09560041
23252803114000, 0.014660766, 0.051923547, -0.07269296
23252808109000, -0.01863139, 0.057421334, -0.019547688
23252813125000, -0.05131268, 0.051923547, 0.016187929
23252818075000, -0.09315695, 0.04184427, 0.05467244
23252823123000, -0.12156218, 0.02107485, 0.08827003
23252828052000, -0.15760323, -0.007330383, 0.13713925
23252833130000, -0.17715092, -0.06536258, 0.19272798
23252838017000, -0.19547687, -0.121256754, 0.24251351
23252843173000, -0.21380283, -0.18784106, 0.30207285
23252848059000, -0.23487769, -0.25686884, 0.36835176
23252853138000, -0.23793201, -0.35002577, 0.43066
23252858021000, -0.23273966, -0.42271876, 0.49327368
23252863145000, -0.22724187, -0.49113566, 0.5531385
23252868049000, -0.23365596, -0.52015173, 0.6087272
23252873110000, -0.21960606, -0.5326745, 0.66248333
23252878067000, -0.20677789, -0.5363397, 0.7012733
23252883142000, -0.18997909, -0.52870387, 0.7257079
23252888080000, -0.18661933, -0.48563787, 0.7431176
23252893204000, -0.19792034, -0.42730024, 0.763887
23252898767000, -0.20005837, -0.38087448, 0.77274454
23252903140000, -0.22876903, -0.35246924, 0.77640975
23252908307000, -0.26847526, -0.30451632, 0.78038037
23252913126000, -0.28221974, -0.25350907, 0.77824235
23252918444000, -0.3173445, -0.20189096, 0.7706065
23252923127000, -0.32803464, -0.17654006, 0.75625116
23252928085000, -0.3463606, -0.16310102, 0.74372846
23252933300000, -0.36713, -0.15088372, 0.72387534
23252938023000, -0.3747658, -0.12980886, 0.6948592
23252943150000, -0.38423425, -0.11178834, 0.64996064
23252948085000, -0.4007276, -0.10262536, 0.59559363
23252953222000, -0.42210788, -0.089186326, 0.537256
23252958024000, -0.43768495, -0.07391469, 0.4700608
23252963075000, -0.45173484, -0.062308256, 0.39645153
23252968701000, -0.453262, -0.073303826, 0.3203988
23252973089000, -0.46883908, -0.101098195, 0.23609942
23252978075000, -0.46211955, -0.12034045, 0.16065755
23252983125000, -0.4636467, -0.16829337, 0.0870483
23252988090000, -0.45631635, -0.24129178, 0.04734206
23252994677000, -0.46211955, -0.33536503, -0.064446285
23252998077000, -0.45478916, -0.3484986, -0.096516706
23253003096000, -0.45448375, -0.36163223, -0.18051068
23253008069000, -0.4352415, -0.3643811, -0.2593123
23253013076000, -0.4288274, -0.37048978, -0.3323107
23253018083000, -0.42088616, -0.37293324, -0.398895
23253023088000, -0.40775254, -0.3576616, -0.46639562
23253028073000, -0.40408736, -0.3213151, -0.52595496
23253033150000, -0.41691554, -0.2687807, -0.60048056
23253038394000, -0.42119157, -0.22968534, -0.6722572
23253043098000, -0.43676865, -0.2180789, -0.743423
23253048109000, -0.43585235, -0.21288654, -0.7901542
23253053086000, -0.4364632, -0.22113322, -0.7965683
23253058087000, -0.44593164, -0.21838433, -0.788627
23253063071000, -0.4633413, -0.23060162, -0.7825184
23253068099000, -0.4700608, -0.23945917, -0.8011498
23253073091000, -0.47678033, -0.21288654, -0.8249735
23253078068000, -0.4783075, -0.19028452, -0.8399397
23253083106000, -0.46395215, -0.15332718, -0.84329945
23253088091000, -0.42485678, -0.116980694, -0.8362745
23253093066000, -0.42302418, -0.06627888, -0.81306165
23253098110000, -0.43860126, -0.022602014, -0.7806858
23253103088000, -0.47800204, -0.00580322, -0.7461719
23253108091000, -0.49266282, -0.025350908, -0.7128797
23253113075000, -0.4822781, -0.07391469, -0.6930266
23253118100000, -0.42119157, -0.13469578, -0.6795876
23253123057000, -0.34147367, -0.19822577, -0.6881397
23253128065000, -0.26542094, -0.25870144, -0.7058548
23253133053000, -0.22296582, -0.2828306, -0.7079928
23253138090000, -0.2171626, -0.30390546, -0.7141015
23253143046000, -0.22021692, -0.30909783, -0.7330383
23253148104000, -0.20769419, -0.321926, -0.7467828
23253153042000, -0.20066923, -0.3277292, -0.7699956
23253158089000, -0.1826487, -0.35338554, -0.78801614
23253163135000, -0.15668693, -0.39370266, -0.8029824
23253168101000, -0.13469578, -0.4202753, -0.81581056
23253173090000, -0.115453534, -0.43401974, -0.81183994
23253178084000, -0.1160644, -0.4370741, -0.80909103
23253183097000, -0.12675454, -0.45631635, -0.79168135
23253188168000, -0.13316862, -0.462425, -0.7696902
23253194751000, -0.1441642, -0.46028697, -0.7348709
23253198088000, -0.16310102, -0.4578435, -0.72021013
23253203428000, -0.16676621, -0.45356745, -0.689056
23253208089000, -0.1685988, -0.44623706, -0.6386596
23253213045000, -0.14844026, -0.42332962, -0.5946773
23253218096000, -0.1328632, -0.42119157, -0.54519725
23253223630000, -0.10476339, -0.462425, -0.49663344
23253228064000, -0.07666359, -0.50488013, -0.45937067
23253233100000, -0.049480084, -0.5213735, -0.419359
23253238095000, -0.01282817, -0.52503866, -0.38759398
23253243082000, 0.009162978, -0.49021935, -0.3585779
23253248103000, 0.02107485, -0.45845437, -0.34697145
23253253089000, 0.026267206, -0.4156938, -0.33750305
23253258163000, 0.019547688, -0.39767328, -0.3371976
23253263077000, 0.0076358155, -0.40133846, -0.3371976
23253268099000, -0.0067195175, -0.408058, -0.33964106
23253273117000, -0.009468411, -0.40683624, -0.3191771
23253278064000, -0.022296581, -0.38087448, -0.30543262
23253283152000, -0.020158553, -0.35033122, -0.29229903
23253288127000, -0.03848451, -0.31123585, -0.2724459
23253293742000, -0.05681047, -0.26908615, -0.26206118
23253298157000, -0.1020145, -0.23426682, -0.25259277
23253303206000, -0.10567969, -0.16279559, -0.2434298
23253308123000, -0.11881329, -0.118202426, -0.22571471
23253313140000, -0.13316862, -0.12705997, -0.21166481
23253318130000, -0.15851954, -0.10751228, -0.19058995
23253323122000, -0.15424347, -0.07452556, -0.16065755
23253328098000, -0.1554652, -0.056505036, -0.14660765
23253333141000, -0.14385876, -0.017715093, -0.13225232
23253338108000, -0.122478485, -0.002443461, -0.119729586
23253343147000, -0.12064589, -0.019242255, -0.106901415
23253348218000, -0.10629055, -0.046731193, -0.09896017
23253353168000, -0.09285152, -0.08093964, -0.10354166
23253358085000, -0.07422013, -0.06169739, -0.09407325
23253363505000, -0.052534413, -0.053145275, -0.083383106
23253368130000, -0.041233405, -0.04886922, -0.08032878
23253373117000, -0.04337143, -0.051923547, -0.08368854
23253378103000, -0.031154128, -0.070554934, -0.07727446
23253383139000, -0.032375857, -0.07849618, -0.06566802
23253388090000, -0.03634648, -0.07422013, -0.067500606
23253393518000, -0.017715093, -0.06627888, -0.067500606
23253398123000, -0.009468411, -0.046120327, -0.07452556
23253403119000, -0.0061086523, -0.043982297, -0.058948494
23253408015000, -0.004276057, -0.02687807, -0.06291912
23253413134000, -0.0036651916, -0.027183503, -0.05131268
23253418024000, 0.011301007, -0.017715093, -0.058337633
23253423123000, 0.009468411, -0.017715093, -0.059253927
23253428078000, 3.0543262E-4, 0.007330383, -0.0571159
23253433221000, 0.0070249503, -0.0027488936, -0.05497787
23253438043000, 0.009162978, 0.03268129, -0.0580322
23253443119000, 0.015882496, 0.046120327, -0.059253927
23253448097000, 0.0290161, 0.058948494, -0.052534413
23253453139000, 0.033292156, 0.058643065, -0.053450707
23253458067000, 0.01985312, 0.06261369, -0.04428773
23253463123000, 0.026572637, 0.06414085, -0.043982297
23253468113000, 0.03604105, 0.058337633, -0.03481932
23253473125000, 0.043066, 0.07086037, -0.027794369
23253478112000, 0.038179077, 0.061086524, -0.0143553335
23253483137000, 0.05467244, 0.058337633, -0.01282817
23253488070000, 0.06078109, 0.040317107, 0.005192355
23253493130000, 0.07360926, 0.022602014, 0.025350908
23253498087000, 0.07269296, 0.0070249503, 0.03390302
23253503213000, 0.08552113, -0.032070424, 0.06658431
23253508043000, 0.09987647, -0.05009095, 0.124005646
23253513259000, 0.13103059, -0.048563786, 0.17623462
23253518083000, 0.1554652, -0.06566802, 0.19853121
23253523109000, 0.17837265, -0.07849618, 0.20311269
23253528099000, 0.18142697, -0.089186326, 0.22357668
23253533182000, 0.17684549, -0.11881329, 0.24129178
23253538119000, 0.17623462, -0.11636983, 0.25870144
23253543135000, 0.17073683, -0.092240654, 0.27550024
23253548572000, 0.16157386, -0.0580322, 0.26511553
23253553130000, 0.13225232, -0.053450707, 0.25473082
23253558103000, 0.11636983, -0.060170226, 0.2565634
23253563122000, 0.09896017, -0.07238753, 0.26236662
23253568130000, 0.07360926, -0.07269296, 0.27030787
23253573127000, 0.057421334, -0.086437434, 0.28008172
23253578101000, 0.042760566, -0.09712757, 0.2996294
23253583321000, 0.04917465, -0.100792766, 0.31429017
23253588123000, 0.046120327, -0.087964594, 0.33261612
23253593558000, 0.050396383, -0.07238753, 0.34238997
23253598137000, 0.052839845, -0.03145956, 0.33353242
23253603124000, 0.056199603, 0.0076358155, 0.32467487
23253608124000, 0.06169739, 0.036957346, 0.30940324
23253613094000, 0.081855945, 0.062002823, 0.2941316
23253618744000, 0.087659165, 0.08827003, 0.27885997
23253623119000, 0.1020145, 0.11301007, 0.26083946
23253628090000, 0.116675265, 0.119729586, 0.24709499
23253633214000, 0.1255328, 0.1142318, 0.23151793
23253638124000, 0.1255328, 0.105374254, 0.21930063
23253643124000, 0.11911872, 0.10354166, 0.20738874
23253648172000, 0.1133155, 0.10293079, 0.19792034
23253653200000, 0.09712757, 0.10354166, 0.17531833
23253658080000, 0.083383106, 0.10323623, 0.16462818
23253663083000, 0.069027774, 0.103847094, 0.15057829
23253668079000, 0.05497787, 0.109650314, 0.14508049
23253673116000, 0.03848451, 0.11789699, 0.13500121
23253678110000, 0.017715093, 0.1337795, 0.12186762
23253683122000, 0.0030543262, 0.13225232, 0.09865474
23253688069000, -0.008552114, 0.13622294, 0.09743301
23253693099000, -0.017104227, 0.13988814, 0.08277224
23253698143000, -0.030543262, 0.13500121, 0.06627888
23253703002000, -0.03145956, 0.13744467, 0.064751714
23253708005000, -0.029932396, 0.13408493, 0.052534413
23253712973000, -0.030543262, 0.14935656, 0.04550946
23253718011000, -0.023518313, 0.15668693, 0.04428773
23253722953000, -0.032375857, 0.15668693, 0.03481932
23253727993000, -0.027794369, 0.16523905, 0.028405234
23253732955000, -0.013439035, 0.16065755, 0.021380283
23253738008000, -0.015882496, 0.14874569, 0.018325957
23253742960000, -0.017104227, 0.13805555, 0.0070249503
23253748039000, -0.027488936, 0.12095132, -3.0543262E-4
23253753038000, -0.026572637, 0.10445796, -0.021685716
23253758328000, -0.03634648, 0.09010262, -0.029321533
23253763074000, -0.03573562, 0.07727446, -0.037873644
23253768100000, -0.035430185, 0.060170226, -0.05222898
23253773075000, -0.0290161, 0.040011674, -0.06627888
23253778060000, -0.030848695, 0.030848695, -0.0870483
23253783100000, -0.03390302, 0.028710667, -0.099571034
23253788087000, -0.03726278, 0.021380283, -0.11728613
23253794681000, -0.038789943, 0.025350908, -0.13439035
23253798093000, -0.032070424, 0.016798794, -0.14080444
23253803316000, -0.023518313, 0.015882496, -0.15454891
23253808082000, -0.018325957, 0.0061086523, -0.1704314
23253813299000, -0.021380283, 0.004581489, -0.18142697
23253818105000, -0.031154128, 0.0030543262, -0.1863139
23253823078000, -0.028099801, -0.004886922, -0.1966986
23253828097000, -0.024129177, -0.007330383, -0.20219639
23253833078000, -0.04153884, -0.015577064, -0.21135938
23253838088000, -0.03970624, -0.014660766, -0.21044308
23253843057000, -0.049785517, -0.027488936, -0.2134974
23253848187000, -0.043066, -0.026572637, -0.20952678
23253853075000, -0.044593163, -0.028710667, -0.21044308
23253858084000, -0.049480084, -0.032375857, -0.21074851
23253863050000, -0.048563786, -0.03023783, -0.21013765
23253868089000, -0.0571159, -0.032070424, -0.21594086
23253873064000, -0.04550946, -0.031154128, -0.21105394
23253878087000, -0.04520403, -0.029321533, -0.20677789
23253883136000, -0.05375614, -0.030543262, -0.20799962
23253888082000, -0.048563786, -0.027183503, -0.2003638
23253893136000, -0.044898596, -0.022907447, -0.19242255
23253898121000, -0.050701816, -0.02565634, -0.18234327
23253903089000, -0.050396383, -0.029321533, -0.18448131
23253908098000, -0.04520403, -0.03481932, -0.17501289
23253913100000, -0.048258353, -0.03634648, -0.17256944
23253918095000, -0.05681047, -0.040317107, -0.16310102
23253923087000, -0.048563786, -0.03176499, -0.1554652
23253928065000, -0.059253927, -0.034513887, -0.14538592
23253933097000, -0.06566802, -0.04184427, -0.13530666
23253938089000, -0.06627888, -0.03756821, -0.12980886
23253943080000, -0.053450707, -0.049785517, -0.116980694
23253948098000, -0.058337633, -0.033292156, -0.11362094
23253953085000, -0.06078109, -0.026267206, -0.10567969
23253958083000, -0.06383542, -0.022907447, -0.094989546
23253963081000, -0.06383542, -0.017715093, -0.08399397
23253968095000, -0.06169739, -0.016493361, -0.076358154
23253973089000, -0.06383542, -0.017715093, -0.06780604
23253978057000, -0.06688975, -0.016798794, -0.06352998
23253983116000, -0.06719518, -0.019242255, -0.0580322
23253988087000, -0.07422013, -0.01863139, -0.06291912
23253993756000, -0.07238753, -0.017715093, -0.06719518
23253998085000, -0.067500606, -0.02107485, -0.06658431
23254003093000, -0.052839845, -0.0106901415, -0.06872234
23254008085000, -0.04550946, -0.01740966, -0.0720821
23254013066000, -0.03390302, -0.013744468, -0.08307768
23254018089000, -0.020158553, -0.048563786, -0.0870483
23254023087000, -0.013744468, -0.048258353, -0.089491755
23254028060000, 9.162979E-4, -0.019547688, -0.08399397
23254033095000, 0.014966198, -6.1086525E-4, -0.08246681
23254038086000, 0.0070249503, -0.008857546, -0.08582657
23254043097000, 0.01160644, -0.036651913, -0.0842994
23254048092000, 0.004581489, -0.06078109, -0.07422013
23254053129000, -0.005497787, -0.047036625, -0.07086037
23254058082000, -0.010079277, -0.020463986, -0.07574729
23254063120000, -0.01038471, -0.018936822, -0.061391957
23254068095000, -0.008246681, -0.00580322, -0.05009095
23254073121000, -0.011911872, -6.1086525E-4, -0.040011674
23254078067000, -0.008857546, 0.0067195175, -0.023823744
23254083160000, -0.020463986, 0.004276057, -0.01985312
23254088015000, -0.01863139, 0.0012217305, -0.0125227375
23254093104000, -0.017715093, 0.01160644, -0.007330383
23254098053000, -0.017104227, 0.011301007, -0.007941248
23254103126000, -0.004581489, -0.016798794, -0.0012217305
23254108019000, -0.011911872, -0.02107485, -0.0021380284
23254113135000, -0.008552114, 0.013744468, 0.0030543262
23254118045000, -0.013439035, 0.022602014, 0.010079277
23254123124000, -0.008857546, 0.022296581, 0.0036651916
23254128065000, -0.01038471, 0.02687807, 0.0030543262
23254133172000, -0.0070249503, 0.027794369, 0.005497787
23254138072000, -0.021380283, 0.02321288, -3.0543262E-4
23254143132000, -0.02321288, 0.018020526, -0.0030543262
23254148126000, -0.010079277, 0.019547688, -0.0033597588
23254153128000, -0.013133603, 0.020463986, 0.005192355
23254158095000, -0.026572637, 0.027488936, 0.004886922
23254163109000, -0.021685716, 0.023823744, 0.006414085
23254168132000, -0.013439035, 0.02321288, 0.0021380284
23254173117000, -0.011301007, 0.025961773, 0.0070249503
23254178099000, -0.025350908, 0.018020526, 0.0036651916
23254183144000, -0.0076358155, 0.020463986, 0.01160644
23254188240000, -0.004581489, 0.021380283, 0.016493361
23254193693000, -0.013133603, 0.016798794, 0.017104227
23254198322000, 0.0021380284, 0.017104227, 0.019242255
23254203122000, 0.0027488936, 0.014049901, 0.029321533
23254208295000, 0.0067195175, 0.0067195175, 0.02443461
23254213121000, 0.018325957, -3.0543262E-4, 0.034208454
23254218354000, 0.004886922, -0.002443461, 0.03268129
23254223121000, 0.008857546, -0.004276057, 0.035124753
23254228436000, -0.0015271631, -0.009162978, 0.03848451
23254233151000, 3.0543262E-4, -0.018325957, 0.043982297
23254238071000, 0.008552114, -0.018020526, 0.04550946
23254243116000, 0.0012217305, -0.018325957, 0.04734206
23254248084000, 0.0036651916, -0.028710667, 0.048258353
23254253124000, 0.0021380284, -0.026267206, 0.055588737
23254258058000, 0.003970624, -0.025961773, 0.04917465
23254263122000, -0.004276057, -0.038789943, 0.05222898
23254268093000, -0.01038471, -0.036651913, 0.057726767
23254273118000, -0.01038471, -0.031154128, 0.049785517
23254278122000, -0.0018325958, -0.03176499, 0.05100725
23254283116000, -0.004276057, -0.02565634, 0.045814894
23254288096000, -0.0106901415, -0.018325957, 0.04520403
23254293128000, -0.013439035, -0.022602014, 0.045814894
23254298159000, -0.0036651916, -0.011911872, 0.046120327
23254303130000, -0.007941248, -0.004886922, 0.03604105
23254308134000, -0.0076358155, -0.005497787, 0.04062254
23254313104000, -0.015577064, -0.0061086523, 0.032070424
23254318137000, -0.013439035, 0.007330383, 0.027794369
23254323123000, -0.015882496, 0.005497787, 0.029321533
23254328111000, -0.023518313, 0.0076358155, 0.02107485
23254333157000, -0.01282817, 0.020158553, 0.024129177
23254338129000, -0.023518313, 0.025961773, 0.023518313
23254343131000, -0.029626964, 0.020463986, 0.019547688
23254348143000, -0.03023783, 0.03390302, 0.0143553335
23254353126000, -0.031154128, 0.03176499, 0.004886922
23254358105000, -0.027488936, 0.036957346, 0.0067195175
23254363112000, -0.03756821, 0.03359759, 0.008246681
23254368133000, -0.037873644, 0.03634648, -0.008246681
23254373125000, -0.029321533, 0.03940081, -0.005192355
23254378122000, -0.04734206, 0.026267206, -0.0067195175
23254383163000, -0.04153884, 0.032986723, -0.014049901
23254388129000, -0.0421497, 0.021685716, -0.021380283
23254393832000, -0.028405234, 0.021380283, -0.021380283
23254398234000, -0.03176499, 0.014966198, -0.02443461
23254403204000, -0.025045475, 0.014966198, -0.028099801
23254408131000, -0.018325957, 0.01038471, -0.032070424
23254413110000, -0.02321288, 0.015271631, -0.03573562
23254418143000, -0.008857546, 0.013133603, -0.03634648
23254423117000, -0.010995574, 0.012217305, -0.03726278
23254428101000, -0.016187929, 0.0033597588, -0.03756821
23254433159000, -0.024129177, 0.005192355, -0.03145956
23254438123000, -0.029321533, -0.0106901415, -0.03573562
23254443121000, -0.017104227, -0.015577064, -0.043066
23254448166000, -0.016187929, -0.03970624, -0.040927973
23254453060000, -0.016493361, -0.02107485, -0.03604105
23254458106000, -0.01985312, 0.0036651916, -0.034208454
23254463034000, -0.023518313, 0.00580322, -0.03756821
23254468129000, -0.01740966, 0.0021380284, -0.031154128
23254473013000, -0.02321288, -0.011911872, -0.03756821
23254478116000, -0.022296581, -0.013439035, -0.029932396
23254483107000, -0.02443461, -0.0106901415, -0.02321288
23254488132000, -0.025350908, -0.014660766, -0.0290161
23254493067000, -0.01863139, -0.010995574, -0.03145956
23254498152000, -0.02321288, -0.01740966, -0.028710667
23254503060000, -0.022602014, -0.019547688, -0.021685716
23254508134000, -0.028099801, -0.018020526, -0.015577064
23254513105000, -0.023518313, -0.018936822, -0.0143553335
23254518135000, -0.015271631, -0.028405234, -0.0036651916
23254523093000, -0.018020526, -0.032986723, -0.008552114
23254528111000, -0.014966198, -0.028099801, -0.005192355
23254533148000, -0.01985312, -0.032986723, 0.0015271631
23254538128000, -0.009468411, -0.027183503, 0.004581489
23254543090000, -0.015271631, -0.028405234, 0.008552114
23254548162000, -0.0076358155, -0.032375857, -3.0543262E-4
23254553163000, -0.008857546, -0.025045475, 0.003970624
23254558102000, -0.014049901, -0.028405234, 0.008857546
23254563262000, -0.009468411, -0.033292156, 0.007330383
23254568133000, -0.008552114, -0.034513887, 0.018936822
23254573395000, 0.0027488936, -0.020158553, 0.015271631
23254578103000, 0.0015271631, -0.02565634, 0.018020526
23254583119000, -0.010995574, -0.030543262, 0.010995574
23254588129000, 0.0027488936, -0.019242255, 0.019547688
23254594497000, 0.00580322, -0.01038471, 0.016187929
23254598230000, -0.0106901415, -0.014049901, 0.015882496
23254603191000, 0.0033597588, -0.013133603, 0.015882496
23254608121000, -0.008552114, -0.0015271631, 0.018020526
23254613119000, -0.011911872, -0.01282817, 0.028710667
23254618127000, -0.004276057, -0.0021380284, 0.02076942
23254623136000, -6.1086525E-4, -0.0061086523, 0.022296581
23254628100000, -0.017104227, 0.0106901415, 0.028405234
23254633145000, -0.01863139, 0.002443461, 0.02076942
23254638123000, -0.028099801, 0.0125227375, 0.02687807
23254643160000, -0.01740966, 0.012217305, 0.022296581
23254648242000, -0.015577064, 0.008246681, 0.022296581
