#Rate of rotation around the x y z axes (Angular velocity).
#timestamp(ns),x,y,z(rad/s)
#Datetime: 14/05/2015 16:15:01
##########################################
#Activity: 8 - CSI - Car-Step in - 6s
#Subject ID: 52
#First Name: sub52
#Last Name: sub52
#Age: 20
#Height(cm): 179
#Weight(kg): 79
#Gender: Male
##########################################

@DATA
4670253787000, -0.034208454, -0.0076358155, 0.005497787
4670257630000, -0.036957346, -0.007941248, 3.0543262E-4
4670262620000, -0.04062254, -0.006414085, 9.162979E-4
4670267616000, -0.04428773, -0.0036651916, 0.010079277
4670272747000, -0.028405234, -0.01282817, 3.0543262E-4
4670277614000, -0.033292156, -0.014049901, 6.1086525E-4
4670282621000, -0.040317107, -0.012217305, 0.0012217305
4670287595000, -0.03634648, -0.0070249503, 0.0033597588
4670292620000, -0.025961773, -0.0106901415, 0.0036651916
4670297632000, -0.028405234, -0.005497787, 0.0036651916
4670302691000, -0.03023783, -0.005497787, -6.1086525E-4
4670307691000, -0.036651913, -0.009773844, 0.013133603
4670312618000, -0.034208454, -0.007941248, 0.009773844
4670317614000, -0.028405234, -0.0106901415, 0.003970624
4670322607000, -0.03604105, -0.01038471, 0.003970624
4670327612000, -0.037873644, -0.0106901415, -0.0012217305
4670332566000, -0.021991149, -0.010995574, -0.0012217305
4670337627000, -0.032070424, -0.005192355, -0.0018325958
4670342610000, -0.029932396, -0.005192355, -0.002443461
4670347601000, -0.038179077, -0.0070249503, -0.0018325958
4670352751000, -0.035124753, -0.028405234, -0.014660766
4670357717000, -0.03145956, -0.04520403, -0.012217305
4670362623000, -0.036957346, -0.03970624, -0.0067195175
4670367613000, -0.032986723, -0.04062254, -0.011301007
4670372621000, -0.034513887, -0.041233405, -0.009773844
4670377619000, -0.032986723, -0.03359759, -0.0027488936
4670382617000, -0.03145956, -0.016187929, -0.009773844
4670387592000, -0.03756821, -0.020158553, -0.005192355
4670392624000, -0.036957346, -0.0106901415, -0.010995574
4670397629000, -0.028405234, -0.016493361, -0.006414085
4670402705000, -0.03604105, -0.004581489, -0.01038471
4670407691000, -0.040927973, -0.011911872, -0.0070249503
4670412591000, -0.04520403, -0.010995574, -0.0070249503
4670417623000, -0.046731193, -0.0021380284, 0.0015271631
4670422602000, -0.04062254, 3.0543262E-4, 0.0015271631
4670427621000, -0.036957346, -0.0012217305, 0.0036651916
4670432616000, -0.03268129, 0.004276057, 0.0012217305
4670437628000, -0.033292156, 0.009773844, 0.0036651916
4670442626000, -0.04428773, 0.0106901415, 0.004886922
4670447615000, -0.03268129, 0.0106901415, 6.1086525E-4
4670454352000, -0.02443461, 0.01863139, 0.0070249503
4670458045000, -0.02443461, 0.02076942, 0.0067195175
4670462633000, -0.024129177, 0.018020526, 0.007330383
4670467616000, -0.01985312, 0.013439035, 0.009468411
4670472590000, -0.022907447, 0.022602014, 0.004886922
4670477582000, -0.02107485, 0.020158553, 0.002443461
4670482612000, -0.025045475, 0.0106901415, 0.010995574
4670487614000, -0.026267206, 0.010079277, 0.009162978
4670492586000, -0.013439035, 0.006414085, 0.016187929
4670497581000, -0.030543262, 0.006414085, 0.014049901
4670502699000, -0.023518313, -9.162979E-4, 0.019242255
4670507692000, -0.025350908, 0.015577064, 0.019242255
4670512583000, -0.03970624, 0.01160644, 0.01985312
4670517621000, -0.023823744, 0.009162978, 0.013439035
4670522607000, -0.029932396, 0.0106901415, 0.009162978
4670528274000, -0.039095376, 0.021685716, 0.015882496
4670532543000, -0.04153884, 0.018325957, 0.013133603
4670537624000, -0.03848451, 0.027794369, 0.0067195175
4670542623000, -0.04550946, 0.029626964, 0.010995574
4670547645000, -0.0421497, 0.033292156, 0.01038471
4670552700000, -0.04337143, 0.026267206, 0.007941248
4670557666000, -0.042455133, 0.049480084, 0.009468411
4670562627000, -0.04734206, 0.048258353, 0.0125227375
4670567645000, -0.03970624, 0.04795292, 0.016798794
4670572621000, -0.04886922, 0.04062254, 0.011911872
4670577629000, -0.04428773, 0.047647487, 0.015271631
4670582593000, -0.048563786, 0.057726767, 0.021991149
4670587596000, -0.05375614, 0.04886922, 0.020463986
4670592622000, -0.06169739, 0.04734206, 0.020463986
4670597866000, -0.06688975, 0.05589417, 0.024740042
4670602655000, -0.08307768, 0.076052725, 0.028710667
4670607622000, -0.07849618, 0.09621128, 0.027183503
4670612627000, -0.08368854, 0.099265605, 0.030848695
4670617580000, -0.099265605, 0.09987647, 0.027488936
4670622600000, -0.105068825, 0.10720685, 0.03634648
4670627582000, -0.1020145, 0.10598512, 0.03573562
4670632564000, -0.105068825, 0.1151481, 0.028710667
4670637628000, -0.12064589, 0.12217305, 0.029932396
4670642623000, -0.13164146, 0.12217305, 0.030543262
4670647598000, -0.13164146, 0.1151481, 0.029321533
4670652597000, -0.13622294, 0.118202426, 0.030848695
4670657601000, -0.14172074, 0.124005646, 0.025350908
4670662608000, -0.14721853, 0.112399206, 0.026267206
4670667841000, -0.14844026, 0.10629055, 0.02107485
4670672636000, -0.15454891, 0.1151481, 0.017715093
4670677621000, -0.16707164, 0.105068825, 0.016798794
4670682616000, -0.1685988, 0.09254608, 0.01282817
4670687596000, -0.16920967, 0.092240654, 0.004581489
4670692633000, -0.17165314, 0.094989546, -0.0030543262
4670697593000, -0.16065755, 0.09010262, -0.008552114
4670702605000, -0.1441642, 0.10140363, -0.020463986
4670707593000, -0.14080444, 0.10445796, -0.034208454
4670712612000, -0.1282817, 0.110872045, -0.032070424
4670717572000, -0.116980694, 0.116980694, -0.042455133
4670722600000, -0.09193522, 0.13225232, -0.053145275
4670727580000, -0.09254608, 0.13255776, -0.05467244
4670732535000, -0.089186326, 0.12675454, -0.05955936
4670737613000, -0.08460484, 0.12003502, -0.06261369
4670742589000, -0.093767814, 0.10995574, -0.057421334
4670747564000, -0.092240654, 0.092240654, -0.06505715
4670752642000, -0.093767814, 0.08399397, -0.06811147
4670757638000, -0.109650314, 0.06627888, -0.06719518
4670762625000, -0.10903945, 0.051618114, -0.07360926
4670767618000, -0.11728613, 0.049480084, -0.08032878
4670772631000, -0.122478485, 0.03023783, -0.07819075
4670777613000, -0.1337795, 0.016798794, -0.092240654
4670783367000, -0.12644911, 0.011301007, -0.11575896
4670787562000, -0.13744467, 0.014049901, -0.1301143
4670792610000, -0.15424347, 0.0027488936, -0.14569137
4670797620000, -0.15577064, 0.0012217305, -0.17654006
4670802702000, -0.16401732, -3.0543262E-4, -0.20066923
4670807716000, -0.18600847, 0.004276057, -0.23457226
4670812618000, -0.21777347, 0.003970624, -0.27152961
4670817616000, -0.25473082, -0.005497787, -0.31123585
4670822637000, -0.28588495, -0.004276057, -0.35308012
4670827624000, -0.32528573, -0.0033597588, -0.3848451
4670832580000, -0.3707952, 0.0033597588, -0.43157628
4670837592000, -0.39736784, 0.015577064, -0.4792238
4670842581000, -0.42577308, 0.024129177, -0.528093
4670847562000, -0.44318274, 0.038179077, -0.57879484
4670853530000, -0.46944994, 0.054061573, -0.6337727
4670857668000, -0.49449542, 0.07513642, -0.68630713
4670862587000, -0.5317582, 0.09743301, -0.7483099
4670867581000, -0.5491679, 0.094989546, -0.78038037
4670872594000, -0.559858, 0.0870483, -0.84482664
4670877592000, -0.6026186, 0.09682214, -0.92149025
4670882572000, -0.6542367, 0.090713486, -0.99112886
4670887598000, -0.6924158, 0.07360926, -1.0552697
4670892585000, -0.74189585, 0.053145275, -1.1252137
4670897563000, -0.79290307, 0.020158553, -1.1835514
4670902590000, -0.8231409, 0.0070249503, -1.2400564
4670907589000, -0.86926126, -0.033292156, -1.2825116
4670912583000, -0.91538155, -0.086132, -1.3231341
4670917582000, -0.95325524, -0.13500121, -1.3649784
4670922863000, -0.9978484, -0.19975294, -1.4104879
4670927584000, -1.035722, -0.2724459, -1.4517213
4670932546000, -1.072374, -0.34391713, -1.4978416
4670937597000, -1.1111639, -0.4098906, -1.5286902
4670942554000, -1.1264355, -0.46883908, -1.5580118
4670947582000, -1.1355985, -0.5222898, -1.5855007
4670952734000, -1.1472049, -0.5720753, -1.6084082
4670957604000, -1.1533136, -0.6105598, -1.6334536
4670962558000, -1.1866057, -0.6206391, -1.6542231
4670967582000, -1.2302825, -0.6246097, -1.6694947
4670972623000, -1.2632693, -0.6038403, -1.6939293
4670977581000, -1.346347, -0.5540548, -1.72264
4670982585000, -1.4162911, -0.4569272, -1.745242
4670987551000, -1.457219, -0.38331795, -1.7702875
4670992866000, -1.5036448, -0.35063666, -1.8118263
4670997577000, -1.5344934, -0.33169982, -1.8603901
4671002550000, -1.593442, -0.30482176, -1.9205604
4671007545000, -1.6511687, -0.22968534, -1.9850066
4671012546000, -1.6982054, -0.13469578, -2.0576997
4671017568000, -1.7715092, -0.032375857, -2.1426098
4671022554000, -1.8289305, 0.05100725, -2.1966715
4671027558000, -1.8548924, 0.082161374, -2.2305744
4671032552000, -1.8240436, 0.05467244, -2.2470677
4671037546000, -1.7580702, -0.06566802, -2.2262983
4671042593000, -1.717753, -0.25809056, -2.162463
4671047580000, -1.6756034, -0.4334089, -2.0744984
4671052601000, -1.6300939, -0.50701815, -1.9743165
4671057586000, -1.5738943, -0.48197266, -1.858252
4671062579000, -1.4651603, -0.49174652, -1.7815884
4671067586000, -1.3942999, -0.56505036, -1.7461584
4671072580000, -1.2504412, -0.6545421, -1.6511687
4671077533000, -1.061073, -0.74372846, -1.5372424
4671082607000, -0.8533788, -0.8723156, -1.3976597
4671087566000, -0.6627888, -0.9963212, -1.2678508
4671092571000, -0.4999932, -1.1102476, -1.1523973
4671097603000, -0.35460728, -1.1673635, -1.0531317
4671102599000, -0.25961772, -1.1774428, -0.9633345
4671107568000, -0.183565, -1.1468995, -0.8762862
4671112569000, -0.13255776, -1.07665, -0.79229224
4671117586000, -0.095294975, -0.98899084, -0.7086037
4671122595000, -0.0421497, -0.8762862, -0.6270532
4671127603000, 0.03268129, -0.763887, -0.54611355
4671132607000, 0.1142318, -0.6750061, -0.45051312
4671137643000, 0.20616703, -0.605062, -0.3585779
4671142585000, 0.29901853, -0.5873469, -0.24709499
4671147601000, 0.40286562, -0.589485, -0.14874569
4671152670000, 0.4972443, -0.61208695, -0.047647487
4671157603000, 0.59406644, -0.61850107, 0.052839845
4671162582000, 0.68386364, -0.63224554, 0.10262536
4671167568000, 0.7281514, -0.61911196, 0.21044308
4671172590000, 0.8240572, -0.59528816, 0.3210097
4671178167000, 0.9211848, -0.5476407, 0.41355577
4671182564000, 1.0247264, -0.49480084, 0.52687126
4671187590000, 1.1221595, -0.44532076, 0.6197228
4671192587000, 1.2339478, -0.3622431, 0.7315111
4671197583000, 1.3402383, -0.2837469, 0.8378017
4671202609000, 1.4569136, -0.258396, 0.9324858
4671207591000, 1.5497651, -0.24770586, 1.031446
4671212579000, 1.6358972, -0.25320363, 1.1215485
4671217578000, 1.7076738, -0.28099802, 1.2195925
4671222554000, 1.752267, -0.28588495, 1.3106114
4671227616000, 1.7950275, -0.2864958, 1.4046847
4671232568000, 1.8096883, -0.3210097, 1.5030339
4671237602000, 1.8011361, -0.30909783, 1.5928311
4671242557000, 1.7999145, -0.22327125, 1.6792686
4671247912000, 1.8445076, -0.124311075, 1.7751744
4671252562000, 1.8845193, -0.020158553, 1.865277
4671257636000, 1.897042, 0.042455133, 1.951409
4671262514000, 1.8988746, 0.1731803, 1.9788979
4671267617000, 1.8945986, 0.29443705, 2.060143
4671272549000, 1.8738291, 0.3848451, 2.112983
4671277585000, 1.822211, 0.44898596, 2.1303926
4671282523000, 1.7373008, 0.49205196, 2.1132884
4671287645000, 1.642922, 0.52015173, 2.0479257
4671292621000, 1.5091426, 0.52412236, 1.9346102
4671297593000, 1.3750577, 0.5213735, 1.7751744
4671302603000, 1.2070698, 0.54519725, 1.582141
4671307589000, 1.0097603, 0.5885687, 1.3304645
4671312588000, 0.7959574, 0.69974613, 1.0546589
4671317641000, 0.5561928, 0.88025683, 0.73823065
4671322586000, 0.36560285, 1.097114, 0.4529566
4671327586000, 0.21502456, 1.3063353, 0.23090707
4671332747000, 0.0888809, 1.5311338, 0.071776666
4671337601000, -0.0290161, 1.7427986, -0.099265605
4671342580000, -0.15821409, 1.9370537, -0.25442538
4671347587000, -0.26267207, 2.0253236, -0.32284227
4671352658000, -0.3399465, 1.93797, -0.32070425
4671357661000, -0.3744604, 1.8497, -0.24617869
4671362936000, -0.3567453, 1.4001031, -0.0983493
4671367574000, -0.30909783, 1.2373075, -0.01282817
4671372622000, -0.27000242, 0.9615019, 0.1563815
4671377582000, -0.16218472, 0.7012733, 0.3313944
4671382572000, -0.065973446, 0.5128214, 0.45234573
4671387566000, -0.007330383, 0.43310347, 0.5213735
4671392589000, -0.051923547, 0.35246924, 0.55741453
4671397609000, -0.22266038, 0.21410827, 0.5311473
4671402660000, -0.49571714, 0.020463986, 0.45081854
4671407598000, -0.73853606, -0.22082779, 0.3182608
4671412596000, -0.8167268, -0.47433686, 0.087964594
4671417631000, -0.67256266, -0.61178154, -0.22113322
4671422624000, -0.3268129, -0.52015173, -0.5103779
4671427610000, 0.087659165, -0.06536258, -0.7147123
4671432622000, 0.4083634, 0.5222898, -0.7675522
4671437679000, 0.57910025, 0.8228355, -0.8228355
4671442630000, 0.6844745, 0.8246681, -0.8335256
4671447620000, 0.7287622, 0.66889745, -0.7858781
4671454377000, 0.67164636, 0.4071417, -0.7449502
4671457675000, 0.5366451, 0.24556783, -0.68752885
4671462618000, 0.42058071, -0.038789943, -0.65087694
4671467572000, 0.10720685, -0.34330627, -0.5552765
4671472594000, -0.2773328, -0.7629707, -0.4560109
4671477576000, -0.63529986, -1.1951579, -0.376293
4671482569000, -0.9062186, -1.5183055, -0.28710666
4671487608000, -1.0769554, -1.6621643, -0.20586158
4671492585000, -1.1368202, -1.6481144, -0.1518
4671497600000, -1.0656544, -1.5393804, -0.124005646
4671503427000, -0.93584555, -1.2996159, -0.106595986
4671507854000, -0.7486154, -1.0149527, -0.08460484
4671512585000, -0.552833, -0.782213, -0.08277224
4671517878000, -0.37904188, -0.5907067, -0.099571034
4671522601000, -0.2284636, -0.45753807, -0.105374254
4671527580000, -0.106595986, -0.36468655, -0.12675454
4671532569000, -0.032986723, -0.31642818, -0.15302174
4671537539000, -0.028099801, -0.2950479, -0.19272798
4671542586000, -0.057421334, -0.28191432, -0.2434298
4671547588000, -0.11942416, -0.19272798, -0.3051272
4671552593000, -0.15607607, -0.0720821, -0.34483343
4671557618000, -0.16676621, 0.24007004, -0.35796702
4671562583000, -0.16615535, 0.49327368, -0.36041048
4671567570000, -0.17104226, 0.70463306, -0.3463606
4671572986000, -0.19608775, 0.89675015, -0.31948254
4671577629000, -0.21044308, 1.0812315, -0.28802297
4671582613000, -0.20952678, 1.2449434, -0.26145032
4671587591000, -0.16218472, 1.3924674, -0.23762658
4671592622000, -0.12370021, 1.509448, -0.22602014
4671597671000, -0.11026118, 1.5873333, -0.24709499
4671602595000, -0.10903945, 1.5555683, -0.2733622
4671607600000, -0.16737708, 1.4407257, -0.30757064
4671612583000, -0.2501493, 1.2461652, -0.36377025
4671617583000, -0.321926, 1.1038336, -0.4025602
4671622544000, -0.34513888, 1.0534371, -0.44776422
4671627611000, -0.33261612, 1.0509937, -0.47800204
4671632521000, -0.29077184, 1.031446, -0.49388456
4671637568000, -0.2959642, 1.0167851, -0.5345071
4671642656000, -0.28619036, 1.0729848, -0.5748242
4671647606000, -0.2275473, 1.1291844, -0.60048056
4671652597000, -0.16768251, 1.2608259, -0.6084218
4671657601000, -0.16432275, 1.3115277, -0.61636305
4671662570000, -0.18936823, 1.273654, -0.6093381
4671667577000, -0.23884831, 1.185384, -0.59559363
4671672560000, -0.29626966, 1.1441506, -0.5751296
4671677583000, -0.3735441, 1.1585059, -0.5412266
4671682798000, -0.4361578, 1.1786644, -0.5155703
4671687566000, -0.514654, 1.1133019, -0.49571714
4671692559000, -0.5885687, 1.0137309, -0.47555858
4671697592000, -0.65484756, 0.95417154, -0.45845437
4671702645000, -0.6927212, 0.9260717, -0.44501534
4671707668000, -0.71837753, 0.8888089, -0.42302418
4671712675000, -0.7504479, 0.8353582, -0.39736784
4671717582000, -0.7651087, 0.83658, -0.3830125
4671722572000, -0.7370089, 0.8414669, -0.35124752
4671727583000, -0.7012733, 0.82558435, -0.321926
4671732558000, -0.66920286, 0.754724, -0.29443705
4671737603000, -0.64904433, 0.66737026, -0.27763826
4671742537000, -0.6411031, 0.56413406, -0.27855456
4671747590000, -0.62888575, 0.52595496, -0.28160888
4671752670000, -0.625526, 0.47219884, -0.2751948
4671757625000, -0.61727935, 0.4364632, -0.28008172
4671762572000, -0.5907067, 0.4361578, -0.28955013
4671767568000, -0.58184916, 0.41508293, -0.2968805
4671772598000, -0.5696318, 0.3830125, -0.28710666
4671777580000, -0.5839872, 0.33169982, -0.28771752
4671782604000, -0.6032294, 0.29779682, -0.2828306
4671787603000, -0.60231316, 0.25167647, -0.28496864
4671792589000, -0.6068946, 0.23396139, -0.29901853
4671797562000, -0.61727935, 0.22113322, -0.30665436
4671802676000, -0.6246097, 0.22357668, -0.33322698
4671807623000, -0.63713247, 0.22204952, -0.34116822
4671812577000, -0.6591236, 0.18875736, -0.36132678
4671817572000, -0.66981375, 0.14355333, -0.36193767
4671822598000, -0.6582073, 0.11301007, -0.35888332
4671828335000, -0.6533204, 0.06719518, -0.35796702
4671832566000, -0.6432411, 0.0729984, -0.3454443
4671837559000, -0.67164636, 0.09315695, -0.34300083
4671842583000, -0.6826419, 0.11178834, -0.3378085
4671847577000, -0.7244862, 0.13897185, -0.33475417
4671852611000, -0.7489208, 0.17165314, -0.33108896
4671857581000, -0.77091193, 0.20525073, -0.3145956
4671862580000, -0.8197812, 0.23548855, -0.29779682
4671867575000, -0.86406887, 0.28038713, -0.29138273
4671872591000, -0.8961393, 0.3182608, -0.29626966
4671877585000, -0.9263771, 0.35430184, -0.30665436
4671882563000, -0.96761054, 0.3744604, -0.33200526
4671887609000, -0.9999864, 0.39278635, -0.36713
4671892619000, -1.0268645, 0.39278635, -0.39858958
4671898481000, -1.0149527, 0.39461896, -0.42119157
4671902618000, -1.0005972, 0.40775254, -0.43860126
4671907619000, -0.9896017, 0.4428773, -0.44104472
4671912619000, -1.001819, 0.47525316, -0.42210788
4671917606000, -1.0164797, 0.49205196, -0.38515055
4671922634000, -1.03786, 0.5537493, -0.36285394
4671927602000, -1.0387764, 0.65393126, -0.3576616
4671932602000, -1.0409144, 0.76174897, -0.3747658
4671937563000, -1.0177015, 0.8188649, -0.40561453
4671942626000, -0.9755518, 0.84665924, -0.45814893
4671947602000, -0.9233228, 0.87995136, -0.48472157
4671952726000, -0.9059132, 0.8793405, -0.5329799
4671957613000, -0.8753699, 0.8268061, -0.5381723
4671962624000, -0.84696466, 0.7611381, -0.5412266
4671968146000, -0.840856, 0.73914695, -0.569021
4671972618000, -0.8594874, 0.7452556, -0.60048056
4671977607000, -0.89980453, 0.71929383, -0.6105598
4671982629000, -0.9505063, 0.691194, -0.59986967
4671987560000, -0.98471475, 0.6569856, -0.5882632
4671992595000, -0.98532563, 0.5885687, -0.57848936
4671997609000, -0.97005403, 0.505491, -0.5503896
4672002659000, -0.96944314, 0.46792278, -0.50762904
4672007575000, -0.9950995, 0.46395215, -0.44776422
4672012606000, -1.0308352, 0.49602258, -0.37293324
4672017562000, -1.0491611, 0.5335908, -0.2947425
4672022608000, -1.0748174, 0.54458636, -0.20952678
4672027734000, -1.1001683, 0.5308419, -0.12034045
4672032593000, -1.146594, 0.51893, -0.0290161
4672037734000, -1.1688906, 0.49938235, 0.04734206
4672042610000, -1.1951579, 0.4801401, 0.13713925
4672047751000, -1.2092078, 0.39064834, 0.1777618
4672052586000, -1.185384, 0.2950479, 0.17867808
4672057808000, -1.1462886, 0.08979719, 0.09010262
4672062587000, -1.1481212, -0.11056661, 0.028099801
4672067576000, -1.142318, -0.12064589, 0.060170226
4672072600000, -1.07665, -0.19364429, 0.028405234
4672077570000, -1.0873401, -0.3032946, -0.051923547
4672082559000, -1.1374311, -0.32406402, -0.13347405
4672087605000, -1.1948525, -0.25442538, -0.18173242
4672092604000, -1.2073752, -0.10293079, -0.19700404
4672097633000, -1.1808025, 0.048258353, -0.22907446
4672102638000, -1.1261301, 0.14049901, -0.26389378
4672107633000, -1.0885619, 0.23090707, -0.32620203
4672112618000, -1.0769554, 0.3408628, -0.39706242
4672117594000, -1.0998629, 0.4578435, -0.41783184
4672122624000, -1.1475104, 0.6105598, -0.3567453
4672127608000, -1.2131784, 0.8268061, -0.26358834
4672132592000, -1.2571607, 1.0137309, -0.16920967
4672137613000, -1.2944235, 1.0668762, -0.076358154
4672142518000, -1.3249667, 1.1313224, -0.03726278
4672147650000, -1.3408492, 1.1227703, 0.014966198
4672152757000, -1.3793337, 1.056186, 0.021991149
4672157724000, -1.4272866, 0.9443977, -0.005192355
4672162541000, -1.4789047, 0.80939645, -0.067500606
4672167624000, -1.5198327, 0.66431594, -0.14110987
4672172556000, -1.536937, 0.55741453, -0.22449298
4672177621000, -1.5045611, 0.51007247, -0.3118467
4672182556000, -1.4428637, 0.47555858, -0.38728857
4672188196000, -1.3622295, 0.4089743, -0.44226643
4672192619000, -1.287704, 0.36071593, -0.49754974
4672197661000, -1.2208142, 0.35888332, -0.52015173
4672202756000, -1.1749994, 0.376293, -0.5332854
4672207627000, -1.1429288, 0.4184427, -0.5213735
4672212521000, -1.1472049, 0.43188173, -0.49174652
4672217626000, -1.1591167, 0.37812558, -0.47647488
4672222622000, -1.1902709, 0.32345316, -0.48655418
4672227604000, -1.258077, 0.28008172, -0.5152648
4672232572000, -1.3087788, 0.22479841, -0.5421429
4672237611000, -1.3756685, 0.18448131, -0.5635232
4672242626000, -1.4184291, 0.12614368, -0.5647449
4672247659000, -1.496009, 0.07391469, -0.54153204
4672254262000, -1.5903877, 0.014049901, -0.51251596
4672258197000, -1.7168368, -0.015271631, -0.49449542
4672262626000, -1.9095647, -0.03634648, -0.4868596
4672267616000, -1.9767599, -0.041233405, -0.5006041
4672272626000, -2.1029036, 0.013439035, -0.54092115
4672277620000, -2.2064452, 0.106595986, -0.5928447
4672282599000, -2.3054054, 0.2669481, -0.65484756
4672287590000, -2.3719897, 0.528093, -0.68875057
4672292615000, -2.4263568, 0.7629707, -0.7351763
4672297604000, -2.4538457, 0.9184359, -0.7846564
4672302668000, -2.4715607, 1.026559, -0.83260936
4672307611000, -2.468201, 1.0931433, -0.8915578
4672312580000, -2.4394903, 1.1462886, -0.9636399
4672317563000, -2.4132233, 1.1921035, -1.0329732
4672322594000, -2.3805418, 1.2211196, -1.1117748
4672327906000, -2.3350325, 1.1612549, -1.1817188
4672332559000, -2.25562, 1.1093313, -1.2342533
4672337605000, -2.1734586, 0.9663888, -1.2538009
4672342587000, -2.1560488, 0.7693848, -1.2825116
4672347602000, -2.1138992, 0.5510005, -1.2947289
4672352654000, -2.0977113, 0.3539964, -1.3057245
4672357665000, -2.1154263, 0.23487769, -1.3112222
4672362584000, -2.1484132, 0.15057829, -1.3203852
4672367687000, -2.186592, 0.033292156, -1.3368785
4672372597000, -2.2272146, -0.11636983, -1.3729197
4672377779000, -2.257758, -0.25809056, -1.4199562
4672382568000, -2.3041837, -0.3549127, -1.4669929
4672387616000, -2.3313673, -0.32742378, -1.4987578
4672392588000, -2.3463335, -0.2171626, -1.5173893
4672397608000, -2.3542747, -0.082161374, -1.5228871
4672402680000, -2.3499987, 0.06780604, -1.5066991
4672407540000, -2.3564126, 0.19975294, -1.5076154
4672412580000, -2.368019, 0.30604348, -1.5259414
4672417568000, -2.3762658, 0.40622538, -1.5775595
4672422589000, -2.3564126, 0.52198434, -1.6310102
4672427581000, -2.32984, 0.6249151, -1.6630806
4672432557000, -2.2867742, 0.6646214, -1.6673567
4672437623000, -2.2626448, 0.72021013, -1.6649132
4672442583000, -2.2058344, 0.73945236, -1.6468927
4672447612000, -2.1517727, 0.70738196, -1.6065756
4672453692000, -2.0995438, 0.6395759, -1.5760323
4672457584000, -2.0604484, 0.5644395, -1.5522085
4672462579000, -2.0112739, 0.47647488, -1.5424347
4672467566000, -1.9645426, 0.38820487, -1.5332718
4672472597000, -1.919644, 0.32467487, -1.5225816
4672477584000, -1.8796324, 0.267559, -1.4874569
4672482556000, -1.8170186, 0.24862215, -1.4596626
4672487627000, -1.7528778, 0.23060162, -1.4172074
4672492560000, -1.6914859, 0.23579398, -1.3771957
4672497619000, -1.6194037, 0.23609942, -1.3341297
4672502573000, -1.5283848, 0.2312125, -1.3057245
4672507627000, -1.4156802, 0.23060162, -1.2690725
4672512569000, -1.2959507, 0.22418754, -1.2211196
4672517630000, -1.1756102, 0.20341812, -1.1786644
4672522523000, -1.0803152, 0.13683382, -1.1160508
4672527606000, -1.0149527, 0.102319926, -1.0546589
4672532542000, -0.9605856, 0.0870483, -1.0302242
4672537604000, -0.9300423, 0.06261369, -0.98654735
4672542515000, -0.9077458, 0.022296581, -0.9447031
4672547792000, -0.88117313, -0.014049901, -0.89858276
4672552637000, -0.84788096, -0.049480084, -0.84696466
4672557602000, -0.8206975, -0.08093964, -0.8008443
4672562609000, -0.7831292, -0.0888809, -0.75533485
4672567610000, -0.7492262, -0.06658431, -0.7141015
4672572735000, -0.7131852, -0.021991149, -0.6780604
4672577621000, -0.6789767, 0.01740966, -0.65393126
4672583453000, -0.65668017, 0.04520403, -0.625526
4672587626000, -0.65393126, 0.027488936, -0.6230826
4672592516000, -0.66614854, 0.010995574, -0.6160576
4672597676000, -0.6924158, -0.007941248, -0.61911196
4672602580000, -0.71837753, 0.008246681, -0.63499445
4672607623000, -0.7516697, 0.058948494, -0.6386596
4672612517000, -0.7855727, 0.10445796, -0.6450737
4672617580000, -0.82833326, 0.15515977, -0.6462954
4672622570000, -0.8585711, 0.18906279, -0.64843345
4672627585000, -0.87598073, 0.20861048, -0.65179324
4672632571000, -0.8720101, 0.24709499, -0.6554584
4672637588000, -0.8720101, 0.28130344, -0.6640105
4672642609000, -0.86070913, 0.30757064, -0.6835582
4672647667000, -0.86070913, 0.33444872, -0.6960809
4672653235000, -0.870483, 0.3268129, -0.73273283
4672657633000, -0.88422745, 0.31856623, -0.7528914
4672662608000, -0.9254609, 0.31337386, -0.79290307
4672667618000, -0.95539325, 0.33505958, -0.8078693
4672672627000, -1.0085385, 0.35521814, -0.8384125
4672677607000, -1.0494665, 0.40317106, -0.86376345
4672682614000, -1.0589349, 0.4813618, -0.8854492
4672687721000, -1.0735956, 0.5458081, -0.9193522
4672692691000, -1.0726794, 0.6267477, -0.9465357
4672697642000, -1.0516045, 0.7244862, -0.98624194
4672702582000, -1.0348058, 0.81061816, -1.0262536
4672707586000, -1.0256428, 0.8970556, -1.0778717
4672712586000, -1.0146471, 0.95081174, -1.1426234
4672717591000, -0.98715824, 0.9822713, -1.1948525
4672722953000, -0.97310835, 0.9954049, -1.2605205
4672727627000, -0.9605856, 0.9972375, -1.314582
4672732636000, -0.9630291, 0.9969321, -1.3417655
4672737612000, -0.9425651, 1.0054842, -1.400714
4672742600000, -0.9224065, 0.9966267, -1.4837917
4672747649000, -0.8875872, 0.9819659, -1.5570955
4672752551000, -0.84207773, 0.9645562, -1.6203201
4672757503000, -0.8011498, 0.97035944, -1.6865989
4672762512000, -0.77213365, 0.9975429, -1.7412714
4672767545000, -0.7153232, 1.0241156, -1.7767016
4672772476000, -0.68875057, 1.0161743, -1.8038851
4672777491000, -0.6533204, 0.99021256, -1.824349
4672782517000, -0.61636305, 0.97066486, -1.8429805
4672787493000, -0.59956425, 0.96883225, -1.8625281
4672792481000, -0.5742133, 0.93034774, -1.8704693
4672797530000, -0.56077427, 0.9300423, -1.8698585
4672802503000, -0.5335908, 0.8491027, -1.8787161
4672807481000, -0.5384777, 0.7651087, -1.8930714
4672812487000, -0.5338962, 0.6939429, -1.8942931
4672817542000, -0.54336464, 0.5555819, -1.89918
4672822502000, -0.5534439, 0.49663344, -1.9043725
4672827475000, -0.5552765, 0.35613444, -1.9181169
4672832501000, -0.5696318, 0.22510384, -1.9092593
4672837488000, -0.5852089, 0.1432479, -1.8982637
4672842475000, -0.589485, 0.11881329, -1.8848248
4672847486000, -0.5983425, 0.10598512, -1.8750509
4672852516000, -0.6053675, 0.10995574, -1.8442022
4672857469000, -0.6301075, 0.07513642, -1.8161024
4672862472000, -0.65484756, 0.025961773, -1.7742581
4672867495000, -0.6762278, -0.055588737, -1.7272215
4672872468000, -0.68600166, -0.14172074, -1.6847663
4672877478000, -0.70249504, -0.20891592, -1.6563611
4672882509000, -0.7263188, -0.26358834, -1.6258179
4672887473000, -0.7535023, -0.31031954, -1.5897768
4672892488000, -0.77091193, -0.38056904, -1.5589281
4672897487000, -0.8017606, -0.40500367, -1.5164729
4672902507000, -0.816116, -0.40011674, -1.4721853
4672907769000, -0.79259765, -0.3463606, -1.4477507
4672912485000, -0.7480045, -0.267559, -1.4306464
4672917499000, -0.68844515, -0.23273966, -1.4312572
4672922487000, -0.63591075, -0.172264, -1.4196508
4672927487000, -0.6218608, -0.13103059, -1.3906348
4672932477000, -0.6151413, -0.12950343, -1.3579534
4672937493000, -0.61850107, -0.13561209, -1.3151928
4672942518000, -0.61361414, -0.10293079, -1.2883148
4672947495000, -0.61544675, -0.058948494, -1.2577715
4672952513000, -0.6044512, 0.018936822, -1.244027
4672957488000, -0.56779927, 0.07391469, -1.2070698
4672962484000, -0.5375614, 0.07238753, -1.1490375
4672967510000, -0.50732356, 0.08002335, -1.110553
4672972493000, -0.49174652, 0.090713486, -1.0613784
4672977596000, -0.4615087, 0.098043874, -1.0302242
4672982478000, -0.42394048, 0.09773844, -1.0158689
4672987462000, -0.3662137, 0.1001819, -1.0064005
4672992461000, -0.32284227, 0.0720821, -0.98440933
4672997517000, -0.26725355, 0.06047566, -0.9645562
4673002562000, -0.21777347, 0.05131268, -0.9419542
4673007560000, -0.17501289, 0.040011674, -0.91690874
4673012530000, -0.13958271, 0.13133603, -0.91599244
4673017568000, -0.076052725, 0.16035213, -0.8875872
4673022505000, -0.03359759, 0.17287487, -0.86376345
4673027594000, -0.014966198, 0.19822577, -0.8063421
4673032538000, 0.014966198, 0.20433442, -0.7467828
4673037598000, 0.05497787, 0.21991149, -0.66981375
4673042529000, 0.09254608, 0.22113322, -0.5873469
4673047649000, 0.16035213, 0.24862215, -0.50885075
4673052583000, 0.226631, 0.27885997, -0.44440445
4673057541000, 0.30543262, 0.3472769, -0.38362336
4673062575000, 0.37904188, 0.40591997, -0.34697145
4673067545000, 0.44990227, 0.45142943, -0.3155119
4673072587000, 0.51159966, 0.4908302, -0.29535335
4673077560000, 0.57360244, 0.5198463, -0.2657264
4673082537000, 0.63041294, 0.55741453, -0.22907446
4673087565000, 0.6933321, 0.589485, -0.19792034
4673092563000, 0.7623598, 0.63346726, -0.16676621
4673097551000, 0.8414669, 0.6609562, -0.11759156
4673102718000, 0.9126327, 0.6881397, -0.071776666
4673107642000, 0.9767735, 0.73884153, -0.029626964
4673112579000, 1.0430524, 0.7693848, 0.029932396
4673117561000, 1.1114693, 0.7816021, 0.09315695
4673122597000, 1.1429288, 0.786489, 0.12522738
4673127582000, 1.1905763, 0.7492262, 0.16646078
4673132556000, 1.2024882, 0.7620544, 0.21410827
4673137652000, 1.2348641, 0.7690793, 0.23518312
4673142585000, 1.2663237, 0.7360926, 0.2489276
4673147584000, 1.3048081, 0.66614854, 0.25778514
4673152608000, 1.3316863, 0.5946773, 0.27030787
4673157585000, 1.3655893, 0.5674938, 0.2764165
4673162582000, 1.402852, 0.5656612, 0.25900686
4673167561000, 1.432479, 0.5522222, 0.24251351
4673172595000, 1.4877623, 0.5360342, 0.20861048
4673177583000, 1.5470163, 0.49968776, 0.1994475
4673182560000, 1.597718, 0.45540005, 0.19853121
4673187594000, 1.6548339, 0.43249258, 0.17623462
4673192588000, 1.709201, 0.41691554, 0.15088372
4673197593000, 1.7537941, 0.453262, 0.118202426
4673202607000, 1.8078557, 0.473726, 0.08277224
4673207688000, 1.8509218, 0.47586402, 0.059864793
4673212582000, 1.8805487, 0.4392121, 0.04795292
4673217577000, 1.892155, 0.41416663, 0.04734206
4673222597000, 1.9046779, 0.36865717, 0.043982297
4673227599000, 1.9193386, 0.38637227, 0.03634648
4673233096000, 1.9559906, 0.31703907, 0.017104227
4673237621000, 1.9422461, 0.2302962, -0.015577064
4673242585000, 1.9361374, 0.15607607, -0.045814894
4673247599000, 1.9052887, 0.09040806, -0.04917465
4673252602000, 1.881465, 0.0012217305, -0.055283304
4673257632000, 1.8442022, -0.08735373, -0.03268129
4673262580000, 1.7965547, -0.15607607, -0.02443461
4673267765000, 1.7427986, -0.22021692, -0.003970624
4673272593000, 1.6865989, -0.30757064, 0.039095376
4673277836000, 1.6282613, -0.44257188, 0.106595986
4673282561000, 1.5485435, -0.5183192, 0.16584991
4673287596000, 1.46852, -0.5018258, 0.20066923
4673292582000, 1.4126259, -0.46486846, 0.21227567
4673297549000, 1.3814718, -0.42332962, 0.23426682
4673303284000, 1.3411547, -0.39950588, 0.25167647
4673307518000, 1.2892311, -0.3848451, 0.28130344
4673312579000, 1.2327261, -0.36560285, 0.30451632
4673317546000, 1.1869112, -0.3231477, 0.3210097
4673322591000, 1.1630874, -0.26450464, 0.3463606
4673327550000, 1.1029172, -0.20708331, 0.38728857
4673332606000, 1.0552697, -0.1441642, 0.42302418
4673337582000, 0.98929626, -0.076052725, 0.45020768
4673342583000, 0.9315695, -0.029321533, 0.47616947
4673347557000, 0.86345804, 0.003970624, 0.50488013
4673352591000, 0.8011498, 0.01160644, 0.5271767
4673357585000, 0.752586, 0.0033597588, 0.5537493
4673362581000, 0.70402217, -0.008552114, 0.5867361
4673367571000, 0.6606508, -0.01160644, 0.62125
4673372913000, 0.6227771, -0.007941248, 0.65393126
4673377583000, 0.593761, -0.056199603, 0.6585127
4673382564000, 0.537256, -0.103847094, 0.6762278
4673387628000, 0.46578476, -0.122783914, 0.6930266
4673392584000, 0.40378192, -0.09437868, 0.7049385
4673397602000, 0.35613444, -0.04917465, 0.732122
4673402588000, 0.3051272, -0.0015271631, 0.74128497
4673407591000, 0.26511553, 0.050396383, 0.75961095
4673412577000, 0.22388211, 0.083383106, 0.7812967
4673417568000, 0.20738874, 0.17440203, 0.7974846
4673422585000, 0.17379116, 0.24984388, 0.8341365
4673427589000, 0.116675265, 0.2947425, 0.8213083
4673432586000, 0.03268129, 0.3323107, 0.7837401
4673437630000, -0.064446285, 0.35338554, 0.7440339
4673442520000, -0.15088372, 0.37018433, 0.70157874
4673447576000, -0.25717425, 0.37720928, 0.6597345
4673452589000, -0.36957347, 0.34055737, 0.6169739
4673457636000, -0.46853364, 0.30024028, 0.5699373
4673462550000, -0.54183745, 0.28160888, 0.5149594
4673467624000, -0.59803706, 0.29901853, 0.4700608
4673472592000, -0.6374379, 0.3005457, 0.43096542
4673477621000, -0.6407976, 0.31764993, 0.40194935
4673482593000, -0.6267477, 0.32925636, 0.38087448
4673487607000, -0.59620446, 0.3631594, 0.35430184
4673492623000, -0.5589417, 0.39400807, 0.32834008
4673497623000, -0.5152648, 0.41599923, 0.30543262
4673502626000, -0.46975538, 0.43066, 0.2761111
4673507618000, -0.42760566, 0.4297437, 0.24923302
4673512520000, -0.37110063, 0.39950588, 0.23457226
4673517614000, -0.35308012, 0.3494149, 0.20250183
4673522678000, -0.31123585, 0.29077184, 0.18692477
4673527621000, -0.28313604, 0.23060162, 0.17470746
4673532562000, -0.24037547, 0.18906279, 0.16249016
4673537612000, -0.19883664, 0.13897185, 0.14569137
4673542556000, -0.15699236, 0.083383106, 0.13958271
4673547602000, -0.12675454, 0.060170226, 0.14721853
4673552559000, -0.11636983, 0.049480084, 0.15424347
4673558228000, -0.1020145, 0.06383542, 0.16401732
4673562549000, -0.12186762, 0.07513642, 0.17592919
4673567560000, -0.12156218, 0.08124508, 0.19211712
4673572600000, -0.12156218, 0.07666359, 0.20922135
4673577582000, -0.122783914, 0.11362094, 0.22724187
4673582563000, -0.11178834, 0.14660765, 0.23976462
4673587643000, -0.101098195, 0.16890424, 0.24923302
4673592651000, -0.10323623, 0.15760323, 0.25717425
4673597600000, -0.098043874, 0.15271631, 0.26083946
4673602655000, -0.103847094, 0.16646078, 0.24709499
4673607586000, -0.11362094, 0.17379116, 0.22571471
4673612583000, -0.118507855, 0.21930063, 0.21685717
4673617560000, -0.12186762, 0.25320363, 0.18478674
4673622600000, -0.12736541, 0.27091873, 0.14935656
4673628242000, -0.122783914, 0.2660318, 0.07971791
4673632561000, -0.061086524, 0.25442538, 0.06047566
4673637638000, -0.0421497, 0.23518312, 0.023518313
4673642614000, -6.1086525E-4, 0.19425514, -0.0076358155
4673647590000, 0.048258353, 0.16646078, -0.028710667
4673652611000, 0.08827003, 0.14721853, -0.045814894
4673657592000, 0.099571034, 0.12492194, -0.049785517
4673662586000, 0.14202617, 0.11575896, -0.07238753
4673667569000, 0.15851954, 0.15149458, -0.09712757
4673672595000, 0.2049453, 0.19394971, -0.13164146
4673677554000, 0.25167647, 0.21868975, -0.16371189
4673682600000, 0.3005457, 0.2687807, -0.18295415
4673687566000, 0.31490102, 0.28680122, -0.22632557
4673692624000, 0.3304781, 0.29260445, -0.26358834
4673697565000, 0.35185838, 0.33475417, -0.2593123
4673702609000, 0.38240165, 0.34483343, -0.2507602
4673707566000, 0.40194935, 0.3359759, -0.25167647
4673712580000, 0.41538838, 0.34666604, -0.27305678
4673717558000, 0.42271876, 0.32925636, -0.28496864
4673722596000, 0.41538838, 0.32834008, -0.27152961
4673727589000, 0.41141775, 0.3304781, -0.26725355
4673732561000, 0.4071417, 0.33078352, -0.29810223
4673737635000, 0.40225476, 0.3594942, -0.32528573
4673742587000, 0.42638394, 0.40866885, -0.30024028
4673747627000, 0.46731192, 0.410196, -0.2761111
4673752598000, 0.4709771, 0.3924809, -0.2510656
4673757561000, 0.47036624, 0.41141775, -0.22815818
4673762571000, 0.46211955, 0.43188173, -0.2312125
4673770701000, 0.43493605, 0.39736784, -0.23304509
4673772636000, 0.3903429, 0.38973203, -0.24190263
4673777704000, 0.37140608, 0.3643811, -0.24251351
4673782612000, 0.3481932, 0.3680463, -0.24281894
4673787693000, 0.3203988, 0.3585779, -0.24465153
4673792607000, 0.3155119, 0.37232238, -0.2510656
4673797596000, 0.3023783, 0.38606682, -0.25228736
4673802574000, 0.3005457, 0.39706242, -0.25411993
4673807586000, 0.29871312, 0.42271876, -0.25167647
4673812584000, 0.3005457, 0.44043383, -0.24862215
4673817567000, 0.3222314, 0.45814893, -0.24862215
4673822568000, 0.33261612, 0.47678033, -0.25686884
4673827583000, 0.34483343, 0.49113566, -0.25870144
4673832559000, 0.34605515, 0.48502702, -0.25992316
4673837644000, 0.34391713, 0.45631635, -0.25320363
4673842519000, 0.3313944, 0.43493605, -0.24373524
4673847725000, 0.32375857, 0.42424592, -0.23060162
4673852565000, 0.29718593, 0.40317106, -0.21655174
4673857594000, 0.26145032, 0.38606682, -0.21655174
4673862544000, 0.2144137, 0.3417791, -0.19914207
4673867566000, 0.17165314, 0.31337386, -0.17654006
4673872552000, 0.12492194, 0.27214047, -0.15485434
4673877580000, 0.08827003, 0.22876903, -0.12797627
4673882609000, 0.042455133, 0.18692477, -0.09987647
4673887614000, -0.01160644, 0.1518, -0.07727446
4673893004000, -0.04184427, 0.10598512, -0.051923547
4673897611000, -0.086437434, 0.07849618, -0.03359759
4673902568000, -0.11728613, 0.059864793, -0.021991149
4673907596000, -0.13439035, 0.029321533, 6.1086525E-4
4673912516000, -0.16462818, 0.010079277, 0.016187929
4673917693000, -0.19456059, -0.004276057, 0.03023783
4673922597000, -0.22235495, -0.025961773, 0.040317107
4673927583000, -0.2565634, -0.07238753, 0.058948494
4673932538000, -0.27672195, -0.09743301, 0.061391957
4673937631000, -0.3005457, -0.12370021, 0.07666359
4673942589000, -0.3210097, -0.1518, 0.08674286
4673947590000, -0.35521814, -0.16279559, 0.10048734
4673953385000, -0.37782016, -0.16646078, 0.11881329
4673957595000, -0.39950588, -0.17684549, 0.12644911
4673962582000, -0.41355577, -0.1826487, 0.13194689
4673967563000, -0.43279803, -0.1881465, 0.14721853
4673972597000, -0.4352415, -0.18784106, 0.16279559
4673977589000, -0.44715336, -0.20066923, 0.16768251
4673982593000, -0.46578476, -0.22388211, 0.1863139
4673987627000, -0.45875978, -0.23793201, 0.19761491
4673992548000, -0.46211955, -0.23426682, 0.1966986
4673997599000, -0.45937067, -0.23548855, 0.19486602
4674002585000, -0.45723262, -0.22937989, 0.19914207
4674007542000, -0.45723262, -0.22052236, 0.20341812
4674012551000, -0.45356745, -0.20677789, 0.19028452
4674017560000, -0.4541783, -0.19303341, 0.17440203
4674022998000, -0.44806966, -0.15790866, 0.16768251
4674027552000, -0.44501534, -0.13439035, 0.15057829
4674032561000, -0.4447099, -0.11178834, 0.13744467
4674037546000, -0.43401974, -0.095294975, 0.118202426
4674042585000, -0.4260785, -0.0729984, 0.12095132
4674047544000, -0.4166101, -0.04795292, 0.12461651
4674052593000, -0.419359, -0.03145956, 0.12156218
4674057515000, -0.40133846, -0.020158553, 0.12370021
4674062625000, -0.40286562, -0.006414085, 0.11759156
4674067540000, -0.40744713, -0.0027488936, 0.103847094
4674072599000, -0.39492437, 0.0036651916, 0.100792766
4674077514000, -0.38881573, 0.021380283, 0.087659165
4674082555000, -0.3921755, 0.039095376, 0.08002335
4674087602000, -0.38331795, 0.061391957, 0.0580322
4674092662000, -0.37140608, 0.07788532, 0.03604105
4674097607000, -0.36743546, 0.09285152, 0.032986723
4674102594000, -0.3640757, 0.10934488, 0.0106901415
4674107564000, -0.35277468, 0.12583824, -0.002443461
4674112584000, -0.35460728, 0.13897185, -0.019547688
4674117592000, -0.35155296, 0.16157386, -0.028099801
4674122593000, -0.34269542, 0.16126843, -0.03970624
4674127571000, -0.35277468, 0.14844026, -0.034513887
4674132566000, -0.34208453, 0.12186762, -0.031154128
4674137722000, -0.33658674, 0.08032878, -0.025045475
4674142587000, -0.31795537, 0.050701816, -0.013744468
4674147516000, -0.30787608, 0.009468411, -0.0061086523
4674152604000, -0.30115658, -0.017715093, 0.0070249503
4674157524000, -0.28924468, -0.06291912, -0.00580322
4674162587000, -0.269697, -0.1001819, -0.010995574
4674167538000, -0.24648413, -0.12583824, -0.01038471
4674172592000, -0.22479841, -0.13744467, -0.008552114
4674177561000, -0.20433442, -0.15027285, -0.014966198
4674182572000, -0.18509217, -0.15088372, -0.016493361
4674187655000, -0.16432275, -0.14905111, -0.02107485
4674192586000, -0.1441642, -0.13836098, -0.018325957
4674197581000, -0.1386664, -0.124311075, -0.016798794
4674202597000, -0.13561209, -0.11026118, -0.027183503
4674208348000, -0.121256754, -0.08002335, -0.03756821
4674212614000, -0.10934488, -0.029626964, -0.04886922
4674217571000, -0.10995574, 0.021380283, -0.056199603
4674222592000, -0.108123146, 0.06994407, -0.05375614
4674227608000, -0.10323623, 0.10415252, -0.06291912
4674232566000, -0.101098195, 0.13836098, -0.069027774
4674237646000, -0.0888809, 0.15485434, -0.06352998
4674242578000, -0.07391469, 0.15057829, -0.06169739
4674247601000, -0.076052725, 0.1337795, -0.052839845
4674252620000, -0.06505715, 0.099571034, -0.043982297
4674257613000, -0.062002823, 0.06627888, -0.040317107
4674262616000, -0.05009095, 0.044898596, -0.04642576
4674267567000, -0.05222898, 0.012217305, -0.040317107
4674272592000, -0.05009095, -0.009162978, -0.039095376
4674278243000, -0.031154128, -0.014966198, -0.037873644
4674282538000, -0.021685716, -0.005192355, -0.043676864
4674287610000, -0.017104227, 0.015577064, -0.040317107
4674292583000, -0.0012217305, 0.028405234, -0.03848451
4674297630000, -0.004886922, 0.052839845, -0.03940081
4674302573000, 6.1086525E-4, 0.086437434, -0.03726278
4674307606000, 0.009468411, 0.11911872, -0.027488936
4674312597000, 0.013744468, 0.13805555, -0.026572637
4674317568000, 0.016798794, 0.17348573, -0.020463986
4674322547000, 0.0018325958, 0.19425514, -0.028405234
4674327580000, 0.0030543262, 0.22113322, -0.018325957
4674332558000, 0.007330383, 0.23548855, -0.03359759
4674337617000, -0.014049901, 0.23335053, -0.028710667
4674342519000, -0.016493361, 0.22174409, -0.03023783
4674348093000, -0.022296581, 0.22296582, -0.01985312
4674352557000, -0.032986723, 0.19028452, -0.015577064
4674357583000, -0.03848451, 0.17195857, -0.013133603
4674362534000, -0.040927973, 0.13836098, -0.027794369
4674367568000, -0.040927973, 0.11178834, -0.03573562
4674372572000, -0.051923547, 0.087659165, -0.028405234
4674377580000, -0.036651913, 0.0720821, -0.040317107
4674382593000, -0.029321533, 0.070554934, -0.037873644
4674387620000, -0.02443461, 0.050396383, -0.032986723
4674392559000, -0.012217305, 0.047036625, -0.036957346
4674397603000, -0.007330383, 0.034513887, -0.031154128
4674402606000, -0.008246681, 0.01863139, -0.02687807
4674407591000, -0.016493361, 6.1086525E-4, -0.03359759
4674412723000, -0.008246681, -0.0021380284, -0.030848695
4674417743000, -0.016493361, -0.013439035, -0.036957346
4674422788000, -0.021991149, -0.022907447, -0.053145275
4674427579000, -0.019547688, -0.03756821, -0.05009095
4674432560000, -0.03268129, -0.07513642, -0.05497787
4674437688000, -0.03573562, -0.10842858, -0.05100725
4674442520000, -0.026267206, -0.13683382, -0.056199603
4674447576000, -0.03390302, -0.16493362, -0.06352998
4674452566000, -0.04520403, -0.18051068, -0.06994407
4674457581000, -0.04184427, -0.18570304, -0.07269296
4674462584000, -0.03634648, -0.18387043, -0.08093964
4674467564000, -0.03176499, -0.18600847, -0.070249505
4674472597000, -0.035124753, -0.18051068, -0.06078109
4674477584000, -0.029321533, -0.17867808, -0.053450707
4674482566000, -0.027183503, -0.16035213, -0.06383542
4674487648000, -0.0027488936, -0.15027285, -0.049785517
4674492587000, 0.005192355, -0.1459968, -0.040317107
4674497581000, -6.1086525E-4, -0.16035213, -0.03023783
4674502593000, -3.0543262E-4, -0.16432275, -0.025961773
4674507584000, 0.009468411, -0.14385876, -0.018325957
4674512587000, -0.003970624, -0.13469578, -0.02076942
4674517554000, -0.011301007, -0.12950343, -0.026267206
4674522597000, -0.01863139, -0.13194689, -0.007330383
4674527584000, -0.027183503, -0.116980694, -0.0018325958
4674532566000, -0.038179077, -0.10842858, 0.004581489
4674537580000, -0.042455133, -0.10140363, 0.002443461
4674542589000, -0.052534413, -0.07880162, 0.0030543262
4674547525000, -0.0729984, -0.07819075, 0.013133603
4674552593000, -0.07513642, -0.0870483, 0.023823744
4674557518000, -0.08399397, -0.095294975, 0.030848695
4674562583000, -0.08552113, -0.08399397, 0.043982297
4674567575000, -0.10629055, -0.09682214, 0.050701816
4674572593000, -0.10934488, -0.09437868, 0.052534413
4674577514000, -0.10873401, -0.07880162, 0.062002823
4674582562000, -0.10995574, -0.08307768, 0.06780604
4674587717000, -0.1142318, -0.08155051, 0.071776666
4674592589000, -0.118202426, -0.07971791, 0.0729984
4674597574000, -0.11178834, -0.07452556, 0.07574729
4674603113000, -0.11148291, -0.07391469, 0.07849618
4674607921000, -0.10873401, -0.0693332, 0.076358154
4674612582000, -0.10751228, -0.064751714, 0.06811147
4674617558000, -0.10598512, -0.03756821, 0.06414085
4674622598000, -0.099571034, -0.028099801, 0.062002823
4674627867000, -0.09437868, -0.029626964, 0.05131268
4674632566000, -0.093462385, -0.025045475, 0.05375614
4674637875000, -0.080634214, -0.018325957, 0.03756821
4674642587000, -0.071776666, 0.007941248, 0.029932396
4674647546000, -0.051618114, 0.035430185, 0.024740042
4674652592000, -0.05009095, 0.028710667, 0.027488936
4674657892000, -0.044898596, 0.018325957, 0.025045475
4674662586000, -0.05131268, 0.021991149, 0.025350908
4674667588000, -0.051618114, 0.02076942, 0.028710667
4674673174000, -0.044593163, 0.020158553, 0.017104227
4674677516000, -0.046731193, 0.017715093, 0.02565634
4674682563000, -0.052839845, 0.015882496, 0.025045475
4674687586000, -0.051923547, 0.029626964, 0.023518313
4674692672000, -0.04886922, 0.034208454, 0.018936822
4674697518000, -0.048258353, 0.03390302, 0.024740042
4674702590000, -0.040011674, 0.02687807, 0.025350908
4674707520000, -0.03726278, 0.027488936, 0.025350908
4674712581000, -0.050701816, 0.02687807, 0.01863139
4674717635000, -0.05467244, 0.02565634, 0.018936822
4674722634000, -0.05009095, 0.023823744, 0.022907447
4674727648000, -0.058337633, 0.025045475, 0.015577064
4674732727000, -0.0571159, 0.03481932, 0.009162978
4674737717000, -0.06291912, 0.01282817, 0.0143553335
4674742547000, -0.06688975, -0.0036651916, 0.013744468
4674747589000, -0.08246681, -0.025961773, 0.020158553
4674752581000, -0.0888809, -0.03573562, 0.018020526
4674757595000, -0.083383106, -0.034513887, 0.020463986
4674762584000, -0.08735373, -0.0290161, 0.018936822
4674767560000, -0.09773844, -0.01740966, 0.018936822
4674772611000, -0.10293079, -0.02321288, 0.02565634
4674777600000, -0.112704635, -0.04642576, 0.0290161
4674782556000, -0.116675265, -0.046731193, 0.029932396
4674787584000, -0.12797627, -0.048563786, 0.031154128
4674792591000, -0.1282817, -0.01740966, 0.036651913
4674797583000, -0.103847094, 0.013439035, 0.027488936
4674802587000, -0.11209377, 0.0076358155, 0.035430185
4674807581000, -0.105374254, -0.010079277, 0.04550946
4674812582000, -0.116675265, -0.016187929, 0.053145275
4674817570000, -0.11148291, -0.013133603, 0.054061573
4674822590000, -0.095294975, 0.004886922, 0.05009095
4674827579000, -0.09162979, 0.040317107, 0.053145275
4674832568000, -0.08460484, 0.055283304, 0.05100725
4674837883000, -0.07360926, 0.03176499, 0.05497787
4674842598000, -0.07819075, 0.02321288, 0.04550946
4674847930000, -0.073303826, 0.03176499, 0.046731193
4674852578000, -0.06566802, 0.03145956, 0.04795292
4674857586000, -0.04886922, 0.036957346, 0.04550946
4674862582000, -0.059253927, 0.043982297, 0.04642576
4674867539000, -0.055283304, 0.03940081, 0.0571159
4674872600000, -0.054367006, 0.053450707, 0.059864793
4674877520000, -0.056199603, 0.058337633, 0.0580322
4674882560000, -0.06169739, 0.07696902, 0.0580322
4674887586000, -0.058643065, 0.09437868, 0.04520403
4674892662000, -0.052534413, 0.09407325, 0.042455133
4674897544000, -0.053450707, 0.089186326, 0.048258353
4674902628000, -0.055588737, 0.06536258, 0.05100725
4674907552000, -0.04520403, 0.06994407, 0.0571159
4674912563000, -0.057421334, 0.06994407, 0.05222898
4674917573000, -0.050701816, 0.0693332, 0.052839845
4674922620000, -0.042455133, 0.06872234, 0.0571159
4674928192000, -0.04795292, 0.07147124, 0.06261369
4674932628000, -0.046731193, 0.07452556, 0.061086524
4674937636000, -0.046120327, 0.110872045, 0.060170226
4674942626000, -0.040011674, 0.13561209, 0.06047566
4674947620000, -0.04550946, 0.13347405, 0.05009095
4674952646000, -0.04795292, 0.12644911, 0.060170226
4674957624000, -0.06078109, 0.11453723, 0.05467244
4674962598000, -0.06352998, 0.111177474, 0.060170226
4674967613000, -0.054367006, 0.109650314, 0.054367006
4674972611000, -0.06536258, 0.10934488, 0.05375614
4674977620000, -0.070249505, 0.105068825, 0.05681047
4674982609000, -0.07727446, 0.08979719, 0.059253927
4674987639000, -0.07086037, 0.07238753, 0.062308256
4674992617000, -0.07147124, 0.07238753, 0.06261369
4674998224000, -0.07666359, 0.059253927, 0.055283304
4675002577000, -0.07391469, 0.050701816, 0.05681047
4675007592000, -0.07269296, 0.056199603, 0.056199603
4675012578000, -0.0693332, 0.06841691, 0.054061573
4675017576000, -0.07238753, 0.06627888, 0.030543262
4675022584000, -0.050701816, 0.081855945, 0.022602014
4675027622000, -0.04917465, 0.05497787, 0.015271631
4675032535000, -0.04184427, 0.03970624, 0.013439035
4675037676000, -0.043982297, 0.032375857, 0.015271631
4675042594000, -0.058337633, 0.016493361, 0.019547688
4675047583000, -0.057421334, 0.0018325958, 0.021380283
4675052626000, -0.05375614, 0.015577064, 0.02321288
4675057635000, -0.06291912, 0.029932396, 0.021380283
4675062715000, -0.07147124, 0.02443461, 0.017715093
4675067901000, -0.059864793, 0.017715093, 0.021685716
4675072590000, -0.065973446, 0.004886922, 0.019242255
4675077585000, -0.065973446, 0.007941248, 0.02321288
4675082927000, -0.06688975, -9.162979E-4, 0.023518313
4675087612000, -0.059864793, -0.002443461, 0.021991149
4675092580000, -0.067500606, -0.011301007, 0.02107485
4675097577000, -0.058643065, -0.012217305, 0.01985312
4675102598000, -0.060170226, -0.0143553335, 0.020158553
4675107588000, -0.06383542, -0.014966198, 0.023518313
4675112578000, -0.064751714, -0.012217305, 0.0143553335
4675117592000, -0.045814894, -0.015882496, 0.008246681
4675122721000, -0.05222898, -0.004581489, 0.009468411
4675127586000, -0.043066, -0.01863139, 0.01038471
4675133332000, -0.06383542, -0.039095376, 0.021380283
4675137598000, -0.05681047, -0.030543262, 0.014966198
4675142912000, -0.05589417, -0.039095376, 0.01985312
4675147578000, -0.058337633, -0.04795292, 0.024129177
4675152564000, -0.06414085, -0.036957346, 0.018936822
4675157587000, -0.062308256, -0.03145956, 0.022907447
4675162547000, -0.0580322, -0.030848695, 0.018325957
4675167615000, -0.05375614, -0.0290161, 0.015577064
4675172562000, -0.04886922, -0.03359759, 0.016798794
4675177588000, -0.05009095, -0.03145956, 0.016798794
4675182533000, -0.042455133, -0.03726278, 0.024129177
4675187622000, -0.042760566, -0.02443461, 0.02107485
4675192518000, -0.042760566, -0.025961773, 0.024129177
4675197618000, -0.03573562, -0.025045475, 0.020158553
4675202560000, -0.028099801, -0.029626964, 0.021991149
4675207589000, -0.032070424, -0.02321288, 0.023518313
4675212545000, -0.03145956, -0.01863139, 0.027794369
4675217572000, -0.03604105, -0.025045475, 0.018020526
4675222594000, -0.031154128, -0.016187929, 0.02107485
4675227574000, -0.03604105, -0.020463986, 0.02107485
4675232564000, -0.032375857, -0.0106901415, 0.014049901
4675237612000, -0.019242255, -0.016493361, 0.020158553
4675242583000, -0.02687807, -0.013744468, 0.0070249503
4675247578000, -0.017104227, -0.008552114, 0.0070249503
4675252657000, -0.022296581, -0.009468411, 0.014049901
4675257584000, -0.017715093, -0.008552114, 0.007330383
4675262577000, -0.011911872, -0.0070249503, 0.008246681
4675267557000, -0.010079277, -9.162979E-4, 0.009162978
4675272588000, -0.01985312, -0.012217305, 0.01160644
4675277620000, -0.012217305, -0.009468411, 0.014966198
4675282613000, -0.013133603, -0.0067195175, 0.015577064
4675287612000, -0.015577064, -0.0036651916, 0.020463986
4675292620000, -0.027183503, 9.162979E-4, 0.01863139
4675297555000, -0.021685716, 0.0061086523, 0.02565634
4675302632000, -0.019242255, 0.0018325958, 0.021991149
4675307546000, -0.026267206, 0.0030543262, 0.02565634
4675312622000, -0.022296581, 0.009162978, 0.026572637
4675317538000, -0.02443461, 0.007330383, 0.025045475
4675322612000, -0.037873644, 0.009162978, 0.02321288
4675327519000, -0.02687807, 0.015577064, 0.023518313
4675332613000, -0.026267206, 0.016187929, 0.02687807
4675337605000, -0.028405234, 0.017104227, 0.01985312
4675342627000, -0.021380283, 0.017104227, 0.023518313
4675347566000, -0.029321533, 0.026572637, 0.022296581
4675352643000, -0.040317107, 0.025045475, 0.021991149
4675357578000, -0.03359759, 0.01740966, 0.022296581
4675362626000, -0.032375857, 0.013744468, 0.022296581
4675367582000, -0.03359759, 0.011911872, 0.017104227
4675372632000, -0.028405234, 0.014966198, 0.016798794
4675377595000, -0.03848451, 0.023518313, 0.02443461
4675382609000, -0.043676864, 0.013133603, 0.024129177
4675387667000, -0.026267206, 0.023823744, 0.02321288
4675392617000, -0.040927973, 0.03726278, 0.026572637
4675397592000, -0.043676864, 0.02321288, 0.027488936
4675402611000, -0.045814894, 0.017715093, 0.025961773
4675407627000, -0.038789943, 0.019547688, 0.030543262
4675412616000, -0.04153884, 0.009162978, 0.03145956
4675417874000, -0.04062254, 0.017715093, 0.03848451
4675422626000, -0.048258353, 0.018020526, 0.03145956
4675427577000, -0.047036625, 0.022602014, 0.032375857
4675432609000, -0.04642576, 0.04642576, 0.029932396
4675437600000, -0.04153884, 0.025350908, 0.027794369
4675442625000, -0.04184427, 0.040927973, 0.024740042
4675447517000, -0.037873644, 0.044898596, 0.027488936
4675452625000, -0.042760566, 0.01740966, 0.03359759
4675457526000, -0.054367006, 0.009162978, 0.03756821
4675462617000, -0.044898596, -9.162979E-4, 0.032986723
4675467527000, -0.043676864, 0.003970624, 0.03573562
4675472637000, -0.03634648, 0.002443461, 0.032070424
4675477557000, -0.03848451, 0.008857546, 0.03390302
4675482602000, -0.043676864, 0.017715093, 0.028099801
4675487613000, -0.040011674, 0.05375614, 0.0290161
4675492615000, -0.043676864, 0.065973446, 0.02107485
4675497578000, -0.03481932, 0.030543262, 0.00580322
4675502635000, -0.039095376, 0.029932396, 0.013439035
4675507603000, -0.032986723, 0.009162978, 0.01985312
4675512613000, -0.038789943, -0.0036651916, 0.02565634
4675517596000, -0.03970624, -0.004276057, 0.021991149
4675522589000, -0.042455133, -0.0021380284, 0.022296581
4675527583000, -0.03359759, -0.004276057, 0.029932396
4675532578000, -0.03634648, -0.0027488936, 0.029321533
4675537635000, -0.043982297, -9.162979E-4, 0.026572637
4675542584000, -0.027794369, -0.011301007, 0.0143553335
4675547581000, -0.022602014, -0.016493361, 0.017715093
4675552595000, -0.016798794, -0.0015271631, 0.02107485
4675557592000, -0.023518313, -0.0067195175, 0.017715093
4675562580000, -0.022602014, -0.00580322, 0.021685716
4675567563000, -0.018325957, 0.002443461, 0.016493361
4675572593000, -0.014966198, 0.007330383, 0.01985312
4675577584000, -0.018020526, 0.013439035, 0.011301007
4675582556000, -0.01863139, 0.007941248, 0.009773844
4675587629000, -0.015271631, -0.0036651916, 0.010079277
4675592665000, -0.017715093, -0.0070249503, 0.005497787
4675597582000, -0.005192355, -0.0061086523, 0.0027488936
4675602575000, -0.010079277, -0.009773844, 0.0030543262
4675607595000, -0.015577064, -0.015577064, -9.162979E-4
4675612581000, -0.014660766, -0.018325957, -0.0067195175
4675617574000, -0.01160644, -0.016493361, 0.0027488936
4675622575000, -0.005192355, -0.015882496, 0.0012217305
4675627588000, -0.01160644, -0.023518313, -0.0030543262
4675632553000, -0.007330383, -0.015271631, -0.0027488936
4675637661000, -0.007330383, -0.013744468, 0.0015271631
4675642597000, -0.007330383, -0.008246681, 0.0036651916
4675647576000, -0.009468411, -0.0036651916, 0.007330383
4675652562000, 0.0036651916, -6.1086525E-4, 0.0033597588
4675657594000, -0.002443461, -6.1086525E-4, 0.007330383
4675662525000, -0.006414085, 0.013133603, 0.008246681
4675667570000, -0.005192355, 0.0061086523, 0.012217305
4675672520000, -0.0021380284, 6.1086525E-4, 0.0018325958
4675677584000, -0.012217305, -0.0018325958, 0.005192355
4675682596000, -0.01282817, -0.005192355, 0.002443461
4675687603000, -0.004581489, 0.002443461, 0.011911872
4675692551000, -0.016187929, 0.002443461, 0.0106901415
4675697580000, -0.015271631, -0.004276057, 0.0070249503
4675702579000, -0.018936822, -0.0021380284, 0.0106901415
4675707586000, -0.01740966, -0.0106901415, 0.01160644
4675712590000, -0.01863139, 6.1086525E-4, 0.01985312
4675717571000, -0.01038471, 0.005192355, 0.014660766
4675722624000, -0.03023783, -0.0015271631, 0.010995574
4675727573000, -0.025350908, 0.005192355, 0.011911872
4675732553000, -0.030848695, -0.0027488936, 0.013744468
4675737592000, -0.027488936, 0.004276057, 0.016798794
4675742558000, -0.02321288, 0.013744468, 0.022296581
4675747581000, -0.024129177, 0.018020526, 0.013744468
4675752569000, -0.032070424, 0.015577064, 0.017715093
4675757587000, -0.029626964, 0.02076942, 0.025961773
4675762515000, -0.03145956, 0.015882496, 0.023518313
4675767568000, -0.030543262, 0.017104227, 0.022907447
4675772595000, -0.025045475, 0.020158553, 0.021685716
4675777584000, -0.032375857, 0.018936822, 0.029626964
4675782603000, -0.03023783, 0.028405234, 0.028405234
4675787601000, -0.03634648, 0.02076942, 0.025045475
4675792575000, -0.046731193, 0.0125227375, 0.028405234
4675797579000, -0.039095376, 0.010079277, 0.035124753
4675802660000, -0.03848451, 0.0106901415, 0.028099801
4675807589000, -0.03848451, 0.008552114, 0.032375857
4675812579000, -0.040011674, 0.009468411, 0.031154128
4675817566000, -0.051618114, 0.004581489, 0.042455133
4675822595000, -0.040927973, 0.005192355, 0.04153884
4675827581000, -0.039095376, 0.016187929, 0.034208454
4675832581000, -0.04184427, 0.02321288, 0.03634648
4675837588000, -0.04642576, 0.033292156, 0.04520403
4675842587000, -0.03970624, 0.01985312, 0.03481932
4675847580000, -0.034208454, 0.015882496, 0.034208454
4675852583000, -0.037873644, 0.01985312, 0.035430185
4675857561000, -0.04184427, 0.004581489, 0.03604105
4675862580000, -0.03940081, 0.0143553335, 0.032986723
4675867537000, -0.03970624, 0.058337633, 0.03573562
4675872590000, -0.044593163, 0.05955936, 0.03726278
4675877515000, -0.036651913, 0.023823744, 0.03756821
4675882568000, -0.058337633, 0.00580322, 0.043982297
4675887570000, -0.052839845, 0.0061086523, 0.044593163
4675892586000, -0.045814894, 0.016493361, 0.041233405
4675897526000, -0.054061573, 0.016798794, 0.042455133
4675902585000, -0.043066, 0.034513887, 0.037873644
4675907545000, -0.05375614, 0.041233405, 0.040927973
4675912614000, -0.044898596, 0.03390302, 0.043982297
4675917590000, -0.04550946, 0.046120327, 0.032986723
4675922635000, -0.043066, 0.018020526, 0.034513887
4675927596000, -0.04428773, 0.005192355, 0.029626964
4675932600000, -0.042760566, 0.005192355, 0.03023783
4675937632000, -0.040317107, -0.016798794, 0.0106901415
4675942621000, -0.02565634, -0.018325957, 0.01160644
4675947604000, -0.028405234, 0.017715093, 0.0021380284
4675952646000, -0.02687807, 0.034513887, -0.003970624
