#Rate of rotation around the x y z axes (Angular velocity).
#timestamp(ns),x,y,z(rad/s)
#Datetime: 03/04/2015 15:21:27
##########################################
#Activity: 8 - CSI - Car-Step in - 6s
#Subject ID: 44
#First Name: sub44
#Last Name: sub44
#Age: 25
#Height(cm): 176
#Weight(kg): 80
#Gender: Male
##########################################

@DATA
16832596952000, -0.025350908, -0.010079277, 0.014966198
16832601976000, -0.01985312, -0.017715093, 0.014660766
16832606971000, -0.02076942, -0.009162978, 0.014049901
16832611963000, -0.023823744, -0.009162978, 0.014660766
16832616947000, -0.022296581, -6.1086525E-4, 0.011911872
16832621980000, -0.02321288, -3.0543262E-4, 0.022296581
16832626967000, -0.035430185, -0.008246681, 0.01282817
16832631956000, -0.019547688, -0.004276057, 0.015882496
16832636940000, -0.020158553, 0.0033597588, 0.02076942
16832641965000, -0.032375857, -3.0543262E-4, 0.020158553
16832647225000, -0.023823744, 0.008552114, 0.014049901
16832651945000, -0.017715093, 0.00580322, 0.018020526
16832656978000, -0.02321288, 0.003970624, 0.016493361
16832661967000, -0.022907447, 0.0027488936, 0.019242255
16832666960000, -0.022296581, -0.010079277, 0.015882496
16832671961000, -0.029626964, -0.008552114, 0.016187929
16832676970000, -0.019242255, -0.01160644, 0.0125227375
16832681964000, -0.01282817, -0.0125227375, 0.019242255
16832686966000, -0.021380283, -0.0143553335, 0.020158553
16832691968000, -0.028710667, -0.015271631, 0.01740966
16832696937000, -0.024740042, -0.008552114, 0.020158553
16832701966000, -0.028405234, -0.0067195175, 0.018325957
16832707004000, -0.022296581, -0.008857546, 0.024129177
16832711930000, -0.026572637, -0.0033597588, 0.023823744
16832716998000, -0.035430185, -0.0076358155, 0.022602014
16832721948000, -0.031154128, 0.0033597588, 0.021380283
16832726962000, -0.022907447, -0.007330383, 0.01863139
16832731956000, -0.024740042, -0.011911872, 0.015271631
16832736984000, -0.024129177, 0.014966198, 0.017715093
16832742018000, -0.035124753, 0.008246681, 0.020463986
16832746964000, -0.025961773, -9.162979E-4, 0.02321288
16832751970000, -0.030543262, 0.004581489, 0.02443461
16832756968000, -0.03023783, 0.0061086523, 0.023823744
16832761959000, -0.027488936, 0.01160644, 0.025350908
16832766963000, -0.03023783, 0.01038471, 0.024129177
16832772277000, -0.022296581, 0.01038471, 0.02443461
16832776961000, -0.0290161, 0.013744468, 0.023518313
16832781954000, -0.024740042, 0.00580322, 0.031154128
16832786958000, -0.026572637, 0.017104227, 0.031154128
16832791969000, -0.026572637, 0.011911872, 0.029932396
16832796959000, -0.03390302, 0.01985312, 0.026572637
16832801965000, -0.029626964, 0.011911872, 0.027488936
16832807004000, -0.034208454, 0.0061086523, 0.024740042
16832811966000, -0.028405234, 0.010995574, 0.021685716
16832816960000, -0.027488936, 0.0106901415, 0.02107485
16832822014000, -0.025961773, 0.009162978, 0.025045475
16832826962000, -0.034513887, 0.0061086523, 0.020463986
16832832723000, -0.032070424, 0.0033597588, 0.022602014
16832836952000, -0.030543262, 0.008552114, 0.024129177
16832841938000, -0.03481932, 0.013133603, 0.023823744
16832846958000, -0.028099801, 0.0070249503, 0.024740042
16832851965000, -0.034513887, 0.009162978, 0.02565634
16832857023000, -0.03390302, 0.005497787, 0.021991149
16832861960000, -0.030543262, 0.012217305, 0.023823744
16832866955000, -0.03573562, -3.0543262E-4, 0.028099801
16832871978000, -0.04153884, -0.004886922, 0.025045475
16832876969000, -0.034208454, -0.009468411, 0.027488936
16832881966000, -0.036651913, -0.0021380284, 0.028405234
16832886948000, -0.032375857, -0.00580322, 0.03634648
16832891972000, -0.040011674, 0.005497787, 0.032375857
16832896955000, -0.044593163, 0.0018325958, 0.038789943
16832902715000, -0.033292156, -0.0018325958, 0.04062254
16832906985000, -0.029321533, -0.0021380284, 0.038789943
16832911966000, -0.034208454, -6.1086525E-4, 0.036957346
16832916952000, -0.04184427, 0.002443461, 0.03634648
16832922009000, -0.040317107, 0.0030543262, 0.035124753
16832926967000, -0.041233405, 0.0021380284, 0.03604105
16832931956000, -0.03634648, 0.007330383, 0.034513887
16832936949000, -0.035124753, 0.008857546, 0.038179077
16832941963000, -0.03390302, 0.011301007, 0.042760566
16832946956000, -0.03940081, 0.023823744, 0.035430185
16832951929000, -0.050396383, 0.01985312, 0.03604105
16832956987000, -0.044898596, 0.01863139, 0.02565634
16832961967000, -0.052534413, 0.025045475, 0.027488936
16832966961000, -0.05375614, 0.02107485, 0.025961773
16832972518000, -0.043982297, 0.018936822, 0.02687807
16832976975000, -0.040011674, 0.026267206, 0.028405234
16832981956000, -0.03940081, 0.028710667, 0.02076942
16832986948000, -0.047647487, 0.022602014, 0.025350908
16832991975000, -0.045814894, 0.013133603, 0.016493361
16832996966000, -0.03970624, 0.0143553335, 0.02076942
16833001953000, -0.03145956, 0.015271631, 0.025045475
16833006979000, -0.034513887, 0.0125227375, 0.024740042
16833012011000, -0.03940081, 0.0106901415, 0.022602014
16833016955000, -0.03145956, 0.016187929, 0.023518313
16833021943000, -0.027794369, 0.028710667, 0.023823744
16833026956000, -0.03176499, 0.023518313, 0.014966198
16833031958000, -0.035430185, 0.028405234, 0.014049901
16833036932000, -0.040927973, 0.03848451, 0.01282817
16833042088000, -0.032070424, 0.029932396, 0.016493361
16833046959000, -0.03970624, 0.040927973, 0.015271631
16833051990000, -0.049480084, 0.03756821, 0.015271631
16833056963000, -0.044593163, 0.04550946, 0.0143553335
16833061960000, -0.039095376, 0.065973446, 0.015577064
16833066957000, -0.045814894, 0.062308256, 0.009162978
16833072001000, -0.046120327, 0.0711658, 0.0061086523
16833076961000, -0.048563786, 0.07086037, 0.009773844
16833081957000, -0.053145275, 0.08002335, 0.002443461
16833086935000, -0.054061573, 0.089186326, -0.00580322
16833091963000, -0.06261369, 0.0870483, -0.0061086523
16833096954000, -0.06352998, 0.08277224, -0.008246681
16833101982000, -0.0720821, 0.09040806, -0.009468411
16833106980000, -0.073303826, 0.083383106, -0.020158553
16833111969000, -0.08155051, 0.08368854, -0.018020526
16833116954000, -0.08460484, 0.076358154, -0.012217305
16833122006000, -0.08735373, 0.08735373, -0.01863139
16833126958000, -0.0870483, 0.08552113, -0.021991149
16833131956000, -0.07849618, 0.087659165, -0.022296581
16833136943000, -0.08979719, 0.090713486, -0.020463986
16833141964000, -0.08399397, 0.10293079, -0.021685716
16833146986000, -0.090713486, 0.11178834, -0.022907447
16833151964000, -0.087964594, 0.12644911, -0.029626964
16833156976000, -0.09743301, 0.14385876, -0.03176499
16833161962000, -0.10934488, 0.14630222, -0.047036625
16833166961000, -0.11148291, 0.15607607, -0.046120327
16833171974000, -0.112704635, 0.16554448, -0.04520403
16833176957000, -0.12095132, 0.17073683, -0.046120327
16833181966000, -0.1301143, 0.18020524, -0.050701816
16833186936000, -0.14172074, 0.17440203, -0.051618114
16833191969000, -0.13988814, 0.17867808, -0.045814894
16833196954000, -0.1414153, 0.18417588, -0.04520403
16833201970000, -0.14294247, 0.18295415, -0.054061573
16833206978000, -0.13439035, 0.19303341, -0.04550946
16833211962000, -0.13408493, 0.1966986, -0.049480084
16833216949000, -0.1441642, 0.18845193, -0.044898596
16833221965000, -0.13775012, 0.19333886, -0.050396383
16833227534000, -0.13194689, 0.19333886, -0.050701816
16833231959000, -0.13133603, 0.19028452, -0.04642576
16833236933000, -0.13713925, 0.19028452, -0.046120327
16833241971000, -0.1301143, 0.18906279, -0.058337633
16833246960000, -0.13561209, 0.18203785, -0.055283304
16833251966000, -0.13225232, 0.17715092, -0.04795292
16833256968000, -0.13744467, 0.17531833, -0.054367006
16833261969000, -0.13072516, 0.17837265, -0.052534413
16833266954000, -0.13347405, 0.18142697, -0.053145275
16833271986000, -0.14294247, 0.17806722, -0.051923547
16833276972000, -0.15363261, 0.17501289, -0.058337633
16833281957000, -0.14721853, 0.18173242, -0.055283304
16833286931000, -0.15210545, 0.17562376, -0.055588737
16833291964000, -0.15760323, 0.1881465, -0.058337633
16833297413000, -0.17531833, 0.18387043, -0.06169739
16833301983000, -0.16584991, 0.19181168, -0.058337633
16833306982000, -0.17715092, 0.19303341, -0.05497787
16833312008000, -0.18417588, 0.19975294, -0.05955936
16833316956000, -0.18600847, 0.1957823, -0.059864793
16833321973000, -0.17470746, 0.19456059, -0.06566802
16833326944000, -0.17684549, 0.20616703, -0.061391957
16833331944000, -0.18020524, 0.20250183, -0.06627888
16833336936000, -0.18112154, 0.20616703, -0.061391957
16833341925000, -0.1872302, 0.19975294, -0.06505715
16833346917000, -0.19058995, 0.19547687, -0.07238753
16833351867000, -0.1908954, 0.18692477, -0.0693332
16833356851000, -0.1966986, 0.19822577, -0.06994407
16833361859000, -0.20463985, 0.19730948, -0.07147124
16833366881000, -0.20738874, 0.19028452, -0.07880162
16833372174000, -0.21227567, 0.183565, -0.07819075
16833376879000, -0.20097467, 0.1826487, -0.07819075
16833381877000, -0.20677789, 0.18387043, -0.07819075
16833386891000, -0.20861048, 0.18142697, -0.08674286
16833391896000, -0.20799962, 0.17654006, -0.08979719
16833396875000, -0.21166481, 0.17531833, -0.09437868
16833401888000, -0.21135938, 0.17623462, -0.105374254
16833406940000, -0.20861048, 0.17867808, -0.11453723
16833411904000, -0.20830505, 0.19058995, -0.10934488
16833416899000, -0.21533, 0.19547687, -0.12186762
16833421936000, -0.22296582, 0.20738874, -0.124005646
16833426905000, -0.21960606, 0.20738874, -0.12705997
16833431899000, -0.21960606, 0.21197024, -0.1386664
16833436884000, -0.22540927, 0.22540927, -0.1441642
16833441906000, -0.23304509, 0.226631, -0.14935656
16833446913000, -0.24678956, 0.24037547, -0.14660765
16833451969000, -0.2501493, 0.24831672, -0.1518
16833457002000, -0.2519819, 0.24984388, -0.14752395
16833462026000, -0.2556471, 0.25961772, -0.14782938
16833466990000, -0.27305678, 0.2556471, -0.1469131
16833471998000, -0.2770274, 0.2611449, -0.15027285
16833476987000, -0.2837469, 0.258396, -0.13408493
16833481987000, -0.28771752, 0.26267207, -0.13561209
16833486947000, -0.29810223, 0.2657264, -0.12461651
16833491975000, -0.30268374, 0.2660318, -0.12186762
16833496960000, -0.30879238, 0.25717425, -0.1151481
16833501957000, -0.3115413, 0.25137106, -0.118507855
16833506969000, -0.321926, 0.24220806, -0.10598512
16833511967000, -0.33964106, 0.23151793, -0.09560041
16833516955000, -0.34422258, 0.23273966, -0.092240654
16833521973000, -0.3594942, 0.23548855, -0.09010262
16833526961000, -0.3680463, 0.23060162, -0.073303826
16833531964000, -0.37415496, 0.22357668, -0.05497787
16833536941000, -0.38148534, 0.22815818, -0.03726278
16833541972000, -0.3930918, 0.22204952, -0.02321288
16833546961000, -0.40225476, 0.21105394, 3.0543262E-4
16833552609000, -0.41813725, 0.2125811, 0.025961773
16833556966000, -0.4266894, 0.18661933, 0.050396383
16833561967000, -0.44959682, 0.16554448, 0.07941248
16833566959000, -0.46303585, 0.14721853, 0.09773844
16833571947000, -0.48747048, 0.122783914, 0.13225232
16833576964000, -0.52564955, 0.124311075, 0.172264
16833581917000, -0.54000485, 0.13469578, 0.20769419
16833586946000, -0.55680364, 0.16493362, 0.24495697
16833591899000, -0.5852089, 0.21166481, 0.2782491
16833596957000, -0.6035349, 0.2742785, 0.30757064
16833601937000, -0.61575216, 0.31490102, 0.33078352
16833607024000, -0.6374379, 0.3622431, 0.344528
16833611896000, -0.64812803, 0.37751472, 0.37720928
16833616988000, -0.6795876, 0.41172317, 0.39858958
16833622106000, -0.70616025, 0.45570546, 0.419359
16833626969000, -0.76052725, 0.48747048, 0.43371433
16833631968000, -0.8081747, 0.49357912, 0.47036624
16833636920000, -0.86467975, 0.4896085, 0.52870387
16833641967000, -0.92179567, 0.43585235, 0.5833763
16833646968000, -0.9575313, 0.3726278, 0.6582073
16833651948000, -1.0326678, 0.32253686, 0.7156286
16833656983000, -1.1560625, 0.33505958, 0.77213365
16833661992000, -1.2953397, 0.36041048, 0.8231409
16833666949000, -1.4340062, 0.36377025, 0.8698721
16833671990000, -1.5717562, 0.33750305, 0.8918633
16833676949000, -1.6917913, 0.27214047, 0.9147707
16833681954000, -1.7599027, 0.18906279, 0.91996306
16833686949000, -1.7712038, 0.116675265, 0.9285152
16833692122000, -1.745242, 0.055283304, 0.9111055
16833696925000, -1.666135, 0.018325957, 0.88025683
16833701962000, -1.5418239, 0.03390302, 0.852157
16833706953000, -1.4126259, 0.098043874, 0.83077675
16833711968000, -1.2904528, 0.12095132, 0.7825184
16833717085000, -1.1664472, 0.14477506, 0.7348709
16833721948000, -1.0219775, 0.14446963, 0.7031059
16833727090000, -0.95386606, 0.1301143, 0.6444628
16833731953000, -0.8136725, 0.10995574, 0.6020077
16833737237000, -0.6908886, 0.103847094, 0.57360244
16833741959000, -0.59406644, 0.093462385, 0.5491679
16833746894000, -0.5009095, 0.10262536, 0.5491679
16833751954000, -0.44012842, 0.0888809, 0.5503896
16833756952000, -0.36193767, 0.077579886, 0.56169057
16833761919000, -0.3005457, 0.0580322, 0.59742624
16833766892000, -0.23762658, 0.04520403, 0.66248333
16833771946000, -0.18234327, 0.02107485, 0.7076874
16833776895000, -0.122783914, 0.01282817, 0.73639804
16833781955000, -0.07422013, 0.013744468, 0.76144356
16833786951000, -0.032070424, 0.046120327, 0.7910705
16833791966000, 0.016493361, 0.067500606, 0.8051204
16833796928000, 0.06658431, 0.092240654, 0.8078693
16833801960000, 0.11881329, 0.124311075, 0.81092364
16833807015000, 0.172264, 0.1591304, 0.81183994
16833811972000, 0.23548855, 0.17928895, 0.8127562
16833816948000, 0.29352075, 0.20738874, 0.80970186
16833821954000, 0.3231477, 0.23487769, 0.80481493
16833826982000, 0.3848451, 0.28710666, 0.8127562
16833831958000, 0.44348818, 0.3286455, 0.7987063
16833836945000, 0.48563787, 0.3662137, 0.7816021
16833841968000, 0.5183192, 0.39675698, 0.76052725
16833846958000, 0.5500842, 0.42913285, 0.72234815
16833851958000, 0.5720753, 0.45540005, 0.68294734
16833856969000, 0.5910121, 0.5103779, 0.6395759
16833861969000, 0.6075055, 0.5516113, 0.59223384
16833866957000, 0.6075055, 0.59406644, 0.5534439
16833872002000, 0.5910121, 0.627664, 0.5155703
16833877546000, 0.5815437, 0.6462954, 0.46975538
16833881980000, 0.559858, 0.65026605, 0.42546764
16833886940000, 0.5348125, 0.63407815, 0.37812558
16833891931000, 0.51007247, 0.6533204, 0.3390302
16833896956000, 0.46028697, 0.6105598, 0.29993483
16833901924000, 0.42760566, 0.5858198, 0.26328292
16833907043000, 0.38545597, 0.57543504, 0.2284636
16833911891000, 0.34422258, 0.55863625, 0.21074851
16833916993000, 0.32467487, 0.5702427, 0.17715092
16833921939000, 0.27672195, 0.58246, 0.1459968
16833926966000, 0.22693644, 0.6084218, 0.12339478
16833931976000, 0.19211712, 0.61911196, 0.10476339
16833936984000, 0.14355333, 0.6249151, 0.082161374
16833942005000, 0.13225232, 0.6261369, 0.06505715
16833947721000, 0.11789699, 0.6301075, 0.051618114
16833951954000, 0.112399206, 0.62858033, 0.03726278
16833957029000, 0.101098195, 0.6301075, 0.027488936
16833962050000, 0.08979719, 0.61666846, 0.03268129
16833966957000, 0.100792766, 0.61575216, 0.035430185
16833971957000, 0.11453723, 0.59559363, 0.020463986
16833976973000, 0.12675454, 0.5656612, 0.030543262
16833981928000, 0.15760323, 0.5338962, 0.027183503
16833986950000, 0.17715092, 0.49296826, 0.022296581
16833991903000, 0.20311269, 0.46028697, 0.019547688
16833996960000, 0.23060162, 0.43310347, 0.027488936
16834001932000, 0.2556471, 0.41386122, 0.026572637
16834006993000, 0.28588495, 0.39858958, 0.035124753
16834011953000, 0.312763, 0.38240165, 0.03634648
16834016905000, 0.33475417, 0.3594942, 0.037873644
16834021932000, 0.36377025, 0.32559118, 0.029932396
16834026986000, 0.38026363, 0.29626966, 0.029626964
16834031933000, 0.37995818, 0.28313604, 0.01863139
16834036946000, 0.37415496, 0.25717425, 0.0021380284
16834041945000, 0.35308012, 0.22266038, -0.015882496
16834046997000, 0.3368922, 0.17623462, -0.042760566
16834051941000, 0.31978795, 0.12644911, -0.0693332
16834057008000, 0.3109304, 0.08735373, -0.09468412
16834061968000, 0.30695978, 0.047647487, -0.1255328
16834066997000, 0.30115658, 0.0033597588, -0.13927728
16834072057000, 0.3115413, -0.034513887, -0.14355333
16834076942000, 0.31978795, -0.03634648, -0.15821409
16834081962000, 0.31398472, 0.027183503, -0.14721853
16834087210000, 0.3145956, 0.16768251, -0.13316862
16834091970000, 0.2959642, 0.35063666, -0.09896017
16834096990000, 0.23335053, 0.5009095, -0.05131268
16834101989000, 0.17165314, 0.6017023, -0.006414085
16834107003000, 0.14080444, 0.65057147, 0.032986723
16834112003000, 0.10415252, 0.7257079, 0.051618114
16834116992000, 0.07452556, 0.77824235, 0.079107046
16834121990000, -3.0543262E-4, 0.77366084, 0.044898596
16834126946000, -0.06841691, 0.68875057, 0.029932396
16834131956000, -0.12339478, 0.5421429, 0.040317107
16834136978000, -0.1863139, 0.36926803, 0.055283304
16834141973000, -0.24312437, 0.21013765, 0.052839845
16834146957000, -0.2761111, 0.12186762, 0.040011674
16834151993000, -0.3213151, 0.044593163, 0.0061086523
16834156959000, -0.3368922, -0.062308256, -0.057421334
16834161956000, -0.32436943, -0.14202617, -0.12705997
16834166901000, -0.2773328, -0.19333886, -0.17745635
16834171974000, -0.20647246, -0.18387043, -0.22235495
16834176916000, -0.12370021, -0.11362094, -0.21899518
16834181954000, -0.057726767, -0.002443461, -0.21655174
16834186987000, -0.007941248, 0.094989546, -0.1957823
16834191967000, 0.06352998, 0.16982053, -0.16462818
16834196939000, 0.13744467, 0.22296582, -0.12034045
16834201962000, 0.19608775, 0.25137106, -0.06169739
16834207039000, 0.26908615, 0.29443705, 0.019547688
16834211957000, 0.30451632, 0.30879238, 0.070249505
16834217290000, 0.37323865, 0.27885997, 0.20830505
16834221981000, 0.44959682, 0.27000242, 0.24587326
16834226904000, 0.46731192, 0.24984388, 0.3036
16834231956000, 0.50426924, 0.23640485, 0.3707952
16834236917000, 0.5500842, 0.24678956, 0.43463063
16834241966000, 0.5751296, 0.25350907, 0.46486846
16834246890000, 0.61391956, 0.28191432, 0.4999932
16834251952000, 0.623388, 0.31673363, 0.52503866
16834256964000, 0.6301075, 0.344528, 0.5149594
16834261959000, 0.61422503, 0.3717115, 0.48808134
16834266906000, 0.5458081, 0.4370741, 0.44257188
16834272852000, 0.45265114, 0.5140431, 0.41630468
16834276918000, 0.3585779, 0.6444628, 0.3921755
16834281950000, 0.2312125, 0.8008443, 0.35124752
16834286940000, 0.113926366, 0.97494096, 0.312763
16834291939000, 0.010079277, 1.1175779, 0.27488935
16834296960000, -0.050396383, 1.2153164, 0.26175576
16834301949000, -0.07849618, 1.2620476, 0.30207285
16834307014000, -0.09773844, 1.325883, 0.32650748
16834311955000, -0.099571034, 1.3472633, 0.37110063
16834316956000, -0.09254608, 1.289842, 0.4334089
16834321933000, -0.044593163, 1.1377366, 0.4981606
16834326933000, 0.033292156, 0.93676186, 0.5674938
16834331907000, 0.14508049, 0.65209866, 0.6065892
16834336931000, 0.24587326, 0.35063666, 0.62888575
16834342572000, 0.29810223, 0.06780604, 0.61300325
16834346922000, 0.30573806, -0.11911872, 0.59131753
16834351923000, 0.2864958, -0.24251351, 0.5580254
16834356930000, 0.27488935, -0.36743546, 0.516792
16834361927000, 0.26389378, -0.49021935, 0.48838675
16834367449000, 0.22510384, -0.6056729, 0.48472157
16834371913000, 0.15760323, -0.6927212, 0.4783075
16834376987000, 0.09010262, -0.7144069, 0.48349985
16834381952000, 0.03848451, -0.70066243, 0.50701815
16834386943000, 0.03848451, -0.68325275, 0.5503896
16834391942000, -0.053450707, -0.6954701, 0.56779927
16834396954000, -0.095294975, -0.7104363, 0.59956425
16834401956000, -0.10293079, -0.70066243, 0.6432411
16834407003000, -0.11148291, -0.6728681, 0.66981375
16834411895000, -0.100792766, -0.65240407, 0.6963864
16834416950000, -0.10354166, -0.68416905, 0.7165449
16834421934000, -0.092240654, -0.77274454, 0.6945538
16834426999000, -0.10170906, -0.8542951, 0.66248333
16834431925000, -0.13775012, -0.9459248, 0.61727935
16834436977000, -0.1966986, -1.0479393, 0.5522222
16834441932000, -0.27763826, -1.1114693, 0.4822781
16834447096000, -0.37690386, -1.1478158, 0.38423425
16834451974000, -0.45875978, -1.1597277, 0.29565877
16834456999000, -0.5571091, -1.153619, 0.24037547
16834462029000, -0.6404922, -1.1765264, 0.18753563
16834466971000, -0.7122689, -1.212873, 0.160963
16834472004000, -0.73792523, -1.2739595, 0.15974127
16834476985000, -0.78038037, -1.3130548, 0.15271631
16834481974000, -0.8258898, -1.3478742, 0.15424347
16834486998000, -0.84696466, -1.3429873, 0.19150625
16834491986000, -0.86590147, -1.3411547, 0.20922135
16834496990000, -0.84482664, -1.3261884, 0.2321288
16834502000000, -0.8231409, -1.3271047, 0.25259277
16834507023000, -0.80848014, -1.3344351, 0.27947086
16834512004000, -0.79504114, -1.321607, 0.31123585
16834516994000, -0.79229224, -1.3365731, 0.31703907
16834522012000, -0.75502944, -1.3185526, 0.3155119
16834526985000, -0.7189884, -1.2296717, 0.3210097
16834532131000, -0.677755, -1.0839803, 0.33750305
16834536972000, -0.67103547, -0.929126, 0.3286455
16834541954000, -0.6640105, -0.7910705, 0.32284227
16834547001000, -0.63224554, -0.6609562, 0.3051272
16834551978000, -0.5983425, -0.5684101, 0.26908615
16834557022000, -0.5522222, -0.47861293, 0.23854288
16834562580000, -0.5235115, -0.40225476, 0.20586158
16834566992000, -0.5207626, -0.37507126, 0.16523905
16834571932000, -0.4972443, -0.3830125, 0.12797627
16834576993000, -0.49021935, -0.40622538, 0.1001819
16834581977000, -0.4636467, -0.4364632, 0.063224554
16834586988000, -0.43279803, -0.44135013, 0.021991149
16834592008000, -0.4202753, -0.43860126, -0.017104227
16834597128000, -0.42485678, -0.4529566, -0.059864793
16834601996000, -0.4392121, -0.45814893, -0.082161374
16834606996000, -0.4465425, -0.46578476, -0.11056661
16834612001000, -0.45173484, -0.47219884, -0.14294247
16834616985000, -0.4636467, -0.46517387, -0.16676621
16834622000000, -0.46853364, -0.4605924, -0.18478674
16834626994000, -0.4654793, -0.464563, -0.20586158
16834632649000, -0.47891834, -0.48258355, -0.22143865
16834636971000, -0.49205196, -0.5180137, -0.22937989
16834641999000, -0.50885075, -0.5491679, -0.24648413
16834646997000, -0.505491, -0.57726765, -0.26358834
16834651978000, -0.50426924, -0.5873469, -0.28191432
16834656992000, -0.5119051, -0.5858198, -0.30024028
16834661987000, -0.51159966, -0.6032294, -0.31948254
16834666983000, -0.528093, -0.6114761, -0.33414328
16834671980000, -0.5311473, -0.6462954, -0.35155296
16834676975000, -0.5103779, -0.6948592, -0.3494149
16834681997000, -0.55680364, -0.70738196, -0.38453966
16834686957000, -0.5742133, -0.72204274, -0.38606682
16834692002000, -0.59559363, -0.7473936, -0.3915646
16834696991000, -0.61453044, -0.75686204, -0.40683624
16834702478000, -0.6243043, -0.80939645, -0.4175264
16834706976000, -0.65301496, -0.8338311, -0.4297437
16834711977000, -0.6737844, -0.86742866, -0.43982297
16834716959000, -0.7049385, -0.88789266, -0.44623706
16834721984000, -0.75594574, -0.9062186, -0.44593164
16834726920000, -0.8005389, -0.9275989, -0.43585235
16834731999000, -0.8417723, -0.9416488, -0.41996986
16834736907000, -0.8732319, -0.9410379, -0.4089743
16834742004000, -0.90316427, -0.9309586, -0.38973203
16834746891000, -0.95386606, -0.9505063, -0.3662137
16834751969000, -0.9999864, -0.97585726, -0.35888332
16834756979000, -1.033584, -0.9990701, -0.33505958
16834762038000, -1.07665, -0.9990701, -0.31398472
16834766927000, -1.102001, -0.99265605, -0.27885997
16834772317000, -1.1456778, -0.9804387, -0.25595254
16834776982000, -1.1746938, -0.97341377, -0.23335053
16834782332000, -1.1878275, -0.9764681, -0.21197024
16834787056000, -1.1878275, -0.9660834, -0.20647246
16834791928000, -1.1829406, -0.9569204, -0.22327125
16834796988000, -1.1884383, -0.93218035, -0.2302962
16834801940000, -1.2061534, -0.8891144, -0.26053402
16834807093000, -1.2040154, -0.8374963, -0.28221974
16834811905000, -1.2238685, -0.7641924, -0.3118467
16834816981000, -1.2470814, -0.69058317, -0.32345316
16834821918000, -1.2913691, -0.64721173, -0.33292156
16834826989000, -1.3329079, -0.5852089, -0.35705075
16834831928000, -1.3729197, -0.55833083, -0.35613444
16834836949000, -1.3833044, -0.50946164, -0.36071593
16834842015000, -1.4025466, -0.49418998, -0.3549127
16834846956000, -1.4129313, -0.4746423, -0.344528
16834851999000, -1.3961325, -0.4541783, -0.36102137
16834857023000, -1.3561208, -0.43585235, -0.3567453
16834862060000, -1.3219124, -0.3866777, -0.34330627
16834866977000, -1.3011429, -0.31703907, -0.34238997
16834871997000, -1.2568552, -0.2321288, -0.34300083
16834876998000, -1.1954633, -0.12797627, -0.3304781
16834881980000, -1.1432343, -0.026572637, -0.31856623
16834887681000, -1.0903945, 0.07849618, -0.2779437
16834892002000, -1.0430524, 0.12339478, -0.22082779
16834896978000, -0.98654735, 0.21074851, -0.18906279
16834901984000, -0.96486163, 0.2773328, -0.13897185
16834907057000, -0.9166033, 0.31764993, -0.09743301
16834912089000, -0.8585711, 0.35643986, -0.035430185
16834916990000, -0.7968737, 0.3820962, 0.022907447
16834922052000, -0.745561, 0.35643986, 0.09254608
16834926996000, -0.700357, 0.3023783, 0.15088372
16834932002000, -0.64812803, 0.22815818, 0.19853121
16834936988000, -0.52626044, 0.14935656, 0.24770586
16834942001000, -0.42210788, 0.08307768, 0.2660318
16834946975000, -0.36010507, -0.065973446, 0.27183503
16834952001000, -0.2959642, -0.28344148, 0.24648413
16834957534000, -0.2593123, -0.52778757, 0.18875736
16834961960000, -0.30695978, -0.7489208, 0.11942416
16834967002000, -0.3848451, -0.9056077, 0.065973446
16834971969000, -0.5155703, -0.9966267, 0.006414085
16834977009000, -0.6563747, -1.0601566, -0.043982297
16834981996000, -0.79412484, -1.1313224, -0.067500606
16834987032000, -0.9569204, -1.2089024, -0.06780604
16834992102000, -1.131017, -1.241889, -0.049480084
16834997134000, -1.3130548, -1.2541064, -0.005497787
16835001978000, -1.398576, -1.2431108, 0.008552114
16835007007000, -1.5503759, -1.2534955, 0.096516706
16835011991000, -1.6841555, -1.2156218, 0.11881329
16835016893000, -1.8041905, -1.0968086, 0.14569137
16835022032000, -1.9000963, -0.9392053, 0.16798794
16835027477000, -1.9141463, -0.77946407, 0.14996742
16835031988000, -1.8854356, -0.623388, 0.07880162
16835036991000, -1.7870862, -0.5021312, 3.0543262E-4
16835042002000, -1.6581937, -0.41386122, -0.09010262
16835046964000, -1.5060883, -0.3304781, -0.15149458
16835051949000, -1.3729197, -0.24740042, -0.19608775
16835057057000, -1.2449434, -0.17715092, -0.21960606
16835062056000, -1.1368202, -0.1160644, -0.21471913
16835066976000, -1.0445796, -0.06780604, -0.20219639
16835071955000, -0.98746365, -0.05681047, -0.18875736
16835077001000, -0.9633345, -0.038179077, -0.15607607
16835081985000, -0.95630956, 0.028710667, -0.115453534
16835086984000, -0.9819659, 0.070249505, -0.07880162
16835091995000, -1.0439687, 0.122478485, -0.0720821
16835097250000, -1.0839803, 0.1731803, -9.162979E-4
16835101947000, -1.217149, 0.20189096, 0.029932396
16835106991000, -1.2495248, 0.22235495, 0.079107046
16835111957000, -1.3359623, 0.22327125, 0.10903945
16835116961000, -1.4123205, 0.25473082, 0.11056661
16835121986000, -1.496009, 0.29077184, 0.11453723
16835126971000, -1.5415184, 0.3463606, 0.093767814
16835131956000, -1.5796975, 0.3921755, 0.08002335
16835136951000, -1.6190983, 0.46700647, 0.059253927
16835141941000, -1.6417004, 0.5314528, 0.03268129
16835147046000, -1.6514742, 0.61727935, 0.016798794
16835151946000, -1.6991217, 0.6640105, -0.015882496
16835157036000, -1.7085901, 0.6774496, -0.05375614
16835161965000, -1.7278323, 0.63499445, -0.0870483
16835166954000, -1.7510452, 0.56107974, -0.106901415
16835171945000, -1.7620409, 0.4981606, -0.122783914
16835176965000, -1.7672331, 0.45051312, -0.13591751
16835181954000, -1.7837266, 0.4147775, -0.14019357
16835186939000, -1.7974709, 0.40866885, -0.1459968
16835191939000, -1.7959439, 0.40011674, -0.13408493
16835196958000, -1.767844, 0.37415496, -0.10293079
16835201946000, -1.7632625, 0.3576616, -0.0693332
16835207013000, -1.7461584, 0.35735616, -0.029626964
16835211894000, -1.7287487, 0.31703907, 0.006414085
16835217001000, -1.7018706, 0.33383787, 0.034208454
16835222001000, -1.6832392, 0.32375857, 0.04917465
16835226969000, -1.6771306, 0.29749137, 0.06688975
16835232049000, -1.6786577, 0.29077184, 0.063224554
16835236946000, -1.6649132, 0.27763826, 0.06261369
16835241945000, -1.6566665, 0.27122417, 0.08552113
16835246988000, -1.6371188, 0.25411993, 0.10140363
16835251914000, -1.5922203, 0.25778514, 0.10323623
16835257015000, -1.5512923, 0.27488935, 0.09437868
16835261955000, -1.4926492, 0.3549127, 0.07238753
16835266988000, -1.4288138, 0.4810564, 0.09437868
16835271949000, -1.368949, 0.5296202, 0.09987647
16835276998000, -1.3118331, 0.5842926, 0.10720685
16835282466000, -1.2626585, 0.61483586, 0.11178834
16835286945000, -1.2104294, 0.6646214, 0.12156218
16835291966000, -1.1985176, 0.7119634, 0.12461651
16835296957000, -1.1936307, 0.72051555, 0.122478485
16835301943000, -1.1927143, 0.74006325, 0.12186762
16835307158000, -1.1905763, 0.7648033, 0.121256754
16835311975000, -1.1917981, 0.79351395, 0.10995574
16835316992000, -1.1624765, 0.80664754, 0.1001819
16835322032000, -1.131017, 0.81245077, 0.09896017
16835326959000, -1.1023064, 0.8054258, 0.12186762
16835331966000, -1.0861185, 0.73823065, 0.1518
16835336977000, -1.0916162, 0.6731735, 0.17959438
16835341974000, -1.104139, 0.6282749, 0.21166481
16835346967000, -1.1010846, 0.6151413, 0.23732115
16835352647000, -1.07665, 0.61453044, 0.24831672
16835356978000, -1.058324, 0.569021, 0.2519819
16835361985000, -1.0308352, 0.46914452, 0.2574797
16835366972000, -0.9975429, 0.32742378, 0.27091873
16835371995000, -0.95905846, 0.19333886, 0.3042109
16835386990000, -0.9584476, 0.16310102, 0.36987892
16835391978000, -0.97249746, 0.20738874, 0.40225476
16835397022000, -0.96669424, 0.26389378, 0.42210788
16835401999000, -0.9599747, 0.31581733, 0.4465425
16835407077000, -0.9624182, 0.34116822, 0.4578435
16835412049000, -0.98471475, 0.3475823, 0.46975538
16835416891000, -1.0201449, 0.34147367, 0.4804455
16835422396000, -1.0290025, 0.33658674, 0.49388456
16835426901000, -1.0430524, 0.3417791, 0.5018258
16835431990000, -1.1163563, 0.35888332, 0.4978552
16835436925000, -1.1337659, 0.34269542, 0.49602258
16835441984000, -1.1181889, 0.33628133, 0.49266282
16835446911000, -1.094976, 0.30268374, 0.48502702
16835451941000, -1.0818423, 0.25717425, 0.47616947
16835456971000, -1.0641272, 0.20922135, 0.47952923
16835461967000, -1.0574077, 0.1685988, 0.4841107
16835466943000, -1.063211, 0.1133155, 0.4813618
16835471944000, -1.074512, 0.07666359, 0.5006041
16835476965000, -1.1435398, -0.0027488936, 0.4886922
16835481959000, -1.2605205, -0.016798794, 0.48197266
16835486930000, -1.3045027, -0.0021380284, 0.48563787
16835491958000, -1.3671165, 0.02443461, 0.47861293
16835496959000, -1.396438, 0.07086037, 0.46517387
16835501942000, -1.3631458, 0.1020145, 0.4615087
16835507097000, -1.3356569, 0.07880162, 0.4447099
16835512060000, -1.3393221, 0.073303826, 0.41416663
16835516995000, -1.3466524, 0.089491755, 0.4098906
16835521948000, -1.3881912, 0.07971791, 0.4156938
16835526966000, -1.4315627, 0.086132, 0.4111123
16835531969000, -1.4618006, 0.118202426, 0.44440445
16835536965000, -1.4825699, 0.10934488, 0.48258355
16835541953000, -1.5424347, 0.10995574, 0.52015173
16835547078000, -1.6001616, 0.11209377, 0.54825157
16835551930000, -1.65911, 0.100792766, 0.5882632
16835557067000, -1.7229455, 0.11056661, 0.6197228
16835561910000, -1.7901406, 0.122783914, 0.6462954
16835566997000, -1.8393153, 0.14294247, 0.6704246
16835572077000, -1.8869628, 0.14355333, 0.6945538
16835576999000, -1.922393, 0.16798794, 0.72356987
16835581935000, -1.9437732, 0.17928895, 0.7263188
16835586986000, -1.9498819, 0.21868975, 0.73914695
16835592024000, -1.9724839, 0.22479841, 0.7476991
16835596995000, -1.9847012, 0.23396139, 0.75869465
16835601944000, -2.0030272, 0.24617869, 0.7733554
16835607739000, -2.0265455, 0.24281894, 0.7715228
16835611963000, -2.0409007, 0.2284636, 0.7699956
16835616993000, -2.060143, 0.20799962, 0.7644979
16835622296000, -2.074193, 0.1826487, 0.7761043
16835627004000, -2.0839667, 0.14538592, 0.7855727
16835631964000, -2.0958786, 0.11209377, 0.7883216
16835636946000, -2.1135938, 0.07727446, 0.79717916
16835642029000, -2.1285598, 0.047647487, 0.81306165
16835646959000, -2.1368067, 0.055588737, 0.82802784
16835651944000, -2.1743748, 0.07544186, 0.8396343
16835657009000, -2.1966715, 0.12767084, 0.8555168
16835661988000, -2.2397375, 0.19425514, 0.87964594
16835666991000, -2.2770002, 0.21991149, 0.9104946
16835671917000, -2.3109033, 0.21899518, 0.91996306
16835677565000, -2.3188446, 0.23396139, 0.9401216
16835681998000, -2.355191, 0.25473082, 0.95539325
16835686991000, -2.3802364, 0.2843578, 0.97433007
16835691996000, -2.4120014, 0.28160888, 0.99112886
16835696975000, -2.4382687, 0.30176744, 1.0076222
16835701995000, -2.4685066, 0.3707952, 1.0326678
16835707076000, -2.4911084, 0.38973203, 1.02717
16835712053000, -2.4718661, 0.37751472, 1.0296134
16835716987000, -2.4446826, 0.39584067, 1.0509937
16835722051000, -2.43216, 0.38362336, 1.061073
16835726992000, -2.410169, 0.3491095, 1.0906999
16835731993000, -2.3942864, 0.32986724, 1.1093313
16835736981000, -2.3606887, 0.30909783, 1.1377366
16835741995000, -2.346028, 0.3222314, 1.1954633
16835747291000, -2.3374758, 0.3313944, 1.2586879
16835751988000, -2.3371704, 0.27977628, 1.2632693
16835757024000, -2.3084598, 0.25900686, 1.2809844
16835762032000, -2.2611177, 0.31429017, 1.2867876
16835766954000, -2.2317963, 0.3707952, 1.278541
16835771948000, -2.289523, 0.32620203, 1.2339478
16835776979000, -2.320677, 0.30970868, 1.2147056
16835781992000, -2.3365595, 0.31337386, 1.2021828
16835786961000, -2.356718, 0.29810223, 1.1557571
16835791983000, -2.3606887, 0.30085114, 1.1313224
16835796970000, -2.360994, 0.2770274, 1.1047498
16835802006000, -2.3518312, 0.24648413, 1.0571023
16835807013000, -2.313652, 0.22052236, 1.0384709
16835812042000, -2.2653937, 0.16584991, 0.9966267
16835816955000, -2.2339342, 0.1133155, 0.977079
16835821988000, -2.2131648, 0.06383542, 0.9605856
16835826898000, -2.1789563, 0.026267206, 0.95325524
16835831979000, -2.1242838, 0.01038471, 0.9401216
16835836915000, -2.0613647, -0.018325957, 0.9315695
16835841996000, -1.9969184, -0.056199603, 0.91690874
16835846992000, -1.9468275, -0.115453534, 0.89766645
16835851989000, -1.8894062, -0.18936823, 0.87964594
16835857065000, -1.8322903, -0.25961772, 0.8576548
16835862068000, -1.788308, -0.36071593, 0.8304713
16835866989000, -1.7165314, -0.41141775, 0.7834347
16835871955000, -1.6514742, -0.43188173, 0.6951646
16835877023000, -1.6050484, -0.4541783, 0.6588182
16835881975000, -1.5717562, -0.44929138, 0.57635134
16835886990000, -1.5241088, -0.45448375, 0.51343226
16835891994000, -1.4651603, -0.43860126, 0.45051312
16835897108000, -1.42973, -0.4251622, 0.38912117
16835901986000, -1.3729197, -0.39400807, 0.31581733
16835907080000, -1.3197744, -0.36835176, 0.24709499
16835912049000, -1.2504412, -0.33567044, 0.16890424
16835916993000, -1.1710287, -0.3387248, 0.1282817
16835921990000, -1.0793989, -0.3295618, 0.07269296
16835926995000, -0.9987647, -0.33414328, 0.023518313
16835932610000, -0.89552844, -0.3549127, -0.014966198
16835936987000, -0.7819075, -0.37568212, -0.04550946
16835941990000, -0.655153, -0.4089743, -0.08002335
16835946986000, -0.51007247, -0.43004912, -0.109650314
16835951984000, -0.35521814, -0.45998153, -0.1337795
16835957081000, -0.20066923, -0.48502702, -0.1518
16835962082000, -0.07788532, -0.5161811, -0.18295415
16835967123000, 0.024129177, -0.54183745, -0.20005837
16835971955000, 0.13347405, -0.550695, -0.2312125
16835976982000, 0.17989981, -0.5375614, -0.24373524
16835981955000, 0.26725355, -0.49205196, -0.26816985
16835986997000, 0.34972036, -0.4474588, -0.29718593
16835991895000, 0.43310347, -0.42149702, -0.3173445
16835996993000, 0.5198463, -0.36987892, -0.32925636
16836002488000, 0.6068946, -0.31031954, -0.35216382
16836007014000, 0.6979135, -0.2507602, -0.36041048
16836011967000, 0.763887, -0.18936823, -0.37659842
16836016951000, 0.8206975, -0.15607607, -0.36987892
16836021960000, 0.8854492, -0.1469131, -0.35918877
16836026965000, 0.9596693, -0.14660765, -0.3399465
16836031988000, 1.0274754, -0.13897185, -0.3191771
16836036948000, 1.0913107, -0.14630222, -0.29779682
16836041954000, 1.1539245, -0.15241088, -0.2669481
16836046954000, 1.2363913, -0.15027285, -0.23976462
16836052678000, 1.319469, -0.13500121, -0.22113322
16836057019000, 1.3814718, -0.11484267, -0.20341812
16836061983000, 1.4666874, -0.09254608, -0.16920967
16836066950000, 1.5143349, -0.09896017, -0.15882497
16836072471000, 1.5143349, -0.12339478, -0.15057829
16836076956000, 1.5066991, -0.1459968, -0.13713925
16836081955000, 1.5060883, -0.20525073, -0.12705997
16836086940000, 1.5149459, -0.23640485, -0.1255328
16836091992000, 1.5317446, -0.25289822, -0.09987647
16836096962000, 1.5546521, -0.26358834, -0.054367006
16836101970000, 1.5964963, -0.26389378, -0.019242255
16836106992000, 1.6658295, -0.26328292, 0.015271631
16836111973000, 1.6966782, -0.2764165, 0.05009095
16836116954000, 1.7244726, -0.301462, 0.09193522
16836121956000, 1.7406605, -0.312763, 0.14355333
16836126973000, 1.752267, -0.29016098, 0.18295415
16836131959000, 1.7556267, -0.2828306, 0.22296582
16836136908000, 1.7534887, -0.28680122, 0.2574797
16836142018000, 1.7757853, -0.25320363, 0.3032946
16836146890000, 1.8127426, -0.20097467, 0.3222314
16836151960000, 1.831374, -0.13316862, 0.33475417
16836156982000, 1.8509218, -0.04734206, 0.3463606
16836161959000, 1.840537, -0.032070424, 0.33505958
16836166987000, 1.8191566, -0.04062254, 0.32559118
16836171941000, 1.7547104, -0.027488936, 0.31642818
16836176902000, 1.7171422, -0.031154128, 0.30757064
16836181956000, 1.6328428, -0.083383106, 0.3203988
16836186915000, 1.5619824, -0.13652839, 0.3368922
16836191936000, 1.5106697, -0.16676621, 0.35888332
16836196889000, 1.4489723, -0.24465153, 0.37018433
16836201970000, 1.4059063, -0.23487769, 0.410196
16836206935000, 1.3567317, -0.22296582, 0.42332962
16836212001000, 1.3048081, -0.23732115, 0.44043383
16836216892000, 1.2470814, -0.31306845, 0.47403142
16836221974000, 1.2186762, -0.37873647, 0.4981606
16836226899000, 1.1994339, -0.37568212, 0.52656585
16836231976000, 1.2040154, -0.30268374, 0.5421429
16836236966000, 1.219287, -0.22204952, 0.5354234
16836241976000, 1.2235631, -0.18020524, 0.53023106
16836246950000, 1.2565498, -0.116980694, 0.5180137
16836251988000, 1.2794572, -0.038789943, 0.5311473
16836257793000, 1.2702943, 0.027794369, 0.55955255
16836261992000, 1.2360858, 0.04428773, 0.54092115
16836266957000, 1.2131784, 0.044593163, 0.50854534
16836271956000, 1.1982121, 0.040317107, 0.4886922
16836276992000, 1.1618657, 0.054367006, 0.4541783
16836281992000, 1.1004738, 0.07269296, 0.4361578
16836286933000, 1.0256428, 0.11789699, 0.39767328
16836291942000, 0.9431759, 0.12186762, 0.40775254
16836296966000, 0.8717047, 0.100792766, 0.4092797
16836301981000, 0.8023715, 0.032070424, 0.41141775
16836306970000, 0.75991637, -0.038179077, 0.41599923
16836311956000, 0.7021896, -0.13836098, 0.42394048
16836316958000, 0.6621779, -0.24312437, 0.4392121
16836321938000, 0.6252206, -0.3231477, 0.4428773
16836327679000, 0.6252206, -0.35216382, 0.4560109
16836331957000, 0.6365216, -0.33567044, 0.441961
16836336939000, 0.643852, -0.30543262, 0.44409904
16836341961000, 0.679893, -0.2779437, 0.43310347
16836346989000, 0.7128797, -0.22327125, 0.42271876
16836351998000, 0.7318166, -0.1704314, 0.4034765
16836357020000, 0.743423, -0.13836098, 0.39553526
16836362031000, 0.72356987, -0.11209377, 0.39461896
16836366979000, 0.66981375, -0.11484267, 0.37751472
16836371929000, 0.63499445, -0.08979719, 0.36285394
16836376981000, 0.5296202, -0.08979719, 0.3567453
16836381932000, 0.42088616, -0.1423316, 0.33964106
16836386989000, 0.32436943, -0.22479841, 0.30879238
16836391906000, 0.25320363, -0.29626966, 0.2574797
16836397594000, 0.15027285, -0.36377025, 0.19303341
16836401936000, 0.064446285, -0.40500367, 0.12339478
16836406932000, -0.018325957, -0.42577308, 0.045814894
16836411830000, -0.090713486, -0.42546764, -0.02565634
16836416886000, -0.13958271, -0.40683624, -0.0870483
16836421860000, -0.13805555, -0.3707952, -0.14844026
16836426899000, -0.10903945, -0.34422258, -0.17745635
16836431851000, -0.055283304, -0.30451632, -0.21013765
16836436895000, -9.162979E-4, -0.28099802, -0.22785273
16836441864000, 0.041233405, -0.2434298, -0.23243423
16836446890000, 0.07574729, -0.22021692, -0.22785273
16836451990000, 0.10293079, -0.19822577, -0.22724187
16836457113000, 0.10751228, -0.20708331, -0.2302962
16836461999000, 0.090713486, -0.21533, -0.22693644
16836467215000, 0.057726767, -0.21105394, -0.21044308
16836471926000, 0.04062254, -0.21166481, -0.20158553
16836476932000, 0.022907447, -0.18997909, -0.17195857
16836481892000, 0.0125227375, -0.17806722, -0.1554652
16836486937000, 0.006414085, -0.18142697, -0.13194689
16836491898000, -0.014966198, -0.19639318, -0.11636983
16836496956000, -0.04734206, -0.21685717, -0.110872045
16836501917000, -0.071776666, -0.2098322, -0.12461651
16836507078000, -0.09590584, -0.16432275, -0.13133603
16836512009000, -0.099571034, -0.108123146, -0.14019357
16836516999000, -0.118202426, -0.06780604, -0.14874569
16836521979000, -0.122478485, -0.04062254, -0.17012598
16836526918000, -0.12644911, -0.017104227, -0.18112154
16836531934000, -0.11789699, -0.006414085, -0.1863139
16836536993000, -0.1160644, -0.014966198, -0.19883664
16836541962000, -0.11911872, -0.021685716, -0.20952678
16836546983000, -0.12003502, -0.029932396, -0.21502456
16836551959000, -0.11301007, -0.052839845, -0.2180789
16836556881000, -0.087964594, -0.05375614, -0.22968534
16836561881000, -0.05131268, -0.055588737, -0.22602014
16836566942000, -0.041233405, -0.0571159, -0.23579398
16836571889000, -0.023823744, -0.077579886, -0.23151793
16836576849000, 0.009468411, -0.105374254, -0.24281894
16836581885000, 0.040317107, -0.11178834, -0.24923302
16836586877000, 0.0711658, -0.11178834, -0.25045475
16836591887000, 0.07696902, -0.121256754, -0.25473082
16836596883000, 0.10720685, -0.12370021, -0.26236662
16836601867000, 0.10903945, -0.11759156, -0.2687807
16836607040000, 0.10048734, -0.100792766, -0.27672195
16836611957000, 0.09285152, -0.08277224, -0.28710666
16836616985000, 0.070249505, -0.06627888, -0.28313604
16836621951000, 0.05955936, -0.047647487, -0.28496864
16836626971000, 0.027794369, -0.01740966, -0.28099802
16836631960000, 0.01282817, 0.01160644, -0.2864958
16836636928000, -0.01282817, 0.031154128, -0.27580565
16836641934000, -0.026572637, 0.029932396, -0.25259277
16836646986000, -0.023823744, 0.037873644, -0.24312437
16836652574000, -0.025961773, 0.027183503, -0.22724187
16836657048000, -0.02687807, 0.015882496, -0.21410827
16836662095000, -0.030543262, -0.0018325958, -0.1994475
16836666989000, -0.014660766, -0.015271631, -0.1881465
16836671950000, -0.017104227, -0.033292156, -0.17165314
16836676999000, -0.025350908, -0.050701816, -0.16279559
16836681988000, -0.02687807, -0.086132, -0.14080444
16836687112000, -0.0036651916, -0.1133155, -0.121256754
16836692018000, 0.021991149, -0.14538592, -0.12095132
16836696980000, 0.033292156, -0.17745635, -0.1151481
16836701963000, 0.06566802, -0.20769419, -0.10995574
16836707102000, 0.07971791, -0.21868975, -0.10170906
16836712007000, 0.08827003, -0.21899518, -0.09621128
16836716987000, 0.089491755, -0.20555615, -0.10048734
16836721914000, 0.09590584, -0.17104226, -0.10720685
16836727000000, 0.06841691, -0.14874569, -0.11056661
16836731988000, 0.06414085, -0.13041973, -0.112704635
16836736973000, 0.05955936, -0.103847094, -0.10354166
16836741956000, 0.076052725, -0.08979719, -0.09132435
16836746995000, 0.07849618, -0.070554934, -0.09101892
16836751946000, 0.06719518, -0.06261369, -0.08827003
16836757086000, 0.051618114, -0.036651913, -0.08368854
16836761990000, 0.0571159, -0.022602014, -0.07788532
16836766978000, 0.06780604, -0.007941248, -0.07238753
16836771916000, 0.07819075, 0.014660766, -0.06536258
16836776995000, 0.08399397, 0.03390302, -0.05681047
16836781891000, 0.08093964, 0.03481932, -0.052839845
16836786983000, 0.07819075, 0.029321533, -0.044898596
16836792091000, 0.074830994, 0.02107485, -0.034208454
16836796994000, 0.07849618, 0.0067195175, -0.030848695
16836801988000, 0.09743301, -0.014660766, -0.023518313
16836807126000, 0.10354166, -0.014049901, -0.015271631
16836811965000, 0.115453534, -0.022296581, -0.01038471
16836816984000, 0.10781772, -0.048258353, 0.0061086523
16836821954000, 0.116980694, -0.058643065, 0.011911872
16836827000000, 0.14385876, -0.07147124, 0.016493361
16836831968000, 0.17684549, -0.07360926, 0.02107485
16836836971000, 0.18967366, -0.07360926, 0.022296581
16836842054000, 0.20097467, -0.050701816, 0.028405234
16836846978000, 0.21319197, -0.039095376, 0.027183503
16836851936000, 0.2144137, -0.03970624, 0.025045475
16836857037000, 0.17440203, -0.048258353, 0.02565634
16836861894000, 0.13561209, -0.06291912, 0.021380283
16836866989000, 0.099571034, -0.07238753, 0.011911872
16836871917000, 0.032070424, -0.060170226, 0.0076358155
16836876996000, -0.02565634, -0.040011674, 0.0015271631
16836882004000, -0.07513642, -0.020158553, -0.009468411
16836886974000, -0.10873401, 0.0143553335, -0.010079277
16836891991000, -0.12583824, 0.036651913, -0.019547688
16836896981000, -0.0888809, 0.06047566, -0.021991149
16836901988000, -0.065973446, 0.062308256, -0.033292156
16836907085000, -0.0571159, 0.04734206, -0.03023783
16836912050000, -0.042760566, 0.032070424, -0.03726278
16836916988000, -0.01985312, 0.020158553, -0.044898596
16836921996000, -0.006414085, 0.0015271631, -0.043676864
16836926992000, 0.005192355, -0.0030543262, -0.043982297
16836931993000, 0.029626964, -0.021380283, -0.04337143
16836936972000, 0.023823744, -0.028405234, -0.04642576
16836942054000, 0.027794369, -0.03970624, -0.047036625
16836946977000, 0.03359759, -0.044898596, -0.05100725
16836951958000, 0.040011674, -0.044898596, -0.048563786
16836956959000, 0.037873644, -0.04917465, -0.052534413
16836961952000, 0.03756821, -0.027794369, -0.04550946
16836966924000, 0.027794369, -0.025350908, -0.03726278
16836971942000, 0.018325957, -0.03634648, -0.04520403
16836977574000, 0.030543262, -0.03604105, -0.03848451
16836981993000, 0.03023783, -0.03481932, -0.03634648
16836986906000, 0.023518313, -0.032070424, -0.040317107
16836991988000, 0.040317107, -0.03176499, -0.045814894
16836996893000, 0.03481932, -0.018020526, -0.04428773
16837001998000, 0.030543262, -0.015271631, -0.025350908
16837006920000, 0.01740966, -0.009162978, -0.03604105
16837012042000, 0.02076942, -0.019547688, -0.03481932
16837016931000, 0.031154128, -0.029932396, -0.03481932
16837021939000, 0.034513887, -0.02565634, -0.0290161
16837026979000, 0.02687807, -0.031154128, -0.03176499
16837031987000, 0.017715093, -0.027488936, -0.03023783
16837037011000, 0.01740966, -0.029321533, -0.036957346
16837042069000, 0.016187929, -0.03390302, -0.029321533
16837047539000, 0.008552114, -0.035124753, -0.042760566
16837051984000, 0.007330383, -0.03848451, -0.04337143
16837057030000, -0.004276057, -0.03023783, -0.049785517
16837061995000, -0.00580322, -0.03481932, -0.052534413
16837066985000, -0.0061086523, -0.032375857, -0.05467244
16837071948000, -0.0125227375, -0.033292156, -0.06352998
16837076994000, -0.005497787, -0.026267206, -0.060170226
16837081991000, -0.0106901415, -0.028405234, -0.05497787
16837086990000, -0.019547688, -0.02107485, -0.053450707
16837092050000, -0.030848695, -0.014049901, -0.05131268
16837096992000, -0.040011674, 0.01038471, -0.045814894
16837101970000, -0.055588737, 0.009773844, -0.044898596
16837106967000, -0.040011674, 6.1086525E-4, -0.05222898
16837111931000, -0.027183503, -0.008246681, -0.04550946
16837117322000, -0.021685716, -0.0012217305, -0.049785517
16837121923000, -0.018936822, -0.004276057, -0.040011674
16837126939000, -0.023823744, -0.014966198, -0.049480084
16837131894000, -0.010995574, -0.020158553, -0.04520403
16837136943000, -0.014049901, -0.0143553335, -0.036957346
16837141969000, -0.016493361, -0.029321533, -0.04642576
16837147001000, -0.007941248, -0.01985312, -0.060170226
16837151982000, -0.00580322, -0.02565634, -0.05589417
16837156979000, -0.0106901415, -0.03726278, -0.0571159
16837162285000, -0.025350908, -0.026267206, -0.058643065
16837166935000, -0.07727446, -0.036957346, -0.06383542
16837171950000, -0.07391469, -0.050396383, -0.069027774
16837176963000, -0.06688975, -0.050701816, -0.06872234
16837181957000, -0.057726767, -0.034208454, -0.07238753
16837187002000, -0.04428773, -0.00580322, -0.06566802
16837191937000, -0.026572637, 0.022296581, -0.06169739
16837196937000, -0.023518313, 0.043066, -0.06047566
16837201991000, -0.0061086523, 0.06169739, -0.048258353
16837207034000, -0.0061086523, 0.07452556, -0.032070424
16837212043000, 0.020158553, 0.0852157, -0.024740042
16837216953000, 0.043982297, 0.10995574, -0.019242255
16837221941000, 0.04886922, 0.12583824, -0.003970624
16837226969000, 0.04795292, 0.13652839, 0.003970624
16837231956000, 0.054061573, 0.13805555, 0.0067195175
16837236944000, 0.05009095, 0.12889257, 0.025961773
16837241985000, 0.029321533, 0.1337795, 0.02321288
16837246960000, 0.022602014, 0.124005646, 0.02565634
16837251973000, -0.0143553335, 0.09896017, 0.02076942
16837257078000, -0.02076942, 0.08674286, 0.0143553335
16837262027000, -0.034513887, 0.074830994, 0.012217305
16837267080000, -0.06536258, 0.03359759, 0.0012217305
16837271941000, -0.07727446, -0.008857546, -0.010079277
16837276971000, -0.090713486, -0.042760566, -0.004276057
16837281953000, -0.09743301, -0.06719518, -0.003970624
16837286945000, -0.10140363, -0.093767814, -0.008857546
16837292027000, -0.11362094, -0.10781772, -0.0143553335
16837296954000, -0.110872045, -0.11484267, -0.0030543262
16837302637000, -0.105374254, -0.115453534, -0.004276057
16837306971000, -0.08155051, -0.10293079, -0.005497787
16837312042000, -0.07544186, -0.09407325, -0.0030543262
16837316920000, -0.07086037, -0.09132435, -0.007941248
16837321965000, -0.06352998, -0.07696902, -0.0033597588
16837326964000, -0.044593163, -0.056505036, 0.0021380284
16837331923000, -0.05009095, -0.040011674, 0.0018325958
16837337102000, -0.043066, -0.024740042, 0.0030543262
16837341966000, -0.053450707, -0.017715093, 0.008857546
16837346959000, -0.061086524, -0.009773844, 0.008857546
16837351993000, -0.061391957, -0.007941248, 0.010079277
16837357069000, -0.07452556, 0.003970624, 0.01038471
16837362119000, -0.08857546, 0.009773844, 0.010995574
16837366963000, -0.09743301, 0.017104227, 0.007941248
16837373109000, -0.10476339, 0.024129177, 0.019242255
16837376968000, -0.11881329, 0.02321288, 0.015271631
16837381893000, -0.11728613, 0.018020526, 0.017715093
16837386939000, -0.1160644, 0.009468411, 0.016187929
16837391969000, -0.09712757, 0.009162978, 0.022907447
16837396978000, -0.09407325, 0.015577064, 0.030543262
16837401999000, -0.0711658, 0.0143553335, 0.031154128
16837407000000, -0.051618114, 0.009468411, 0.040011674
16837412010000, -0.043676864, -0.0018325958, 0.027794369
16837416951000, -0.028099801, -0.003970624, 0.0290161
16837421953000, -0.013133603, -0.004886922, 0.026267206
16837426960000, -0.023823744, -0.010995574, 0.021685716
16837431962000, -0.043676864, -0.009773844, 0.025045475
16837436948000, -0.019547688, -0.006414085, 0.027183503
16837442016000, 0.004276057, -0.013439035, 0.027183503
16837446957000, -0.008552114, -0.011911872, 0.027794369
16837451946000, -0.013744468, -0.0070249503, 0.03359759
16837457064000, -0.01985312, 0.0021380284, 0.027794369
16837461973000, -0.01863139, 0.007330383, 0.028710667
16837466987000, -0.01740966, 0.014049901, 0.031154128
16837471969000, -0.0290161, 0.018936822, 0.03023783
16837476990000, -0.036651913, 0.022296581, 0.03940081
16837481990000, -0.04795292, 0.011301007, 0.040317107
16837486983000, -0.025045475, 0.016493361, 0.039095376
16837492016000, -0.024129177, 0.01740966, 0.029321533
16837496988000, -0.030543262, 0.013744468, 0.03848451
16837502017000, -0.025350908, 0.00580322, 0.03604105
16837507061000, -0.015882496, -0.013744468, 0.04550946
16837512095000, -0.013133603, -0.004276057, 0.03756821
16837516988000, -9.162979E-4, -0.007330383, 0.04550946
16837521985000, 0.01038471, -0.015271631, 0.043676864
16837526982000, 0.01160644, -0.024129177, 0.05100725
16837531992000, 0.031154128, -0.026572637, 0.051618114
16837536972000, 0.021685716, -0.034208454, 0.053450707
16837542078000, 0.012217305, -0.036957346, 0.05497787
16837546985000, 0.01282817, -0.044593163, 0.053450707
16837551996000, 0.00580322, -0.04428773, 0.061086524
16837557098000, 0.017104227, -0.042455133, 0.04886922
16837562015000, -0.0012217305, -0.044593163, 0.03848451
16837566984000, -0.011911872, -0.054061573, 0.052534413
16837571962000, -0.029626964, -0.051923547, 0.051923547
16837576989000, -0.02076942, -0.042760566, 0.04734206
16837581990000, -0.03176499, -0.034513887, 0.043982297
16837586945000, -0.03940081, -0.033292156, 0.04734206
16837591986000, -0.04795292, -0.03390302, 0.056199603
16837596923000, -0.037873644, -0.02687807, 0.05100725
16837601961000, -0.044593163, -0.02321288, 0.048563786
16837607003000, -0.03481932, -0.022602014, 0.046120327
16837612035000, -0.03481932, -0.02076942, 0.049480084
16837616882000, -0.04520403, -0.020463986, 0.042760566
16837621948000, -0.02443461, -0.011301007, 0.043676864
16837626890000, -0.02321288, -0.009468411, 0.04184427
16837631956000, -0.016493361, -6.1086525E-4, 0.042760566
16837636911000, -0.01282817, 0.014049901, 0.032375857
16837642000000, -0.022296581, 0.016187929, 0.034513887
16837646909000, -0.017715093, 0.015577064, 0.037873644
16837651938000, -0.022602014, 0.020158553, 0.03359759
16837657067000, -0.021380283, 0.015577064, 0.0290161
16837661982000, -0.010079277, 0.01282817, 0.036651913
16837666947000, -0.02107485, 0.022296581, 0.040011674
16837671952000, -0.027488936, 0.021685716, 0.04520403
16837676967000, -0.025961773, 0.018325957, 0.044898596
16837681956000, -0.03970624, 0.022296581, 0.04886922
16837687103000, -0.038789943, 0.023518313, 0.055588737
16837692001000, -0.042455133, 0.035430185, 0.054061573
16837696941000, -0.044593163, 0.021380283, 0.05589417
16837701956000, -0.029932396, 0.025350908, 0.0571159
16837707076000, -0.03726278, 0.025350908, 0.058337633
16837711977000, -0.040011674, 0.03023783, 0.055588737
16837716944000, -0.027794369, 0.029626964, 0.064446285
16837721942000, -0.035124753, 0.03848451, 0.06383542
16837726953000, -0.03176499, 0.033292156, 0.058337633
16837731956000, -0.029932396, 0.02443461, 0.064446285
16837737296000, -0.03145956, 0.032986723, 0.070249505
16837741994000, -0.03604105, 0.041233405, 0.06261369
16837746926000, -0.032070424, 0.04153884, 0.060170226
16837751955000, -0.029626964, 0.04062254, 0.05497787
16837757389000, -0.027488936, 0.047036625, 0.049785517
16837762055000, -0.023518313, 0.03573562, 0.05497787
16837766889000, -0.021685716, 0.033292156, 0.047036625
16837771954000, -0.015577064, 0.026267206, 0.05009095
16837777106000, -0.021380283, 0.024129177, 0.052839845
16837781952000, -0.022602014, 0.02443461, 0.04734206
16837786942000, -0.015577064, 0.024740042, 0.04184427
16837792039000, -0.017715093, 0.019242255, 0.03940081
16837797303000, -0.025045475, 0.01863139, 0.03756821
16837801963000, -0.022602014, 0.004581489, 0.04337143
16837807028000, -0.011911872, 0.008552114, 0.03390302
16837812034000, -0.007330383, 0.011301007, 0.034208454
16837816886000, -0.018325957, 0.012217305, 0.040927973
16837821943000, -0.014966198, 0.0015271631, 0.043066
16837826894000, 0.0027488936, 0.0033597588, 0.03726278
16837831955000, 0.0015271631, 0.010079277, 0.025961773
16837836920000, -0.007941248, 0.0027488936, 0.019242255
16837842036000, -0.009162978, 0.0033597588, 0.016798794
16837846895000, -0.009162978, 0.002443461, 0.015577064
16837851945000, -0.008857546, 0.0067195175, 0.020463986
16837856990000, -0.016187929, 0.005192355, 0.016493361
16837862016000, -0.021380283, -0.0012217305, 0.012217305
16837866899000, -0.0143553335, 0.0027488936, 0.0018325958
16837871942000, -0.016187929, -9.162979E-4, -0.007330383
16837876961000, -0.02443461, -0.0061086523, -0.002443461
16837881956000, -0.029932396, -0.0030543262, -0.005497787
16837886948000, -0.026267206, -0.013439035, -0.017104227
16837891948000, -0.04428773, -0.010079277, -0.014660766
16837896978000, -0.060170226, 0.0018325958, -0.01740966
16837901951000, -0.05100725, -0.004581489, -0.02076942
16837906980000, -0.04520403, -0.009468411, -0.024740042
16837911960000, -0.027794369, -0.0076358155, -0.017104227
16837916954000, -0.03145956, -0.006414085, -0.02687807
16837921949000, -0.02107485, -0.004276057, -0.02687807
16837926967000, -0.010079277, 0.007941248, -0.029626964
16837931957000, -0.027794369, 0.011911872, -0.03176499
16837936938000, -0.027794369, 0.010079277, -0.03359759
16837942055000, -0.024129177, 0.010995574, -0.03023783
16837946960000, -0.017104227, 0.007941248, -0.035430185
16837951957000, -0.0076358155, 0.010079277, -0.029626964
16837957052000, -0.016798794, 0.016798794, -0.03634648
16837962010000, -0.011911872, 0.025350908, -0.03359759
16837966953000, -0.024740042, 0.018325957, -0.03634648
16837971950000, -0.032986723, 0.01038471, -0.032375857
16837976962000, -0.033292156, 6.1086525E-4, -0.031154128
16837981954000, -0.018936822, -0.002443461, -0.03573562
16837986933000, -0.01282817, -0.007330383, -0.030543262
16837991973000, 0.0012217305, -0.0076358155, -0.032070424
16837996957000, -0.004886922, -0.011911872, -0.03634648
16838001960000, -0.009162978, -0.0125227375, -0.03390302
16838007082000, -0.0106901415, -0.013133603, -0.038789943
16838012018000, -0.0018325958, 3.0543262E-4, -0.03023783
16838016954000, -0.021685716, 0.004886922, -0.028099801
16838021932000, -0.052534413, -0.00580322, -0.016493361
16838026962000, -0.023518313, -0.01160644, -0.025350908
16838031956000, -0.0067195175, -0.012217305, -0.013133603
16838036939000, -0.014966198, -0.013744468, -0.015882496
16838041969000, -0.018936822, -0.009773844, -0.008246681
16838046959000, -0.01863139, -0.013439035, -0.015882496
16838051969000, -0.015882496, -0.008857546, -0.008857546
16838057070000, -0.025045475, -0.008246681, -0.008246681
16838061954000, -0.027488936, -0.005497787, -0.0067195175
16838066950000, -0.041233405, -0.0061086523, -0.0030543262
16838071912000, -0.05497787, -0.0070249503, -0.0021380284
16838076962000, -0.027183503, -0.01740966, 0.00580322
16838081889000, -0.029626964, -0.014660766, 0.004581489
16838086960000, -0.029321533, -0.0076358155, 0.004581489
16838091919000, -0.033292156, -0.014049901, 0.01038471
16838096961000, -0.034208454, -0.009468411, 0.013439035
16838101956000, -0.03176499, -0.0018325958, 0.018936822
16838106952000, -0.032375857, 0.0027488936, 0.015577064
16838111955000, -0.029932396, 0.0021380284, 0.017104227
16838116953000, -0.041233405, -6.1086525E-4, 0.023518313
16838121928000, -0.03573562, 0.007330383, 0.026572637
16838127003000, -0.029932396, 0.008857546, 0.02107485
16838131993000, -0.0290161, 0.007330383, 0.019547688
16838136981000, -0.022907447, 0.004886922, 0.019242255
16838141979000, -0.022296581, 0.014966198, 0.029932396
16838146993000, -0.028405234, 0.02107485, 0.029321533
16838152011000, -0.0290161, 0.011911872, 0.030848695
16838157014000, -0.031154128, 0.017715093, 0.032986723
16838161954000, -0.032375857, 0.023823744, 0.03023783
16838166992000, -0.01863139, 0.022602014, 0.030848695
16838171961000, -0.014966198, 0.021685716, 0.022296581
16838176998000, -0.0067195175, 0.022907447, 0.025961773
16838181937000, -0.020158553, 0.017715093, 0.029626964
16838186969000, -0.016798794, 0.02565634, 0.019242255
16838191956000, -0.003970624, 0.028405234, 0.032986723
16838196995000, -0.009773844, 0.024740042, 0.02443461
16838202090000, -0.021685716, 0.025961773, 0.027183503
16838206967000, -0.014966198, 0.0143553335, 0.014049901
16838212290000, -0.008857546, 0.017715093, 0.0070249503
16838216953000, -0.004886922, 0.01863139, 3.0543262E-4
16838221920000, -0.012217305, 0.013439035, 0.0018325958
16838226962000, -0.011301007, 0.014660766, 0.005192355
16838231925000, -0.008552114, 0.017104227, -9.162979E-4
16838236942000, -0.0067195175, 0.010079277, 0.002443461
16838241992000, 0.004886922, 0.0061086523, -0.0021380284
16838246957000, 0.0070249503, 0.0030543262, -0.0027488936
16838251897000, 0.0076358155, 0.0070249503, -6.1086525E-4
16838256958000, 0.009468411, 0.0070249503, -0.01863139
16838261962000, 0.024129177, 0.0033597588, -0.014049901
16838266956000, 0.016187929, -0.003970624, -0.015577064
16838271954000, 0.018020526, -0.013133603, -0.012217305
16838276961000, 0.026267206, 0.005192355, -0.027183503
16838281957000, 0.008857546, 0.004886922, -0.018020526
16838286926000, 0.018936822, -0.0076358155, -0.029932396
16838292042000, 0.041233405, -0.022907447, -0.033292156
