#Rate of rotation around the x y z axes (Angular velocity).
#timestamp(ns),x,y,z(rad/s)
#Datetime: 14/05/2015 16:15:51
##########################################
#Activity: 8 - CSI - Car-Step in - 6s
#Subject ID: 52
#First Name: sub52
#Last Name: sub52
#Age: 20
#Height(cm): 179
#Weight(kg): 79
#Gender: Male
##########################################

@DATA
4720768675000, -0.033292156, 0.03970624, 0.0125227375
4720773668000, -0.02687807, 0.03390302, 0.0076358155
4720778725000, -0.029626964, 0.037873644, 0.0076358155
4720787188000, -0.036957346, 0.03970624, 0.0106901415
4720788815000, -0.03145956, 0.040011674, 0.014049901
4720793672000, -0.028099801, 0.03970624, 0.016187929
4720798688000, -0.03023783, 0.032375857, 0.01160644
4720803664000, -0.03359759, 0.034513887, 0.009773844
4720808741000, -0.033292156, 0.031154128, 0.013133603
4720813680000, -0.032375857, 0.042455133, 0.0125227375
4720818652000, -0.04062254, 0.04550946, 0.01160644
4720823679000, -0.03481932, 0.043982297, 0.004581489
4720828843000, -0.043676864, 0.046731193, 0.0021380284
4720833653000, -0.03726278, 0.03756821, -0.0027488936
4720838677000, -0.03970624, 0.04062254, -0.0036651916
4720843662000, -0.04520403, 0.03390302, -0.008552114
4720849010000, -0.043676864, 0.025350908, -0.009773844
4720854515000, -0.043982297, 0.027488936, -0.014966198
4720858667000, -0.040317107, 0.021685716, -0.013133603
4720863663000, -0.036651913, 0.031154128, -0.0143553335
4720868684000, -0.043066, 0.030848695, -0.0143553335
4720873668000, -0.038789943, 0.016798794, -0.022602014
4720878698000, -0.03359759, 0.015271631, -0.016798794
4720883662000, -0.034208454, 0.013133603, -0.021991149
4720888630000, -0.033292156, 0.0033597588, -0.01863139
4720893700000, -0.035430185, 0.0015271631, -0.021991149
4720898639000, -0.038179077, 0.004581489, -0.016493361
4720903661000, -0.034513887, -0.0033597588, -0.01740966
4720908647000, -0.040927973, -0.0125227375, -0.01740966
4720913658000, -0.035124753, -0.012217305, -0.016187929
4720918877000, -0.042760566, -0.022907447, -0.0125227375
4720923690000, -0.03390302, -0.02443461, -0.013439035
4720928641000, -0.039095376, -0.028710667, -0.008857546
4720933849000, -0.032375857, -0.029932396, -0.009773844
4720938669000, -0.039095376, -0.032986723, -0.0027488936
4720943672000, -0.03390302, -0.040011674, -0.004581489
4720948647000, -0.040011674, -0.04153884, -6.1086525E-4
4720953675000, -0.033292156, -0.038789943, 0.008857546
4720958648000, -0.028405234, -0.046731193, 0.0027488936
4720963663000, -0.03145956, -0.050701816, 0.005497787
4720968661000, -0.03176499, -0.05497787, 0.011301007
4720973670000, -0.022296581, -0.04795292, 0.013133603
4720978672000, -0.021380283, -0.050396383, 0.013439035
4720983659000, -0.022296581, -0.043066, 0.01282817
4720988661000, -0.030848695, -0.054367006, 0.019547688
4720993910000, -0.009162978, -0.044593163, 0.010079277
4720998665000, -0.014966198, -0.042760566, 0.010995574
4721003669000, -0.017715093, -0.042455133, 0.024740042
4721008660000, -0.014966198, -0.0421497, 0.025045475
4721013683000, -0.0021380284, -0.04184427, 0.023518313
4721018670000, -0.008246681, -0.045814894, 0.021685716
4721023695000, -0.008857546, -0.041233405, 0.01985312
4721029149000, -0.01740966, -0.036957346, 0.022907447
4721033722000, -0.011911872, -0.03573562, 0.019547688
4721038885000, -0.017715093, -0.027488936, 0.026267206
4721043694000, -0.021380283, -0.02076942, 0.021685716
4721048690000, -0.015882496, -0.015271631, 0.018325957
4721054419000, -0.013133603, -0.018936822, 0.023823744
4721058679000, -0.017715093, -0.01740966, 0.01282817
4721064019000, -0.009773844, -0.017104227, 0.014660766
4721068696000, -0.01160644, -0.013439035, 0.020158553
4721073667000, -0.026267206, -0.014966198, 0.016493361
4721078726000, -0.016798794, -0.008857546, 0.010995574
4721083690000, -0.02321288, 0.0027488936, 0.016187929
4721088697000, -0.02076942, -0.004886922, 0.009468411
4721093679000, -0.020463986, -0.0021380284, 0.015271631
4721098693000, -0.02687807, -0.004581489, 0.013133603
4721103741000, -0.01740966, 0.004276057, 0.014660766
4721108736000, -0.02107485, 0.004886922, 0.009773844
4721113762000, -0.024129177, 0.0030543262, 0.019547688
4721118847000, -0.023518313, 6.1086525E-4, 0.017104227
4721123744000, -0.027183503, 0.0067195175, 0.018936822
4721128840000, -0.032070424, 0.0018325958, 0.020158553
4721134147000, -0.03481932, -3.0543262E-4, 0.017104227
4721138758000, -0.025961773, 0.01282817, 0.013439035
4721143763000, -0.038179077, 0.0015271631, 0.020463986
4721148763000, -0.038789943, 0.0070249503, 0.015271631
4721153759000, -0.043066, 0.010995574, 0.01160644
4721158754000, -0.03970624, 0.009162978, 0.01740966
4721163771000, -0.04520403, 0.0067195175, 0.0106901415
4721168709000, -0.048258353, 0.009773844, 0.005192355
4721173731000, -0.054061573, 0.016798794, 0.012217305
4721178805000, -0.061391957, 0.026572637, 0.009773844
4721183803000, -0.05955936, 0.03573562, 0.0076358155
4721188687000, -0.0580322, 0.029626964, 0.008246681
4721193783000, -0.06841691, 0.02443461, 0.0070249503
4721198693000, -0.05681047, 0.046731193, 0.013439035
4721203730000, -0.058948494, 0.050701816, 0.009468411
4721208787000, -0.06383542, 0.047036625, 0.0106901415
4721213766000, -0.06780604, 0.052534413, 0.009468411
4721218782000, -0.06536258, 0.070249505, 0.0106901415
4721223731000, -0.0693332, 0.07727446, 0.012217305
4721228770000, -0.08002335, 0.07971791, 0.015271631
4721233766000, -0.070249505, 0.08399397, 0.017715093
4721238744000, -0.06566802, 0.08277224, 0.011911872
4721243767000, -0.064446285, 0.08093964, 0.013439035
4721248766000, -0.05131268, 0.07880162, 0.013439035
4721255179000, -0.05467244, 0.06963864, 0.010995574
4721258772000, -0.064446285, 0.07391469, 0.01160644
4721263768000, -0.06383542, 0.06994407, 0.0027488936
4721268757000, -0.059253927, 0.07696902, 0.009468411
4721273734000, -0.067500606, 0.08674286, 0.010995574
4721278764000, -0.065973446, 0.09407325, 0.011301007
4721283761000, -0.06719518, 0.10354166, 0.0067195175
4721288754000, -0.053450707, 0.110872045, 0.010995574
4721293749000, -0.056199603, 0.12583824, 0.008246681
4721298744000, -0.0571159, 0.13744467, 0.004886922
4721303758000, -0.050701816, 0.14294247, 0.0021380284
4721308705000, -0.04550946, 0.15577064, 0.003970624
4721313755000, -0.03726278, 0.16065755, 0.004886922
4721319313000, -0.043066, 0.16829337, -0.006414085
4721323742000, -0.047647487, 0.16310102, -0.0027488936
4721328794000, -0.051923547, 0.16982053, 0.0030543262
4721333763000, -0.056199603, 0.18478674, 0.0036651916
4721338686000, -0.056199603, 0.18692477, 0.005497787
4721343747000, -0.07086037, 0.18600847, 0.0021380284
4721348718000, -0.070554934, 0.19639318, -0.0070249503
4721353758000, -0.08552113, 0.19456059, -0.010079277
4721358741000, -0.07849618, 0.20799962, -0.016798794
4721363753000, -0.09162979, 0.21868975, -0.021991149
4721368769000, -0.09896017, 0.21930063, -0.01740966
4721373726000, -0.09468412, 0.23243423, -0.024740042
4721378794000, -0.10995574, 0.23487769, -0.03726278
4721383814000, -0.112399206, 0.23823744, -0.04337143
4721389236000, -0.12186762, 0.23823744, -0.058643065
4721393745000, -0.13775012, 0.22785273, -0.06811147
4721398772000, -0.14294247, 0.21777347, -0.07391469
4721403756000, -0.14813483, 0.20769419, -0.08857546
4721408735000, -0.15118915, 0.20616703, -0.09590584
4721413843000, -0.172264, 0.21044308, -0.10995574
4721418761000, -0.18051068, 0.21410827, -0.1282817
4721423728000, -0.19517145, 0.21868975, -0.13836098
4721428767000, -0.19975294, 0.23701571, -0.14935656
4721433690000, -0.21533, 0.22510384, -0.16279559
4721438763000, -0.24648413, 0.23182335, -0.18234327
4721443714000, -0.2611449, 0.2321288, -0.1994475
4721448774000, -0.28802297, 0.22968534, -0.21655174
4721454776000, -0.301462, 0.22724187, -0.23609942
4721459165000, -0.32803464, 0.21899518, -0.24770586
4721463745000, -0.3576616, 0.20708331, -0.26450464
4721468756000, -0.37201694, 0.19517145, -0.28069258
4721473753000, -0.39522982, 0.18020524, -0.30543262
4721478760000, -0.40500367, 0.17989981, -0.33414328
4721483763000, -0.43493605, 0.16890424, -0.36163223
4721488758000, -0.45814893, 0.15332718, -0.37782016
4721493756000, -0.46975538, 0.13500121, -0.42302418
4721498741000, -0.4831944, 0.11362094, -0.4636467
4721503737000, -0.5152648, 0.07727446, -0.50854534
4721508797000, -0.5448918, 0.04550946, -0.5644395
4721513728000, -0.5644395, 0.023823744, -0.6188065
4721518785000, -0.59620446, -0.011911872, -0.66645396
4721523739000, -0.6246097, -0.041233405, -0.7199047
4721528727000, -0.6585127, -0.08002335, -0.7629707
4721533716000, -0.69058317, -0.10842858, -0.8042041
4721538705000, -0.73426, -0.12767084, -0.8539896
4721543759000, -0.7672467, -0.13530666, -0.89888823
4721548698000, -0.79779, -0.1441642, -0.9434814
4721558841000, -0.79076505, -0.1255328, -1.0345002
4721563901000, -0.7831292, -0.11301007, -1.0726794
4721568815000, -0.75777835, -0.112704635, -1.1172725
4721573755000, -0.7440339, -0.12461651, -1.1578951
4721578790000, -0.7263188, -0.16157386, -1.1985176
4721583763000, -0.7257079, -0.16218472, -1.2290609
4721588742000, -0.7165449, -0.20799962, -1.2513574
4721593736000, -0.7122689, -0.25381452, -1.2938126
4721598742000, -0.7162395, -0.29046643, -1.3371841
4721603644000, -0.713796, -0.312763, -1.3765849
4721608675000, -0.7180721, -0.32253686, -1.4049901
4721613659000, -0.732122, -0.33261612, -1.4517213
4721618682000, -0.75991637, -0.37720928, -1.4871514
4721623665000, -0.80970186, -0.45631635, -1.5155567
4721628714000, -0.84879726, -0.5317582, -1.5451837
4721633645000, -0.91782504, -0.61361414, -1.5855007
4721638672000, -1.0070114, -0.70829827, -1.627345
4721644399000, -1.103528, -0.7984009, -1.6542231
4721648680000, -1.1899655, -0.84299403, -1.6936239
4721654446000, -1.2675453, -0.8567385, -1.7272215
4721658684000, -1.3460416, -0.83077675, -1.7742581
4721663703000, -1.3869696, -0.7877107, -1.8356501
4721668707000, -1.4107933, -0.7357872, -1.8887954
4721673677000, -1.4196508, -0.6478226, -1.9321668
4721678734000, -1.4373659, -0.5900958, -1.9785925
4721683701000, -1.45783, -0.47983465, -2.0011945
4721688700000, -1.4666874, -0.33536503, -2.0189097
4721693692000, -1.4844025, -0.18967366, -2.0289888
4721698694000, -1.4883732, -0.05222898, -2.0137172
4721703750000, -1.4749341, 0.046120327, -1.9908098
4721708737000, -1.4654657, 0.15515977, -1.930945
4721714449000, -1.4437801, 0.23762658, -1.8438967
4721718757000, -1.4340062, 0.29718593, -1.7385225
4721723772000, -1.3955216, 0.2846632, -1.63437
4721728765000, -1.3133603, 0.1563815, -1.5393804
4721733761000, -1.2391402, -0.06841691, -1.4559973
4721738764000, -1.135904, -0.3680463, -1.3796391
4721743740000, -0.98624194, -0.6936375, -1.2965615
4721748753000, -0.80664754, -0.9627236, -1.2244794
4721753760000, -0.5867361, -1.1670581, -1.1520919
4721758731000, -0.3555236, -1.2366967, -1.0824533
4721763794000, -0.16126843, -1.1979067, -1.0155635
4721768795000, -0.007941248, -1.0662653, -0.9443977
4721773764000, 0.103847094, -0.91813046, -0.89552844
4721778864000, 0.15393804, -0.784351, -0.82772243
4721783782000, 0.19456059, -0.72295904, -0.78801614
4721788739000, 0.204029, -0.6273586, -0.70096785
4721793759000, 0.21838433, -0.5647449, -0.61727935
4721798711000, 0.21013765, -0.5403103, -0.5326745
4721803756000, 0.2312125, -0.5112942, -0.43951756
4721808791000, 0.25870144, -0.4978552, -0.36285394
4721813738000, 0.30879238, -0.4859433, -0.2837469
4721819078000, 0.3717115, -0.46944994, -0.20341812
4721823733000, 0.43096542, -0.46670106, -0.12950343
4721828817000, 0.49602258, -0.4550946, -0.048563786
4721833818000, 0.5665775, -0.4373795, 0.031154128
4721838753000, 0.6249151, -0.4025602, 0.09682214
4721843751000, 0.6795876, -0.37720928, 0.16126843
4721848768000, 0.7302894, -0.34972036, 0.22907446
4721853910000, 0.786489, -0.30695978, 0.2764165
4721858742000, 0.8405506, -0.267559, 0.33322698
4721863731000, 0.89888823, -0.24129178, 0.38148534
4721868752000, 0.95233893, -0.24831672, 0.42943826
4721873742000, 0.9935723, -0.24678956, 0.4886922
4721878764000, 1.0360274, -0.23762658, 0.539394
4721883754000, 1.0503827, -0.2883284, 0.56291234
4721888756000, 1.0613784, -0.32498032, 0.62796944
4721893735000, 1.07665, -0.33536503, 0.6814202
4721898766000, 1.0751228, -0.34025195, 0.76052725
4721903757000, 1.0934488, -0.3200934, 0.82527894
4721908737000, 1.0934488, -0.2968805, 0.9089675
4721913714000, 1.1120802, -0.26725355, 0.99173975
4721918758000, 1.1374311, -0.22418754, 1.0809261
4721923762000, 1.1670581, -0.1554652, 1.178359
4721928765000, 1.1908818, -0.08368854, 1.2956452
4721933686000, 1.2064588, -0.017104227, 1.4196508
4721938753000, 1.2278391, 0.077579886, 1.5561792
4721943704000, 1.2302825, 0.16340645, 1.6878207
4721948780000, 1.2257011, 0.27152961, 1.8154916
4721953689000, 1.1798862, 0.3680463, 1.9336939
4721958733000, 1.1175779, 0.41386122, 2.0137172
4721963750000, 1.040609, 0.4111123, 2.079996
4721969513000, 0.9245446, 0.3811799, 2.1294763
4721973794000, 0.78038037, 0.36468655, 2.130698
4721978813000, 0.6252206, 0.35796702, 2.1224513
4721983794000, 0.54336464, 0.41905355, 2.07572
4721988755000, 0.38912117, 0.5907067, 1.981036
4721993714000, 0.2959642, 0.9211848, 1.8579466
4721998761000, 0.26206118, 1.3701707, 1.7162259
4722003757000, 0.301462, 1.8823812, 1.5580118
4722008734000, 0.4034765, 2.3133466, 1.3903292
4722013794000, 0.5152648, 2.5912905, 1.235475
4722018758000, 0.6001751, 2.636189, 1.1184943
4722023778000, 0.63591075, 2.4663684, 1.0268645
4722028805000, 0.61544675, 2.143526, 0.95294976
4722033810000, 0.5164866, 1.7467692, 0.8720101
4722039498000, 0.39675698, 1.351234, 0.7690793
4722043760000, 0.26542094, 0.9477574, 0.6621779
4722048757000, 0.15271631, 0.5012149, 0.5476407
4722054756000, 0.08979719, 0.052839845, 0.45265114
4722058741000, 0.051618114, -0.364992, 0.3830125
4722063786000, 0.048563786, -0.6783658, 0.3726278
4722068723000, 0.06078109, -0.7761043, 0.39614612
4722073784000, 0.059864793, -0.86620694, 0.42332962
4722078818000, 0.05955936, -0.8414669, 0.43401974
4722083762000, 0.058948494, -0.76052725, 0.45265114
4722088692000, 0.05131268, -0.6719518, 0.44318274
4722093759000, 0.016798794, -0.573297, 0.39920044
4722098691000, -0.05100725, -0.5345071, 0.35216382
4722103757000, -0.16371189, -0.54061574, 0.301462
4722109353000, -0.28405234, -0.59559363, 0.2660318
4722113772000, -0.35185838, -0.5888741, 0.2452624
4722118741000, -0.3359759, -0.45845437, 0.24587326
4722123764000, -0.22388211, -0.258396, 0.23854288
4722128790000, -0.06169739, -0.03970624, 0.2602286
4722133767000, 0.13958271, 0.19364429, 0.29718593
4722138758000, 0.3118467, 0.40286562, 0.3378085
4722143734000, 0.4633413, 0.5549711, 0.38515055
4722148763000, 0.5308419, 0.677755, 0.43951756
4722153753000, 0.49480084, 0.75625116, 0.4972443
4722158740000, 0.3472769, 0.7877107, 0.5510005
4722163739000, 0.12064589, 0.74189585, 0.5861252
4722168759000, -0.13500121, 0.6933321, 0.61727935
4722173762000, -0.37384954, 0.5320636, 0.6261369
4722179160000, -0.4642576, 0.102319926, 0.6038403
4722183756000, -0.6612616, -0.07574729, 0.5870415
4722188756000, -0.6881397, -0.43279803, 0.5561928
4722193742000, -0.6740898, -0.784351, 0.5366451
4722198768000, -0.59773165, -1.0601566, 0.5329799
4722203743000, -0.4596761, -1.2012665, 0.5332854
4722208739000, -0.27855456, -1.3738359, 0.5140431
4722213724000, -0.065973446, -1.5262468, 0.51343226
4722218760000, 0.13591751, -1.6264287, 0.5183192
4722223766000, 0.31215215, -1.6380352, 0.5174029
4722228770000, 0.45234573, -1.5048665, 0.5207626
4722233761000, 0.5363397, -1.3093897, 0.5488624
4722238754000, 0.57940567, -1.1395692, 0.5882632
4722243759000, 0.57360244, -0.9966267, 0.5900958
4722248769000, 0.5335908, -0.83016586, 0.55955255
4722254748000, 0.50518554, -0.6618725, 0.552833
4722258716000, 0.47739118, -0.5204572, 0.5213735
4722263754000, 0.4260785, -0.4297437, 0.48563787
4722268687000, 0.37415496, -0.4129449, 0.47647488
4722273801000, 0.32986724, -0.43799037, 0.46944994
4722278754000, 0.23548855, -0.47647488, 0.4578435
4722283826000, 0.1469131, -0.47403142, 0.45662177
4722288687000, 0.0842994, -0.46822822, 0.4382958
4722294628000, 0.049785517, -0.462425, 0.4373795
4722298690000, 0.006414085, -0.4596761, 0.42485678
4722303758000, -0.04917465, -0.45540005, 0.4184427
4722308736000, -0.10567969, -0.45234573, 0.40194935
4722313729000, -0.15027285, -0.39920044, 0.36560285
4722319112000, -0.19242255, -0.2932153, 0.29657507
4722323780000, -0.2134974, -0.1441642, 0.20677789
4722328785000, -0.22479841, 0.007941248, 0.12217305
4722333801000, -0.24953845, 0.11911872, 0.028099801
4722338739000, -0.27275133, 0.16982053, -0.052534413
4722343734000, -0.31429017, 0.19333886, -0.12156218
4722348765000, -0.35735616, 0.21533, -0.18448131
4722353754000, -0.38789943, 0.22693644, -0.2434298
4722358736000, -0.42088616, 0.22785273, -0.28252518
4722364586000, -0.4605924, 0.26267207, -0.31612277
4722368758000, -0.4972443, 0.2706133, -0.32589662
4722373722000, -0.50640726, 0.3371976, -0.33567044
4722378815000, -0.5342017, 0.41691554, -0.3387248
4722383811000, -0.55924714, 0.47952923, -0.31703907
4722388761000, -0.58123827, 0.52106804, -0.29749137
4722393725000, -0.57910025, 0.59620446, -0.2611449
4722398766000, -0.5717699, 0.61178154, -0.22479841
4722403704000, -0.5571091, 0.5653558, -0.20066923
4722408735000, -0.55955255, 0.49541172, -0.19547687
4722413744000, -0.5308419, 0.4016439, -0.18417588
4722418757000, -0.505491, 0.34422258, -0.19211712
4722423751000, -0.4859433, 0.28130344, -0.21380283
4722428770000, -0.47525316, 0.23609942, -0.23793201
4722433911000, -0.4541783, 0.15699236, -0.28069258
4722438753000, -0.42638394, 0.062002823, -0.32834008
4722443711000, -0.39095375, -0.0018325958, -0.36163223
4722448772000, -0.3484986, -0.08460484, -0.38820487
4722454762000, -0.32406402, -0.14446963, -0.40683624
4722458734000, -0.31520647, -0.21166481, -0.4279111
4722463812000, -0.3173445, -0.25961772, -0.44532076
4722468756000, -0.33414328, -0.27000242, -0.45356745
4722473776000, -0.34880406, -0.29779682, -0.46181414
4722478758000, -0.39187005, -0.33628133, -0.46486846
4722483785000, -0.42760566, -0.35277468, -0.47403142
4722488737000, -0.45723262, -0.36865717, -0.4792238
4722493772000, -0.49571714, -0.37507126, -0.4972443
4722498726000, -0.52564955, -0.35277468, -0.5122105
4722503740000, -0.54733527, -0.31978795, -0.5207626
4722508726000, -0.57757306, -0.24740042, -0.54458636
4722513724000, -0.59223384, -0.15851954, -0.5699373
4722518711000, -0.6017023, -0.07360926, -0.59589905
4722523718000, -0.6105598, 0.034208454, -0.6209445
4722528739000, -0.6411031, 0.15241088, -0.6411031
4722533732000, -0.66675943, 0.30757064, -0.6612616
4722538728000, -0.7110472, 0.4810564, -0.66737026
4722543726000, -0.7883216, 0.66431594, -0.6814202
4722558665000, -1.1297953, 1.1142182, -0.73548174
4722563701000, -1.282817, 1.2641857, -0.7504479
4722568674000, -1.3561208, 1.4031575, -0.79443026
4722573673000, -1.5063937, 1.5601498, -0.84879726
4722578698000, -1.6325374, 1.7101172, -0.88025683
4722583674000, -1.74738, 1.781894, -0.872621
4722588674000, -1.779756, 1.7754798, -0.8078693
4722593680000, -1.7333301, 1.7046194, -0.7144069
4722598674000, -1.6081028, 1.5992452, -0.62980205
4722603724000, -1.4382823, 1.541213, -0.56413406
4722608689000, -1.2935071, 1.5445728, -0.5222898
4722613819000, -1.1887437, 1.6062702, -0.47586402
4722618701000, -1.1410962, 1.6905695, -0.41599923
4722623725000, -1.1166617, 1.7510452, -0.36071593
4722628752000, -1.0968086, 1.7901406, -0.30634892
4722633733000, -1.063211, 1.813659, -0.24465153
4722638738000, -1.0231993, 1.7843374, -0.18967366
4722643715000, -0.9923506, 1.7040086, -0.16554448
4722648744000, -0.99021256, 1.5827519, -0.16340645
4722655452000, -1.0146471, 1.412015, -0.17959438
4722658732000, -1.0555751, 1.3115277, -0.23151793
4722663810000, -1.0769554, 1.1713341, -0.26267207
4722668693000, -1.0906999, 1.0668762, -0.32986724
4722673761000, -1.0995574, 1.0021244, -0.40042216
4722678772000, -1.1047498, 0.9642508, -0.464563
4722683832000, -1.106277, 0.9221011, -0.5021312
4722688748000, -1.1252137, 0.9092729, -0.52687126
4722693744000, -1.1841623, 0.9477574, -0.5311473
4722698766000, -1.2357804, 1.039998, -0.52290064
4722703757000, -1.3197744, 1.1704178, -0.5036584
4722708734000, -1.4043792, 1.31672, -0.47891834
4722713819000, -1.4563028, 1.4697418, -0.43463063
4722718759000, -1.462106, 1.6362026, -0.40530908
4722724438000, -1.4321736, 1.7537941, -0.37598756
4722728788000, -1.385137, 1.8231273, -0.3652974
4722733792000, -1.321607, 1.8527542, -0.3659083
4722738756000, -1.2406673, 1.8445076, -0.36468655
4722743729000, -1.1328496, 1.7901406, -0.38973203
4722748771000, -1.035722, 1.6847663, -0.41599923
4722753738000, -0.9691377, 1.5473217, -0.46944994
4722758781000, -0.945314, 1.491733, -0.5149594
4722763737000, -0.93187493, 1.4245378, -0.5439755
4722768759000, -0.93676186, 1.4450017, -0.6010914
4722773742000, -0.90102625, 1.402852, -0.6704246
4722778821000, -0.8454375, 1.2739595, -0.7519751
4722783687000, -0.8213083, 1.1294898, -0.82863873
4722788757000, -0.81031275, 1.0173961, -0.8854492
4722794262000, -0.8002335, 0.9627236, -0.9111055
4722798765000, -0.8454375, 0.9370673, -0.91782504
4722803727000, -0.9126327, 0.95264435, -0.9263771
4722808735000, -0.977079, 0.77579886, -0.9627236
4722813718000, -1.0500773, 0.60231316, -0.77121735
4722818757000, -0.9950995, 0.59681535, -0.59773165
4722823749000, -0.9025534, 0.59895337, -0.4718934
4722828747000, -0.8038987, 0.61727935, -0.3717115
4722833758000, -0.7174612, 0.6249151, -0.29840767
4722838754000, -0.6533204, 0.55741453, -0.25809056
4722843749000, -0.6395759, 0.41263947, -0.25167647
4722848765000, -0.6783658, 0.27458394, -0.29016098
4722854786000, -0.73884153, 0.22357668, -0.33322698
4722858718000, -0.78954333, 0.23823744, -0.3481932
4722864085000, -0.8042041, 0.35796702, -0.39492437
4722868684000, -0.7984009, 0.40286562, -0.40011674
4722873762000, -0.7852673, 0.49480084, -0.41722095
4722878826000, -0.7877107, 0.56199604, -0.41172317
4722883839000, -0.81489426, 0.5357288, -0.410196
4722888765000, -0.8533788, 0.52473325, -0.39003745
4722893739000, -0.906524, 0.63407815, -0.3408628
4722898843000, -0.97585726, 0.74036866, -0.3115413
4722903755000, -1.0189233, 0.72295904, -0.31581733
4722908722000, -1.0519099, 0.6765333, -0.30665436
4722913765000, -1.074512, 0.6230826, -0.2648101
4722918783000, -1.0885619, 0.58368176, -0.19272798
4722923769000, -1.0937542, 0.58062744, -0.12095132
4722928802000, -1.0873401, 0.57451874, -0.069027774
4722933840000, -1.0506883, 0.59986967, -0.04734206
4722938755000, -1.0054842, 0.6151413, -0.049785517
4722943739000, -0.93401295, 0.5873469, -0.06352998
4722948772000, -0.840856, 0.571159, -0.09987647
4722953756000, -0.743423, 0.5558874, -0.14172074
4722958731000, -0.70188415, 0.51251596, -0.16493362
4722963799000, -0.5946773, 0.47158796, -0.20525073
4722968758000, -0.54305923, 0.3915646, -0.24770586
4722973769000, -0.50762904, 0.31123585, -0.30573806
4722978806000, -0.46944994, 0.24037547, -0.35979962
4722983757000, -0.43035457, 0.18570304, -0.42577308
4722988748000, -0.37690386, 0.1469131, -0.4972443
4722993734000, -0.35369098, 0.10170906, -0.5510005
4722998765000, -0.3371976, 0.033292156, -0.5821546
4723003723000, -0.36163223, 0.02687807, -0.6084218
4723008736000, -0.41325033, 0.043066, -0.600786
4723013780000, -0.453262, 0.058337633, -0.59650993
4723018759000, -0.48624873, 0.040011674, -0.5757405
4723023756000, -0.49663344, 0.018020526, -0.5497787
4723028800000, -0.5216789, 0.004886922, -0.5180137
4723034273000, -0.55955255, -0.016493361, -0.4868596
4723038759000, -0.6178902, -0.058337633, -0.46578476
4723043712000, -0.6762278, -0.064751714, -0.43066
4723049460000, -0.7675522, -0.10934488, -0.40775254
4723053857000, -0.8912524, -0.15363261, -0.38606682
4723058738000, -1.031446, -0.28863382, -0.3707952
4723063809000, -1.1102476, -0.46914452, -0.3753767
4723068756000, -1.244027, -0.6053675, -0.39492437
4723073807000, -1.3750577, -0.691194, -0.44501534
4723078792000, -1.4932601, -0.7156286, -0.5018258
4723083905000, -1.5738943, -0.6808093, -0.5589417
4723088756000, -1.6126842, -0.6044512, -0.5839872
4723093751000, -1.6358972, -0.47342056, -0.58368176
4723098759000, -1.647809, -0.3286455, -0.5739079
4723103757000, -1.647809, -0.2125811, -0.57451874
4723108733000, -1.6282613, -0.111177474, -0.5864306
4723113813000, -1.6190983, -0.031154128, -0.62858033
4723119280000, -1.6441438, 0.04520403, -0.6658431
4723123792000, -1.666135, 0.12339478, -0.7119634
4723128748000, -1.7076738, 0.15607607, -0.7623598
4723133767000, -1.7321084, 0.12095132, -0.79443026
4723138685000, -1.7125608, 0.016187929, -0.8344419
4723143747000, -1.6597209, -0.038179077, -0.86254174
4723148689000, -1.5870279, -0.043066, -0.87689704
4723153762000, -1.5598444, -0.052534413, -0.8765916
4723158700000, -1.5213599, -0.09468412, -0.874759
4723163799000, -1.509448, -0.18295415, -0.86132
4723168709000, -1.5042557, -0.301462, -0.829555
4723173764000, -1.5033394, -0.4184427, -0.77946407
4723178779000, -1.473407, -0.5357288, -0.73639804
4723183837000, -1.4581354, -0.70432764, -0.6731735
4723188972000, -1.4428637, -0.7357872, -0.63194007
4723193747000, -1.4501941, -0.73914695, -0.60994893
4723198762000, -1.4700472, -0.7535023, -0.6075055
4723203754000, -1.5070046, -0.7415904, -0.6047566
4723208730000, -1.565953, -0.6808093, -0.6356053
4723213768000, -1.6187929, -0.5723807, -0.68325275
4723218761000, -1.6560557, -0.49449542, -0.7370089
4723223767000, -1.6954565, -0.44684792, -0.7968737
4723228795000, -1.7229455, -0.4098906, -0.8491027
4723233847000, -1.7547104, -0.37873647, -0.8921687
4723238759000, -1.7589865, -0.3631594, -0.93218035
4723243728000, -1.7479908, -0.36468655, -0.96791595
4723248767000, -1.7421877, -0.37812558, -0.9984592
4723254760000, -1.736079, -0.41172317, -1.0140363
4723258745000, -1.674687, -0.40439278, -1.0216721
4723263735000, -1.6423112, -0.36713, -1.026559
4723268753000, -1.606881, -0.32162055, -1.0256428
4723273765000, -1.5870279, -0.28221974, -0.9978484
4723278770000, -1.5748106, -0.1872302, -1.001819
4723283857000, -1.5546521, -0.08093964, -1.0250319
4723288755000, -1.5546521, -0.039095376, -1.0571023
4723293739000, -1.5534303, 0.030543262, -1.110553
4723298763000, -1.5509869, 0.110872045, -1.1591167
4723303756000, -1.541213, 0.17012598, -1.2156218
4723308755000, -1.5244142, 0.19730948, -1.2550226
4723313813000, -1.5164729, 0.22296582, -1.2776246
4723318759000, -1.4929546, 0.23090707, -1.2922854
4723323743000, -1.4709635, 0.22449298, -1.3011429
4723328748000, -1.4385877, 0.22357668, -1.2864822
4723333763000, -1.3897184, 0.20799962, -1.2776246
4723338788000, -1.3503176, 0.17745635, -1.2596041
4723343748000, -1.3054191, 0.15577064, -1.2492194
4723348718000, -1.2519683, 0.15210545, -1.2363913
4723353760000, -1.2134838, 0.15577064, -1.2205088
4723359054000, -1.171945, 0.17195857, -1.2073752
4723363769000, -1.1340714, 0.16187929, -1.1866057
4723368710000, -1.0873401, 0.15454891, -1.1707232
4723374332000, -1.0598512, 0.16218472, -1.1456778
4723378790000, -1.0372492, 0.17440203, -1.1148291
4723383805000, -1.0103711, 0.18112154, -1.071763
4723388762000, -0.98349303, 0.18081611, -1.0369438
4723393729000, -0.93828905, 0.19242255, -0.9795224
4723398767000, -0.9059132, 0.2012801, -0.9260717
4723403754000, -0.86345804, 0.23915374, -0.8585711
4723408823000, -0.8393288, 0.28802297, -0.8038987
4723413814000, -0.81122905, 0.34697145, -0.7330383
4723418757000, -0.7654142, 0.41599923, -0.6579019
4723423768000, -0.7370089, 0.49510628, -0.59437186
4723428782000, -0.68752885, 0.5876524, -0.5366451
4723433757000, -0.6252206, 0.68783426, -0.48563787
4723438756000, -0.5681047, 0.7449502, -0.4382958
4723444439000, -0.5009095, 0.754724, -0.39920044
4723448768000, -0.4428773, 0.7449502, -0.38453966
4723454876000, -0.4266894, 0.7150178, -0.3222314
4723458729000, -0.41905355, 0.7119634, -0.30482176
4723463767000, -0.42363504, 0.752586, -0.26145032
4723468756000, -0.40469822, 0.8081747, -0.22235495
4723473742000, -0.3903429, 0.8888089, -0.18478674
4723478770000, -0.34147367, 0.979217, -0.16249016
4723483738000, -0.28588495, 1.1026118, -0.15210545
4723488770000, -0.22968534, 1.146594, -0.16554448
4723493703000, -0.1740966, 1.196685, -0.18936823
4723498728000, -0.108123146, 1.255328, -0.23060162
4723503694000, -0.02107485, 1.2614367, -0.28496864
4723508724000, 0.03481932, 1.2021828, -0.36743546
4723514060000, 0.06414085, 1.0793989, -0.4361578
4723518730000, 0.03359759, 0.92179567, -0.50701815
4723523752000, -0.03268129, 0.81092364, -0.54153204
4723528754000, -0.058643065, 0.7519751, -0.55955255
4723533800000, -0.056199603, 0.6942484, -0.5491679
4723538769000, -0.084910266, 0.66645396, -0.5479461
4723543775000, -0.13194689, 0.6035349, -0.54550266
4723563690000, -0.40591997, 0.44226643, -0.559858
4723568680000, -0.45478916, 0.44135013, -0.5729916
4723573667000, -0.5155703, 0.42424592, -0.5983425
4723578697000, -0.5494733, 0.3979787, -0.6258314
4723583678000, -0.58368176, 0.36010507, -0.6637051
4723588673000, -0.59895337, 0.32895094, -0.7067711
4723593684000, -0.600786, 0.3036, -0.75441855
4723598674000, -0.591623, 0.2843578, -0.7996226
4723603697000, -0.58093286, 0.27397305, -0.8390234
4723608682000, -0.5705481, 0.28099802, -0.89980453
4723613708000, -0.5702427, 0.28221974, -0.95081174
4723618699000, -0.5821546, 0.20433442, -1.006095
4723623704000, -0.6044512, 0.14110987, -1.069625
4723628721000, -0.6398814, 0.11636983, -1.1456778
4723633703000, -0.6728681, 0.10598512, -1.2391402
4723638687000, -0.689056, 0.09437868, -1.2880094
4723643703000, -0.691194, 0.099571034, -1.4046847
4723648719000, -0.70646566, 0.1151481, -1.5210545
4723655063000, -0.6948592, 0.21533, -1.6789632
4723658746000, -0.6719518, 0.25289822, -1.7269161
4723663895000, -0.6722572, 0.33353242, -1.81091
4723668788000, -0.6728681, 0.41813725, -1.8805487
4723673768000, -0.677755, 0.4550946, -1.9248364
4723678710000, -0.6844745, 0.46273044, -1.9672915
4723683748000, -0.72265357, 0.46211955, -2.006387
4723688725000, -0.7733554, 0.44257188, -2.0460932
4723693750000, -0.81061816, 0.42485678, -2.0824397
4723699339000, -0.8384125, 0.4166101, -2.1401663
4723703753000, -0.86529064, 0.42821655, -2.204002
4723709015000, -0.88208944, 0.4373795, -2.2580633
4723713854000, -0.90469146, 0.45173484, -2.3011293
4723719037000, -0.9166033, 0.47219884, -2.3335052
4723723772000, -0.93554014, 0.47586402, -2.3554964
4723728775000, -0.97219205, 0.44929138, -2.377793
4723733864000, -1.0088439, 0.3998113, -2.3915374
4723738758000, -1.0464121, 0.37232238, -2.400395
4723743738000, -1.0598512, 0.34300083, -2.4233024
4723748773000, -1.0882565, 0.3484986, -2.4623978
4723753754000, -1.0922271, 0.3454443, -2.4956899
4723758763000, -1.074512, 0.3371976, -2.5357015
4723763760000, -1.0503827, 0.2874121, -2.5995371
4723769316000, -1.0528263, 0.18020524, -2.6236663
4723773780000, -1.0497719, 0.19547687, -2.6203065
4723778771000, -1.0360274, 0.1554652, -2.6300802
4723783819000, -1.0210613, 0.059253927, -2.6251934
4723788797000, -1.0115929, -0.008246681, -2.6322184
4723793774000, -1.0002918, -0.053450707, -2.637716
4723798735000, -0.96486163, -0.16493362, -2.6285532
4723803758000, -0.91813046, -0.21471913, -2.6187794
4723808779000, -0.86926126, -0.21319197, -2.6218336
4723813795000, -0.81000733, -0.2012801, -2.6025913
4723818842000, -0.7583892, -0.19517145, -2.591596
4723823784000, -0.7287622, -0.18478674, -2.5653286
4723828776000, -0.7021896, -0.20189096, -2.5256224
4723833715000, -0.6814202, -0.19761491, -2.4663684
4723839134000, -0.675617, -0.21013765, -2.4193318
4723843719000, -0.6612616, -0.22571471, -2.3887885
4723848763000, -0.6658431, -0.2284636, -2.3252585
4723854787000, -0.65148777, -0.16646078, -2.2553146
4723858775000, -0.59406644, -0.13255776, -2.2342396
4723863738000, -0.5644395, -0.07880162, -2.1844542
4723868823000, -0.5225952, -0.00580322, -2.1398609
4723873734000, -0.4981606, 0.025045475, -2.1142046
4723878765000, -0.4615087, 0.034513887, -2.0717494
4723883771000, -0.47219884, 0.014049901, -2.039679
4723888751000, -0.4615087, -0.015271631, -2.0134118
4723893741000, -0.46731192, -0.06627888, -1.964848
4723898732000, -0.4813618, -0.12736541, -1.9098701
4723903758000, -0.4908302, -0.19547687, -1.853976
4723908849000, -0.49357912, -0.25503623, -1.7876972
4723913793000, -0.46792278, -0.2779437, -1.7168368
4723918857000, -0.43982297, -0.27030787, -1.647809
4723923778000, -0.3930918, -0.27672195, -1.5619824
4723928766000, -0.32253686, -0.2519819, -1.4672983
4723933771000, -0.26053402, -0.23457226, -1.3665055
4723938754000, -0.23945917, -0.18448131, -1.3151928
4723943744000, -0.21838433, -0.14019357, -1.2159272
4723948761000, -0.20586158, -0.10903945, -1.104139
4723953760000, -0.19486602, -0.07880162, -0.990518
4723958714000, -0.18936823, -0.051618114, -0.8720101
4723963793000, -0.18417588, -0.020158553, -0.75136423
4723968757000, -0.16676621, 0.040011674, -0.65209866
4723973778000, -0.13530666, 0.1160644, -0.55863625
4723978775000, -0.1001819, 0.18875736, -0.46700647
4723983769000, -0.044593163, 0.25411993, -0.38331795
4723988722000, 0.013133603, 0.3100141, -0.27672195
4723993733000, 0.06505715, 0.35063666, -0.17104226
4723998786000, 0.12980886, 0.36468655, -0.061391957
4724003757000, 0.17867808, 0.3735441, 0.03940081
4724008745000, 0.23335053, 0.39522982, 0.11789699
4724013782000, 0.3036, 0.40744713, 0.16646078
4724018718000, 0.36193767, 0.41263947, 0.21533
4724024408000, 0.41905355, 0.40775254, 0.2742785
4724028781000, 0.47128254, 0.4184427, 0.32803464
4724033759000, 0.535118, 0.45051312, 0.3463606
4724038757000, 0.5723807, 0.48166725, 0.3866777
4724043738000, 0.6560693, 0.5537493, 0.43035457
4724048768000, 0.73548174, 0.6203337, 0.45875978
4724054756000, 0.8213083, 0.68416905, 0.49846604
4724058922000, 0.96791595, 0.7153232, 0.5039638
4724063822000, 1.0201449, 0.72082096, 0.51923543
4724068796000, 1.1184943, 0.7855727, 0.5290093
4724073762000, 1.2220359, 0.8765916, 0.49938235
4724078771000, 1.3271047, 0.93462384, 0.4569272
4724083761000, 1.4214834, 0.9615019, 0.4260785
4724088748000, 1.5033394, 0.95417154, 0.398895
4724094389000, 1.5861117, 0.93584555, 0.36682457
4724098739000, 1.6911805, 0.9505063, 0.32895094
4724103756000, 1.7763962, 0.99112886, 0.30665436
4724108733000, 1.8512272, 0.97127575, 0.29260445
4724113818000, 1.8973475, 0.8897252, 0.26358834
4724118771000, 1.9401081, 0.7791586, 0.22968534
4724123758000, 1.9666806, 0.68752885, 0.19639318
4724128809000, 1.9883664, 0.65118235, 0.16035213
4724133735000, 2.0448713, 0.600786, 0.14049901
4724138756000, 2.065641, 0.5510005, 0.1001819
4724143712000, 2.1065688, 0.5027421, 0.062002823
4724148735000, 2.1365013, 0.45662177, 0.03604105
4724153689000, 2.1679606, 0.3744604, 0.01985312
4724158750000, 2.1820107, 0.34697145, 0.0030543262
4724164381000, 2.1960607, 0.36713, -0.0061086523
4724168755000, 2.1826215, 0.30604348, -0.006414085
4724173797000, 2.16399, 0.2519819, -0.016798794
4724178794000, 2.1612413, 0.17928895, -0.030848695
4724183698000, 2.1768184, 0.0021380284, -0.029932396
4724188757000, 2.1523838, -0.13805555, -0.015271631
4724193750000, 2.111761, -0.21930063, 0.0036651916
4724198768000, 2.0567832, -0.27000242, 0.032986723
4724203685000, 2.0097466, -0.31948254, 0.07391469
4724208744000, 1.9669861, -0.33078352, 0.12217305
4724213810000, 1.9172006, -0.31429017, 0.14996742
4724218762000, 1.8637499, -0.28680122, 0.19517145
4724223738000, 1.8185458, -0.2779437, 0.23793201
4724228742000, 1.788308, -0.24220806, 0.25778514
4724233876000, 1.7455474, -0.19822577, 0.2751948
4724238756000, 1.713477, -0.18173242, 0.3042109
4724243745000, 1.6801848, -0.18387043, 0.3378085
4724248733000, 1.6453656, -0.19425514, 0.37568212
4724254753000, 1.5925257, -0.2180789, 0.45631635
4724258768000, 1.4926492, -0.22357668, 0.48197266
4724263789000, 1.4538593, -0.23671028, 0.5296202
4724268763000, 1.3573426, -0.267559, 0.57787853
4724273780000, 1.2675453, -0.2846632, 0.6197228
4724278752000, 1.1710287, -0.267559, 0.66156703
4724283747000, 1.0778717, -0.25411993, 0.7107417
4724288755000, 1.0024298, -0.23915374, 0.7620544
4724293748000, 0.93034774, -0.26419923, 0.77763146
4724298751000, 0.86315256, -0.27916542, 0.7849618
4724303756000, 0.8142834, -0.21777347, 0.81092364
4724308743000, 0.74036866, -0.12583824, 0.87781334
4724313792000, 0.6478226, -0.021991149, 0.96486163
4724318775000, 0.5516113, 0.05131268, 1.0137309
4724323777000, 0.42821655, 0.076358154, 1.0073168
4724328742000, 0.27885997, 0.13041973, 0.9975429
4724333768000, 0.20097467, 0.21319197, 0.981355
4724338755000, 0.03390302, 0.28985557, 0.95905846
4724343739000, -0.12339478, 0.31398472, 0.8866709
4724348722000, -0.23793201, 0.32436943, 0.78893244
4724353758000, -0.28955013, 0.31795537, 0.64599
4724358749000, -0.31520647, 0.31520647, 0.50335294
4724363773000, -0.3567453, 0.33292156, 0.37110063
4724368746000, -0.42302418, 0.3417791, 0.22266038
4724373775000, -0.49357912, 0.31978795, 0.055283304
4724378773000, -0.5516113, 0.33414328, -0.108123146
4724383762000, -0.5873469, 0.41599923, -0.20891592
4724388753000, -0.59956425, 0.5494733, -0.24373524
4724393747000, -0.57635134, 0.6731735, -0.22052236
4724398707000, -0.5103779, 0.7870999, -0.14110987
4724403756000, -0.41538838, 0.8518516, -0.058643065
4724408701000, -0.3277292, 0.874759, 0.014966198
4724413777000, -0.23487769, 0.8536842, 0.062308256
4724418698000, -0.16401732, 0.8390234, 0.08277224
4724423787000, -0.11759156, 0.77366084, 0.09132435
4724428752000, -0.092240654, 0.6969972, 0.1142318
4724433775000, -0.053450707, 0.61758476, 0.13927728
4724438740000, -0.04062254, 0.5500842, 0.16707164
4724443743000, -0.015271631, 0.5036584, 0.204029
4724448719000, -0.015271631, 0.43554693, 0.23579398
4724453704000, 0.007941248, 0.34147367, 0.25473082
4724458741000, 0.010079277, 0.25259277, 0.2855795
4724463788000, 0.004886922, 0.16737708, 0.31123585
4724468804000, 0.010079277, 0.102319926, 0.32803464
4724473798000, -0.009468411, 0.06688975, 0.3371976
4724478739000, -0.040011674, 0.03848451, 0.34513888
4724483719000, -0.07696902, 0.03176499, 0.3381139
4724488695000, -0.119729586, 0.030848695, 0.3231477
4724493724000, -0.15821409, 0.032986723, 0.30451632
4724498801000, -0.2171626, 0.036957346, 0.27672195
4724503725000, -0.2706133, 0.042760566, 0.25809056
4724509091000, -0.3109304, 0.04642576, 0.24037547
4724513771000, -0.34300083, 0.042455133, 0.21868975
4724518716000, -0.3643811, 0.028405234, 0.18997909
4724523736000, -0.3717115, 0.017104227, 0.17928895
4724528703000, -0.36651915, 0.02565634, 0.16065755
4724533727000, -0.344528, 0.03970624, 0.14263703
4724538694000, -0.31764993, 0.06627888, 0.14966199
4724543716000, -0.29535335, 0.087659165, 0.14202617
4724558647000, -0.18020524, 0.13164146, 0.13469578
4724563658000, -0.1301143, 0.12064589, 0.13347405
4724568625000, -0.105068825, 0.061086524, 0.13500121
4724573692000, -0.076052725, 0.007330383, 0.12675454
4724578655000, -0.036651913, -0.048258353, 0.1301143
4724583677000, -0.009773844, -0.10170906, 0.1255328
4724588620000, 0.0015271631, -0.16371189, 0.12522738
4724593677000, 0.004581489, -0.22999077, 0.12308934
4724598630000, -0.009162978, -0.26236662, 0.11178834
4724603696000, -0.00580322, -0.27855456, 0.113926366
4724608689000, -0.01282817, -0.26847526, 0.0983493
4724613706000, -0.020463986, -0.26267207, 0.08857546
4724618683000, -0.033292156, -0.23640485, 0.08155051
4724623776000, -0.023823744, -0.19456059, 0.06963864
4724628725000, -0.04062254, -0.15851954, 0.059864793
4724633701000, -0.050701816, -0.124005646, 0.053145275
4724638689000, -0.05222898, -0.08399397, 0.03970624
4724643687000, -0.042760566, -0.037873644, 0.03573562
4724648706000, -0.047647487, -0.008246681, 0.022602014
4724653690000, -0.0421497, 0.031154128, 0.027794369
4724658767000, -0.04642576, 0.06872234, 0.03573562
4724663774000, -0.029932396, 0.100792766, 0.03970624
4724668861000, -0.01740966, 0.13775012, 0.04886922
4724673815000, -0.014660766, 0.16432275, 0.05222898
4724678764000, -0.014966198, 0.18295415, 0.067500606
4724683758000, -0.024129177, 0.18753563, 0.074830994
4724688752000, -0.030848695, 0.19639318, 0.089491755
4724693746000, -0.032070424, 0.18051068, 0.09896017
4724698774000, -0.034513887, 0.15577064, 0.11026118
4724703751000, -0.048563786, 0.12522738, 0.124311075
4724708796000, -0.06505715, 0.0870483, 0.13255776
4724713805000, -0.0852157, 0.07574729, 0.13897185
4724718841000, -0.09437868, 0.040011674, 0.13988814
4724723827000, -0.102319926, 0.008857546, 0.13164146
4724728761000, -0.1151481, -0.0061086523, 0.12797627
4724733757000, -0.11881329, -0.015882496, 0.12064589
4724738756000, -0.13194689, -0.01282817, 0.12095132
4724744292000, -0.12644911, -0.0030543262, 0.10048734
4724748786000, -0.14446963, 0.0036651916, 0.090713486
4724753789000, -0.13683382, 0.028710667, 0.07422013
4724758799000, -0.14202617, 0.04550946, 0.0720821
4724763807000, -0.12003502, 0.07360926, 0.056199603
4724768897000, -0.118507855, 0.10140363, 0.05009095
4724773746000, -0.10781772, 0.12644911, 0.04520403
4724778927000, -0.09285152, 0.15424347, 0.042760566
4724783710000, -0.08582657, 0.17715092, 0.03481932
4724788760000, -0.07819075, 0.18478674, 0.034208454
4724793693000, -0.05589417, 0.19120082, 0.032986723
4724798808000, -0.059253927, 0.1863139, 0.023823744
4724803789000, -0.050396383, 0.16829337, 0.031154128
4724808737000, -0.045814894, 0.15790866, 0.034208454
4724814494000, -0.042760566, 0.13652839, 0.036651913
4724818761000, -0.04550946, 0.11636983, 0.043982297
4724823687000, -0.051923547, 0.087659165, 0.053145275
4724828757000, -0.06047566, 0.05131268, 0.070249505
4724833749000, -0.061391957, 0.028099801, 0.07941248
4724838757000, -0.09101892, 0.0036651916, 0.082161374
4724843744000, -0.09682214, -0.01985312, 0.08674286
4724848773000, -0.112704635, -0.027488936, 0.09437868
4724854887000, -0.13255776, -0.032986723, 0.0729984
4724858735000, -0.14446963, -0.050396383, 0.06719518
4724863824000, -0.15332718, -0.06780604, 0.061391957
4724868816000, -0.15363261, -0.0888809, 0.055283304
4724873816000, -0.14202617, -0.090713486, 0.039095376
4724878751000, -0.121256754, -0.10476339, 0.03023783
4724884028000, -0.12339478, -0.10873401, 0.025045475
4724888736000, -0.112704635, -0.12186762, 0.016187929
4724893742000, -0.08460484, -0.11881329, 0.008552114
4724898726000, -0.06963864, -0.12308934, -0.0027488936
4724903757000, -0.061391957, -0.10598512, -0.017715093
4724908708000, -0.040927973, -0.10445796, -0.03176499
4724913801000, -0.035430185, -0.10476339, -0.041233405
4724918765000, -0.016798794, -0.11178834, -0.04642576
4724923846000, -0.01038471, -0.10995574, -0.050701816
4724928785000, -0.0012217305, -0.10323623, -0.056505036
4724933770000, 0.015271631, -0.09040806, -0.058337633
4724938689000, 0.01985312, -0.0852157, -0.06261369
4724943746000, 0.024129177, -0.07574729, -0.07666359
4724948751000, 0.017104227, -0.06047566, -0.07544186
4724953759000, 0.013133603, -0.052839845, -0.07574729
4724958762000, 0.017104227, -0.03940081, -0.07941248
4724963748000, 0.012217305, -0.035124753, -0.071776666
4724968724000, -0.007330383, -0.039095376, -0.07360926
4724973780000, -0.005192355, -0.04062254, -0.07147124
4724978796000, -0.013133603, -0.04917465, -0.05681047
4724983775000, -0.021380283, -0.05467244, -0.047647487
4724988773000, -0.019547688, -0.06536258, -0.047036625
4724993726000, -0.022907447, -0.06261369, -0.03390302
4724998775000, -0.034208454, -0.065973446, -0.026572637
4725003756000, -0.042760566, -0.064751714, -0.022602014
4725008731000, -0.06047566, -0.06383542, -0.021380283
4725013767000, -0.06169739, -0.07086037, -0.028099801
4725018764000, -0.073303826, -0.06780604, -0.028710667
4725023793000, -0.074830994, -0.06505715, -0.026572637
4725028754000, -0.07696902, -0.062002823, -0.03390302
4725033748000, -0.08002335, -0.05009095, -0.03756821
4725038758000, -0.09285152, -0.04428773, -0.040927973
4725043748000, -0.094989546, -0.03756821, -0.03848451
4725048761000, -0.10140363, -0.027794369, -0.04153884
4725054872000, -0.099265605, -0.014660766, -0.04062254
4725058737000, -0.101098195, -0.008857546, -0.0421497
4725063808000, -0.09621128, -3.0543262E-4, -0.029932396
4725069339000, -0.11148291, 0.008857546, -0.03145956
4725073709000, -0.106595986, 0.0067195175, -0.03023783
4725078754000, -0.09896017, 0.0067195175, -0.013133603
4725083742000, -0.09773844, 0.021380283, -0.0061086523
4725088755000, -0.10445796, 0.02565634, -0.0061086523
4725093766000, -0.116675265, 0.03573562, 0.0033597588
4725098771000, -0.09437868, 0.04550946, 0.010995574
4725103898000, -0.10567969, 0.053450707, 0.014660766
4725108796000, -0.10415252, 0.048563786, 0.008246681
4725113824000, -0.106901415, 0.058337633, 0.011911872
4725118763000, -0.08674286, 0.06780604, 0.017715093
4725123756000, -0.09101892, 0.050701816, 0.012217305
4725128749000, -0.084910266, 0.04520403, 0.01282817
4725133769000, -0.07727446, 0.03634648, 0.009468411
4725139317000, -0.07391469, 0.018020526, 0.010995574
4725143745000, -0.06566802, 0.014049901, 0.007941248
4725148773000, -0.063224554, 0.007941248, 0.008552114
4725153851000, -0.055283304, -0.0030543262, 0.0067195175
4725158740000, -0.050701816, -0.01282817, 0.0070249503
4725163793000, -0.042455133, -0.016798794, -0.0027488936
4725168762000, -0.038179077, -0.008552114, -6.1086525E-4
4725173757000, -0.022602014, -0.006414085, -0.007330383
4725178760000, -0.02687807, -0.010995574, -0.014049901
4725183742000, -0.013744468, -0.011301007, -0.020463986
4725188711000, -0.002443461, -0.0067195175, -0.008857546
4725193743000, -0.0033597588, -0.01038471, -0.012217305
4725198689000, -0.003970624, -0.0070249503, -0.018020526
4725203762000, -0.0018325958, -0.012217305, -0.021380283
4725209140000, -0.007941248, -0.012217305, -0.011911872
4725213782000, -0.016187929, -0.003970624, -0.0125227375
4725218762000, -0.014049901, -0.0076358155, -0.013744468
4725223754000, -0.006414085, -0.01863139, -0.011301007
4725228763000, -0.013744468, -0.017104227, -0.0030543262
4725233720000, -0.017104227, -0.018936822, -0.006414085
4725238736000, -0.024740042, -0.018325957, -0.008246681
4725243738000, -0.019242255, -0.024129177, -0.008552114
4725248777000, -0.021685716, -0.03145956, -0.0076358155
4725255449000, -0.029321533, -0.034208454, -0.0061086523
4725259568000, -0.040317107, -0.040317107, -0.006414085
4725263787000, -0.035430185, -0.035430185, -0.0036651916
4725268749000, -0.035430185, -0.0421497, -0.002443461
4725273753000, -0.042760566, -0.035430185, 0.004276057
4725278793000, -0.04184427, -0.03390302, 0.0067195175
4725283761000, -0.051618114, -0.029626964, 0.0033597588
4725288933000, -0.06078109, -0.029321533, 0.0061086523
4725293743000, -0.06383542, -0.01160644, 0.011911872
4725299070000, -0.061086524, -0.004581489, 0.008246681
4725303762000, -0.059253927, 0.0061086523, 0.008857546
4725308740000, -0.069027774, 0.004276057, 0.009773844
4725313762000, -0.070249505, 9.162979E-4, 0.002443461
4725318791000, -0.06688975, 0.0021380284, 0.011301007
4725323756000, -0.06627888, 0.0076358155, 0.015882496
4725328802000, -0.07574729, 0.005192355, 0.009773844
4725333769000, -0.06291912, 0.021685716, 0.021991149
4725338754000, -0.07452556, 0.015577064, 0.021685716
4725343738000, -0.076358154, 0.028710667, 0.027183503
4725348758000, -0.06872234, 0.04734206, 0.025045475
4725353755000, -0.07574729, 0.03940081, 0.023518313
4725358904000, -0.0729984, 0.042455133, 0.028710667
4725363774000, -0.07086037, 0.04734206, 0.029321533
4725368758000, -0.07788532, 0.053450707, 0.041233405
4725373758000, -0.07666359, 0.046120327, 0.04550946
4725378833000, -0.06780604, 0.04550946, 0.032986723
4725383820000, -0.07727446, 0.033292156, 0.0421497
4725388800000, -0.065973446, 0.034513887, 0.037873644
4725394426000, -0.06841691, 0.0290161, 0.043982297
4725398760000, -0.06536258, 0.026267206, 0.044898596
4725403773000, -0.061086524, 0.03268129, 0.044898596
4725408756000, -0.06291912, 0.03940081, 0.038179077
4725413790000, -0.062002823, 0.032375857, 0.03756821
4725418738000, -0.056505036, 0.043066, 0.030543262
4725423757000, -0.050701816, 0.049480084, 0.035124753
4725428904000, -0.05100725, 0.050396383, 0.0290161
4725433761000, -0.049480084, 0.063224554, 0.028405234
4725438756000, -0.042455133, 0.07360926, 0.021380283
4725443713000, -0.038789943, 0.076052725, 0.024129177
4725448766000, -0.04062254, 0.06688975, 0.017715093
4725454791000, -0.0421497, 0.040927973, 0.032070424
4725458813000, -0.04062254, 0.033292156, 0.029626964
4725464459000, -0.03634648, 0.03359759, 0.03023783
4725468752000, -0.033292156, 0.032986723, 0.033292156
4725473731000, -0.04428773, 0.030543262, 0.0290161
4725478766000, -0.04886922, 0.035430185, 0.039095376
4725483785000, -0.03573562, 0.03604105, 0.035124753
4725488788000, -0.038179077, 0.042455133, 0.035430185
4725493883000, -0.040011674, 0.03848451, 0.034208454
4725498783000, -0.036957346, 0.03390302, 0.030543262
4725503741000, -0.036651913, 0.037873644, 0.03390302
4725508756000, -0.038789943, 0.03573562, 0.02687807
4725513770000, -0.03970624, 0.03481932, 0.03268129
4725518719000, -0.04153884, 0.032375857, 0.033292156
4725523757000, -0.04428773, 0.031154128, 0.035124753
4725528732000, -0.039095376, 0.03481932, 0.03634648
4725534315000, -0.0421497, 0.04428773, 0.028710667
4725538739000, -0.043066, 0.07147124, 0.028710667
4725543746000, -0.052534413, 0.06566802, 0.028710667
4725548748000, -0.053145275, 0.040011674, 0.032070424
4725553761000, -0.05589417, 0.038789943, 0.035430185
4725559017000, -0.06047566, 0.0421497, 0.030848695
4725563826000, -0.055588737, 0.029932396, 0.03023783
4725569216000, -0.07147124, 0.03268129, 0.03145956
4725573707000, -0.06352998, 0.022296581, 0.03145956
4725578757000, -0.055588737, 0.035124753, 0.026267206
4725583704000, -0.06505715, 0.036957346, 0.03023783
4725588757000, -0.0571159, 0.03726278, 0.026267206
4725593723000, -0.07391469, 0.037873644, 0.026572637
4725598774000, -0.06780604, 0.03756821, 0.02443461
4725603724000, -0.06688975, 0.037873644, 0.023823744
4725608739000, -0.06719518, 0.03268129, 0.029626964
4725613820000, -0.062002823, 0.021991149, 0.032070424
4725618764000, -0.06414085, 0.042760566, 0.025961773
4725623727000, -0.06872234, 0.044898596, 0.02687807
4725628755000, -0.06505715, 0.020463986, 0.027183503
4725633733000, -0.059864793, 0.01038471, 0.041233405
4725638751000, -0.062002823, -6.1086525E-4, 0.034513887
4725643704000, -0.06383542, 0.004276057, 0.03023783
4725648741000, -0.059864793, 0.03604105, 0.026267206
4725654722000, -0.07269296, 0.051923547, 0.024129177
4725658752000, -0.06536258, 0.03390302, 0.01740966
4725663888000, -0.0693332, 0.025045475, 0.014660766
4725668822000, -0.07880162, 0.034513887, 0.018020526
4725673752000, -0.0720821, 0.021685716, 0.018020526
4725678740000, -0.067500606, 0.002443461, 0.018325957
4725683770000, -0.06627888, -0.008246681, 0.018020526
4725688752000, -0.065973446, -0.0012217305, 0.016798794
4725693747000, -0.06078109, 0.01282817, 0.0106901415
4725698792000, -0.06261369, 0.029321533, 0.016187929
4725703761000, -0.06291912, 0.020463986, 0.0106901415
4725708738000, -0.06078109, 0.017715093, 0.021380283
4725713827000, -0.054367006, -0.01038471, 0.027488936
4725718845000, -0.0580322, 0.0027488936, 0.022296581
4725723752000, -0.054367006, 0.0106901415, 0.027183503
4725728747000, -0.051923547, -0.003970624, 0.029321533
4725733752000, -0.04886922, 0.007941248, 0.032375857
4725738754000, -0.046120327, 0.008857546, 0.03359759
4725743743000, -0.057726767, 0.021380283, 0.026267206
4725748724000, -0.05375614, 0.019547688, 0.033292156
4725753761000, -0.05222898, 0.024129177, 0.030848695
4725758755000, -0.04886922, 0.0421497, 0.028405234
4725763807000, -0.04428773, 0.054367006, 0.03176499
4725768702000, -0.04917465, 0.06047566, 0.029626964
4725773751000, -0.054061573, 0.051618114, 0.033292156
4725778708000, -0.046120327, 0.039095376, 0.03359759
4725783773000, -0.04795292, 0.040317107, 0.03573562
4725788686000, -0.055283304, 0.01985312, 0.036957346
4725793747000, -0.057421334, 0.0125227375, 0.043676864
4725798706000, -0.051923547, 0.0076358155, 0.041233405
4725803758000, -0.055588737, 0.012217305, 0.04917465
4725808699000, -0.05681047, 0.027183503, 0.04184427
4725813783000, -0.06352998, 0.036651913, 0.03634648
4725818714000, -0.06994407, 0.050701816, 0.03268129
4725823753000, -0.064446285, 0.053450707, 0.03634648
4725828772000, -0.065973446, 0.035124753, 0.036957346
4725833748000, -0.069027774, 0.027183503, 0.04184427
4725838746000, -0.07422013, 0.022602014, 0.032986723
4725843743000, -0.0711658, 0.019547688, 0.03268129
4725848885000, -0.06627888, 0.029321533, 0.030848695
4725854763000, -0.05497787, 0.028099801, 0.037873644
4725858697000, -0.05375614, 0.009468411, 0.04428773
4725863801000, -0.06505715, 0.0143553335, 0.038179077
4725868700000, -0.06078109, 0.011301007, 0.040317107
4725873756000, -0.057421334, 0.031154128, 0.04153884
4725878800000, -0.057421334, 0.051618114, 0.0421497
4725883767000, -0.056505036, 0.06627888, 0.032070424
4725888689000, -0.06658431, 0.06627888, 0.032375857
4725893740000, -0.057726767, 0.03604105, 0.03848451
4725898753000, -0.06169739, 0.030848695, 0.041233405
4725903756000, -0.059253927, 0.01282817, 0.039095376
4725908745000, -0.05375614, 0.004581489, 0.043676864
4725913772000, -0.058643065, 0.002443461, 0.048563786
4725918749000, -0.058948494, 0.002443461, 0.046731193
4725923752000, -0.049480084, -0.002443461, 0.047036625
4725928807000, -0.062308256, 0.026267206, 0.03848451
4725933766000, -0.052534413, 0.08857546, 0.022296581
4725938746000, -0.040011674, 0.06352998, 0.026572637
4725943736000, -0.038179077, 0.03604105, 0.029932396
4725948771000, -0.046731193, 0.017104227, 0.033292156
4725953753000, -0.042760566, 0.016187929, 0.035124753
4725958740000, -0.048258353, 0.02107485, 0.03573562
4725963789000, -0.04734206, 0.02107485, 0.03756821
4725968763000, -0.04062254, 0.02107485, 0.031154128
4725973753000, -0.02107485, 0.030543262, 0.029626964
4725978795000, -0.034513887, 0.026572637, 0.034208454
4725983766000, -0.029321533, 0.027183503, 0.024129177
4725988755000, -0.03268129, 0.03848451, 0.022907447
4725993742000, -0.040011674, 0.02443461, 0.023823744
4725998754000, -0.03573562, 0.024129177, 0.01985312
4726003756000, -0.030848695, 0.029321533, 0.024740042
4726008731000, -0.03756821, 0.03176499, 0.023823744
4726013774000, -0.035124753, 0.020158553, 0.018936822
4726018767000, -0.028405234, 0.019547688, 0.02107485
4726023752000, -0.034513887, 0.021991149, 0.02107485
4726028740000, -0.023518313, 0.017104227, 0.01863139
4726033756000, -0.02107485, 0.02076942, 0.01985312
4726038757000, -0.021380283, 0.014660766, 0.015577064
4726043742000, -0.02443461, 0.0061086523, 0.018325957
4726048770000, -0.0290161, 0.015577064, 0.015271631
4726054744000, -0.02443461, 0.011301007, 0.016187929
4726058750000, -0.024740042, 3.0543262E-4, 0.01740966
4726063856000, -0.01985312, 0.008246681, 0.021991149
4726068832000, -0.034208454, -0.0030543262, 0.018325957
4726073751000, -0.023518313, -6.1086525E-4, 0.014049901
4726078776000, -0.026267206, -0.0030543262, 0.0125227375
4726083769000, -0.02565634, -0.01038471, 0.013744468
4726088754000, -0.020158553, -0.007330383, 0.009468411
4726093737000, -0.01740966, -0.005192355, 0.010995574
4726098770000, -0.02107485, 0.002443461, 0.017715093
4726103757000, -0.034208454, 0.010079277, 0.018020526
4726108739000, -0.029321533, 0.0061086523, 0.015271631
4726113830000, -0.028099801, 0.01038471, 0.020158553
4726118762000, -0.032070424, 0.01985312, 0.021991149
4726123752000, -0.027183503, 0.020463986, 0.02565634
4726128775000, -0.032070424, 0.020158553, 0.016493361
4726133769000, -0.021991149, 0.028405234, 0.019242255
4726138756000, -0.0421497, 0.027183503, 0.018936822
4726143742000, -0.027183503, 0.016493361, 0.018936822
4726148756000, -0.025961773, 0.02565634, 0.025045475
4726153783000, -0.040011674, 0.011911872, 0.019242255
4726158732000, -0.03604105, 0.01740966, 0.018936822
4726163812000, -0.038789943, 0.005497787, 0.017104227
4726168758000, -0.03940081, 0.009162978, 0.014660766
4726173749000, -0.019242255, 0.009773844, 0.013133603
4726178737000, -0.029932396, 0.01985312, 0.011301007
4726183737000, -0.0290161, 0.019547688, 0.011301007
4726188709000, -0.028099801, 0.004886922, 0.015271631
4726193745000, -0.022602014, -0.0015271631, 0.019242255
4726198692000, -0.03145956, -0.0076358155, 0.02107485
4726203759000, -0.028710667, -0.0018325958, 0.02107485
4726208702000, -0.036957346, -0.007941248, 0.026267206
4726213765000, -0.026572637, -0.007941248, 0.025045475
4726218691000, -0.025961773, 0.0036651916, 0.029321533
4726223754000, -0.028710667, 0.011301007, 0.027794369
4726228741000, -0.040927973, 0.036651913, 0.023823744
4726233738000, -0.036651913, 0.046731193, 0.020158553
4726238711000, -0.037873644, 0.030543262, 0.022602014
4726243742000, -0.040927973, -6.1086525E-4, 0.03359759
4726248921000, -0.051923547, 0.0015271631, 0.034513887
4726254791000, -0.04520403, -0.008857546, 0.030848695
4726258699000, -0.0421497, 0.0070249503, 0.034513887
4726263774000, -0.040927973, 0.0030543262, 0.028099801
4726268701000, -0.037873644, 0.01160644, 0.021685716
4726273756000, -0.036651913, 0.015271631, 0.025045475
4726278716000, -0.040317107, 0.027794369, 0.016798794
4726283760000, -0.038789943, 0.020463986, 0.022296581
4726288753000, -0.035430185, -3.0543262E-4, 0.02321288
4726293744000, -0.03604105, 0.0021380284, 0.022296581
4726298771000, -0.038789943, -0.004886922, 0.015271631
4726303755000, -0.027183503, -0.0061086523, 0.0106901415
4726308735000, -0.0290161, -0.0076358155, 0.0125227375
4726313805000, -0.027183503, -0.012217305, 0.01160644
4726318794000, -0.02687807, -0.012217305, 0.012217305
4726323750000, -0.024129177, -0.0027488936, 0.009468411
4726328744000, -0.02107485, -6.1086525E-4, 0.009773844
4726333766000, -0.030848695, 0.0021380284, 0.01282817
4726338757000, -0.03023783, -0.0067195175, 0.009468411
4726343786000, -0.025350908, -0.0027488936, 0.010995574
4726348806000, -0.02076942, -0.0033597588, 0.009162978
4726353790000, -0.0076358155, 0.0030543262, 0.002443461
4726358782000, -0.0106901415, 0.0067195175, 0.008246681
4726363898000, -0.0076358155, 0.0067195175, 0.003970624
4726368886000, -0.01160644, 0.0067195175, 0.002443461
4726373787000, -0.014049901, 0.0067195175, 0.007941248
4726378800000, -0.016798794, 0.0027488936, -0.0015271631
4726383787000, -0.014966198, -0.01038471, -0.004886922
4726388794000, -0.00580322, 0.007330383, 0.0018325958
4726393784000, -0.013133603, 0.0012217305, 0.013439035
4726398773000, -0.005192355, 0.01160644, 0.0036651916
4726403775000, -0.024129177, 0.003970624, 0.0067195175
4726408760000, -0.00580322, -0.0015271631, -0.0070249503
4726413786000, -0.009468411, 0.0030543262, 0.0018325958
4726418764000, -0.014049901, 0.0106901415, 0.007330383
4726423679000, -0.0076358155, 0.013744468, 0.0030543262
4726428753000, -0.018020526, 0.01160644, 3.0543262E-4
4726433695000, -0.013744468, 0.0018325958, 0.005192355
4726438755000, -0.0106901415, 0.005497787, 0.010079277
4726443702000, -0.008857546, 0.01160644, 0.01863139
4726448733000, -0.016798794, 0.005497787, 0.013439035
4726454752000, -0.02076942, 0.0070249503, 0.015577064
4726458743000, -0.0070249503, 0.0061086523, 0.0061086523
4726463926000, -0.013744468, 0.011911872, 0.016187929
