#Rate of rotation around the x y z axes (Angular velocity).
#timestamp(ns),x,y,z(rad/s)
#Datetime: 06/05/2015 17:07:38
##########################################
#Activity: 8 - CSI - Car-Step in - 6s
#Subject ID: 49
#First Name: sub49
#Last Name: sub49
#Age: 23
#Height(cm): 178
#Weight(kg): 75
#Gender: Male
##########################################

@DATA
2219017288000, -0.03390302, -0.15668693, 0.08368854
2219022352000, -0.027488936, -0.16982053, 0.08368854
2219028807000, -0.03634648, -0.17898351, 0.083383106
2219032374000, -0.033292156, -0.18081611, 0.08857546
2219037329000, -0.03573562, -0.19517145, 0.08307768
2219042314000, -0.040317107, -0.20891592, 0.08399397
2219047312000, -0.046731193, -0.21777347, 0.08155051
2219052321000, -0.047647487, -0.2098322, 0.08032878
2219057348000, -0.042455133, -0.20158553, 0.08155051
2219062324000, -0.04153884, -0.18936823, 0.07422013
2219067306000, -0.047036625, -0.18387043, 0.06688975
2219072335000, -0.032375857, -0.17592919, 0.082161374
2219077317000, -0.04734206, -0.15699236, 0.06658431
2219082306000, -0.034513887, -0.15241088, 0.06811147
2219087320000, -0.045814894, -0.14172074, 0.070554934
2219092314000, -0.039095376, -0.12614368, 0.061391957
2219097779000, -0.04550946, -0.105068825, 0.06047566
2219102285000, -0.03756821, -0.09162979, 0.055588737
2219107325000, -0.040317107, -0.077579886, 0.048563786
2219112311000, -0.033292156, -0.07544186, 0.04795292
2219117318000, -0.032375857, -0.059253927, 0.04917465
2219122373000, -0.029321533, -0.050701816, 0.04184427
2219127327000, -0.03756821, -0.04520403, 0.029626964
2219132307000, -0.03176499, -0.036957346, 0.027794369
2219137354000, -0.034513887, -0.032070424, 0.025350908
2219142315000, -0.03970624, -0.032986723, 0.029321533
2219147316000, -0.03848451, -0.0290161, 0.023823744
2219152286000, -0.043982297, -0.029626964, 0.016493361
2219157324000, -0.048258353, -0.027794369, 0.023518313
2219162308000, -0.051618114, -0.0421497, 0.025961773
2219167415000, -0.050396383, -0.02107485, 0.020158553
2219172395000, -0.043982297, -0.021685716, 0.02443461
2219177352000, -0.050701816, -0.022907447, 0.019547688
2219182286000, -0.05131268, -0.022602014, 0.024129177
2219187336000, -0.046120327, -0.010995574, 0.018020526
2219192332000, -0.046731193, -0.0067195175, 0.014660766
2219197335000, -0.055283304, -0.0076358155, 0.014049901
2219202284000, -0.05589417, 0.003970624, 0.020463986
2219207334000, -0.057421334, 0.00580322, 0.013744468
2219212310000, -0.05100725, 0.009468411, 0.015271631
2219217308000, -0.05131268, 0.022296581, 0.023823744
2219222323000, -0.056505036, 0.01985312, 0.015882496
2219227319000, -0.063224554, 0.02321288, 0.02321288
2219232315000, -0.06566802, 0.026572637, 0.02443461
2219237402000, -0.06414085, 0.032986723, 0.029321533
2219242329000, -0.059253927, 0.018936822, 0.033292156
2219247310000, -0.06352998, 0.014966198, 0.037873644
2219252283000, -0.06047566, 0.01863139, 0.029321533
2219257333000, -0.046731193, 0.013133603, 0.032986723
2219262320000, -0.055283304, 0.0106901415, 0.03023783
2219267317000, -0.0571159, 0.009162978, 0.031154128
2219272388000, -0.050396383, -0.004276057, 0.034513887
2219277312000, -0.0571159, -0.004276057, 0.030848695
2219282303000, -0.063224554, -0.0143553335, 0.028099801
2219287322000, -0.06047566, -0.021991149, 0.026572637
2219292323000, -0.052534413, -0.011301007, 0.027488936
2219297310000, -0.05955936, -0.015882496, 0.025350908
2219302300000, -0.050701816, -0.01740966, 0.021991149
2219307331000, -0.046120327, -0.013439035, 0.017715093
2219312309000, -0.053450707, -0.0070249503, 0.016187929
2219317334000, -0.053145275, -0.012217305, 0.020158553
2219322331000, -0.05131268, -0.01863139, 0.009773844
2219327313000, -0.03940081, -0.0067195175, 0.007941248
2219332309000, -0.04734206, -0.0106901415, 0.01038471
2219337368000, -0.044898596, -0.0076358155, 0.002443461
2219342304000, -0.04520403, -0.0076358155, -0.002443461
2219347309000, -0.03970624, 0.008857546, -0.008552114
2219353017000, -0.032375857, 0.01740966, 6.1086525E-4
2219357309000, -0.0421497, 0.021380283, 3.0543262E-4
2219362314000, -0.0421497, 0.029321533, -0.010079277
2219367331000, -0.043676864, 0.040011674, -0.010995574
2219372342000, -0.042455133, 0.04795292, -0.023823744
2219377297000, -0.041233405, 0.047647487, -0.02076942
2219382264000, -0.0421497, 0.05681047, -0.022296581
2219387399000, -0.03573562, 0.05497787, -0.030848695
2219392315000, -0.030848695, 0.06383542, -0.03481932
2219397309000, -0.028099801, 0.0729984, -0.039095376
2219402307000, -0.0290161, 0.07147124, -0.038179077
2219407292000, -0.031154128, 0.070554934, -0.044898596
2219412314000, -0.015577064, 0.0729984, -0.04886922
2219417301000, -0.013439035, 0.086132, -0.043676864
2219423157000, -0.01740966, 0.079107046, -0.050396383
2219427319000, -0.018936822, 0.0888809, -0.051618114
2219432309000, -0.022296581, 0.10262536, -0.051923547
2219437347000, -0.013744468, 0.10751228, -0.054367006
2219442313000, -0.015577064, 0.116675265, -0.052534413
2219447322000, -0.011301007, 0.11942416, -0.05467244
2219452296000, -0.016798794, 0.14355333, -0.058337633
2219457324000, -0.018020526, 0.1441642, -0.05222898
2219462309000, -0.021685716, 0.1554652, -0.06078109
2219467293000, -0.022602014, 0.15699236, -0.06047566
2219472397000, -0.016493361, 0.15668693, -0.053450707
2219477316000, -0.026267206, 0.15027285, -0.057726767
2219482342000, -0.016798794, 0.14385876, -0.051618114
2219487374000, -0.023518313, 0.14538592, -0.056505036
2219492528000, -0.032375857, 0.14202617, -0.060170226
2219497319000, -0.033292156, 0.14385876, -0.058643065
2219502290000, -0.041233405, 0.15271631, -0.053450707
2219507322000, -0.032070424, 0.16920967, -0.04917465
2219512310000, -0.05467244, 0.17837265, -0.05467244
2219517359000, -0.055588737, 0.19303341, -0.04795292
2219522339000, -0.06841691, 0.20372356, -0.044898596
2219527315000, -0.061391957, 0.22479841, -0.041233405
2219532341000, -0.07147124, 0.23090707, -0.03756821
2219537389000, -0.080634214, 0.23884831, -0.028710667
2219542315000, -0.08735373, 0.23671028, -0.018020526
2219547314000, -0.09437868, 0.24037547, -0.010995574
2219552306000, -0.09162979, 0.24465153, -0.0030543262
2219557324000, -0.10140363, 0.24556783, -3.0543262E-4
2219562447000, -0.11178834, 0.24098633, -0.004886922
2219567326000, -0.11759156, 0.22388211, -0.0018325958
2219572329000, -0.12675454, 0.22388211, 0.00580322
2219577313000, -0.119729586, 0.21624629, 3.0543262E-4
2219582272000, -0.112704635, 0.19883664, -0.010995574
2219587315000, -0.11789699, 0.18478674, -0.008246681
2219592326000, -0.11575896, 0.17654006, -0.014966198
2219597310000, -0.112399206, 0.17501289, -0.02076942
2219602298000, -0.10262536, 0.1740966, -0.025045475
2219607323000, -0.09193522, 0.19456059, -0.022602014
2219612316000, -0.08307768, 0.21960606, -0.029626964
2219617290000, -0.08277224, 0.2275473, -0.032986723
2219622396000, -0.06078109, 0.21563543, -0.034208454
2219627328000, -0.05009095, 0.20830505, -0.025350908
2219632281000, -0.043982297, 0.18081611, -0.023518313
2219637333000, -0.040011674, 0.16707164, -0.023518313
2219642313000, -0.047647487, 0.16340645, -0.0070249503
2219647310000, -0.05222898, 0.19058995, -0.0070249503
2219652296000, -0.049785517, 0.23701571, 6.1086525E-4
2219657330000, -0.03848451, 0.29443705, 0.0033597588
2219662316000, -0.04184427, 0.3549127, 0.0012217305
2219667315000, -0.045814894, 0.38545597, -0.0027488936
2219672334000, -0.053450707, 0.4007276, -0.005192355
2219678043000, -0.062308256, 0.43066, -0.014049901
2219682312000, -0.070249505, 0.49754974, -0.007330383
2219687344000, -0.09896017, 0.5696318, -0.00580322
2219692314000, -0.118202426, 0.6591236, 0.007330383
2219697314000, -0.13805555, 0.7458665, 0.013439035
2219702306000, -0.15515977, 0.8072584, 0.044898596
2219707323000, -0.19608775, 0.84574294, 0.07788532
2219712314000, -0.23976462, 0.86529064, 0.12064589
2219717299000, -0.27947086, 0.8943067, 0.15943582
2219722337000, -0.32895094, 0.93645644, 0.20861048
2219727319000, -0.37904188, 1.001819, 0.24129178
2219732339000, -0.4156938, 1.0815369, 0.27580565
2219737332000, -0.41141775, 1.1563679, 0.29749137
2219742312000, -0.4370741, 1.180497, 0.30268374
2219748039000, -0.48624873, 1.1508701, 0.31031954
2219752304000, -0.5488624, 1.07665, 0.30909783
2219757291000, -0.6044512, 0.98563105, 0.3042109
2219762295000, -0.6377433, 0.8979719, 0.2996294
2219767319000, -0.6356053, 0.8579602, 0.2947425
2219772308000, -0.6270532, 0.8170323, 0.29443705
2219777307000, -0.61666846, 0.79381937, 0.29168814
2219782341000, -0.59956425, 0.8072584, 0.28038713
2219787315000, -0.55863625, 0.82986045, 0.26633725
2219792340000, -0.4804455, 0.86620694, 0.23976462
2219797316000, -0.3903429, 0.9053023, 0.21685717
2219802214000, -0.2929099, 0.9459248, 0.20097467
2219807204000, -0.19120082, 0.9636399, 0.17348573
2219812223000, -0.112399206, 1.0735956, 0.13103059
2219817464000, -0.09682214, 1.2406673, 0.089491755
2219822249000, -0.105374254, 1.3991868, 0.062002823
2219827224000, -0.102319926, 1.5213599, 0.07269296
2219832227000, -0.09468412, 1.6038266, 0.09621128
2219837259000, -0.06658431, 1.6655241, 0.12736541
2219842236000, -0.023823744, 1.7256943, 0.16615535
2219847230000, 0.014660766, 1.7406605, 0.19364429
2219852253000, 0.046120327, 1.7290541, 0.21471913
2219859319000, 0.04428773, 1.6633861, 0.21930063
2219862232000, 0.036651913, 1.613906, 0.22602014
2219867226000, 0.040927973, 1.462106, 0.2321288
2219872318000, 0.039095376, 1.3307699, 0.24587326
2219877484000, 0.009162978, 1.1737776, 0.28313604
2219882261000, -0.027488936, 0.97524637, 0.2846632
2219887465000, -0.03604105, 0.8573494, 0.28405234
2219892280000, -0.070554934, 0.763887, 0.3032946
2219897258000, -0.09712757, 0.6365216, 0.34513888
2219902184000, -0.16218472, 0.5027421, 0.38056904
2219907251000, -0.2507602, 0.4746423, 0.39492437
2219912222000, -0.40500367, 0.5332854, 0.3933972
2219917224000, -0.5015204, 0.42302418, 0.43188173
2219922243000, -0.50885075, 0.24373524, 0.47891834
2219927229000, -0.50762904, 0.15241088, 0.5342017
2219932241000, -0.52198434, 0.105374254, 0.5671884
2219937263000, -0.54825157, 0.14080444, 0.59315014
2219942273000, -0.5571091, 0.16768251, 0.62888575
2219947215000, -0.5815437, 0.17134771, 0.66981375
2219952218000, -0.6062838, 0.18112154, 0.68539083
2219957228000, -0.6243043, 0.1740966, 0.69974613
2219962218000, -0.64568454, 0.17104226, 0.70829827
2219967223000, -0.66828656, 0.12614368, 0.7305948
2219972250000, -0.7174612, 0.086132, 0.7348709
2219977310000, -0.75625116, -0.01985312, 0.7351763
2219982207000, -0.8142834, -0.15027285, 0.7089091
2219987304000, -0.86315256, -0.31245756, 0.6951646
2219992225000, -0.88086766, -0.4550946, 0.6630942
2219997219000, -0.92087936, -0.5335908, 0.63132924
2220002243000, -0.9746355, -0.56077427, 0.6010914
2220007246000, -1.0302242, -0.56291234, 0.5448918
2220012213000, -1.1111639, -0.57757306, 0.48563787
2220017209000, -1.1991285, -0.5681047, 0.40133846
2220022217000, -1.3222178, -0.59956425, 0.29260445
2220027224000, -1.4181237, -0.76174897, 0.18112154
2220032232000, -1.5317446, -0.9783007, 0.0983493
2220037247000, -1.6307048, -1.162782, 0.058948494
2220042214000, -1.6853772, -1.3353515, 0.06505715
2220047213000, -1.6575829, -1.4052955, 0.10170906
2220052221000, -1.5891659, -1.4040737, 0.16279559
2220057252000, -1.5128077, -1.4046847, 0.2284636
2220062242000, -1.4165965, -1.4263704, 0.258396
2220067231000, -1.3683381, -1.4208726, 0.30268374
2220072535000, -1.2516629, -1.3307699, 0.3491095
2220077264000, -1.1398746, -1.2021828, 0.39400807
2220082226000, -0.9896017, -0.98868537, 0.43554693
2220087278000, -0.8558222, -0.8356637, 0.4908302
2220092219000, -0.7144069, -0.7104363, 0.5012149
2220097253000, -0.61178154, -0.59620446, 0.528093
2220102259000, -0.5109888, -0.59773165, 0.54611355
2220107327000, -0.37965274, -0.66339964, 0.58368176
2220112264000, -0.2180789, -0.5204572, 0.59712076
2220117327000, -0.1255328, -0.37934732, 0.58184916
2220122341000, -0.010995574, -0.23182335, 0.5684101
2220127398000, 0.086437434, -0.08307768, 0.5348125
2220132347000, 0.15241088, 0.07544186, 0.5030475
2220137320000, 0.17531833, 0.2180789, 0.4822781
2220142733000, 0.19853121, 0.33108896, 0.45112398
2220147311000, 0.172264, 0.4334089, 0.4202753
2220152302000, 0.13041973, 0.4822781, 0.39095375
2220157321000, 0.08277224, 0.48533243, 0.364992
2220162310000, 0.038789943, 0.49296826, 0.3659083
2220167285000, 0.016493361, 0.48655418, 0.3680463
2220172334000, -0.01863139, 0.44440445, 0.3839288
2220177263000, -0.041233405, 0.3717115, 0.3933972
2220182344000, -0.058948494, 0.22571471, 0.41325033
2220187322000, -0.055283304, 0.17287487, 0.35094208
2220192328000, -0.11178834, 0.05589417, 0.30818152
2220197248000, -0.11636983, -0.10323623, 0.27030787
2220202294000, -0.11148291, -0.2434298, 0.20861048
2220207249000, -0.10751228, -0.30695978, 0.19181168
2220212348000, -0.08735373, -0.37232238, 0.15454891
2220217311000, -0.070554934, -0.40653083, 0.111177474
2220222340000, -0.06994407, -0.47494772, 0.13500121
2220227351000, -0.054367006, -0.419359, 0.09040806
2220232308000, -0.07544186, -0.38637227, 0.069027774
2220237338000, -0.06352998, -0.3359759, 0.048258353
2220242315000, -0.0421497, -0.26542094, 0.04428773
2220247310000, -0.038789943, -0.21013765, 0.036957346
2220252296000, -0.029321533, -0.15821409, 0.021380283
2220257326000, -0.010995574, -0.13561209, 0.004581489
2220262309000, -0.0033597588, -0.070554934, -0.0021380284
2220267374000, 0.01038471, 0.008246681, -0.018936822
2220272285000, 0.032986723, 0.05955936, -0.044593163
2220277317000, 0.053145275, 0.111177474, -0.0693332
2220282339000, 0.0580322, 0.17073683, -0.094989546
2220287347000, 0.05375614, 0.17440203, -0.09437868
2220292248000, 0.03481932, 0.14966199, -0.10048734
2220297312000, 0.009162978, 0.10934488, -0.122783914
2220302280000, -0.010079277, 0.07544186, -0.13469578
2220307347000, -0.046731193, 0.0012217305, -0.14935656
2220312281000, -0.07544186, -0.02687807, -0.16493362
2220317306000, -0.112704635, -0.023823744, -0.17379116
2220322484000, -0.13225232, -0.029321533, -0.19303341
2220327318000, -0.1518, -0.01740966, -0.20433442
2220332407000, -0.17379116, -0.018325957, -0.2144137
2220337327000, -0.18784106, -0.013439035, -0.21991149
2220342329000, -0.21746802, 6.1086525E-4, -0.22602014
2220347318000, -0.25289822, 0.011301007, -0.21899518
2220352310000, -0.29443705, 0.014660766, -0.21960606
2220357322000, -0.3381139, 0.022296581, -0.21502456
2220362315000, -0.36346483, 0.004276057, -0.20433442
2220367304000, -0.40011674, -0.03970624, -0.18600847
2220372338000, -0.45356745, -0.099571034, -0.18142697
2220377312000, -0.49754974, -0.17165314, -0.17745635
2220382343000, -0.5329799, -0.22479841, -0.17989981
2220387326000, -0.5500842, -0.2648101, -0.17348573
2220392315000, -0.5702427, -0.29932398, -0.172264
2220397949000, -0.58001655, -0.33169982, -0.16768251
2220402298000, -0.56596667, -0.3539964, -0.15760323
2220407319000, -0.54702985, -0.36071593, -0.1459968
2220412311000, -0.5195409, -0.33628133, -0.14905111
2220417285000, -0.49266282, -0.29352075, -0.14263703
2220422338000, -0.48502702, -0.2843578, -0.14446963
2220427260000, -0.47525316, -0.2284636, -0.15851954
2220432307000, -0.4804455, -0.17898351, -0.16371189
2220437359000, -0.47250426, -0.15088372, -0.18142697
2220442318000, -0.45906523, -0.07360926, -0.1872302
2220447249000, -0.464563, -0.03970624, -0.20158553
2220452299000, -0.45662177, 0.019242255, -0.20250183
2220457252000, -0.4642576, 0.096516706, -0.20189096
2220462307000, -0.473726, 0.19364429, -0.20005837
2220468097000, -0.48380527, 0.27855456, -0.17256944
2220472302000, -0.47891834, 0.28771752, -0.15363261
2220477249000, -0.46792278, 0.28496864, -0.13652839
2220482308000, -0.44501534, 0.25809056, -0.12064589
2220487312000, -0.42058071, 0.22143865, -0.11209377
2220492314000, -0.4156938, 0.17898351, -0.11728613
2220497313000, -0.42943826, 0.12370021, -0.13775012
2220502297000, -0.42852196, 0.07727446, -0.14996742
2220507324000, -0.44868052, 0.025350908, -0.1731803
2220512268000, -0.44532076, -0.00580322, -0.19364429
2220517329000, -0.4541783, -0.044593163, -0.21044308
2220522283000, -0.44532076, -0.086132, -0.22235495
2220527317000, -0.42546764, -0.13988814, -0.23762658
2220532244000, -0.3866777, -0.18753563, -0.24923302
2220537832000, -0.35063666, -0.22052236, -0.2669481
2220542244000, -0.30848694, -0.24129178, -0.28863382
2220547309000, -0.27458394, -0.23396139, -0.3136793
2220552301000, -0.23884831, -0.23060162, -0.321926
2220557361000, -0.21197024, -0.2171626, -0.3390302
2220562385000, -0.17134771, -0.1966986, -0.3631594
2220567351000, -0.13530666, -0.15271631, -0.37934732
2220572678000, -0.111177474, -0.10262536, -0.41172317
2220577316000, -0.10354166, -0.04337143, -0.44440445
2220582270000, -0.08979719, -0.0030543262, -0.45204028
2220587301000, -0.07941248, 0.03573562, -0.47739118
2220592319000, -0.080634214, 0.076052725, -0.5012149
2220597313000, -0.06872234, 0.10140363, -0.5299256
2220602294000, -0.056505036, 0.11911872, -0.5558874
2220607424000, -0.06261369, 0.11301007, -0.57848936
2220612313000, -0.053450707, 0.10262536, -0.6084218
2220617319000, -0.030848695, 0.06841691, -0.6411031
2220622341000, -0.015271631, 0.0421497, -0.66981375
2220627313000, -0.0125227375, 0.0036651916, -0.700357
2220632336000, -0.005497787, -0.034208454, -0.71868294
2220637321000, 0.0027488936, -0.06536258, -0.7498371
2220642311000, -0.0027488936, -0.07819075, -0.77518797
2220647311000, 0.0015271631, -0.10293079, -0.8054258
2220652296000, -0.0027488936, -0.122783914, -0.80909103
2220657265000, -0.02107485, -0.16768251, -0.81031275
2220662312000, -0.047036625, -0.25809056, -0.8188649
2220667295000, -0.08460484, -0.35796702, -0.799928
2220672333000, -0.12644911, -0.46395215, -0.7703011
2220677254000, -0.15271631, -0.5687156, -0.70616025
2220682306000, -0.17165314, -0.61666846, -0.6411031
2220687332000, -0.1872302, -0.62888575, -0.56230146
2220692313000, -0.21655174, -0.6435465, -0.4728097
2220697315000, -0.23457226, -0.72326446, -0.3817908
2220702291000, -0.28069258, -0.88422745, -0.30787608
2220707327000, -0.31337386, -1.1316279, -0.23732115
2220712285000, -0.35918877, -1.4056009, -0.17379116
2220717364000, -0.39584067, -1.6966782, -0.08552113
2220723148000, -0.4196644, -1.9917262, 0.04428773
2220727317000, -0.43401974, -2.2773056, 0.20586158
2220732271000, -0.40469822, -2.5216517, 0.38698313
2220737360000, -0.37293324, -2.7217102, 0.56321776
2220742243000, -0.34972036, -2.8124237, 0.72173727
2220747322000, -0.35063666, -2.9211576, 0.7901542
2220752296000, -0.41233405, -2.9675834, 0.8970556
2220757355000, -0.5558874, -2.9712486, 0.9615019
2220762295000, -0.75747293, -2.9416215, 0.9978484
2220767297000, -0.97494096, -2.8707612, 1.0137309
2220772316000, -1.2082914, -2.7782152, 1.0430524
2220777297000, -1.4138476, -2.6685648, 1.0461067
2220782335000, -1.5671748, -2.5534167, 1.0742066
2220787346000, -1.6389514, -2.4929411, 1.1313224
2220793058000, -1.6566665, -2.4920247, 1.1878275
2220797361000, -1.6475036, -2.5320365, 1.2455542
2220802189000, -1.6151277, -2.5955665, 1.2831224
2220807266000, -1.5958854, -2.658791, 1.287093
2220812178000, -1.59558, -2.6083946, 1.2638801
2220817219000, -1.6533068, -2.5192082, 1.1884383
2220822210000, -1.7122552, -2.4208589, 1.0885619
2220827230000, -1.7507398, -2.3328943, 1.0451905
2220832175000, -1.751656, -2.251344, 0.98899084
2220837268000, -1.7580702, -2.1038198, 0.92149025
2220842206000, -1.7745636, -1.992337, 0.8857546
2220847229000, -1.7944167, -1.7101172, 0.80481493
2220852260000, -1.8729129, -1.4068227, 0.7101309
2220857291000, -1.9547688, -1.1777482, 0.6068946
2220862283000, -2.0540345, -1.0500773, 0.4877759
2220867283000, -2.1209242, -1.0033462, 0.398895
2220872363000, -2.1502457, -1.0051788, 0.35643986
2220877288000, -2.117259, -1.0534371, 0.33078352
2220882282000, -2.055867, -1.1560625, 0.2724459
2220887320000, -1.9654589, -1.3014483, 0.20555615
2220892289000, -1.8591684, -1.473407, 0.14263703
2220897458000, -1.7318029, -1.666135, 0.10354166
2220902339000, -1.6166549, -1.8319849, 0.06811147
2220907316000, -1.5140295, -1.9804251, -0.007330383
2220912311000, -1.4156802, -2.0454822, -0.04428773
2220917292000, -1.3277156, -2.1190915, -0.073303826
2220922340000, -1.2473868, -2.1270328, -0.07422013
2220927245000, -1.142318, -2.1105394, -0.07788532
2220932312000, -1.0332786, -2.0912971, -0.082161374
2220937356000, -0.88208944, -2.0173824, -0.048563786
2220942313000, -0.7290677, -1.9975294, -0.023823744
2220947307000, -0.6356053, -1.9254472, -0.02107485
2220952304000, -0.44318274, -1.7947221, -0.054061573
2220957381000, -0.30879238, -1.6282613, -0.079107046
2220962308000, -0.23884831, -1.5286902, -0.07544186
2220967337000, -0.23579398, -1.5036448, -0.014660766
2220972338000, -0.22785273, -1.5439619, 0.12767084
2220977318000, -0.2666427, -1.5839735, 0.28405234
2220982312000, -0.37995818, -1.815797, 0.5381723
2220987418000, -0.45265114, -2.060143, 0.8885035
2220992315000, -0.364992, -2.2036965, 1.2626585
2220997312000, -0.1853976, -2.1539109, 1.6059648
2221002289000, -0.094989546, -1.8790215, 1.8573358
2221007293000, -0.12308934, -1.466382, 1.9865338
2221012315000, -0.21380283, -1.0616838, 1.9694295
2221017311000, -0.34513888, -0.7672467, 1.7898352
2221022333000, -0.5354234, -0.6206391, 1.4935656
2221027315000, -0.67011917, -0.47433686, 1.2275337
2221032310000, -0.7831292, -0.3484986, 1.0348058
2221037300000, -0.82619524, -0.30573806, 0.95630956
2221042318000, -0.8313876, -0.31856623, 0.9459248
2221047421000, -0.8155051, -0.42485678, 0.90224797
2221052298000, -0.77518797, -0.54275376, 0.8454375
2221057621000, -0.7174612, -0.57818395, 0.81061816
2221062321000, -0.6239988, -0.5671884, 0.7892379
2221067271000, -0.52595496, -0.5308419, 0.80756384
2221072431000, -0.4569272, -0.5342017, 0.8426886
2221077316000, -0.43310347, -0.50243664, 0.86406887
2221082986000, -0.44959682, -0.39675698, 0.88178396
2221087300000, -0.4654793, -0.26053402, 0.9083566
2221092271000, -0.5152648, -0.24831672, 0.86742866
2221097317000, -0.5571091, -0.3051272, 0.79901177
2221102291000, -0.6087272, -0.3753767, 0.7263188
2221107298000, -0.66339964, -0.42638394, 0.67011917
2221112275000, -0.6988298, -0.46211955, 0.6377433
2221117363000, -0.70829827, -0.47433686, 0.6282749
2221122263000, -0.7348709, -0.462425, 0.6545421
2221127327000, -0.72051555, -0.46211955, 0.6774496
2221132263000, -0.70341134, -0.46181414, 0.6930266
2221137458000, -0.68386364, -0.4279111, 0.7110472
2221142248000, -0.6750061, -0.42546764, 0.70921457
2221147336000, -0.67256266, -0.45356745, 0.6976081
2221153071000, -0.64476824, -0.50426924, 0.6627888
2221157322000, -0.6200282, -0.5177083, 0.6575964
2221162279000, -0.61361414, -0.52290064, 0.6563747
2221167311000, -0.61422503, -0.4822781, 0.63438356
2221172304000, -0.61758476, -0.40439278, 0.6059783
2221177315000, -0.6383542, -0.3042109, 0.57543504
2221182292000, -0.6786713, -0.21135938, 0.53878313
2221187332000, -0.7012733, -0.14446963, 0.5164866
2221192315000, -0.7360926, -0.10567969, 0.48930305
2221197311000, -0.75686204, -0.073303826, 0.4746423
2221202300000, -0.7684685, -0.03481932, 0.45662177
2221207319000, -0.7657196, -0.017715093, 0.44532076
2221212309000, -0.75502944, -0.013133603, 0.44868052
2221217304000, -0.7275405, -0.03023783, 0.44959682
2221222780000, -0.68661255, -0.047647487, 0.46914452
2221227314000, -0.64751714, -0.062308256, 0.4859433
2221232309000, -0.59406644, -0.06627888, 0.50640726
2221237356000, -0.5500842, -0.07819075, 0.51007247
2221242316000, -0.5314528, -0.05222898, 0.50488013
2221247312000, -0.5186246, -0.0021380284, 0.5030475
2221252306000, -0.5149594, 0.014966198, 0.52015173
2221257289000, -0.49541172, 0.011301007, 0.5412266
2221262311000, -0.44135013, 0.02565634, 0.5702427
2221267312000, -0.37904188, 0.040317107, 0.57910025
2221272336000, -0.32620203, 0.076052725, 0.5897904
2221277249000, -0.2919936, 0.116675265, 0.5757405
2221282308000, -0.27305678, 0.16218472, 0.5681047
2221287296000, -0.27091873, 0.21135938, 0.5537493
2221292352000, -0.27763826, 0.28344148, 0.52870387
2221297313000, -0.3032946, 0.35796702, 0.50732356
2221302299000, -0.3454443, 0.4578435, 0.49602258
2221307327000, -0.3811799, 0.5564982, 0.48838675
2221312315000, -0.4175264, 0.6814202, 0.4822781
2221317316000, -0.47403142, 0.7809912, 0.46883908
2221322334000, -0.51068336, 0.87017757, 0.4569272
2221327314000, -0.5665775, 0.8979719, 0.4437936
2221332307000, -0.59986967, 0.9108001, 0.42088616
2221337342000, -0.6206391, 0.9492846, 0.4034765
2221342345000, -0.63529986, 0.9776898, 0.364992
2221347310000, -0.66431594, 0.98349303, 0.34697145
2221352269000, -0.70249504, 1.0106765, 0.33628133
2221357330000, -0.75228053, 1.0528263, 0.34055737
2221362310000, -0.8054258, 1.0705414, 0.3436117
2221367315000, -0.8384125, 1.0668762, 0.3399465
2221372580000, -0.89369583, 1.0824533, 0.3203988
2221377317000, -0.9456194, 1.0589349, 0.30909783
2221382244000, -0.99296147, 1.0290025, 0.30634892
2221387316000, -1.0558805, 0.98868537, 0.2837469
2221392315000, -1.1114693, 0.97585726, 0.27091873
2221397313000, -1.1704178, 0.98807454, 0.27305678
2221402299000, -1.2263119, 0.96883225, 0.26633725
2221407930000, -1.3029755, 0.97249746, 0.25350907
2221412312000, -1.3735305, 1.0409144, 0.2657264
2221417304000, -1.4440855, 1.0555751, 0.2434298
2221422337000, -1.5082263, 1.1346822, 0.23182335
2221427314000, -1.5864171, 1.1527027, 0.21533
2221432313000, -1.6355917, 1.2327261, 0.2098322
2221437378000, -1.6667458, 1.287704, 0.23273966
2221442444000, -1.7376062, 1.3426818, 0.28221974
2221447311000, -1.8029687, 1.3756685, 0.31856623
2221452298000, -1.8472565, 1.3408492, 0.37323865
2221457314000, -1.8649716, 1.3023647, 0.4025602
2221462308000, -1.8781052, 1.2208142, 0.4279111
2221467307000, -1.8863518, 1.2012665, 0.46700647
2221472334000, -1.892155, 1.169807, 0.46028697
2221477934000, -1.9388863, 1.1814134, 0.4541783
2221482310000, -1.9727893, 1.1349876, 0.43127087
2221487324000, -1.9908098, 1.1264355, 0.43249258
2221492312000, -1.9877555, 1.0729848, 0.45906523
2221497307000, -1.9770653, 0.9233228, 0.46517387
2221502314000, -1.9526308, 0.73639804, 0.4792238
2221507336000, -1.9260582, 0.49235737, 0.44990227
2221512300000, -1.9135354, 0.30695978, 0.45204028
2221517309000, -1.8820758, 0.05955936, 0.52870387
2221522641000, -1.8005253, -0.2098322, 0.61117065
2221527318000, -1.7104226, -0.26633725, 0.6921103
2221532289000, -1.6465873, -0.3744604, 0.7287622
2221537305000, -1.6081028, -0.44257188, 0.8188649
2221542286000, -1.5464053, -0.4343252, 0.8903361
2221547744000, -1.498147, -0.37018433, 0.97524637
2221552322000, -1.4340062, -0.2837469, 1.0531317
2221557322000, -1.3552046, -0.26328292, 1.1154399
2221562310000, -1.2660183, -0.17348573, 1.1212431
2221567311000, -1.294118, -0.21991149, 1.1203269
2221572370000, -1.3243558, -0.15851954, 1.1276573
2221577316000, -1.3671165, -0.082161374, 1.1230757
2221582328000, -1.3839152, 0.034208454, 1.1099422
2221587304000, -1.4065173, 0.10170906, 1.0928379
2221592317000, -1.4245378, 0.124311075, 1.0589349
2221597315000, -1.4196508, 0.18051068, 1.0225884
2221602305000, -1.4498887, 0.23487769, 0.9990701
2221607321000, -1.4706581, 0.30879238, 0.9737192
2221612311000, -1.486846, 0.3475823, 0.94714653
2221617416000, -1.4792101, 0.35033122, 0.9239337
2221622331000, -1.4645494, 0.3631594, 0.91324353
2221627291000, -1.4376713, 0.344528, 0.90285885
2221632310000, -1.4110987, 0.30970868, 0.88239485
2221637307000, -1.3787229, 0.2406809, 0.86162543
2221642322000, -1.3387111, 0.17256944, 0.8454375
2221647310000, -1.2861768, 0.07849618, 0.8155051
2221652294000, -1.2232577, -0.003970624, 0.80664754
2221657323000, -1.153619, -0.08307768, 0.7852673
2221662311000, -1.0647382, -0.11759156, 0.77457714
2221667310000, -0.97524637, -0.15577064, 0.7666359
2221672365000, -0.895223, -0.17104226, 0.77091193
2221677332000, -0.7965683, -0.19364429, 0.7696902
2221682247000, -0.7263188, -0.17440203, 0.7812967
2221687350000, -0.65118235, -0.18081611, 0.79045963
2221692247000, -0.6218608, -0.18173242, 0.81153446
2221697304000, -0.6032294, -0.20616703, 0.82650065
2221702293000, -0.58276546, -0.2556471, 0.8347474
2221707317000, -0.5510005, -0.2773328, 0.8405506
2221712254000, -0.5329799, -0.27550024, 0.8393288
2221717304000, -0.48502702, -0.2666427, 0.8313876
2221722367000, -0.4596761, -0.25534168, 0.8359691
2221727315000, -0.38087448, -0.18600847, 0.84788096
2221733055000, -0.35216382, -0.13713925, 0.8848383
2221737334000, -0.30879238, -0.09468412, 0.91751957
2221742316000, -0.25442538, -0.017715093, 0.9691377
2221747314000, -0.18936823, 0.035124753, 1.033584
2221752283000, -0.19303341, 0.057726767, 1.0968086
2221757280000, -0.19853121, 0.112399206, 1.1643091
2221762296000, -0.20219639, 0.15088372, 1.2177598
2221767330000, -0.22327125, 0.12339478, 1.2883148
2221772308000, -0.24831672, 0.03726278, 1.3888022
2221777326000, -0.2855795, 0.022602014, 1.5537357
2221782272000, -0.27183503, -0.09987647, 1.6190983
2221787324000, -0.25411993, -0.27000242, 1.6154331
2221792264000, -0.25992316, -0.36651915, 1.6438384
2221797324000, -0.2782491, -0.34391713, 1.6844609
2221802335000, -0.30482176, -0.37995818, 1.7140878
2221807239000, -0.34605515, -0.4129449, 1.7776178
2221812184000, -0.39461896, -0.3933972, 1.8964312
2221817224000, -0.40317106, -0.4092797, 1.920255
2221822206000, -0.41141775, -0.50854534, 1.922393
2221827235000, -0.42302418, -0.5870415, 1.9569068
2221832195000, -0.45234573, -0.643852, 1.9679024
2221837317000, -0.47342056, -0.6771441, 1.9853121
2221842201000, -0.48563787, -0.6933321, 2.0216584
2221847231000, -0.50976706, -0.68936145, 2.118786
2221852262000, -0.5137377, -0.655153, 2.2336287
2221857275000, -0.50915617, -0.68569624, 2.282498
2221862267000, -0.5103779, -0.72234815, 2.3017402
2221867263000, -0.5140431, -0.6774496, 2.327702
2221872696000, -0.49510628, -0.61666846, 2.3692408
2221877274000, -0.46303585, -0.52778757, 2.4294112
2221882244000, -0.40622538, -0.45173484, 2.4871378
2221887342000, -0.3494149, -0.40866885, 2.5228734
2221892432000, -0.29749137, -0.4025602, 2.5405886
2221897273000, -0.27000242, -0.3652974, 2.5363126
2221902350000, -0.2764165, -0.36132678, 2.519819
2221907294000, -0.28955013, -0.3848451, 2.5024095
2221912308000, -0.32650748, -0.42210788, 2.4761422
2221917311000, -0.38637227, -0.4279111, 2.4449883
2221922448000, -0.4541783, -0.40378192, 2.4092526
2221927346000, -0.48441613, -0.3203988, 2.3991733
2221932352000, -0.51068336, -0.21380283, 2.4077253
2221937417000, -0.528093, -0.03634648, 2.4495697
2221942550000, -0.49877146, -0.032375857, 2.4874432
2221947342000, -0.4990769, -0.0076358155, 2.4819455
2221954497000, -0.51159966, 0.1853976, 2.4782803
2221957343000, -0.5183192, 0.26939157, 2.4840834
2221962313000, -0.5320636, 0.44806966, 2.48164
2221967298000, -0.55955255, 0.63132924, 2.5011878
2221972427000, -0.59589905, 0.8023715, 2.4798074
2221977382000, -0.65179324, 0.9068295, 2.4123068
2221982306000, -0.6908886, 1.0112875, 2.3383923
2221987356000, -0.70738196, 1.1136073, 2.2953262
2221992315000, -0.70371675, 1.208597, 2.2171354
2221997243000, -0.7443393, 1.1658363, 2.0909917
2222002299000, -0.73914695, 1.1533136, 2.0048597
2222007426000, -0.7495316, 1.2052372, 2.000889
2222012317000, -0.74097955, 1.1872166, 1.8399261
2222017299000, -0.73823065, 1.1676689, 1.7406605
2222022362000, -0.74097955, 1.1530081, 1.7012597
2222027585000, -0.77824235, 1.171945, 1.6789632
2222032305000, -0.7742717, 1.208597, 1.6099354
2222037353000, -0.7788532, 1.1447614, 1.4416419
2222042313000, -0.8546005, 1.1093313, 1.3793337
2222047247000, -0.9279043, 1.1630874, 1.2712106
2222052300000, -0.9138544, 1.1404854, 1.1362094
2222057257000, -0.95569867, 1.0589349, 1.0818423
2222062314000, -0.98746365, 0.9963212, 0.9437868
2222067290000, -0.98746365, 0.97127575, 0.7620544
2222072346000, -0.96974856, 0.83169305, 0.68844515
2222077332000, -0.9233228, 0.7593055, 0.6038403
2222082313000, -0.8539896, 0.6621779, 0.45753807
2222087338000, -0.7837401, 0.50640726, 0.35735616
2222092312000, -0.6979135, 0.3576616, 0.27183503
2222097279000, -0.59986967, 0.18997909, 0.1695151
2222102303000, -0.528093, -0.0036651916, 0.08857546
2222107343000, -0.46670106, -0.13225232, -0.005497787
2222112311000, -0.41599923, -0.172264, -0.1328632
2222117324000, -0.36285394, -0.21410827, -0.20799962
2222122335000, -0.3475823, -0.29626966, -0.30176744
2222127786000, -0.31245756, -0.36713, -0.37323865
2222132305000, -0.24007004, -0.3915646, -0.45356745
2222137380000, -0.17348573, -0.40500367, -0.58368176
2222142311000, -0.116675265, -0.45845437, -0.70066243
2222147309000, -0.0720821, -0.5354234, -0.7519751
2222152304000, -0.018936822, -0.5525276, -0.8026769
2222157356000, 0.037873644, -0.6123924, -0.8582657
2222162333000, 0.07452556, -0.8042041, -0.82772243
2222167297000, 0.16920967, -0.8155051, -0.89766645
2222172337000, 0.19547687, -0.8063421, -0.9663888
2222177321000, 0.25595254, -0.84604836, -1.0720685
2222182306000, 0.28405234, -0.9221011, -1.135904
2222187355000, 0.33933565, -0.9972375, -1.1899655
2222192314000, 0.3894266, -1.0647382, -1.2385293
2222197935000, 0.44409904, -1.1090258, -1.2812898
2222202293000, 0.50335294, -1.2009611, -1.2831224
2222207318000, 0.571159, -1.2226468, -1.2883148
2222212338000, 0.636827, -1.2302825, -1.2950343
2222217368000, 0.7156286, -1.2379184, -1.2986995
2222222345000, 0.74036866, -1.235475, -1.3093897
2222227337000, 0.7883216, -1.2272283, -1.3164146
2222232348000, 0.8542951, -1.2311989, -1.3011429
2222237376000, 0.9086621, -1.2275337, -1.2968669
2222242330000, 0.9611965, -1.2333369, -1.244638
2222247348000, 1.0464121, -1.2684617, -1.1749994
2222252340000, 1.1282681, -1.3411547, -1.1099422
2222257364000, 1.2012665, -1.3884968, -1.02717
2222262327000, 1.2730432, -1.3634512, -0.9593639
2222267623000, 1.3298537, -1.3274102, -0.8738427
2222272318000, 1.4004086, -1.2809844, -0.77579886
2222277447000, 1.4501941, -1.215011, -0.7031059
2222282244000, 1.4886786, -1.1652255, -0.63194007
2222287363000, 1.5131133, -1.1655309, -0.5589417
2222292247000, 1.5335772, -1.17897, -0.49663344
2222297355000, 1.5415184, -1.1410962, -0.4529566
2222302307000, 1.577254, -1.133155, -0.39645153
2222307319000, 1.604743, -1.1187997, -0.3371976
2222312308000, 1.6377298, -1.1151345, -0.31887165
2222317384000, 1.6505579, -1.0430524, -0.26633725
2222322319000, 1.6722436, -1.0106765, -0.24770586
2222327348000, 1.7046194, -0.9789116, -0.22266038
2222332292000, 1.7153096, -0.88270026, -0.18509217
2222337355000, 1.7241671, -0.7791586, -0.16646078
2222342307000, 1.7415768, -0.7067711, -0.14446963
2222347339000, 1.7363845, -0.6704246, -0.12217305
2222352351000, 1.7476854, -0.62125, -0.10170906
2222357338000, 1.7366899, -0.5681047, -0.08032878
2222362359000, 1.72264, -0.4905248, -0.038179077
2222367309000, 1.6859881, -0.37965274, -0.03604105
2222372421000, 1.645671, -0.25259277, 0.00580322
2222377353000, 1.5992452, -0.13225232, 0.022907447
2222382329000, 1.5268577, -0.077579886, -0.0067195175
2222387345000, 1.4709635, 0.06505715, -0.03940081
2222392350000, 1.4074335, 0.15363261, -0.032375857
2222397351000, 1.320996, 0.16798794, -0.06414085
2222402339000, 1.2290609, 0.18845193, -0.08552113
2222407321000, 1.176221, 0.19853121, -0.10598512
2222412346000, 1.0830641, 0.21044308, -0.12675454
2222417382000, 1.0366384, 0.17989981, -0.17012598
2222422380000, 0.9575313, 0.15332718, -0.19730948
2222427337000, 0.8918633, 0.17806722, -0.24098633
2222432352000, 0.83260936, 0.14446963, -0.26358834
2222437354000, 0.77671516, 0.054061573, -0.31123585
2222442320000, 0.70005155, 0.063224554, -0.37293324
2222447309000, 0.63499445, 0.019547688, -0.41325033
2222452865000, 0.54244834, 0.015577064, -0.4529566
2222457323000, 0.453262, 0.04520403, -0.49296826
2222462314000, 0.38331795, 0.07238753, -0.52748215
2222467310000, 0.33017266, 0.06352998, -0.5525276
2222472332000, 0.28160888, 0.058643065, -0.58368176
2222477305000, 0.23732115, 0.051923547, -0.6102544
2222482306000, 0.1872302, 0.048258353, -0.63804877
2222487414000, 0.12064589, 0.03634648, -0.6658431
2222492316000, 0.0720821, 0.0580322, -0.6930266
2222497297000, -0.010995574, 0.06963864, -0.70921457
2222502302000, -0.067500606, 0.083383106, -0.7309003
2222507283000, -0.116980694, 0.08582657, -0.7367035
2222512311000, -0.1459968, 0.08155051, -0.7473936
2222517307000, -0.1853976, 0.059253927, -0.76052725
2222523078000, -0.21319197, 0.027794369, -0.76083267
2222527309000, -0.26145032, 0.007941248, -0.75625116
2222532303000, -0.24953845, -0.041233405, -0.7470882
2222537310000, -0.24220806, -0.06719518, -0.7440339
2222542314000, -0.2519819, -0.08582657, -0.74128497
2222547349000, -0.25381452, -0.10170906, -0.72326446
2222552302000, -0.23915374, -0.1142318, -0.7309003
2222557304000, -0.22540927, -0.12217305, -0.7199047
2222562314000, -0.22449298, -0.12950343, -0.72234815
2222567294000, -0.21227567, -0.118202426, -0.7128797
2222572354000, -0.2275473, -0.09407325, -0.7305948
2222577305000, -0.21624629, -0.08674286, -0.7510588
2222582300000, -0.22449298, -0.094989546, -0.75961095
2222587339000, -0.22876903, -0.13316862, -0.77763146
2222592633000, -0.2144137, -0.17989981, -0.79076505
2222597267000, -0.2171626, -0.23823744, -0.80664754
2222602302000, -0.18967366, -0.27275133, -0.82558435
2222607288000, -0.15424347, -0.32803464, -0.83108217
2222612315000, -0.1441642, -0.38026363, -0.8237518
2222617314000, -0.1151481, -0.44837508, -0.81000733
2222622340000, -0.09987647, -0.48716503, -0.816116
2222627300000, -0.10476339, -0.5177083, -0.8063421
2222632308000, -0.081855945, -0.5412266, -0.79443026
2222637346000, -0.07422013, -0.56077427, -0.7761043
2222642312000, -0.08124508, -0.5910121, -0.7620544
2222647302000, -0.081855945, -0.6218608, -0.7495316
2222652296000, -0.086437434, -0.61666846, -0.7504479
2222657322000, -0.07788532, -0.602924, -0.75625116
2222662247000, -0.06078109, -0.56382865, -0.76083267
2222667298000, -0.05589417, -0.52748215, -0.7779369
2222672321000, -0.038789943, -0.4783075, -0.79381937
2222677291000, -0.004581489, -0.43035457, -0.79504114
2222682322000, 0.03481932, -0.4175264, -0.77549344
2222687358000, 0.076358154, -0.42302418, -0.7458665
2222692294000, 0.13439035, -0.46914452, -0.70616025
2222697312000, 0.19211712, -0.5161811, -0.66798115
2222702278000, 0.2406809, -0.54061574, -0.64965516
2222707323000, 0.2706133, -0.5839872, -0.6102544
2222712242000, 0.30634892, -0.63224554, -0.56199604
2222717304000, 0.3472769, -0.68966687, -0.47891834
2222722323000, 0.37323865, -0.6640105, -0.44806966
2222727319000, 0.38056904, -0.63346726, -0.40622538
2222732251000, 0.38148534, -0.6395759, -0.35430184
2222737372000, 0.37048978, -0.5876524, -0.33964106
2222742251000, 0.3408628, -0.573297, -0.2919936
2222747316000, 0.29871312, -0.5458081, -0.26145032
2222752330000, 0.25381452, -0.52595496, -0.23365596
2222757333000, 0.18997909, -0.5155703, -0.20341812
2222762290000, 0.12522738, -0.48472157, -0.18692477
2222767290000, 0.0571159, -0.46486846, -0.18417588
2222772285000, -0.0143553335, -0.44043383, -0.17745635
2222777917000, -0.08552113, -0.45478916, -0.16279559
2222782291000, -0.14263703, -0.45234573, -0.15393804
2222787284000, -0.19761491, -0.40744713, -0.17012598
2222792290000, -0.27030787, -0.37904188, -0.20677789
2222797284000, -0.32467487, -0.36132678, -0.21380283
2222802272000, -0.34880406, -0.27580565, -0.22327125
2222807267000, -0.35735616, -0.18295415, -0.24129178
2222812476000, -0.32742378, -0.087659165, -0.2519819
2222817224000, -0.2996294, -0.005497787, -0.23579398
2222822537000, -0.2415972, -0.01160644, -0.24617869
2222827231000, -0.17837265, -0.029932396, -0.23243423
2222832175000, -0.12064589, -0.009162978, -0.22021692
2222837264000, -0.07788532, -0.021991149, -0.21991149
2222842181000, -0.03634648, -0.035430185, -0.21991149
2222847464000, 0.005497787, -0.04062254, -0.21074851
2222852269000, 0.026572637, -0.06414085, -0.2134974
2222857320000, 0.06383542, -0.09682214, -0.20158553
2222862268000, 0.11911872, -0.09987647, -0.19058995
2222867299000, 0.16829337, -0.14966199, -0.16615535
2222872367000, 0.20616703, -0.13103059, -0.19028452
2222877316000, 0.23823744, -0.15454891, -0.19730948
2222882329000, 0.26297748, -0.16584991, -0.20250183
2222887297000, 0.29138273, -0.15363261, -0.21868975
2222892315000, 0.3100141, -0.12797627, -0.22449298
2222897310000, 0.32284227, -0.106901415, -0.24709499
2222902300000, 0.3313944, -0.07941248, -0.25442538
2222907320000, 0.34391713, -0.050701816, -0.27580565
2222912311000, 0.3454443, -0.025961773, -0.28313604
2222917806000, 0.36071593, -0.03359759, -0.30207285
2222922355000, 0.3894266, -0.04917465, -0.30024028
2222927314000, 0.4175264, -0.061391957, -0.30695978
2222932310000, 0.44257188, -0.084910266, -0.31520647
2222937355000, 0.45081854, -0.10476339, -0.34513888
2222942362000, 0.45631635, -0.11942416, -0.37048978
2222947345000, 0.46822822, -0.10629055, -0.38331795
2222952350000, 0.4810564, -0.082161374, -0.40103304
2222957354000, 0.49571714, -0.061391957, -0.4083634
2222962339000, 0.4822781, -0.031154128, -0.41325033
2222967299000, 0.45998153, 0.014049901, -0.4251622
2222972437000, 0.45112398, 0.082161374, -0.44409904
2222977370000, 0.419359, 0.15149458, -0.47158796
2222982354000, 0.41447207, 0.12889257, -0.46517387
2222987391000, 0.3839288, 0.119729586, -0.4578435
2222992363000, 0.31948254, 0.18173242, -0.47250426
2222997277000, 0.25228736, 0.2171626, -0.47036624
2223002352000, 0.22204952, 0.29565877, -0.44898596
2223007314000, 0.15302174, 0.4792238, -0.4529566
2223012357000, 0.0693332, 0.6215554, -0.4615087
2223017379000, 0.04153884, 0.8020661, -0.4334089
2223022447000, 0.019547688, 0.99387777, -0.40225476
2223027337000, 0.01038471, 1.1688906, -0.36835176
2223032335000, 0.02107485, 1.3063353, -0.3371976
2223037616000, 0.071776666, 1.4590516, -0.31948254
2223042359000, 0.14813483, 1.6108516, -0.30115658
2223047247000, 0.2049453, 1.6691893, -0.2666427
2223052304000, 0.27091873, 1.6032158, -0.2125811
2223057305000, 0.3100141, 1.5161675, -0.17012598
2223062308000, 0.36041048, 1.461495, -0.13103059
2223067283000, 0.40317106, 1.4196508, -0.099571034
2223072339000, 0.42760566, 1.4443909, -0.0571159
2223077304000, 0.42149702, 1.509448, -0.02076942
2223082324000, 0.4279111, 1.6111571, 0.020463986
2223087378000, 0.4361578, 1.7223345, 0.06841691
2223092326000, 0.43982297, 1.7843374, 0.13530666
2223097312000, 0.43493605, 1.8237382, 0.16707164
2223102988000, 0.43279803, 1.8383989, 0.23182335
2223107322000, 0.4569272, 1.8383989, 0.2837469
2223112311000, 0.46914452, 1.7638733, 0.34605515
2223117299000, 0.4978552, 1.6517797, 0.40378192
2223122323000, 0.5149594, 1.518611, 0.4972443
2223127329000, 0.56077427, 1.3313808, 0.5867361
2223132311000, 0.6056729, 1.0793989, 0.65209866
2223137411000, 0.63132924, 0.79504114, 0.7275405
2223142351000, 0.6591236, 0.53969944, 0.8014552
2223147336000, 0.70402217, 0.32620203, 0.8707884
2223152347000, 0.7483099, 0.18020524, 0.92179567
2223157355000, 0.7910705, 0.116675265, 0.9502009
2223162349000, 0.77213365, 0.093462385, 0.95539325
2223167305000, 0.7452556, 0.07849618, 0.9615019
2223172398000, 0.6826419, 0.033292156, 0.93615097
2223177353000, 0.59895337, -0.02321288, 0.89827734
2223182327000, 0.52015173, -0.05589417, 0.8454375
2223187348000, 0.44073927, -0.05131268, 0.763887
2223192335000, 0.35185838, -0.028710667, 0.70524395
2223197353000, 0.29779682, 0.06291912, 0.66614854
2223202300000, 0.17806722, 0.1740966, 0.5876524
2223207356000, 0.043066, 0.35063666, 0.52656585
2223212262000, -0.09621128, 0.539394, 0.49021935
2223217298000, -0.22510384, 0.75625116, 0.44135013
2223222311000, -0.3659083, 0.93187493, 0.37812558
2223227311000, -0.5018258, 1.0894781, 0.3368922
2223232242000, -0.6236934, 1.2730432, 0.3408628
2223237322000, -0.7452556, 1.4517213, 0.37598756
2223242762000, -0.8078693, 1.5705346, 0.39553526
2223247312000, -0.8414669, 1.5387696, 0.39645153
2223252300000, -0.89736104, 1.3432927, 0.4007276
2223257324000, -0.947452, 1.0387764, 0.4642576
2223262312000, -0.9877691, 0.6123924, 0.54336464
2223267302000, -1.0235047, 0.13561209, 0.63163465
2223272663000, -1.0598512, -0.36071593, 0.7058548
2223277319000, -1.0873401, -0.7855727, 0.7672467
2223282298000, -1.1129965, -1.0989466, 0.782213
2223287313000, -1.112691, -1.2305881, 0.8017606
2223292295000, -1.0690142, -1.3891076, 0.8063421
2223297311000, -1.0479393, -1.4300356, 0.81061816
2223302441000, -1.0106765, -1.4373659, 0.80848014
2223307324000, -0.97310835, -1.4853189, 0.8081747
2223312420000, -0.93279123, -1.5800029, 0.7959574
2223317297000, -0.90316427, -1.6530013, 0.78893244
2223322306000, -0.89827734, -1.6062702, 0.7996226
2223327326000, -0.90469146, -1.4770721, 0.80878556
2223332282000, -0.91874135, -1.3206906, 0.8011498
2223337307000, -0.90285885, -1.1646146, 0.7987063
2223342248000, -0.872621, -1.0476339, 0.81183994
2223347314000, -0.8445212, -0.97310835, 0.84116143
2223352304000, -0.81214535, -0.9483683, 0.8695667
2223357327000, -0.77304995, -0.93309665, 0.8943067
2223362247000, -0.75808376, -0.979217, 0.8863655
2223367305000, -0.7351763, -0.93187493, 0.9074403
2223372321000, -0.7315111, -0.9098838, 0.91629785
2223377305000, -0.72295904, -0.89552844, 0.88086766
2223382247000, -0.6795876, -0.8313876, 0.8894198
2223387324000, -0.63407815, -0.73792523, 0.8597928
2223392251000, -0.6044512, -0.6908886, 0.8445212
2223397312000, -0.54428095, -0.6579019, 0.8026769
2223402280000, -0.4981606, -0.6068946, 0.76174897
2223407361000, -0.47342056, -0.5161811, 0.74006325
2223412313000, -0.45875978, -0.45356745, 0.6658431
2223417299000, -0.44440445, -0.39584067, 0.59559363
2223422369000, -0.3979787, -0.35338554, 0.50854534
2223429669000, -0.35124752, -0.32375857, 0.41080686
2223432313000, -0.3136793, -0.31948254, 0.34147367
2223437294000, -0.2770274, -0.2764165, 0.25961772
2223442317000, -0.24953845, -0.24129178, 0.1423316
2223447310000, -0.2434298, -0.2452624, 0.04428773
2223452307000, -0.22357668, -0.2180789, -0.01160644
2223457394000, -0.20189096, -0.19547687, -0.05222898
2223462324000, -0.17256944, -0.14508049, -0.10293079
2223467293000, -0.1423316, -0.13530666, -0.16462818
2223472412000, -0.11026118, -0.15851954, -0.24648413
2223477344000, -0.0729984, -0.19150625, -0.31337386
2223482304000, -0.056505036, -0.20708331, -0.35094208
2223487302000, -0.029932396, -0.21868975, -0.3747658
2223492315000, -0.0143553335, -0.19853121, -0.41813725
2223497771000, 0.009162978, -0.18875736, -0.44776422
2223502306000, 0.03848451, -0.17501289, -0.46975538
2223507323000, 0.053450707, -0.1740966, -0.48258355
2223512315000, 0.07391469, -0.14263703, -0.5009095
2223517293000, 0.071776666, -0.13194689, -0.50640726
2223522413000, 0.09010262, -0.112399206, -0.5112942
2223527335000, 0.09896017, -0.09621128, -0.5155703
2223532401000, 0.100792766, -0.093767814, -0.5137377
2223537288000, 0.10476339, -0.10842858, -0.50946164
2223542320000, 0.10873401, -0.112399206, -0.50946164
2223547276000, 0.1142318, -0.09621128, -0.50701815
2223552311000, 0.10354166, -0.058643065, -0.5012149
2223557253000, 0.10354166, -0.002443461, -0.49938235
2223562312000, 0.108123146, 0.03756821, -0.48166725
2223567882000, 0.10415252, 0.07941248, -0.46639562
2223572371000, 0.102319926, 0.12767084, -0.43096542
2223577332000, 0.08735373, 0.16157386, -0.39675698
2223582305000, 0.07849618, 0.15515977, -0.3707952
2223587323000, 0.076358154, 0.17012598, -0.35369098
2223592312000, 0.06566802, 0.14813483, -0.30085114
2223597296000, 0.041233405, 0.13958271, -0.27214047
2223602299000, 0.023823744, 0.12705997, -0.25595254
2223607284000, 0.0070249503, 0.14446963, -0.21930063
2223612273000, -0.014966198, 0.16523905, -0.17745635
2223617338000, -0.040011674, 0.17104226, -0.13103059
2223622337000, -0.07360926, 0.19181168, -0.12095132
2223627361000, -0.086132, 0.19853121, -0.09987647
2223632335000, -0.10781772, 0.19792034, -0.07696902
2223637548000, -0.14172074, 0.19700404, -0.057726767
2223642257000, -0.15943582, 0.19120082, -0.03573562
2223647315000, -0.1872302, 0.21838433, -0.03359759
2223652571000, -0.19730948, 0.23060162, -0.032070424
2223657322000, -0.19822577, 0.2489276, -0.021991149
2223662504000, -0.20769419, 0.24556783, -0.014049901
2223667294000, -0.21227567, 0.25992316, -0.009162978
2223672317000, -0.22174409, 0.2764165, -0.009773844
2223677304000, -0.21135938, 0.29016098, 0.0033597588
2223682241000, -0.19639318, 0.30634892, 0.0033597588
2223687299000, -0.18845193, 0.32253686, 0.0106901415
2223692253000, -0.17959438, 0.31306845, 0.022296581
2223697311000, -0.17715092, 0.3463606, 0.027488936
2223702317000, -0.15332718, 0.38026363, 0.038789943
2223707378000, -0.15057829, 0.37995818, 0.046731193
2223712270000, -0.1423316, 0.37934732, 0.052839845
2223717284000, -0.14752395, 0.4166101, 0.056199603
2223722357000, -0.13133603, 0.44104472, 0.06841691
2223727379000, -0.13316862, 0.43004912, 0.07574729
2223732279000, -0.12034045, 0.4373795, 0.07880162
2223737304000, -0.12767084, 0.44806966, 0.0852157
2223742313000, -0.11636983, 0.42394048, 0.08368854
2223747321000, -0.110872045, 0.39614612, 0.087964594
2223752371000, -0.108123146, 0.37140608, 0.09101892
2223757293000, -0.1020145, 0.33475417, 0.09040806
2223762309000, -0.10567969, 0.26450464, 0.090713486
2223767325000, -0.099265605, 0.21135938, 0.09437868
2223772348000, -0.09285152, 0.17806722, 0.09407325
2223777322000, -0.06872234, 0.16707164, 0.10781772
2223782309000, -0.060170226, 0.14813483, 0.11301007
2223787368000, -0.048563786, 0.15088372, 0.12675454
2223792320000, -0.03634648, 0.15363261, 0.121256754
2223797314000, -0.029626964, 0.15882497, 0.13439035
2223802279000, -0.03634648, 0.16371189, 0.1432479
2223807281000, -0.025350908, 0.16615535, 0.1414153
2223812371000, -0.03023783, 0.15577064, 0.14110987
2223817294000, -0.02107485, 0.14080444, 0.14569137
2223822585000, -0.02443461, 0.115453534, 0.14569137
2223827315000, -0.023823744, 0.087964594, 0.14905111
2223832308000, -0.021685716, 0.06505715, 0.14752395
2223837303000, -0.004581489, 0.03481932, 0.14446963
2223842321000, -0.011301007, 0.019547688, 0.13713925
2223847308000, -0.012217305, -9.162979E-4, 0.13652839
2223852309000, -0.005192355, -0.03848451, 0.12095132
2223857252000, -0.008552114, -0.061086524, 0.12675454
2223862313000, -0.0061086523, -0.07788532, 0.12308934
2223867298000, -0.018020526, -0.095294975, 0.11942416
2223872336000, -0.015271631, -0.09560041, 0.108123146
2223877258000, -0.021685716, -0.092240654, 0.10598512
2223882312000, -0.023518313, -0.07696902, 0.09712757
2223887289000, -0.038789943, -0.06994407, 0.0870483
2223892321000, -0.04795292, -0.079107046, 0.07269296
2223897246000, -0.048563786, -0.08399397, 0.06780604
2223902300000, -0.048258353, -0.108123146, 0.050701816
2223907286000, -0.03756821, -0.14813483, 0.04428773
2223912312000, -0.025961773, -0.18020524, 0.025961773
2223917344000, -0.00580322, -0.22143865, 0.014049901
2223922425000, -0.005192355, -0.25259277, 0.006414085
2223927355000, -0.022602014, -0.2510656, 0.0030543262
2223932308000, -0.035430185, -0.26236662, -0.013133603
2223937334000, -0.054367006, -0.2657264, -0.018020526
2223942319000, -0.06811147, -0.2565634, -0.023823744
2223947245000, -0.07666359, -0.22388211, -0.018020526
2223952306000, -0.08277224, -0.18234327, -0.005497787
2223957254000, -0.086132, -0.14355333, 0.004276057
2223962315000, -0.084910266, -0.122783914, 0.009162978
2223967298000, -0.07391469, -0.112399206, 0.022296581
2223972337000, -0.06505715, -0.106901415, 0.033292156
2223977318000, -0.036651913, -0.07880162, 0.03634648
2223982309000, -0.036651913, -0.042455133, 0.046731193
2223987342000, -0.022602014, -0.0106901415, 0.056199603
2223992315000, -0.010995574, 0.008246681, 0.0580322
2223997310000, -0.0018325958, 0.0143553335, 0.064751714
2224002298000, -0.0018325958, 0.012217305, 0.062308256
2224007324000, 3.0543262E-4, -0.0015271631, 0.06658431
2224012311000, 0.008246681, -0.03573562, 0.08827003
2224017295000, 0.03176499, -0.065973446, 0.08735373
2224022391000, 0.034208454, -0.09101892, 0.081855945
2224027327000, 0.03268129, -0.095294975, 0.08246681
2224032239000, 0.038179077, -0.092240654, 0.08124508
2224037320000, 0.04520403, -0.07391469, 0.069027774
2224042245000, 0.05497787, -0.06291912, 0.0693332
2224047310000, 0.062002823, -0.062308256, 0.07360926
2224052337000, 0.061086524, -0.04428773, 0.059864793
2224057324000, 0.058643065, -0.04917465, 0.048258353
2224062321000, 0.06291912, -0.04795292, 0.04153884
2224067303000, 0.063224554, -0.05589417, 0.041233405
2224072448000, 0.062308256, -0.039095376, 0.032375857
2224077302000, 0.057726767, -0.032070424, 0.029626964
2224082246000, 0.056505036, -0.022296581, 0.02107485
2224087313000, 0.05497787, -0.010079277, 0.024129177
2224092315000, 0.03848451, -0.004276057, 0.023518313
2224097305000, 0.034208454, 0.023823744, 0.015577064
2224102300000, 0.02443461, 0.028099801, 0.013744468
2224107318000, 0.022602014, 0.048563786, 0.02076942
2224112312000, 0.008552114, 0.05100725, 0.015882496
2224117295000, 0.011301007, 0.069027774, 0.019242255
2224122358000, -0.008246681, 0.07941248, 0.015882496
2224127314000, -0.005192355, 0.10354166, 0.029321533
2224132308000, -0.009162978, 0.13683382, 0.028405234
2224137300000, -0.012217305, 0.16798794, 0.015577064
2224142320000, -0.027183503, 0.19028452, 0.026267206
2224147309000, -0.026572637, 0.22143865, 0.028710667
2224152303000, -0.047647487, 0.24190263, 0.03634648
2224157333000, -0.055283304, 0.27091873, 0.03634648
2224162308000, -0.06841691, 0.2874121, 0.0290161
2224167295000, -0.08277224, 0.2941316, 0.027183503
2224172329000, -0.09682214, 0.30268374, 0.029321533
2224177306000, -0.10293079, 0.3118467, 0.03268129
2224182308000, -0.1151481, 0.31978795, 0.023518313
2224187304000, -0.1386664, 0.31764993, 0.015577064
2224192318000, -0.15974127, 0.33475417, 0.0076358155
2224197318000, -0.1695151, 0.35063666, 0.008552114
2224202305000, -0.16279559, 0.36010507, 0.0021380284
2224207255000, -0.17501289, 0.35827246, 6.1086525E-4
2224212313000, -0.17256944, 0.36102137, -0.0015271631
2224217294000, -0.16890424, 0.3820962, 0.019242255
2224222340000, -0.15118915, 0.36071593, 9.162979E-4
2224227310000, -0.1518, 0.34422258, -0.01038471
2224232312000, -0.16401732, 0.3491095, -0.0070249503
2224237329000, -0.14019357, 0.32986724, -0.0143553335
2224242310000, -0.1423316, 0.31978795, -0.010995574
2224247309000, -0.14049901, 0.30848694, -0.017715093
2224252301000, -0.12950343, 0.2910773, -0.016187929
2224257320000, -0.11942416, 0.2678644, -0.009773844
2224262315000, -0.11911872, 0.23915374, -0.011911872
2224267293000, -0.105374254, 0.22693644, -0.014660766
2224272299000, -0.099571034, 0.19242255, -0.009468411
2224277317000, -0.07788532, 0.18387043, -0.014966198
2224282305000, -0.07513642, 0.15668693, -0.01863139
2224287320000, -0.054367006, 0.13500121, -0.018020526
2224292280000, -0.035124753, 0.095294975, -0.02107485
2224297311000, -0.031154128, 0.062308256, -0.02443461
2224302267000, -0.023518313, 0.0290161, -0.022907447
2224307319000, -0.01985312, 0.013133603, -0.02565634
2224312271000, -0.0106901415, -0.018020526, -0.03359759
2224317315000, -0.0036651916, -0.03390302, -0.021685716
2224322350000, -9.162979E-4, -0.04917465, -0.018325957
2224327347000, 0.011301007, -0.070249505, -0.013744468
2224332253000, 0.011301007, -0.07941248, -0.01985312
2224337319000, 0.014966198, -0.07971791, -0.0125227375
2224342271000, 0.018325957, -0.08552113, -0.009773844
2224347310000, 0.019547688, -0.07391469, -0.008246681
2224352359000, 0.036957346, -0.06994407, -0.003970624
2224357324000, 0.030848695, -0.060170226, -9.162979E-4
2224362330000, 0.02565634, -0.0580322, 0.011911872
2224367286000, 0.022602014, -0.055283304, 0.010995574
2224372386000, 0.021685716, -0.0580322, 0.012217305
2224377325000, 0.013439035, -0.053145275, 0.02443461
2224382313000, 0.021380283, -0.055283304, 0.023518313
2224387310000, 0.014966198, -0.039095376, 0.018020526
2224392307000, 0.0015271631, -0.040927973, 0.024129177
2224397308000, 0.004276057, -0.029626964, 0.025961773
2224402662000, 0.011301007, -0.027794369, 0.027794369
2224407328000, 0.0027488936, -0.02687807, 0.031154128
2224412548000, 0.006414085, -0.011301007, 0.022907447
2224417290000, -0.009468411, -0.020158553, 0.014966198
2224422317000, -0.005497787, -0.015271631, 0.030848695
2224427306000, -0.0015271631, -0.015271631, 0.02107485
2224432245000, -0.0076358155, 0.002443461, 0.028710667
2224437320000, -0.01160644, 0.0061086523, 0.029932396
2224442325000, -0.018020526, 0.0030543262, 0.03359759
2224447309000, -0.02443461, 0.01740966, 0.028405234
2224452303000, -0.0290161, 0.022907447, 0.029932396
2224457318000, -0.03268129, 0.030543262, 0.03176499
2224462313000, -0.035430185, 0.024740042, 0.02687807
2224467293000, -0.028405234, 0.03176499, 0.028405234
2224472387000, -0.026572637, 0.046120327, 0.026572637
2224477387000, -0.03023783, 0.04184427, 0.025961773
2224482313000, -0.03573562, 0.03756821, 0.018325957
2224487295000, -0.019242255, 0.048563786, 0.024129177
2224492316000, -0.040011674, 0.05131268, 0.023823744
2224497311000, -0.03604105, 0.054367006, 0.015271631
2224502360000, -0.04062254, 0.051618114, 0.01740966
2224507317000, -0.03726278, 0.051618114, 0.0076358155
2224512355000, -0.043066, 0.055588737, 0.010995574
2224517356000, -0.03573562, 0.056199603, 0.012217305
2224522434000, -0.036651913, 0.06169739, 0.007941248
2224527358000, -0.048258353, 0.056199603, 0.008857546
2224532355000, -0.050396383, 0.06505715, 0.015882496
2224537336000, -0.051618114, 0.06383542, 0.009468411
2224542352000, -0.048258353, 0.07086037, 0.011301007
2224547329000, -0.047036625, 0.080634214, 0.01282817
2224552348000, -0.042455133, 0.07849618, 0.008552114
2224557349000, -0.04642576, 0.08124508, 0.01160644
2224562333000, -0.048258353, 0.08979719, 0.013439035
2224567296000, -0.04886922, 0.09437868, 0.0125227375
2224572446000, -0.06963864, 0.09407325, 0.01282817
2224577450000, -0.062308256, 0.10323623, 0.0125227375
2224582346000, -0.070554934, 0.100792766, 0.015577064
2224587322000, -0.07391469, 0.098043874, 0.010995574
2224592357000, -0.080634214, 0.09040806, 0.008552114
2224597283000, -0.07391469, 0.08979719, 0.016493361
2224602344000, -0.0711658, 0.09010262, 0.015271631
2224607252000, -0.071776666, 0.08857546, 0.012217305
2224612335000, -0.06291912, 0.093462385, 0.015271631
2224617276000, -0.058948494, 0.07941248, 0.015882496
2224622428000, -0.06872234, 0.07147124, 0.0143553335
2224627301000, -0.06414085, 0.06414085, 0.014049901
2224632317000, -0.05955936, 0.05009095, 0.015882496
2224637269000, -0.06414085, 0.047647487, 0.0125227375
2224642358000, -0.062308256, 0.032375857, 0.01282817
2224647268000, -0.05100725, 0.03604105, 0.01038471
2224652353000, -0.05497787, 0.032986723, 0.017715093
2224657308000, -0.055588737, 0.028405234, 0.018020526
2224662326000, -0.050701816, 0.020158553, 0.017104227
2224667345000, -0.05222898, 0.019242255, 0.01282817
2224672348000, -0.038789943, 0.009468411, 0.01160644
2224677306000, -0.05222898, 0.013439035, 0.010995574
2224682285000, -0.055283304, 0.01282817, 0.011911872
2224687286000, -0.044898596, 0.011301007, 0.008857546
2224692313000, -0.043982297, 0.01863139, 0.015577064
2224697302000, -0.043066, 0.0076358155, 0.005497787
2224702222000, -0.04337143, -3.0543262E-4, 0.006414085
2224707221000, -0.039095376, -0.010995574, 0.004886922
2224712208000, -0.04184427, -0.010995574, 3.0543262E-4
2224717267000, -0.03756821, -0.026267206, 0.0030543262
