#Rate of rotation around the x y z axes (Angular velocity).
#timestamp(ns),x,y,z(rad/s)
#Datetime: 15/05/2015 17:40:43
##########################################
#Activity: 8 - CSI - Car-Step in - 6s
#Subject ID: 53
#First Name: sub53
#Last Name: sub53
#Age: 27
#Height(cm): 186
#Weight(kg): 120
#Gender: Male
##########################################

@DATA
1208812696000, 0.03390302, -0.11178834, 0.037873644
1208817635000, 0.050701816, -0.112704635, 0.049480084
1208822625000, 0.049785517, -0.10781772, 0.046120327
1208827691000, 0.048563786, -0.112399206, 0.04917465
1208832596000, 0.042760566, -0.11026118, 0.053145275
1208837634000, 0.043066, -0.115453534, 0.057421334
1208842654000, 0.053145275, -0.11148291, 0.05467244
1208847635000, 0.044898596, -0.09987647, 0.04734206
1208852634000, 0.04062254, -0.09865474, 0.04734206
1208857675000, 0.040927973, -0.106595986, 0.04550946
1208862705000, 0.02687807, -0.10995574, 0.0421497
1208867647000, 0.03756821, -0.100792766, 0.04184427
1208872617000, 0.043066, -0.102319926, 0.035430185
1208877687000, 0.03359759, -0.10354166, 0.03726278
1208882641000, 0.03634648, -0.10293079, 0.03390302
1208887633000, 0.037873644, -0.102319926, 0.038789943
1208892659000, 0.043676864, -0.10995574, 0.040317107
1208897636000, 0.03940081, -0.106595986, 0.03756821
1208903334000, 0.043066, -0.10842858, 0.043066
1208907666000, 0.044898596, -0.109650314, 0.03481932
1208912701000, 0.049785517, -0.10140363, 0.03573562
1208917634000, 0.03634648, -0.106595986, 0.03634648
1208922630000, 0.039095376, -0.100792766, 0.040317107
1208927727000, 0.03390302, -0.09621128, 0.03726278
1208932611000, 0.029932396, -0.09987647, 0.0290161
1208937626000, 0.030848695, -0.08460484, 0.04153884
1208942673000, 0.018325957, -0.08399397, 0.032070424
1208947634000, 0.011911872, -0.092240654, 0.03176499
1208952635000, 0.015271631, -0.08399397, 0.04062254
1208957670000, 0.0125227375, -0.092240654, 0.03176499
1208962705000, 0.0143553335, -0.09010262, 0.029626964
1208967632000, 0.012217305, -0.06963864, 0.026572637
1208973332000, 0.0067195175, -0.08368854, 0.027183503
1208977768000, 0.005192355, -0.07880162, 0.027183503
1208982637000, -0.0036651916, -0.09743301, 0.03176499
1208987632000, 0.007330383, -0.09743301, 0.03268129
1208992668000, 0.0036651916, -0.10170906, 0.029932396
1208997654000, 0.010995574, -0.095294975, 0.023823744
1209002626000, 0.0076358155, -0.09040806, 0.0290161
1209007615000, 0.010995574, -0.09560041, 0.029321533
1209012692000, 0.011301007, -0.087964594, 0.022907447
1209017591000, 0.0036651916, -0.084910266, 0.018020526
1209022588000, 0.009162978, -0.0729984, 0.013133603
1209027689000, 0.017104227, -0.07971791, 0.01282817
1209032594000, 0.013439035, -0.0711658, 0.0036651916
1209037585000, 0.0106901415, -0.07971791, -9.162979E-4
1209042907000, 0.0061086523, -0.07238753, -9.162979E-4
1209047598000, 0.005497787, -0.070554934, -0.009468411
1209052587000, -0.0067195175, -0.076052725, -0.010995574
1209057608000, -0.015577064, -0.07788532, -0.0143553335
1209062664000, -0.014660766, -0.07727446, -0.015577064
1209067595000, -0.013133603, -0.0720821, -0.021991149
1209072584000, -0.023823744, -0.069027774, -0.01863139
1209077646000, -0.03573562, -0.06994407, -0.021685716
1209082595000, -0.0421497, -0.0720821, -0.02076942
1209087586000, -0.055588737, -0.0693332, -0.027183503
1209092619000, -0.056199603, -0.07391469, -0.032986723
1209097598000, -0.060170226, -0.0720821, -0.03359759
1209102586000, -0.061086524, -0.07147124, -0.03390302
1209107624000, -0.06261369, -0.06261369, -0.025961773
1209112874000, -0.06047566, -0.060170226, -0.033292156
1209117684000, -0.06841691, -0.05589417, -0.031154128
1209122582000, -0.058643065, -0.051923547, -0.034208454
1209127663000, -0.07238753, -0.048563786, -0.037873644
1209132587000, -0.070249505, -0.038789943, -0.03176499
1209137597000, -0.07391469, -0.025961773, -0.025350908
1209142618000, -0.058337633, -0.021991149, -0.02321288
1209147598000, -0.069027774, -0.017715093, -0.021991149
1209152586000, -0.056199603, -0.01038471, -0.0143553335
1209157608000, -0.055283304, -0.004581489, -0.012217305
1209162645000, -0.05009095, -0.01160644, -0.0070249503
1209167589000, -0.055588737, -0.01282817, 0.002443461
1209172582000, -0.044593163, -0.007330383, 0.010079277
1209177656000, -0.04062254, -0.014660766, 0.014049901
1209182612000, -0.038789943, -0.018936822, 0.018020526
1209187593000, -0.03634648, -0.024129177, 0.021991149
1209192618000, -0.01985312, -0.017715093, 0.025350908
1209197599000, -0.032070424, -0.01985312, 0.03390302
1209202585000, -0.018020526, -0.02321288, 0.03023783
1209207617000, -0.014966198, -0.024129177, 0.03573562
1209212671000, -0.011911872, -0.028405234, 0.037873644
1209217590000, -9.162979E-4, -0.03023783, 0.04886922
1209222581000, 0.008857546, -0.026267206, 0.044593163
1209228346000, 0.007330383, -0.028405234, 0.03848451
1209232590000, 0.026267206, -0.0290161, 0.04917465
1209237584000, 0.034513887, -0.028405234, 0.046731193
1209242618000, 0.050396383, -0.039095376, 0.046731193
1209247590000, 0.0580322, -0.037873644, 0.050701816
1209252623000, 0.05955936, -0.040927973, 0.046120327
1209257606000, 0.07391469, -0.04886922, 0.047647487
1209262681000, 0.07544186, -0.046120327, 0.04337143
1209267712000, 0.07574729, -0.050701816, 0.040317107
1209272606000, 0.07574729, -0.045814894, 0.044593163
1209277701000, 0.083383106, -0.04642576, 0.037873644
1209282641000, 0.07849618, -0.035124753, 0.03573562
1209287629000, 0.07574729, -0.032986723, 0.03940081
1209292612000, 0.082161374, -0.030543262, 0.040317107
1209298377000, 0.08277224, -0.029321533, 0.028710667
1209302592000, 0.06383542, -0.009162978, 0.030543262
1209307616000, 0.062308256, -0.011911872, 0.029321533
1209312697000, 0.058643065, -0.008246681, 0.025045475
1209317664000, 0.058337633, -0.014049901, 0.032070424
1209322600000, 0.047036625, -6.1086525E-4, 0.03359759
1209327642000, 0.05681047, -0.0027488936, 0.03023783
1209332590000, 0.042760566, -0.01038471, 0.033292156
1209337586000, 0.047036625, -0.013133603, 0.03481932
1209342621000, 0.04734206, -0.023823744, 0.038789943
1209347599000, 0.04734206, -0.024740042, 0.03940081
1209352590000, 0.04184427, -0.034208454, 0.038179077
1209357616000, 0.0421497, -0.040927973, 0.03359759
1209362666000, 0.04917465, -0.03176499, 0.03268129
1209368022000, 0.048563786, -0.042455133, 0.03390302
1209372585000, 0.040927973, -0.040317107, 0.037873644
1209377634000, 0.04062254, -0.032375857, 0.039095376
1209382588000, 0.03634648, -0.024129177, 0.033292156
1209387585000, 0.03481932, -0.021991149, 0.030543262
1209392615000, 0.021991149, -0.015882496, 0.026572637
1209397599000, 0.021991149, -0.018325957, 0.03268129
1209402588000, 0.008246681, -0.015882496, 0.02321288
1209407609000, 6.1086525E-4, -0.01985312, 0.011911872
1209412709000, -0.0061086523, -0.035430185, 0.006414085
1209417593000, -0.01863139, -0.037873644, 0.007330383
1209422582000, -0.032375857, -0.035124753, 0.003970624
1209427637000, -0.03848451, -0.044593163, 0.0033597588
1209432596000, -0.048563786, -0.042455133, -0.0070249503
1209437819000, -0.054061573, -0.040927973, -0.012217305
1209442622000, -0.061086524, -0.036651913, -0.013744468
1209447605000, -0.054367006, -0.0421497, -0.01282817
1209452587000, -0.047036625, -0.041233405, -0.0143553335
1209457611000, -0.04886922, -0.046120327, -0.01985312
1209462646000, -0.0421497, -0.061086524, -0.022907447
1209467630000, -0.03604105, -0.06078109, -0.018020526
1209472582000, -0.03390302, -0.0693332, -0.025961773
1209477640000, -0.03848451, -0.07544186, -0.025045475
1209482594000, -0.054061573, -0.07513642, -0.023518313
1209487632000, -0.061086524, -0.08002335, -0.022296581
1209492618000, -0.062002823, -0.0729984, -0.03573562
1209497603000, -0.06536258, -0.064751714, -0.038179077
1209502585000, -0.06872234, -0.035430185, -0.05100725
1209507643000, -0.08399397, -0.017104227, -0.053145275
1209512683000, -0.093462385, -0.009162978, -0.06169739
1209517592000, -0.10170906, 0.0067195175, -0.07147124
1209522577000, -0.109650314, 0.022296581, -0.07238753
1209527635000, -0.10934488, 0.028099801, -0.08032878
1209532610000, -0.1133155, 0.021991149, -0.08552113
1209537587000, -0.10476339, 0.017715093, -0.082161374
1209542627000, -0.101098195, 0.017715093, -0.08368854
1209547603000, -0.10140363, 0.015577064, -0.082161374
1209552588000, -0.10140363, 0.020158553, -0.08155051
1209557619000, -0.106595986, 0.026572637, -0.08032878
1209562628000, -0.110872045, 0.04520403, -0.087964594
1209567595000, -0.12003502, 0.06658431, -0.07513642
1209572586000, -0.13713925, 0.06658431, -0.06841691
1209577622000, -0.14752395, 0.052839845, -0.06414085
1209582597000, -0.16218472, 0.04428773, -0.0729984
1209587589000, -0.18600847, 0.07849618, -0.087964594
1209592603000, -0.20250183, 0.089491755, -0.08155051
1209597656000, -0.22418754, 0.09560041, -0.07941248
1209602544000, -0.25442538, 0.10170906, -0.087659165
1209607535000, -0.2782491, 0.119729586, -0.0852157
1209612518000, -0.29443705, 0.13194689, -0.10140363
1209617511000, -0.30390546, 0.1600467, -0.10751228
1209622769000, -0.32986724, 0.17715092, -0.12156218
1209627546000, -0.3378085, 0.18967366, -0.13072516
1209632511000, -0.32284227, 0.1740966, -0.13744467
1209637509000, -0.31764993, 0.16615535, -0.15149458
1209642545000, -0.31948254, 0.16768251, -0.14813483
1209647552000, -0.31490102, 0.19394971, -0.15363261
1209652582000, -0.30970868, 0.21991149, -0.16187929
1209657614000, -0.28955013, 0.2657264, -0.16615535
1209662638000, -0.29657507, 0.2996294, -0.1826487
1209667589000, -0.29168814, 0.32742378, -0.19517145
1209672565000, -0.2837469, 0.32711834, -0.20311269
1209677621000, -0.26175576, 0.33353242, -0.21166481
1209682569000, -0.27214047, 0.31703907, -0.22174409
1209687586000, -0.27397305, 0.28955013, -0.2321288
1209693296000, -0.29932398, 0.23762658, -0.22876903
1209697659000, -0.32070425, 0.20341812, -0.2302962
1209702619000, -0.37323865, 0.15363261, -0.22327125
1209707659000, -0.43157628, 0.12308934, -0.21899518
1209712679000, -0.4792238, 0.098043874, -0.21899518
1209717594000, -0.5213735, 0.09193522, -0.2144137
1209722593000, -0.5561928, 0.09773844, -0.19608775
1209727663000, -0.57910025, 0.086132, -0.18997909
1209732622000, -0.5919284, 0.07696902, -0.18448131
1209737622000, -0.6056729, 0.0580322, -0.17104226
1209742664000, -0.6087272, 0.051618114, -0.17104226
1209747631000, -0.6239988, 0.01985312, -0.16157386
1209752626000, -0.6209445, -0.005192355, -0.14935656
1209757653000, -0.6178902, -0.008552114, -0.14966199
1209762987000, -0.61636305, 0.0030543262, -0.13591751
1209767672000, -0.6209445, 0.024740042, -0.12950343
1209772624000, -0.6239988, 0.06414085, -0.11911872
1209777697000, -0.65209866, 0.10415252, -0.10354166
1209782643000, -0.6585127, 0.121256754, -0.082161374
1209787632000, -0.6771441, 0.13958271, -0.08307768
1209792663000, -0.6994407, 0.14721853, -0.0720821
1209797635000, -0.7128797, 0.12614368, -0.053450707
1209802625000, -0.72082096, 0.10751228, -0.03756821
1209807647000, -0.70402217, 0.09101892, -0.032986723
1209812823000, -0.6404922, 0.10903945, -0.046120327
1209817689000, -0.5674938, 0.16126843, -0.042455133
1209822629000, -0.4877759, 0.21319197, -0.067500606
1209827631000, -0.41599923, 0.26511553, -0.07147124
1209832642000, -0.37659842, 0.2959642, -0.07880162
1209837587000, -0.3313944, 0.30909783, -0.07360926
1209842616000, -0.3378085, 0.31856623, -0.064446285
1209847597000, -0.3475823, 0.3359759, -0.064446285
1209852590000, -0.3744604, 0.35918877, -0.061391957
1209857598000, -0.40378192, 0.39675698, -0.054367006
1209862665000, -0.43982297, 0.44073927, -0.052534413
1209867639000, -0.4886922, 0.49418998, -0.046731193
1209872580000, -0.5342017, 0.55771995, -0.05497787
1209877657000, -0.5626069, 0.61666846, -0.058337633
1209882600000, -0.59956425, 0.6747007, -0.06078109
1209887586000, -0.6215554, 0.7153232, -0.08124508
1209892666000, -0.63621616, 0.7425067, -0.08277224
1209897611000, -0.6554584, 0.75869465, -0.090713486
1209902640000, -0.66553766, 0.77946407, -0.10262536
1209907671000, -0.6737844, 0.7858781, -0.10140363
1209912739000, -0.68966687, 0.8008443, -0.098043874
1209917605000, -0.70554936, 0.8051204, -0.10842858
1209922624000, -0.7339546, 0.81214535, -0.1142318
1209927645000, -0.7816021, 0.81245077, -0.10629055
1209932602000, -0.820392, 0.8304713, -0.106595986
1209937953000, -0.86193085, 0.86162543, -0.12095132
1209942655000, -0.9120218, 0.86345804, -0.121256754
1209948333000, -0.9306532, 0.8894198, -0.12003502
1209952628000, -0.9569204, 0.89675015, -0.1160644
1209957581000, -0.9639453, 0.88514376, -0.112704635
1209962742000, -0.97341377, 0.88086766, -0.10629055
1209967610000, -0.9755518, 0.8717047, -0.124311075
1209972635000, -0.9618073, 0.86651236, -0.10354166
1209977674000, -0.95142263, 0.88056225, -0.086437434
1209982632000, -0.9550878, 0.89888823, -0.07513642
1209987628000, -0.9639453, 0.9309586, -0.063224554
1209992661000, -0.9896017, 0.9746355, -0.04337143
1209997651000, -1.0296134, 1.0268645, -0.030543262
1210002630000, -1.0659598, 1.0806206, -0.028405234
1210007627000, -1.1142182, 1.1236867, -0.025045475
1210012650000, -1.119716, 1.162782, -0.02321288
1210017618000, -1.1273518, 1.2137892, -0.02107485
1210022589000, -1.1184943, 1.2779301, -0.02565634
1210027642000, -1.1078042, 1.3179418, -0.038179077
1210032588000, -1.0821478, 1.351234, -0.03604105
1210037585000, -1.0595458, 1.359786, -0.03573562
1210042621000, -1.042747, 1.3723087, -0.03359759
1210047697000, -1.0290025, 1.3567317, -0.01863139
1210052586000, -1.0192287, 1.3420709, -0.0036651916
1210057641000, -1.0262536, 1.3017539, 0.01282817
1210062677000, -1.0418307, 1.2538009, 0.035430185
1210067689000, -1.0497719, 1.2260065, 0.042760566
1210072587000, -1.061073, 1.1795808, 0.07238753
1210077651000, -1.0626001, 1.1472049, 0.108123146
1210082588000, -1.071763, 1.1191051, 0.1441642
1210087706000, -1.0858129, 1.1206323, 0.15577064
1210092607000, -1.0867293, 1.1227703, 0.15424347
1210097613000, -1.07665, 1.128879, 0.14782938
1210102585000, -1.0290025, 1.151481, 0.13439035
1210107621000, -0.99112886, 1.1704178, 0.12736541
1210112668000, -0.9251554, 1.1676689, 0.12614368
1210117593000, -0.86284715, 1.1713341, 0.13591751
1210122582000, -0.82924956, 1.171945, 0.1518
1210127647000, -0.79137594, 1.187522, 0.1695151
1210132607000, -0.77579886, 1.2034045, 0.18295415
1210137589000, -0.7476991, 1.2137892, 0.19456059
1210142590000, -0.73548174, 1.212262, 0.22571471
1210147605000, -0.7324274, 1.1774428, 0.22999077
1210152586000, -0.6994407, 1.1258247, 0.24556783
1210157757000, -0.6930266, 1.0888673, 0.24709499
1210162634000, -0.7058548, 1.0549643, 0.22876903
1210167590000, -0.72387534, 1.0381655, 0.20799962
1210172592000, -0.7452556, 1.0235047, 0.17684549
1210177648000, -0.7687739, 1.0161743, 0.1386664
1210182608000, -0.77732605, 1.0485502, 0.10354166
1210187583000, -0.8002335, 1.0916162, 0.08368854
1210192632000, -0.8078693, 1.1539245, 0.08582657
1210197614000, -0.8240572, 1.2092078, 0.09865474
1210202590000, -0.8246681, 1.2690725, 0.12767084
1210207630000, -0.82986045, 1.3176364, 0.15577064
1210213006000, -0.8356637, 1.3469579, 0.16340645
1210217689000, -0.8567385, 1.3646729, 0.14477506
1210222599000, -0.8924741, 1.3836098, 0.10751228
1210227656000, -0.9370673, 1.3839152, 0.050396383
1210232598000, -0.979217, 1.378112, -0.027488936
1210237587000, -0.999681, 1.3594806, -0.06780604
1210242610000, -1.0451905, 1.3277156, -0.1423316
1210247612000, -1.1142182, 1.2873985, -0.21838433
1210252611000, -1.1881329, 1.2660183, -0.3115413
1210257627000, -1.246776, 1.3292428, -0.41172317
1210262707000, -1.2718215, 1.4193454, -0.5308419
1210267641000, -1.2159272, 1.5286902, -0.65301496
1210273394000, -1.1685852, 1.5409076, -0.7602218
1210277619000, -1.1646146, 1.425454, -0.84696466
1210282606000, -1.2547172, 1.2360858, -0.9092729
1210287588000, -1.4587462, 1.0360274, -0.9294315
1210292620000, -1.7629571, 0.9080512, -0.93309665
1210297618000, -2.0922134, 0.8970556, -0.9108001
1210302587000, -2.3741279, 0.9819659, -0.9126327
1210307622000, -2.5909848, 1.1120802, -0.9092729
1210312725000, -2.7391198, 1.2406673, -0.9089675
1210317691000, -2.8194485, 1.3368785, -0.86620694
1210322587000, -2.844494, 1.4077389, -0.7965683
1210327732000, -2.855795, 1.4605788, -0.7263188
1210332615000, -2.8548787, 1.4953982, -0.65240407
1210337625000, -2.8426614, 1.5570955, -0.60048056
1210343511000, -2.8075366, 1.5882497, -0.44440445
1210347640000, -2.7528641, 1.597718, -0.3943135
1210352631000, -2.751337, 1.6691893, -0.30115658
1210357658000, -2.7241535, 1.7724255, -0.21655174
1210362735000, -2.6438248, 1.7965547, -0.15057829
1210367629000, -2.5509732, 1.6713274, -0.103847094
1210372638000, -2.4764478, 1.3439035, -0.1301143
1210377715000, -2.4721715, 0.81397796, -0.16646078
1210382638000, -2.4706445, 0.25167647, -0.15118915
1210387624000, -2.463925, -0.22021692, -0.1020145
1210392659000, -2.4556782, -0.5830709, -0.026267206
1210397626000, -2.3976462, -0.7693848, 0.04550946
1210402627000, -2.2763894, -0.7461719, 0.0888809
1210407631000, -2.1453588, -0.54458636, 0.08307768
1210413321000, -2.0024164, -0.33383787, 0.050396383
1210417591000, -1.8170186, -0.17898351, 0.018325957
1210422626000, -1.6459764, -0.016493361, 0.018325957
1210427606000, -1.5173893, 0.057726767, -0.007941248
1210432608000, -1.4208726, 0.16890424, -0.0067195175
1210437564000, -1.387275, 0.23090707, -0.005192355
1210442676000, -1.3582588, 0.22082779, 0.016493361
1210447589000, -1.3539828, 0.15668693, 0.032986723
1210452629000, -1.3588698, 0.095294975, 0.058948494
1210457628000, -1.402852, 0.04337143, 0.09132435
1210462696000, -1.4477507, 0.022602014, 0.14019357
1210467627000, -1.4932601, 0.061086524, 0.20616703
1210472614000, -1.5338826, 0.13439035, 0.2764165
1210477675000, -1.5741998, 0.23396139, 0.35918877
1210482858000, -1.6352862, 0.35033122, 0.44073927
1210487614000, -1.7040086, 0.4456262, 0.52106804
1210492667000, -1.7669277, 0.52015173, 0.589485
1210497665000, -1.8112154, 0.5876524, 0.655153
1210502627000, -1.8274034, 0.63255095, 0.70066243
1210507732000, -1.8387043, 0.6386596, 0.7458665
1210512747000, -1.8234328, 0.5882632, 0.77091193
1210517954000, -1.7947221, 0.54244834, 0.7834347
1210522626000, -1.7278323, 0.48349985, 0.78984874
1210528936000, -1.6496416, 0.41447207, 0.79443026
1210532601000, -1.5726726, 0.38148534, 0.7910705
1210537614000, -1.5332718, 0.33383787, 0.786489
1210542668000, -1.4388931, 0.31978795, 0.7825184
1210547651000, -1.3545936, 0.29352075, 0.77671516
1210552645000, -1.2644911, 0.2770274, 0.7733554
1210557646000, -1.1921035, 0.2724459, 0.77518797
1210562664000, -1.1258247, 0.27855456, 0.7910705
1210567647000, -1.0793989, 0.30024028, 0.8127562
1210572664000, -1.02717, 0.32650748, 0.84207773
1210577653000, -1.0027353, 0.3820962, 0.8671232
1210582643000, -0.9807441, 0.48472157, 0.88697636
1210587665000, -0.9651671, 0.5290093, 0.9166033
1210592649000, -0.9459248, 0.571159, 0.94897914
1210598439000, -0.9251554, 0.6227771, 0.9651671
1210602626000, -0.9049969, 0.6621779, 0.96974856
1210607648000, -0.8793405, 0.70157874, 0.97005403
1210612793000, -0.8405506, 0.7312057, 0.9795224
1210617660000, -0.7812967, 0.77946407, 0.9630291
1210622607000, -0.7125743, 0.79198676, 0.9465357
1210627717000, -0.64476824, 0.85918194, 0.9239337
1210632576000, -0.57451874, 0.8958339, 0.9092729
1210637624000, -0.52870387, 0.93584555, 0.8949176
1210642582000, -0.46914452, 0.98532563, 0.8863655
1210647641000, -0.41905355, 1.0149527, 0.86742866
1210652567000, -0.3915646, 1.0476339, 0.8677341
1210657662000, -0.376293, 1.0742066, 0.8717047
1210662602000, -0.36987892, 1.0888673, 0.8943067
1210667783000, -0.37415496, 1.104139, 0.9285152
1210672586000, -0.3827071, 1.1068878, 0.9718866
1210677658000, -0.3921755, 1.1047498, 1.0241156
1210682596000, -0.40317106, 1.0735956, 1.0809261
1210687629000, -0.42577308, 1.0329732, 1.138042
1210692656000, -0.4654793, 0.9935723, 1.2018774
1210697639000, -0.49266282, 0.98624194, 1.2562444
1210703258000, -0.51923543, 0.9825767, 1.310306
1210707659000, -0.5500842, 1.0067059, 1.3536774
1210712612000, -0.5821546, 1.058324, 1.3952162
1210717630000, -0.6114761, 1.1282681, 1.4349225
1210722569000, -0.6044512, 1.1780536, 1.4532484
1210727708000, -0.6096435, 1.2819008, 1.4624114
1210732621000, -0.6221663, 1.3784174, 1.4752395
1210737630000, -0.63713247, 1.4404203, 1.4899004
1210742638000, -0.6444628, 1.4828753, 1.4957036
1210747620000, -0.6478226, 1.4850134, 1.5082263
1210752631000, -0.6398814, 1.4737124, 1.5012014
1210757671000, -0.6053675, 1.4202617, 1.5189165
1210762695000, -0.5626069, 1.3539828, 1.520749
1210767629000, -0.49846604, 1.2938126, 1.5302174
1210773035000, -0.41538838, 1.2544118, 1.5195273
1210777650000, -0.3436117, 1.2250903, 1.4941764
1210782633000, -0.29749137, 1.1982121, 1.4724907
1210787629000, -0.25045475, 1.1786644, 1.4385877
1210792657000, -0.22418754, 1.1591167, 1.3952162
1210797639000, -0.19364429, 1.1429288, 1.3637567
1210802635000, -0.16646078, 1.1218541, 1.3283265
1210807658000, -0.13408493, 1.1236867, 1.3109168
1210812699000, -0.10140363, 1.1184943, 1.3014483
1210817628000, -0.082161374, 1.131017, 1.287093
1210822635000, -0.0870483, 1.1417072, 1.2770138
1210827699000, -0.095294975, 1.142318, 1.2705997
1210832607000, -0.103847094, 1.1511755, 1.2483032
1210837692000, -0.11178834, 1.1872166, 1.2327261
1210842686000, -0.1432479, 1.2165382, 1.2113458
1210847595000, -0.15821409, 1.2403619, 1.187522
1210852630000, -0.18295415, 1.2519683, 1.1624765
1210857700000, -0.20799962, 1.2498302, 1.1520919
1210862759000, -0.22602014, 1.2226468, 1.1420126
1210867725000, -0.226631, 1.1792754, 1.144456
1210872613000, -0.22999077, 1.1499538, 1.1496484
1210877846000, -0.21991149, 1.1468995, 1.1456778
1210882660000, -0.20952678, 1.1661417, 1.1502593
1210887622000, -0.19181168, 1.2311989, 1.1462886
1210892620000, -0.19150625, 1.2904528, 1.1404854
1210897613000, -0.21135938, 1.3271047, 1.1325442
1210902587000, -0.22968534, 1.3683381, 1.1261301
1210907598000, -0.2669481, 1.3842206, 1.1246029
1210912697000, -0.29993483, 1.3912456, 1.112691
1210917574000, -0.34697145, 1.3744467, 1.1099422
1210922608000, -0.3643811, 1.3313808, 1.1074986
1210927647000, -0.38453966, 1.2782356, 1.0974194
1210932591000, -0.41447207, 1.2012665, 1.0897835
1210937610000, -0.43585235, 1.1349876, 1.0910053
1210942671000, -0.441961, 1.0882565, 1.087951
1210947636000, -0.46089783, 1.0567969, 1.0858129
1210952629000, -0.45753807, 1.0409144, 1.0858129
1210958384000, -0.48716503, 1.0250319, 1.0913107
1210962681000, -0.5180137, 1.0094548, 1.1010846
1210967632000, -0.54428095, 0.9816604, 1.1026118
1210972631000, -0.5748242, 0.94959, 1.0974194
1210977684000, -0.6044512, 0.9294315, 1.0760391
1210982628000, -0.6267477, 0.9257663, 1.0503827
1210987613000, -0.61453044, 0.92057395, 1.0210613
1210992766000, -0.600786, 0.92057395, 0.9978484
1210997641000, -0.59589905, 0.9056077, 0.9755518
1211002589000, -0.5852089, 0.8790351, 0.9682214
1211007676000, -0.57635134, 0.84421575, 0.9611965
1211012624000, -0.5907067, 0.8029824, 0.95233893
1211017631000, -0.59498274, 0.7812967, 0.95539325
1211022564000, -0.5891795, 0.77121735, 0.94989544
1211028510000, -0.600786, 0.7819075, 0.9297369
1211032570000, -0.5885687, 0.7867944, 0.9239337
1211037630000, -0.57940567, 0.82650065, 0.9242391
1211042593000, -0.5842926, 0.86162543, 0.926988
1211047643000, -0.5919284, 0.8848383, 0.9282097
1211052627000, -0.591623, 0.9074403, 0.9407325
1211057682000, -0.61391956, 0.91232723, 0.9443977
1211062744000, -0.6258314, 0.93401295, 0.94959
1211067615000, -0.63529986, 0.93554014, 0.95722586
1211072566000, -0.64721173, 0.95233893, 0.9621128
1211077612000, -0.6640105, 0.95172805, 0.9621128
1211082704000, -0.66889745, 0.96669424, 0.9615019
1211087670000, -0.70280045, 0.95142263, 0.9633345
1211092674000, -0.7348709, 0.94134337, 0.96577793
1211097970000, -0.7724391, 0.9147707, 0.95722586
1211102624000, -0.81061816, 0.8750645, 0.9663888
1211107589000, -0.8378017, 0.8576548, 0.9560041
1211112787000, -0.84513205, 0.8332202, 0.9477574
1211117588000, -0.84940815, 0.81153446, 0.94806284
1211122630000, -0.8527679, 0.79229224, 0.9428705
1211127646000, -0.8454375, 0.7733554, 0.95386606
1211132599000, -0.83108217, 0.77824235, 0.97097033
1211137605000, -0.81000733, 0.7874053, 0.9816604
1211142624000, -0.79443026, 0.8063421, 1.0033462
1211147648000, -0.7852673, 0.8472701, 1.0192287
1211152690000, -0.7724391, 0.89766645, 1.0332786
1211157630000, -0.7687739, 0.9651671, 1.0387764
1211162650000, -0.75747293, 1.0421361, 1.0280862
1211167730000, -0.7535023, 1.1123856, 1.0125091
1211172583000, -0.7348709, 1.1707232, 0.9969321
1211177650000, -0.6988298, 1.2394456, 0.9728029
1211182593000, -0.6600399, 1.2986995, 0.93401295
1211187587000, -0.6264423, 1.348485, 0.9049969
1211192620000, -0.6056729, 1.4141531, 0.8582657
1211197623000, -0.59620446, 1.4743233, 0.8249735
1211202592000, -0.5821546, 1.5039502, 0.8063421
1211207609000, -0.5656612, 1.5005904, 0.81306165
1211212678000, -0.57879484, 1.4877623, 0.8335256
1211217589000, -0.5900958, 1.4373659, 0.8436049
1211222583000, -0.5910121, 1.3710871, 0.8680395
1211227632000, -0.6105598, 1.2974777, 0.89919364
1211232592000, -0.623388, 1.2153164, 0.9230174
1211237566000, -0.6291912, 1.1355985, 0.94897914
1211242622000, -0.6032294, 1.0641272, 0.9624182
1211247949000, -0.5839872, 0.9947941, 0.96577793
1211252588000, -0.57848936, 0.90010995, 0.9767735
1211257648000, -0.5534439, 0.8051204, 0.9746355
1211262708000, -0.54244834, 0.7284568, 0.9801333
1211267862000, -0.5290093, 0.6795876, 0.9673051
1211272585000, -0.5204572, 0.6426302, 0.960891
1211277945000, -0.52687126, 0.62888575, 0.9437868
1211282594000, -0.5348125, 0.6038403, 0.91538155
1211287587000, -0.5571091, 0.59773165, 0.9059132
1211292619000, -0.59131753, 0.58123827, 0.88239485
1211297578000, -0.63163465, 0.56199604, 0.850019
1211302590000, -0.6609562, 0.5479461, 0.8216137
1211307625000, -0.6918049, 0.52687126, 0.7861836
1211312661000, -0.7125743, 0.52473325, 0.7516697
1211317601000, -0.70829827, 0.516792, 0.73426
1211322581000, -0.7021896, 0.5225952, 0.70157874
1211327613000, -0.6805039, 0.5513059, 0.659429
1211332600000, -0.63591075, 0.5708536, 0.625526
1211337589000, -0.60139686, 0.5879578, 0.59956425
1211342627000, -0.5558874, 0.6056729, 0.5739079
1211347597000, -0.5183192, 0.6114761, 0.54733527
1211353285000, -0.48349985, 0.6542367, 0.5103779
1211357635000, -0.45234573, 0.7180721, 0.47128254
1211362617000, -0.43035457, 0.77274454, 0.4364632
1211367602000, -0.4034765, 0.81031275, 0.41386122
1211372584000, -0.40683624, 0.8176431, 0.39064834
1211377646000, -0.40439278, 0.8014552, 0.38026363
1211382586000, -0.39828414, 0.7483099, 0.36774087
1211387655000, -0.39736784, 0.73945236, 0.35705075
1211392612000, -0.41080686, 0.7119634, 0.34269542
1211397614000, -0.41263947, 0.66767573, 0.34025195
1211402585000, -0.41050145, 0.6252206, 0.33017266
1211407663000, -0.41996986, 0.60903263, 0.3191771
1211412735000, -0.4156938, 0.56596667, 0.3100141
1211417641000, -0.4269948, 0.5158757, 0.29932398
1211423111000, -0.44990227, 0.46914452, 0.2929099
1211427625000, -0.52442783, 0.4718934, 0.28099802
1211432576000, -0.5354234, 0.47952923, 0.25411993
1211437584000, -0.5366451, 0.5009095, 0.23762658
1211442581000, -0.56321776, 0.52839845, 0.22785273
1211447600000, -0.57360244, 0.5354234, 0.23884831
1211452563000, -0.61911196, 0.56169057, 0.23151793
1211457618000, -0.6728681, 0.5821546, 0.24190263
1211462660000, -0.7296785, 0.6249151, 0.2574797
1211467630000, -0.81000733, 0.6713409, 0.2660318
1211472576000, -0.87781334, 0.7147123, 0.2678644
1211477620000, -0.9822713, 0.73364913, 0.258396
1211482585000, -1.1169671, 0.7528914, 0.23396139
1211487581000, -1.2492194, 0.75136423, 0.1957823
1211492987000, -1.3603969, 0.75747293, 0.16035213
1211497657000, -1.461495, 0.73639804, 0.099571034
1211502592000, -1.5173893, 0.75716746, 0.062308256
1211507620000, -1.561677, 0.75747293, 0.053145275
1211512997000, -1.5980235, 0.7312057, 0.026572637
1211517592000, -1.6710218, 0.7290677, 0.018325957
1211522590000, -1.6655241, 0.68691796, 0.022602014
1211527618000, -1.6676621, 0.636827, 0.008552114
1211532576000, -1.6572775, 0.57818395, -0.021685716
1211537589000, -1.6401732, 0.56596667, -0.044593163
1211542623000, -1.6081028, 0.59589905, -0.081855945
1211547604000, -1.5830573, 0.63224554, -0.118202426
1211552606000, -1.5335772, 0.6817256, -0.14172074
1211557609000, -1.4834863, 0.72387534, -0.15943582
1211562580000, -1.4175128, 0.7693848, -0.15118915
1211567587000, -1.3573426, 0.7870999, -0.13500121
1211572784000, -1.2999213, 0.8142834, -0.119729586
1211577591000, -1.2473868, 0.8567385, -0.106901415
1211582889000, -1.1954633, 0.9260717, -0.09132435
1211587620000, -1.1450669, 0.9837985, -0.08368854
1211592621000, -1.1074986, 1.0290025, -0.0693332
1211597611000, -1.0793989, 1.061073, -0.061391957
1211604430000, -1.0525209, 1.0894781, -0.035430185
1211607536000, -1.0231993, 1.1203269, -0.025961773
1211612527000, -1.0112875, 1.1499538, -0.020158553
1211617511000, -0.99112886, 1.1728612, -0.021991149
1211622505000, -1.0054842, 1.1808025, -0.055283304
1211627551000, -1.0516045, 1.215011, -0.1423316
1211632513000, -1.1160508, 1.2547172, -0.2687807
1211637510000, -1.178359, 1.3784174, -0.43310347
1211642585000, -1.2140946, 1.5528195, -0.6096435
1211647513000, -1.2345587, 1.7009543, -0.7901542
1211652597000, -1.2773192, 1.7696766, -0.9502009
1211657624000, -1.2977833, 1.7571539, -1.069625
1211662707000, -1.310306, 1.6450601, -1.1386528
1211667621000, -1.3365731, 1.4413365, -1.1597277
1211672579000, -1.3591752, 1.1814134, -1.1178834
1211678132000, -1.4321736, 0.9025534, -1.0387764
1211682597000, -1.5131133, 0.65576386, -0.91751957
1211687584000, -1.591304, 0.46792278, -0.7984009
1211692627000, -1.6484199, 0.39858958, -0.6927212
1211697584000, -1.6734654, 0.41813725, -0.6026186
1211702594000, -1.6676621, 0.46089783, -0.5213735
1211707617000, -1.6597209, 0.569021, -0.49602258
1211712748000, -1.6410894, 0.70463306, -0.44318274
1211717657000, -1.636508, 0.8353582, -0.4098906
1211722585000, -1.6377298, 0.9193522, -0.41263947
1211727600000, -1.642922, 0.95356065, -0.4266894
1211732594000, -1.6468927, 0.9486737, -0.45142943
1211737593000, -1.636508, 0.9104946, -0.46517387
1211742624000, -1.6154331, 0.84391034, -0.4905248
1211748322000, -1.6132951, 0.7672467, -0.5030475
1211752590000, -1.6310102, 0.68294734, -0.50823987
1211757616000, -1.6493362, 0.59650993, -0.49541172
1211762697000, -1.6701056, 0.5479461, -0.47708577
1211767621000, -1.6820174, 0.52534413, -0.45937067
1211772589000, -1.7165314, 0.50518554, -0.43951756
1211777645000, -1.7376062, 0.4914411, -0.4071417
1211782593000, -1.7574593, 0.49113566, -0.36957347
1211787591000, -1.7947221, 0.4999932, -0.3304781
1211792623000, -1.8298469, 0.50243664, -0.28710666
1211797575000, -1.8704693, 0.49388456, -0.2415972
1211802588000, -1.922393, 0.49266282, -0.21991149
1211807613000, -1.9370537, 0.4813618, -0.18234327
1211812687000, -1.9611828, 0.46975538, -0.13805555
1211817995000, -1.9868392, 0.4615087, -0.11362094
1211822582000, -2.010663, 0.47036624, -0.08857546
1211827627000, -2.0384574, 0.4908302, -0.07544186
1211832595000, -2.0363193, 0.50946164, -0.0720821
1211837567000, -2.0500638, 0.49571714, -0.07452556
1211842629000, -2.0549507, 0.47403142, -0.06994407
1211847630000, -2.081218, 0.45448375, -0.07269296
1211852588000, -2.1053472, 0.42332962, -0.074830994
1211857602000, -2.1111503, 0.36713, -0.0720821
1211862673000, -2.125811, 0.29046643, -0.083383106
1211867617000, -2.1297817, 0.20799962, -0.06658431
1211872584000, -2.150551, 0.12705997, -0.043066
1211877635000, -2.172237, 0.053450707, -0.03268129
1211882617000, -2.1713204, 0.021380283, 0.010079277
1211887593000, -2.1606305, 0.028099801, 0.05131268
1211892622000, -2.1429152, 0.0033597588, 0.099571034
1211897602000, -2.1355848, -0.017104227, 0.15699236
1211902587000, -2.1633792, -0.076358154, 0.1872302
1211907616000, -2.172237, -0.15363261, 0.21746802
1211912664000, -2.2024746, -0.21930063, 0.26328292
1211917591000, -2.2321017, -0.30940324, 0.2938262
1211922586000, -2.250733, -0.40958515, 0.31581733
1211927633000, -2.2412646, -0.49877146, 0.33444872
1211932598000, -2.2321017, -0.55863625, 0.35796702
1211937587000, -2.2174408, -0.59956425, 0.3652974
1211942600000, -2.207667, -0.61422503, 0.37965274
1211947610000, -2.2052236, -0.6188065, 0.38881573
1211952563000, -2.2018638, -0.61422503, 0.3930918
1211957626000, -2.2064452, -0.63163465, 0.39736784
1211962659000, -2.185065, -0.6921103, 0.4111123
1211967700000, -2.166739, -0.7266242, 0.42210788
1211972567000, -2.1255057, -0.72295904, 0.45204028
1211977638000, -2.1044307, -0.68875057, 0.46395215
1211982586000, -2.062892, -0.63591075, 0.48380527
1211987582000, -2.033876, -0.5885687, 0.49846604
1211992609000, -1.9898936, -0.54061574, 0.5018258
1211997601000, -1.9300288, -0.51251596, 0.505491
1212003192000, -1.8942931, -0.42821655, 0.5143485
1212007615000, -1.8438967, -0.3866777, 0.52626044
1212012614000, -1.7809776, -0.3371976, 0.5360342
1212017593000, -1.7101172, -0.29718593, 0.5332854
1212022589000, -1.6627752, -0.26847526, 0.52320606
1212027649000, -1.641395, -0.2489276, 0.50915617
1212032597000, -1.6313156, -0.23548855, 0.47586402
1212037663000, -1.625207, -0.21930063, 0.44226643
1212042622000, -1.611768, -0.21624629, 0.40653083
1212047594000, -1.5836681, -0.21166481, 0.35613444
1212052590000, -1.5503759, -0.21319197, 0.3210097
1212057620000, -1.5036448, -0.19211712, 0.2941316
1212062642000, -1.4602734, -0.14660765, 0.28130344
1212067584000, -1.4184291, -0.11453723, 0.27916542
1212074906000, -1.3817772, -0.13591751, 0.26908615
1212077646000, -1.3182472, -0.16310102, 0.26419923
1212082593000, -1.3136657, -0.22876903, 0.25473082
1212087595000, -1.2822062, -0.28038713, 0.2415972
1212092629000, -1.2702943, -0.30573806, 0.23273966
1212097612000, -1.2727377, -0.32589662, 0.23457226
1212102586000, -1.2696834, -0.31612277, 0.21868975
1212107616000, -1.2565498, -0.31581733, 0.22174409
1212112647000, -1.2452488, -0.31123585, 0.22174409
1212117606000, -1.2165382, -0.2761111, 0.21227567
1212122587000, -1.1777482, -0.2574797, 0.2049453
1212127616000, -1.1551461, -0.24465153, 0.18997909
1212132594000, -1.1212431, -0.22327125, 0.18173242
1212137583000, -1.1139128, -0.17531833, 0.15607607
1212142996000, -1.0952814, -0.15118915, 0.15485434
1212147599000, -1.0751228, -0.14782938, 0.15027285
1212152584000, -1.0491611, -0.15607607, 0.15241088
1212157621000, -1.0082331, -0.17837265, 0.15851954
1212162662000, -0.9819659, -0.23090707, 0.17898351
1212167591000, -0.93370754, -0.26358834, 0.19914207
1212172586000, -0.8854492, -0.25503623, 0.23762658
1212177646000, -0.8374963, -0.2302962, 0.24801129
1212182588000, -0.79534656, -0.1957823, 0.26419923
1212187582000, -0.7715228, -0.1863139, 0.27397305
1212192612000, -0.7684685, -0.160963, 0.2724459
1212197599000, -0.77213365, -0.1282817, 0.2657264
1212202585000, -0.77549344, -0.08582657, 0.25137106
1212207619000, -0.79412484, -0.049785517, 0.23457226
1212212769000, -0.84116143, -0.044898596, 0.22327125
1212217649000, -0.8671232, -0.06627888, 0.22418754
1212222591000, -0.838718, -0.106595986, 0.23548855
1212227644000, -0.77549344, -0.14172074, 0.2321288
1212232570000, -0.7049385, -0.172264, 0.23579398
1212237588000, -0.6536258, -0.1853976, 0.23243423
1212242595000, -0.61819565, -0.16401732, 0.22693644
1212247599000, -0.6038403, -0.14049901, 0.21746802
1212252566000, -0.58276546, -0.1001819, 0.2012801
1212257619000, -0.5549711, -0.040927973, 0.17867808
1212262625000, -0.5109888, 0.0021380284, 0.1469131
1212267589000, -0.45937067, 0.048258353, 0.10842858
1212272595000, -0.40408736, 0.07788532, 0.06566802
1212277619000, -0.34025195, 0.09590584, 0.034513887
1212282600000, -0.2657264, 0.106595986, 0.0033597588
1212287585000, -0.21991149, 0.11178834, -0.02076942
1212292760000, -0.16768251, 0.100792766, -0.027794369
1212297603000, -0.14110987, 0.084910266, -0.030543262
1212302590000, -0.09590584, 0.07971791, -0.024740042
1212307621000, -0.054367006, 0.07819075, -0.01282817
1212312691000, -0.004886922, 0.071776666, 0.0076358155
1212317685000, 0.050701816, 0.08307768, 0.028710667
1212322580000, 0.109650314, 0.08582657, 0.064446285
1212328263000, 0.16615535, 0.11026118, 0.09193522
1212332596000, 0.21899518, 0.13591751, 0.11759156
1212337585000, 0.27152961, 0.15851954, 0.13958271
1212342627000, 0.30634892, 0.183565, 0.16401732
1212347598000, 0.3390302, 0.21655174, 0.18112154
1212352594000, 0.3735441, 0.23304509, 0.18570304
1212357621000, 0.42424592, 0.23945917, 0.18906279
1212362837000, 0.44501534, 0.21227567, 0.1863139
1212367574000, 0.46211955, 0.17592919, 0.18997909
1212372587000, 0.46822822, 0.16737708, 0.19547687
1212377620000, 0.49846604, 0.1826487, 0.1994475
1212382596000, 0.52503866, 0.19639318, 0.20830505
1212387595000, 0.5757405, 0.2003638, 0.21166481
1212392625000, 0.623388, 0.24220806, 0.21960606
1212398375000, 0.6450737, 0.28496864, 0.23823744
1212402589000, 0.67164636, 0.3005457, 0.25045475
1212407617000, 0.66889745, 0.29932398, 0.269697
1212412704000, 0.6618725, 0.2779437, 0.2950479
1212417711000, 0.64751714, 0.23762658, 0.33322698
1212422593000, 0.62949663, 0.19486602, 0.35735616
1212427650000, 0.6160576, 0.13683382, 0.40469822
1212432593000, 0.59559363, 0.074830994, 0.4550946
1212437586000, 0.57604593, 0.019547688, 0.5030475
1212442620000, 0.5717699, -0.028405234, 0.5522222
1212447602000, 0.55741453, -0.056199603, 0.60994893
1212452586000, 0.5662721, -0.067500606, 0.6649268
1212457620000, 0.571159, -0.08002335, 0.7049385
1212462653000, 0.5757405, -0.0852157, 0.7501425
1212468021000, 0.57818395, -0.08582657, 0.768163
1212472585000, 0.5687156, -0.099265605, 0.79320854
1212477609000, 0.571159, -0.11178834, 0.8173377
1212482589000, 0.5714644, -0.112704635, 0.8268061
1212487587000, 0.5665775, -0.12186762, 0.82436264
1212492651000, 0.58062744, -0.11484267, 0.80756384
1212497661000, 0.5928447, -0.0842994, 0.77549344
1212502564000, 0.6059783, -0.07269296, 0.73823065
1212507663000, 0.6270532, -0.0571159, 0.70280045
1212512642000, 0.6453791, -0.04337143, 0.675617
1212517649000, 0.64812803, -0.031154128, 0.63224554
1212522586000, 0.63438356, -0.032986723, 0.5861252
1212527702000, 0.6423248, -0.030543262, 0.52656585
1212532563000, 0.6585127, -0.027183503, 0.47861293
1212537729000, 0.6750061, -0.025045475, 0.4352415
1212542586000, 0.7079928, -0.042455133, 0.3827071
1212547646000, 0.75594574, -0.03970624, 0.3436117
1212552571000, 0.7852673, -0.051923547, 0.301462
1212557648000, 0.8210029, -0.058948494, 0.2782491
1212562616000, 0.84940815, -0.0711658, 0.26358834
1212567654000, 0.8720101, -0.09101892, 0.24465153
1212572621000, 0.8790351, -0.10781772, 0.25259277
1212577660000, 0.8570439, -0.13194689, 0.25473082
1212582615000, 0.8228355, -0.14110987, 0.269697
1212587646000, 0.79504114, -0.17867808, 0.28344148
1212592999000, 0.77640975, -0.20708331, 0.3210097
1212597672000, 0.72784597, -0.20799962, 0.3286455
1212602561000, 0.71959925, -0.20738874, 0.32986724
1212607570000, 0.6783658, -0.20341812, 0.32467487
1212612744000, 0.64568454, -0.15363261, 0.33933565
1212617534000, 0.6239988, -0.119729586, 0.34269542
1212622715000, 0.60994893, -0.09743301, 0.3313944
1212627553000, 0.59650993, -0.07269296, 0.3387248
1212632808000, 0.59620446, -0.05009095, 0.3173445
1212637531000, 0.59986967, -0.020463986, 0.29993483
1212642550000, 0.59803706, -0.0070249503, 0.27947086
1212647531000, 0.61575216, 0.017715093, 0.27458394
1212652515000, 0.6178902, 0.03848451, 0.27488935
1212657566000, 0.6221663, 0.05955936, 0.24678956
1212662532000, 0.5873469, 0.074830994, 0.22449298
1212667535000, 0.5213735, 0.0888809, 0.19914207
1212672498000, 0.46609017, 0.10720685, 0.15943582
1212677611000, 0.37507126, 0.1563815, 0.129198
1212682601000, 0.3213151, 0.16554448, 0.060170226
1212687627000, 0.28985557, 0.16584991, 0.03176499
1212692635000, 0.2574797, 0.1966986, -0.01863139
1212697588000, 0.23304509, 0.21380283, -0.09132435
1212702602000, 0.21930063, 0.24312437, -0.14782938
1212707632000, 0.22876903, 0.28802297, -0.2049453
1212712662000, 0.2406809, 0.33414328, -0.2874121
1212717595000, 0.24984388, 0.43768495, -0.3463606
1212723174000, 0.2764165, 0.5534439, -0.38759398
1212727655000, 0.29993483, 0.67073005, -0.44776422
1212732584000, 0.31215215, 0.79626286, -0.4728097
1212737634000, 0.35063666, 0.9120218, -0.47708577
1212742667000, 0.41050145, 0.96669424, -0.48166725
1212747616000, 0.45631635, 0.9492846, -0.47891834
1212752638000, 0.4978552, 0.89644474, -0.43890667
1212757658000, 0.5561928, 0.8185594, -0.39767328
1212762774000, 0.61391956, 0.7556403, -0.34055737
1212767625000, 0.6646214, 0.6979135, -0.267559
1212772631000, 0.689056, 0.61269784, -0.20799962
1212777655000, 0.70829827, 0.5861252, -0.18234327
1212782639000, 0.6948592, 0.57848936, -0.17959438
1212787566000, 0.6844745, 0.6065892, -0.18142697
1212793209000, 0.65209866, 0.6976081, -0.1863139
1212797575000, 0.5891795, 0.71929383, -0.19394971
1212802631000, 0.57971114, 0.7626653, -0.21685717
1212807620000, 0.5546656, 0.77732605, -0.2510656
1212812790000, 0.5320636, 0.75533485, -0.26816985
1212817689000, 0.5149594, 0.71837753, -0.26939157
1212822634000, 0.5128214, 0.66675943, -0.27214047
1212827670000, 0.48288897, 0.63499445, -0.26328292
1212832604000, 0.44684792, 0.61941737, -0.2669481
1212837778000, 0.41233405, 0.61391956, -0.2666427
1212842668000, 0.35705075, 0.6337727, -0.26389378
1212847576000, 0.3023783, 0.6478226, -0.2706133
1212852637000, 0.24587326, 0.6731735, -0.26908615
1212857598000, 0.1863139, 0.6814202, -0.26725355
1212863111000, 0.14569137, 0.6924158, -0.26053402
1212867652000, 0.10445796, 0.68600166, -0.24556783
1212872606000, 0.0720821, 0.66706485, -0.22296582
1212877624000, 0.03390302, 0.6591236, -0.19364429
1212882618000, 0.0021380284, 0.63041294, -0.17989981
1212887601000, -0.015271631, 0.5885687, -0.14538592
1212892677000, -0.047647487, 0.56291234, -0.10842858
1212897645000, -0.08460484, 0.54336464, -0.076052725
1212902633000, -0.113926366, 0.5458081, -0.048258353
1212907660000, -0.1441642, 0.5421429, -0.0067195175
1212912762000, -0.15882497, 0.5314528, 0.025045475
1212917750000, -0.15088372, 0.5112942, 0.04550946
1212922627000, -0.14110987, 0.47555858, 0.07696902
1212927631000, -0.12492194, 0.44990227, 0.108123146
1212932595000, -0.100792766, 0.44318274, 0.11178834
1212937586000, -0.0711658, 0.4550946, 0.1282817
1212942623000, -0.052839845, 0.45020768, 0.14355333
1212947601000, -0.045814894, 0.441961, 0.16310102
1212952587000, -0.052839845, 0.41599923, 0.1777618
1212957643000, -0.07086037, 0.38026363, 0.17867808
1212962695000, -0.09773844, 0.34025195, 0.18661933
1212967676000, -0.13072516, 0.29168814, 0.19211712
1212972587000, -0.18936823, 0.2321288, 0.18387043
1212978443000, -0.23060162, 0.21288654, 0.18234327
1212982594000, -0.24404067, 0.18997909, 0.18448131
1212987585000, -0.28527406, 0.19364429, 0.18295415
1212992609000, -0.31795537, 0.21288654, 0.18906279
1212997602000, -0.35033122, 0.22693644, 0.19517145
1213002607000, -0.36987892, 0.25137106, 0.20677789
1213007617000, -0.37843102, 0.27672195, 0.21227567
1213012701000, -0.3585779, 0.29443705, 0.22357668
1213017631000, -0.33261612, 0.31337386, 0.22021692
1213022569000, -0.33536503, 0.31581733, 0.2275473
1213027613000, -0.3368922, 0.31215215, 0.22693644
1213032570000, -0.3622431, 0.29565877, 0.22632557
1213037588000, -0.39614612, 0.27763826, 0.20738874
1213042599000, -0.40958515, 0.25534168, 0.19425514
1213048101000, -0.39858958, 0.22907446, 0.19181168
1213052594000, -0.3979787, 0.2098322, 0.1872302
1213057607000, -0.39522982, 0.21227567, 0.18142697
1213062705000, -0.39064834, 0.20647246, 0.17745635
1213067722000, -0.36865717, 0.20830505, 0.17379116
1213072668000, -0.3753767, 0.22327125, 0.17898351
1213077622000, -0.37415496, 0.23060162, 0.17684549
1213082737000, -0.3717115, 0.25320363, 0.17501289
1213087581000, -0.3753767, 0.25411993, 0.17165314
1213092594000, -0.3924809, 0.25992316, 0.17134771
1213097662000, -0.40683624, 0.27397305, 0.16462818
1213102590000, -0.40591997, 0.31795537, 0.15851954
1213107618000, -0.4092797, 0.3313944, 0.16218472
1213112769000, -0.42821655, 0.33505958, 0.14782938
1213118258000, -0.42088616, 0.35369098, 0.1459968
1213122583000, -0.44837508, 0.34147367, 0.15302174
1213127619000, -0.44135013, 0.3182608, 0.15485434
1213132596000, -0.45051312, 0.28130344, 0.15668693
1213137581000, -0.4636467, 0.23854288, 0.16218472
1213142612000, -0.4633413, 0.22204952, 0.15363261
1213147646000, -0.44684792, 0.20738874, 0.16340645
1213152590000, -0.4343252, 0.19761491, 0.17165314
1213157609000, -0.4260785, 0.21074851, 0.17134771
1213162728000, -0.4166101, 0.22999077, 0.16126843
1213167667000, -0.39736784, 0.25167647, 0.15821409
1213172581000, -0.36865717, 0.26542094, 0.15454891
1213177608000, -0.3475823, 0.2950479, 0.15454891
1213182603000, -0.31764993, 0.3100141, 0.15241088
1213187875000, -0.27488935, 0.3368922, 0.13988814
1213192627000, -0.2489276, 0.3567453, 0.13927728
1213197608000, -0.23365596, 0.37507126, 0.13439035
1213202591000, -0.21685717, 0.36957347, 0.1282817
1213207622000, -0.204029, 0.3643811, 0.12980886
1213212674000, -0.20066923, 0.3491095, 0.13225232
1213217588000, -0.18478674, 0.32375857, 0.12950343
1213222587000, -0.160963, 0.2837469, 0.122783914
1213227605000, -0.15424347, 0.2302962, 0.12095132
1213232598000, -0.14446963, 0.15943582, 0.12095132
1213237587000, -0.12308934, 0.089491755, 0.13194689
1213242620000, -0.11728613, 0.016187929, 0.13775012
1213247592000, -0.10567969, -0.058948494, 0.15882497
1213252592000, -0.10476339, -0.11056661, 0.17989981
1213257628000, -0.103847094, -0.1328632, 0.20311269
1213262703000, -0.122783914, -0.115453534, 0.2134974
1213267673000, -0.129198, -0.07727446, 0.22968534
1213272593000, -0.13988814, -0.048258353, 0.2406809
1213277632000, -0.15699236, 0.03634648, 0.26419923
1213282648000, -0.17562376, 0.12736541, 0.27672195
1213287614000, -0.19456059, 0.20586158, 0.29168814
1213292621000, -0.22388211, 0.23548855, 0.2874121
1213297802000, -0.23976462, 0.23823744, 0.28924468
1213302590000, -0.2507602, 0.21960606, 0.2883284
1213307622000, -0.26358834, 0.1826487, 0.27763826
1213312713000, -0.26175576, 0.1459968, 0.2678644
1213317655000, -0.25503623, 0.103847094, 0.24129178
1213322587000, -0.24617869, 0.061391957, 0.21899518
1213327724000, -0.22266038, 0.03176499, 0.19761491
1213332592000, -0.19608775, 0.0036651916, 0.17440203
1213337675000, -0.16829337, -0.019547688, 0.15454891
1213342619000, -0.1441642, -0.038179077, 0.14569137
1213347603000, -0.12370021, -0.06078109, 0.13194689
1213352587000, -0.09254608, -0.062308256, 0.13041973
1213357609000, -0.057726767, -0.07513642, 0.13469578
1213362714000, -0.018325957, -0.065973446, 0.13622294
1213367682000, -6.1086525E-4, -0.045814894, 0.14019357
1213373154000, 0.0143553335, -0.042760566, 0.14569137
1213377636000, 0.022907447, -0.021380283, 0.14752395
1213382584000, 0.022907447, 0.0027488936, 0.13805555
1213387584000, 0.01985312, 0.008552114, 0.14263703
1213392590000, 0.030848695, 6.1086525E-4, 0.14019357
1213397606000, 0.028710667, -0.0030543262, 0.12950343
1213402566000, 0.023518313, -0.021685716, 0.12217305
1213407672000, 0.02321288, -0.023823744, 0.12644911
1213412670000, 0.016798794, -0.01282817, 0.12370021
1213417670000, 0.0076358155, 0.025961773, 0.116675265
1213422619000, 0.018936822, 0.052534413, 0.11911872
1213427628000, 0.028405234, 0.07513642, 0.129198
1213432625000, 0.027183503, 0.0870483, 0.14019357
1213437586000, 0.027183503, 0.0888809, 0.15515977
1213443379000, 0.028710667, 0.07422013, 0.17379116
1213447602000, 0.015271631, 0.057726767, 0.19517145
1213452568000, -9.162979E-4, 0.030848695, 0.21502456
1213457611000, -0.007330383, -0.0015271631, 0.22602014
1213462755000, -0.01863139, -0.028099801, 0.23793201
1213467664000, -0.019547688, -0.034513887, 0.24037547
1213472587000, -0.02687807, -0.04153884, 0.24007004
1213477621000, -0.03145956, -0.05131268, 0.23701571
1213482600000, -0.028099801, -0.049480084, 0.22082779
1213487586000, -0.015882496, -0.043676864, 0.20922135
1213492621000, -0.0076358155, -0.040927973, 0.19272798
1213497596000, -0.004581489, -0.073303826, 0.17440203
1213502592000, 0.0125227375, -0.13561209, 0.16218472
1213507612000, 0.043982297, -0.22540927, 0.1441642
1213513144000, 0.062308256, -0.31948254, 0.11759156
1213517587000, 0.08307768, -0.39736784, 0.10445796
1213522590000, 0.0870483, -0.42913285, 0.09407325
1213527611000, 0.08155051, -0.4260785, 0.08368854
1213532645000, 0.0729984, -0.40378192, 0.086132
1213537594000, 0.058337633, -0.36010507, 0.08277224
1213542678000, 0.04734206, -0.28863382, 0.08277224
1213547593000, 0.031154128, -0.25381452, 0.08093964
1213552629000, 0.021380283, -0.22204952, 0.101098195
1213557633000, 0.030848695, -0.21471913, 0.11453723
1213562760000, 0.0143553335, -0.23396139, 0.13958271
1213567604000, 0.0106901415, -0.26145032, 0.15393804
1213572589000, -0.0036651916, -0.31520647, 0.172264
1213577641000, -0.011911872, -0.3707952, 0.1826487
1213582603000, -0.01282817, -0.4089743, 0.19517145
1213587584000, -0.018936822, -0.4392121, 0.19975294
1213592619000, -0.028405234, -0.44501534, 0.19181168
1213597601000, -0.029321533, -0.4382958, 0.18570304
1213602586000, -0.026572637, -0.4279111, 0.16584991
1213607622000, -0.02107485, -0.43554693, 0.13622294
1213612708000, -0.013133603, -0.48166725, 0.12705997
1213617675000, -0.0061086523, -0.5742133, 0.10903945
1213622652000, -0.0106901415, -0.70280045, 0.103847094
1213627641000, -3.0543262E-4, -0.8173377, 0.10323623
1213632606000, 9.162979E-4, -0.9147707, 0.11026118
1213637589000, -0.008857546, -0.9602802, 0.11789699
1213642615000, -0.032375857, -0.96944314, 0.12522738
1213647603000, -0.031154128, -0.9584476, 0.12889257
1213652628000, -0.053145275, -0.9282097, 0.1459968
1213657616000, -0.07086037, -0.9071349, 0.15851954
1213662785000, -0.09712757, -0.8713993, 0.18020524
1213667683000, -0.116675265, -0.8481864, 0.19333886
1213672584000, -0.129198, -0.8035932, 0.21563543
1213677615000, -0.14019357, -0.7611381, 0.25442538
1213682602000, -0.15271631, -0.7079928, 0.27122417
1213687585000, -0.18112154, -0.6621779, 0.29871312
1213692622000, -0.17806722, -0.6102544, 0.3295618
1213697603000, -0.18173242, -0.57848936, 0.35033122
1213702588000, -0.17745635, -0.589485, 0.36774087
1213707624000, -0.17898351, -0.61178154, 0.37507126
1213712744000, -0.16493362, -0.6081163, 0.38453966
1213717691000, -0.1600467, -0.591623, 0.37690386
1213722588000, -0.14935656, -0.5702427, 0.3631594
1213727635000, -0.14049901, -0.54702985, 0.3417791
1213732598000, -0.11728613, -0.5158757, 0.31764993
1213737587000, -0.11026118, -0.48166725, 0.29443705
1213742622000, -0.10170906, -0.42302418, 0.26083946
1213747597000, -0.082161374, -0.36010507, 0.23304509
1213752591000, -0.087659165, -0.30940324, 0.21013765
1213757620000, -0.08002335, -0.27366763, 0.19150625
1213762697000, -0.07696902, -0.25259277, 0.1740966
1213767690000, -0.071776666, -0.23182335, 0.17379116
1213772589000, -0.06383542, -0.22021692, 0.160963
1213777637000, -0.05681047, -0.21319197, 0.14966199
1213782598000, -0.05375614, -0.2012801, 0.14905111
1213787592000, -0.05497787, -0.19211712, 0.1386664
1213792620000, -0.06719518, -0.16493362, 0.13255776
1213797570000, -0.08552113, -0.13775012, 0.12308934
1213802593000, -0.08827003, -0.113926366, 0.11148291
1213807622000, -0.093767814, -0.12217305, 0.110872045
1213812727000, -0.086437434, -0.12858713, 0.119729586
1213817626000, -0.0729984, -0.15118915, 0.12889257
1213822587000, -0.0580322, -0.16279559, 0.1469131
1213827637000, -0.050701816, -0.15760323, 0.16493362
1213832599000, -0.033292156, -0.15393804, 0.19333886
1213837563000, -0.03481932, -0.13927728, 0.21594086
1213842624000, -0.03268129, -0.121256754, 0.22082779
1213847584000, -0.034513887, -0.08857546, 0.22693644
1213852591000, -0.04795292, -0.049480084, 0.22968534
1213857628000, -0.05222898, -0.031154128, 0.226631
1213862739000, -0.04886922, -0.002443461, 0.22266038
1213867665000, -0.052534413, 0.031154128, 0.21288654
1213872589000, -0.049480084, 0.057421334, 0.20525073
1213877623000, -0.039095376, 0.0720821, 0.18784106
1213882596000, -0.030848695, 0.076358154, 0.18051068
1213887605000, -0.02565634, 0.0729984, 0.16218472
1213892620000, -0.022602014, 0.07727446, 0.15302174
1213897768000, -0.009468411, 0.1020145, 0.14569137
1213902590000, -0.0061086523, 0.09712757, 0.13897185
1213907894000, 0.0076358155, 0.08093964, 0.1386664
1213912649000, -0.0021380284, 0.057726767, 0.12583824
1213917822000, 0.00580322, 0.03176499, 0.13133603
1213922590000, 0.0143553335, -6.1086525E-4, 0.13194689
1213927970000, 0.019242255, -0.034513887, 0.129198
1213932602000, 0.025961773, -0.03481932, 0.12461651
1213937591000, 0.041233405, -0.03756821, 0.12736541
1213942612000, 0.02321288, -0.03940081, 0.122478485
1213947598000, -0.007941248, -0.020463986, 0.11759156
1213952590000, -0.038179077, -0.0290161, 0.10567969
1213957604000, -0.073303826, -0.029932396, 0.09468412
1213962636000, -0.09040806, -0.013744468, 0.090713486
1213967573000, -0.121256754, -0.018325957, 0.095294975
1213972585000, -0.16249016, -0.03176499, 0.09254608
1213977591000, -0.19914207, -0.040927973, 0.09101892
1213982602000, -0.25259277, -0.054367006, 0.090713486
1213987579000, -0.27580565, -0.070249505, 0.10445796
1213992609000, -0.310625, -0.077579886, 0.09132435
1213997578000, -0.3182608, -0.074830994, 0.09468412
1214002592000, -0.3368922, -0.061086524, 0.09773844
1214007669000, -0.35216382, -0.042760566, 0.09712757
1214012650000, -0.35002577, -0.014660766, 0.09407325
1214017594000, -0.33964106, 0.011911872, 0.1020145
1214022586000, -0.34574974, 0.02107485, 0.10262536
1214027634000, -0.34269542, 0.022907447, 0.11148291
1214032606000, -0.34025195, 0.02076942, 0.10293079
1214037589000, -0.33414328, 0.027183503, 0.1020145
1214042619000, -0.33292156, 0.0143553335, 0.10170906
1214047631000, -0.3277292, -0.0061086523, 0.09193522
1214052628000, -0.31764993, -0.027794369, 0.084910266
1214057654000, -0.30298916, -0.0729984, 0.08093964
1214062644000, -0.28802297, -0.1518, 0.06780604
1214067608000, -0.25778514, -0.22449298, 0.055283304
1214072584000, -0.19822577, -0.2648101, 0.05131268
1214077627000, -0.14844026, -0.27550024, 0.058948494
1214082611000, -0.099265605, -0.2761111, 0.0580322
1214087588000, -0.056199603, -0.2938262, 0.052534413
1214092617000, -0.004276057, -0.28802297, 0.058337633
1214097616000, 0.047647487, -0.2443461, 0.06383542
1214102626000, 0.07880162, -0.17531833, 0.08368854
1214107613000, 0.08307768, -0.12064589, 0.09040806
1214112650000, 0.09040806, -0.100792766, 0.10415252
1214117594000, 0.118202426, -0.076052725, 0.105374254
1214122582000, 0.14721853, -0.09040806, 0.10903945
1214127627000, 0.18661933, -0.14966199, 0.12156218
1214132590000, 0.24862215, -0.21044308, 0.116675265
1214137586000, 0.29810223, -0.24281894, 0.09621128
1214142613000, 0.32711834, -0.24129178, 0.059253927
1214147607000, 0.3231477, -0.19456059, 0.029932396
1214152587000, 0.31764993, -0.17928895, 0.008857546
1214157613000, 0.3042109, -0.18509217, 6.1086525E-4
1214162651000, 0.27152961, -0.118202426, -0.018936822
1214167602000, 0.22143865, -0.04184427, -0.045814894
1214172594000, 0.17012598, -0.0036651916, -0.074830994
1214177618000, 0.1459968, -0.0106901415, -0.10567969
1214182583000, 0.1423316, 0.014966198, -0.13194689
1214187586000, 0.11148291, 0.09407325, -0.14446963
1214192583000, 0.057726767, 0.122478485, -0.14538592
1214198551000, 0.01985312, 0.15515977, -0.1572978
1214203179000, -0.01282817, 0.16157386, -0.15577064
1214207649000, -0.02687807, 0.1881465, -0.1469131
1214212703000, -0.048258353, 0.21868975, -0.12644911
1214217639000, -0.06291912, 0.2415972, -0.10720685
1214222727000, -0.07941248, 0.2660318, -0.08124508
1214227695000, -0.089491755, 0.28252518, -0.06047566
1214232648000, -0.10720685, 0.2843578, -0.034513887
1214237652000, -0.1160644, 0.2959642, -0.009162978
1214243201000, -0.12003502, 0.28160888, 0.006414085
1214247980000, -0.112399206, 0.28496864, 0.028099801
1214252555000, -0.11362094, 0.27672195, 0.03359759
1214257587000, -0.1160644, 0.25259277, 0.055283304
1214262646000, -0.112704635, 0.23854288, 0.06627888
1214267555000, -0.110872045, 0.21655174, 0.07391469
1214272541000, -0.11789699, 0.21594086, 0.09101892
1214277750000, -0.12308934, 0.20861048, 0.10842858
1214282534000, -0.118507855, 0.21930063, 0.116980694
1214287573000, -0.12186762, 0.22785273, 0.12492194
1214292575000, -0.11789699, 0.23304509, 0.12736541
1214297690000, -0.1001819, 0.24740042, 0.13439035
1214302533000, -0.08124508, 0.25167647, 0.13561209
1214307806000, -0.059253927, 0.2602286, 0.12522738
1214312588000, -0.039095376, 0.26358834, 0.122783914
1214317560000, -0.0125227375, 0.26206118, 0.12339478
1214322575000, 0.009773844, 0.27580565, 0.121256754
1214327614000, 0.014660766, 0.28985557, 0.1255328
1214332548000, 0.038179077, 0.30176744, 0.13225232
1214337529000, 0.058337633, 0.3213151, 0.13683382
1214342611000, 0.056199603, 0.32589662, 0.14508049
1214347536000, 0.047647487, 0.34269542, 0.13652839
1214352578000, 0.046120327, 0.3585779, 0.13591751
1214357552000, 0.045814894, 0.37018433, 0.13408493
1214362689000, 0.043676864, 0.37751472, 0.122783914
1214367611000, 0.040317107, 0.3915646, 0.122478485
1214372625000, 0.03726278, 0.398895, 0.11484267
1214377645000, 0.037873644, 0.39522982, 0.10445796
1214382643000, 0.037873644, 0.39187005, 0.09437868
1214387608000, 0.03268129, 0.38453966, 0.0852157
1214392655000, 0.048563786, 0.38973203, 0.07544186
1214397652000, 0.050701816, 0.408058, 0.063224554
1214402632000, 0.06383542, 0.42852196, 0.05589417
1214407700000, 0.071776666, 0.46578476, 0.05222898
1214412725000, 0.08277224, 0.4831944, 0.04795292
1214417740000, 0.08827003, 0.50671273, 0.044898596
1214422625000, 0.09437868, 0.52595496, 0.029321533
1214427654000, 0.11636983, 0.5491679, 0.01282817
1214432593000, 0.13469578, 0.55741453, 0.0027488936
1214437631000, 0.15790866, 0.57879484, -0.013744468
1214442658000, 0.17989981, 0.5992588, -0.029321533
1214447642000, 0.21135938, 0.6062838, -0.04734206
1214452631000, 0.22021692, 0.5928447, -0.057421334
1214457669000, 0.22296582, 0.57879484, -0.06536258
1214462772000, 0.24373524, 0.57696223, -0.071776666
1214467692000, 0.258396, 0.5681047, -0.07941248
1214472610000, 0.27458394, 0.5552765, -0.09040806
1214477629000, 0.27122417, 0.5448918, -0.09590584
1214482589000, 0.28527406, 0.52595496, -0.08979719
1214487581000, 0.28985557, 0.5112942, -0.09896017
1214492609000, 0.29077184, 0.5161811, -0.10995574
1214497613000, 0.2883284, 0.50640726, -0.12186762
1214502584000, 0.28924468, 0.5018258, -0.12034045
1214507609000, 0.27366763, 0.49754974, -0.12156218
1214512690000, 0.25900686, 0.49235737, -0.13072516
