#Rate of rotation around the x y z axes (Angular velocity).
#timestamp(ns),x,y,z(rad/s)
#Datetime: 15/05/2015 17:42:04
##########################################
#Activity: 8 - CSI - Car-Step in - 6s
#Subject ID: 53
#First Name: sub53
#Last Name: sub53
#Age: 27
#Height(cm): 186
#Weight(kg): 120
#Gender: Male
##########################################

@DATA
1289960581000, 0.10415252, 0.4810564, 0.19394971
1289965467000, 0.089491755, 0.4999932, 0.19303341
1289970485000, 0.08399397, 0.5271767, 0.19730948
1289975578000, 0.07238753, 0.5513059, 0.20311269
1289980485000, 0.07513642, 0.57757306, 0.20250183
1289985462000, 0.076358154, 0.6010914, 0.20647246
1289991251000, 0.076052725, 0.6087272, 0.20830505
1289995488000, 0.08735373, 0.6264423, 0.20891592
1290000498000, 0.096516706, 0.6411031, 0.20616703
1290005473000, 0.09865474, 0.64843345, 0.20891592
1290010584000, 0.1020145, 0.63255095, 0.21105394
1290015483000, 0.09315695, 0.6258314, 0.21197024
1290020465000, 0.09437868, 0.6151413, 0.21135938
1290025479000, 0.102319926, 0.59681535, 0.20769419
1290030473000, 0.106595986, 0.5839872, 0.20463985
1290035467000, 0.1020145, 0.56321776, 0.19364429
1290040523000, 0.095294975, 0.559858, 0.18325958
1290045513000, 0.093767814, 0.5497787, 0.17806722
1290050464000, 0.089186326, 0.5531385, 0.17379116
1290055473000, 0.07574729, 0.5421429, 0.16554448
1290061459000, 0.065973446, 0.53023106, 0.16829337
1290065472000, 0.05497787, 0.5290093, 0.16768251
1290070487000, 0.07147124, 0.52564955, 0.16432275
1290075558000, 0.06994407, 0.52503866, 0.16218472
1290080477000, 0.0711658, 0.5155703, 0.16584991
1290085463000, 0.0693332, 0.49327368, 0.16646078
1290090538000, 0.067500606, 0.4859433, 0.16187929
1290095464000, 0.064446285, 0.47158796, 0.16371189
1290100478000, 0.07147124, 0.46609017, 0.16340645
1290105472000, 0.06841691, 0.45173484, 0.15943582
1290110564000, 0.060170226, 0.4370741, 0.16218472
1290115464000, 0.054367006, 0.42271876, 0.16554448
1290120459000, 0.056505036, 0.4092797, 0.15882497
1290125573000, 0.053145275, 0.4071417, 0.16249016
1290130586000, 0.050396383, 0.3839288, 0.16126843
1290135464000, 0.041233405, 0.3726278, 0.15974127
1290140528000, 0.05589417, 0.36254853, 0.15363261
1290145466000, 0.054367006, 0.34880406, 0.15577064
1290150467000, 0.05009095, 0.34116822, 0.15974127
1290155477000, 0.05009095, 0.32375857, 0.14782938
1290160570000, 0.056505036, 0.32375857, 0.14966199
1290165461000, 0.050396383, 0.31642818, 0.15149458
1290170454000, 0.05589417, 0.31031954, 0.14355333
1290175566000, 0.058948494, 0.30573806, 0.13775012
1290180502000, 0.053450707, 0.29871312, 0.1441642
1290185458000, 0.05497787, 0.3032946, 0.13622294
1290190540000, 0.055588737, 0.29138273, 0.13347405
1290195462000, 0.0571159, 0.29168814, 0.12889257
1290200772000, 0.06291912, 0.29565877, 0.13041973
1290205476000, 0.05131268, 0.30024028, 0.13347405
1290210576000, 0.063224554, 0.2996294, 0.13194689
1290215463000, 0.06566802, 0.29840767, 0.12950343
1290220458000, 0.057726767, 0.30543262, 0.12980886
1290225468000, 0.055283304, 0.29229903, 0.1328632
1290230474000, 0.058948494, 0.2941316, 0.1337795
1290235461000, 0.06352998, 0.28680122, 0.12675454
1290240546000, 0.06261369, 0.28527406, 0.11911872
1290245470000, 0.052534413, 0.2678644, 0.12186762
1290250496000, 0.058337633, 0.26206118, 0.11636983
1290255477000, 0.04886922, 0.25686884, 0.10842858
1290260574000, 0.055588737, 0.2565634, 0.101098195
1290265463000, 0.050396383, 0.24281894, 0.10048734
1290270480000, 0.046120327, 0.23915374, 0.09865474
1290275588000, 0.04153884, 0.2284636, 0.09285152
1290280483000, 0.043982297, 0.22235495, 0.090713486
1290285464000, 0.044593163, 0.21899518, 0.08093964
1290290534000, 0.04062254, 0.21410827, 0.07666359
1290295479000, 0.029932396, 0.20830505, 0.0720821
1290300483000, 0.015271631, 0.20066923, 0.06047566
1290305476000, -0.004276057, 0.19058995, 0.05009095
1290310608000, -0.019547688, 0.17684549, 0.043982297
1290315465000, -0.024740042, 0.16890424, 0.029932396
1290320481000, -0.03848451, 0.16187929, 0.027488936
1290325549000, -0.047036625, 0.14294247, 0.021380283
1290330476000, -0.048563786, 0.12370021, 0.01282817
1290335464000, -0.04886922, 0.13072516, 0.009162978
1290340502000, -0.046731193, 0.14019357, -0.004886922
1290345614000, -0.04795292, 0.15607607, -0.0106901415
1290350584000, -0.064751714, 0.17806722, -0.008246681
1290355475000, -0.06719518, 0.1826487, -0.014660766
1290360597000, -0.07880162, 0.20433442, -0.018325957
1290365469000, -0.07971791, 0.22999077, -0.025045475
1290370463000, -0.08460484, 0.25289822, -0.027488936
1290375590000, -0.08460484, 0.2837469, -0.026572637
1290380488000, -0.09407325, 0.2959642, -0.03573562
1290386255000, -0.09010262, 0.3036, -0.03848451
1290390553000, -0.083383106, 0.31429017, -0.039095376
1290395468000, -0.081855945, 0.3213151, -0.038179077
1290400478000, -0.07513642, 0.3200934, -0.03176499
1290405476000, -0.070249505, 0.33658674, -0.029932396
1290410585000, -0.062002823, 0.34788775, -0.018020526
1290415469000, -0.051923547, 0.36377025, -0.0076358155
1290420464000, -0.045814894, 0.38637227, 0.008246681
1290425539000, -0.027488936, 0.41141775, 0.01985312
1290430475000, -0.009773844, 0.44532076, 0.042760566
1290435462000, -0.0018325958, 0.4615087, 0.055588737
1290440543000, 0.01038471, 0.48258355, 0.07971791
1290445469000, 0.01740966, 0.50762904, 0.09743301
1290450479000, 0.025350908, 0.5369505, 0.10873401
1290456170000, 0.034513887, 0.55741453, 0.113926366
1290460573000, 0.044593163, 0.5705481, 0.12583824
1290465467000, 0.05375614, 0.5830709, 0.12705997
1290470461000, 0.055588737, 0.57604593, 0.11575896
1290475535000, 0.057421334, 0.5717699, 0.11026118
1290480546000, 0.06566802, 0.5748242, 0.101098195
1290485470000, 0.06566802, 0.55771995, 0.09468412
1290490540000, 0.06811147, 0.5494733, 0.083383106
1290495474000, 0.06719518, 0.52320606, 0.0729984
1290500479000, 0.07696902, 0.50946164, 0.056199603
1290505494000, 0.07819075, 0.47494772, 0.03390302
1290510595000, 0.09315695, 0.45875978, 0.021380283
1290515548000, 0.100792766, 0.42577308, -0.007330383
1290520482000, 0.116980694, 0.3924809, -0.036957346
1290525953000, 0.1386664, 0.36010507, -0.04886922
1290530475000, 0.15577064, 0.31429017, -0.067500606
1290535464000, 0.1863139, 0.26511553, -0.07360926
1290540540000, 0.21410827, 0.2125811, -0.09712757
1290545468000, 0.22785273, 0.1695151, -0.11759156
1290550498000, 0.23732115, 0.13591751, -0.12980886
1290555530000, 0.21410827, 0.11911872, -0.14446963
1290560583000, 0.20280726, 0.13927728, -0.14569137
1290565465000, 0.17195857, 0.160963, -0.15393804
1290570454000, 0.14905111, 0.14263703, -0.16371189
1290575533000, 0.12980886, 0.12492194, -0.1572978
1290580484000, 0.105374254, 0.10873401, -0.15760323
1290585461000, 0.08857546, 0.09285152, -0.15668693
1290590533000, 0.07971791, 0.06505715, -0.15271631
1290595566000, 0.059864793, 0.032070424, -0.16523905
1290600495000, 0.050396383, 0.0076358155, -0.17501289
1290605537000, 0.029321533, 0.0106901415, -0.16584991
1290610596000, 0.004581489, 0.0036651916, -0.15943582
1290615470000, -0.009468411, -0.028710667, -0.15363261
1290620486000, 0.00580322, -0.05497787, -0.12156218
1290625578000, 0.024129177, -0.10445796, -0.110872045
1290630470000, 0.0720821, -0.1301143, -0.11575896
1290635535000, 0.13775012, -0.14294247, -0.11942416
1290640539000, 0.20005837, -0.1591304, -0.11911872
1290645502000, 0.23243423, -0.15974127, -0.10262536
1290650498000, 0.25350907, -0.17959438, -0.08735373
1290655478000, 0.26175576, -0.21227567, -0.06536258
1290660580000, 0.26175576, -0.22632557, -0.062308256
1290665495000, 0.22999077, -0.23090707, -0.05497787
1290670458000, 0.1826487, -0.21624629, -0.05222898
1290675549000, 0.1160644, -0.19120082, -0.05681047
1290680493000, 0.04642576, -0.17684549, -0.057726767
1290685461000, 0.013133603, -0.1328632, -0.07238753
1290690555000, -0.064446285, -0.009468411, 0.022602014
1290695479000, -0.1591304, -0.005497787, -0.007330383
1290700495000, -0.2602286, -0.064751714, -0.07727446
1290705531000, -0.35521814, -0.13622294, -0.1301143
1290711376000, -0.39645153, -0.15851954, -0.16310102
1290715494000, -0.398895, -0.18753563, -0.1740966
1290720558000, -0.35185838, -0.20311269, -0.17256944
1290725543000, -0.28619036, -0.20555615, -0.15088372
1290730594000, -0.21471913, -0.1600467, -0.11942416
1290735539000, -0.16218472, -0.051618114, -0.06841691
1290740555000, -0.15424347, 0.070554934, -0.022907447
1290745563000, -0.17104226, 0.12797627, 0.01863139
1290750578000, -0.2180789, 0.11881329, 0.0125227375
1290755534000, -0.25778514, 0.04734206, -0.03604105
1290765472000, -0.28527406, -0.13530666, -0.11728613
1290770465000, -0.27397305, -0.1777618, -0.1563815
1290775566000, -0.23732115, -0.18020524, -0.17959438
1290780842000, -0.20158553, -0.103847094, -0.19822577
1290785459000, -0.16401732, -0.08399397, -0.20280726
1290790527000, -0.13561209, -0.036651913, -0.21135938
1290795500000, -0.09712757, -0.016798794, -0.2012801
1290800458000, -0.051618114, -0.009162978, -0.19792034
1290805541000, -0.021380283, -0.0018325958, -0.20341812
1290810681000, 0.0015271631, 0.027488936, -0.1908954
1290815521000, -0.0018325958, 0.061391957, -0.18753563
1290820486000, 0.005497787, 0.06566802, -0.16554448
1290825535000, 0.0061086523, 0.04917465, -0.14660765
1290830480000, 0.011911872, 0.03023783, -0.109650314
1290835466000, -0.0012217305, 0.015271631, -0.058948494
1290840537000, -0.01038471, 0.007330383, 0.0030543262
1290845479000, -0.025350908, 0.0106901415, 0.0580322
1290850569000, -0.02443461, -0.012217305, 0.13683382
1290855495000, -0.03970624, -0.058643065, 0.20555615
1290860629000, -0.04734206, -0.10048734, 0.27885997
1290865537000, -0.05009095, -0.13164146, 0.35735616
1290870479000, -0.03359759, -0.15302174, 0.43096542
1290875830000, -0.0021380284, -0.22174409, 0.50426924
1290880499000, 0.032070424, -0.25961772, 0.53786683
1290885461000, 0.067500606, -0.37598756, 0.61178154
1290890531000, 0.13836098, -0.5158757, 0.68936145
1290895470000, 0.24373524, -0.65026605, 0.7431176
1290900494000, 0.32895094, -0.79198676, 0.752586
1290905549000, 0.40408736, -0.7305948, 0.7461719
1290910681000, 0.42302418, -0.6462954, 0.77366084
1290915514000, 0.42943826, -0.64660084, 0.81000733
1290920601000, 0.40042216, -0.6423248, 0.8045095
1290925504000, 0.3643811, -0.5928447, 0.77091193
1290930471000, 0.3368922, -0.5140431, 0.66706485
1290935463000, 0.3323107, -0.47678033, 0.5662721
1290940535000, 0.3463606, -0.4746423, 0.44623706
1290945534000, 0.37415496, -0.4972443, 0.38789943
1290950485000, 0.3827071, -0.51343226, 0.33536503
1290955492000, 0.4083634, -0.49846604, 0.3023783
1290960646000, 0.39645153, -0.44990227, 0.25992316
1290965524000, 0.35094208, -0.39278635, 0.20830505
1290970483000, 0.30573806, -0.37812558, 0.15699236
1290975538000, 0.29229903, -0.35155296, 0.13775012
1290980480000, 0.30634892, -0.37659842, 0.08674286
1290985465000, 0.34208453, -0.38881573, 0.02107485
1290990490000, 0.34972036, -0.41813725, -0.006414085
1290995580000, 0.3549127, -0.4990769, -0.013744468
1291000494000, 0.38820487, -0.5479461, -0.03390302
1291005480000, 0.4016439, -0.5983425, -0.04428773
1291010616000, 0.42577308, -0.66248333, -0.035124753
1291015477000, 0.46089783, -0.7611381, -0.01160644
1291020462000, 0.49632803, -0.85062987, 0.009773844
1291025565000, 0.54702985, -0.9859365, 0.04062254
1291030468000, 0.6017023, -1.1071932, 0.057726767
1291036201000, 0.64721173, -1.2281445, 0.08307768
1291040483000, 0.68936145, -1.3307699, 0.10445796
1291045485000, 0.7535023, -1.3891076, 0.11636983
1291050466000, 0.8313876, -1.4468343, 0.13988814
1291055481000, 0.88270026, -1.4853189, 0.18784106
1291060602000, 0.9388999, -1.4813483, 0.23426682
1291065474000, 0.9999864, -1.484708, 0.27183503
1291070483000, 1.0387764, -1.4844025, 0.3032946
1291075483000, 1.0522153, -1.4874569, 0.35796702
1291080475000, 1.0864239, -1.4712689, 0.4098906
1291085473000, 1.1291844, -1.4587462, 0.43982297
1291090540000, 1.1630874, -1.4605788, 0.4529566
1291095476000, 1.2116512, -1.4761559, 0.4474588
1291100467000, 1.2657127, -1.5534303, 0.4334089
1291105550000, 1.3405437, -1.6594155, 0.41783184
1291110605000, 1.3836098, -1.8081611, 0.40042216
1291115466000, 1.4724907, -2.007914, 0.38148534
1291120459000, 1.5635096, -2.2241604, 0.35521814
1291125540000, 1.6759088, -2.460565, 0.3378085
1291130469000, 1.8216002, -2.6844473, 0.35033122
1291135461000, 2.0042489, -2.8432722, 0.40408736
1291140529000, 2.244319, -2.933375, 0.45723262
1291145474000, 2.4663684, -2.9639182, 0.5143485
1291150464000, 2.6450465, -2.8909197, 0.5739079
1291155483000, 2.7595837, -2.7757716, 0.6414085
1291160590000, 2.7956247, -2.6648996, 0.69027776
1291165545000, 2.8151724, -2.5344799, 0.7257079
1291170482000, 2.8017335, -2.4770586, 0.7425067
1291175717000, 2.7733283, -2.3658812, 0.7867944
1291180534000, 2.706744, -2.2696698, 0.8008443
1291185482000, 2.6105325, -2.1981986, 0.8374963
1291190470000, 2.4602597, -2.1725423, 0.89888823
1291195516000, 2.2611177, -2.1526892, 0.9602802
1291200459000, 2.0534234, -2.133447, 1.0320568
1291205486000, 1.8881844, -2.1297817, 1.153619
1291210642000, 1.7571539, -2.1093178, 1.3384057
1291215560000, 1.6676621, -2.1288655, 1.4822645
1291220560000, 1.5445728, -2.194228, 1.606881
1291225567000, 1.4340062, -2.3014348, 1.7278323
1291230561000, 1.3264939, -2.3484714, 1.8820758
1291235490000, 1.2024882, -2.4397957, 2.0430388
1291240547000, 1.0531317, -2.5262332, 2.2174408
1291245475000, 0.91232723, -2.5616634, 2.4135287
1291250498000, 0.7993172, -2.6258042, 2.5393667
1291255569000, 0.6774496, -2.73576, 2.6181684
1291260596000, 0.5317582, -2.797152, 2.6367998
1291266232000, 0.37140608, -2.8457158, 2.62275
1291270617000, 0.2843578, -2.8744264, 2.6004534
1291275577000, 0.27366763, -3.0060678, 2.561358
1291280602000, 0.25686884, -3.2107077, 2.5411994
1291285585000, 0.2770274, -3.4397821, 2.5207355
1291290597000, 0.31215215, -3.6997054, 2.5201247
1291295480000, 0.37904188, -3.791946, 2.5216517
1291300507000, 0.47555858, -3.7342193, 2.5320365
1291305550000, 0.61391956, -3.5372152, 2.5173757
1291311619000, 0.7635816, -3.3438764, 2.4938574
1291315488000, 0.88300574, -3.3163874, 2.477975
1291320495000, 1.0012082, -3.1902437, 2.4113905
1291325554000, 1.1383474, -3.1065552, 2.2956316
1291330490000, 1.2257011, -3.068987, 2.166739
1291335474000, 1.2388347, -3.0347786, 2.0552561
1291340472000, 1.1792754, -3.0207286, 1.9764545
1291345578000, 1.058324, -3.0491338, 1.9129245
1291350482000, 0.91599244, -3.1154127, 1.8658879
1291355513000, 0.7623598, -3.2073479, 1.8497
1291361507000, 0.6282749, -3.321885, 1.8493946
1291365544000, 0.53878313, -3.382361, 1.8512272
1291370599000, 0.5143485, -3.5057557, 1.8524488
1291375597000, 0.4792238, -3.6086864, 1.8533652
1291380620000, 0.49602258, -3.678936, 1.8573358
1291385555000, 0.5720753, -3.7097847, 1.8664987
1291390511000, 0.6795876, -3.67466, 1.8820758
1291395548000, 0.7816021, -3.5799758, 1.91323
1291400550000, 0.8940013, -3.4660494, 1.9358319
1291405494000, 0.9987647, -3.3142493, 1.9666806
1291410564000, 1.0913107, -3.1746666, 1.9804251
1291415482000, 1.1334605, -3.0164526, 2.002111
1291420488000, 1.1533136, -2.842356, 2.0518963
1291425560000, 1.1316279, -2.6859746, 2.108096
1291431334000, 1.105666, -2.63344, 2.1325307
1291435489000, 1.0555751, -2.5885415, 2.1804836
1291440475000, 0.9966267, -2.5497515, 2.2348504
1291445490000, 0.9111055, -2.562885, 2.2773056
1291450578000, 0.83658, -2.627637, 2.3066273
1291455476000, 0.7816021, -2.718045, 2.3322835
1291460576000, 0.7324274, -2.8200593, 2.3417518
1291465445000, 0.72356987, -2.855795, 2.3414464
1291470475000, 0.7098254, -2.9394836, 2.348166
1291475449000, 0.713796, -3.0198123, 2.3399193
1291480505000, 0.7125743, -3.0854805, 2.339003
1291485472000, 0.7147123, -3.148705, 2.3383923
1291490499000, 0.7293731, -3.2036827, 2.3188446
1291495514000, 0.7348709, -3.2672129, 2.3151793
1291501080000, 0.7480045, -3.3017266, 2.2983804
1291505472000, 0.7516697, -3.3105843, 2.2779164
1291510653000, 0.7501425, -3.397327, 2.2348504
1291515506000, 0.74464476, -3.3921347, 2.1933117
1291520461000, 0.72112644, -3.3643403, 2.1459696
1291525529000, 0.70005155, -3.4373388, 2.08977
1291530444000, 0.675617, -3.4639113, 2.0302107
1291535462000, 0.6600399, -3.4266486, 1.992337
1291540459000, 0.6579019, -3.3875532, 1.9346102
1291545471000, 0.6569856, -3.4553592, 1.8643607
1291550461000, 0.64996064, -3.476434, 1.8020525
1291555473000, 0.6407976, -3.4596353, 1.767844
1291560716000, 0.6059783, -3.2336152, 1.7397442
1291565520000, 0.59406644, -3.2684345, 1.7125608
1291570824000, 0.57787853, -3.2919528, 1.6526959
1291575533000, 0.5204572, -3.2293391, 1.6426166
1291580475000, 0.49510628, -3.1224377, 1.6239853
1291585463000, 0.4605924, -2.8951957, 1.638646
1291590464000, 0.4428773, -2.9544497, 1.5625933
1291595478000, 0.410196, -2.89825, 1.5628988
1291600480000, 0.321926, -2.8295279, 1.6129897
1291605478000, 0.1826487, -2.7641652, 1.6007724
1291610619000, 0.106595986, -2.679255, 1.5876387
1291615469000, 0.06536258, -2.5167649, 1.5992452
1291620460000, 0.049480084, -2.521041, 1.5607607
1291625540000, 0.007330383, -2.475226, 1.5500705
1291630471000, -0.032986723, -2.3661866, 1.5558738
1291635461000, -0.06291912, -2.2314909, 1.5534303
1291640626000, -0.09162979, -2.0775528, 1.5598444
1291645571000, -0.10323623, -1.915368, 1.557401
1291650486000, -0.1151481, -1.7556267, 1.5549575
1291655525000, -0.12492194, -1.6737708, 1.559539
1291660671000, -0.12583824, -1.5244142, 1.5613716
1291665524000, -0.12522738, -1.3997977, 1.5610662
1291670490000, -0.12064589, -1.2699889, 1.564426
1291675507000, -0.10903945, -1.1582005, 1.5625933
1291680491000, -0.09621128, -1.0372492, 1.5467108
1291686323000, -0.096516706, -0.91813046, 1.5164729
1291690535000, -0.08460484, -0.818254, 1.4840971
1291695501000, -0.09773844, -0.79412484, 1.4355333
1291700501000, -0.09407325, -0.79168135, 1.3726143
1291705549000, -0.082161374, -0.8384125, 1.3023647
1291710565000, -0.08032878, -0.9211848, 1.2318097
1291715553000, -0.06688975, -1.0299188, 1.1618657
1291720486000, -0.05222898, -1.1417072, 1.0803152
1291725547000, -0.028405234, -1.260215, 1.0070114
1291730544000, -3.0543262E-4, -1.3701707, 0.9300423
1291735542000, 0.04062254, -1.4706581, 0.84635377
1291740556000, 0.0729984, -1.4892895, 0.8045095
1291745539000, 0.108123146, -1.5570955, 0.71685034
1291750559000, 0.13622294, -1.5851953, 0.6554584
1291755637000, 0.14813483, -1.5760323, 0.6249151
1291760419000, 0.14202617, -1.5442673, 0.57696223
1291765374000, 0.14049901, -1.4914275, 0.54305923
1291770370000, 0.13408493, -1.4101825, 0.5155703
1291775423000, 0.105374254, -1.3148874, 0.50243664
1291780376000, 0.052839845, -1.2049317, 0.51923543
1291785387000, -0.027794369, -1.0968086, 0.54611355
1291790410000, -0.16768251, -0.9718866, 0.5815437
1291795378000, -0.31948254, -0.80573124, 0.66156703
1291800529000, -0.47433686, -0.65179324, 0.7492262
1291805550000, -0.6398814, -0.5018258, 0.8481864
1291810649000, -0.8002335, -0.3659083, 0.9309586
1291815513000, -0.9502009, -0.28099802, 1.0122037
1291820456000, -1.0690142, -0.24465153, 1.0729848
1291825577000, -1.1676689, -0.27030787, 1.1487321
1291830465000, -1.2654073, -0.36987892, 1.201572
1291835461000, -1.3240504, -0.45478916, 1.2449434
1291840460000, -1.3631458, -0.5531385, 1.2702943
1291845477000, -1.3726143, -0.61208695, 1.2770138
1291850465000, -1.3582588, -0.6252206, 1.2638801
1291855553000, -1.3417655, -0.6264423, 1.2082914
1291861209000, -1.3298537, -0.5458081, 1.1426234
1291865590000, -1.2895365, -0.4905248, 1.1136073
1291870555000, -1.2880094, -0.38148534, 1.0418307
1291875471000, -1.2803736, -0.20830505, 0.9807441
1291880551000, -1.2739595, 0.0061086523, 0.9120218
1291885474000, -1.2748758, 0.28313604, 0.8509353
1291890486000, -1.2974777, 0.59315014, 0.788627
1291895471000, -1.3087788, 0.9086621, 0.75747293
1291900480000, -1.3552046, 1.2232577, 0.72204274
1291905562000, -1.4059063, 1.4779885, 0.7125743
1291910650000, -1.4807373, 1.6588045, 0.6951646
1291915589000, -1.5543466, 1.7760907, 0.6969972
1291920468000, -1.6120734, 1.7965547, 0.6780604
1291925550000, -1.6410894, 1.7220291, 0.6469063
1291930598000, -1.6609426, 1.5903877, 0.6123924
1291935462000, -1.6557503, 1.4034629, 0.54336464
1291940477000, -1.629483, 1.2009611, 0.4605924
1291945589000, -1.6310102, 0.98624194, 0.35827246
1291950502000, -1.6050484, 0.8958339, 0.25503623
1291955670000, -1.5925257, 0.6954701, 0.15882497
1291960637000, -1.5769486, 0.5296202, 0.112704635
1291965469000, -1.5696182, 0.3680463, 0.02687807
1291970456000, -1.5485435, 0.23762658, -0.038789943
1291975527000, -1.5274686, 0.14721853, -0.09101892
1291980509000, -1.5054774, 0.0888809, -0.12492194
1291985462000, -1.4929546, 0.0720821, -0.14630222
1291990474000, -1.5088371, 0.04795292, -0.1554652
1291995508000, -1.5118915, 0.03970624, -0.16279559
1292000617000, -1.5128077, -0.007941248, -0.16707164
1292005560000, -1.491733, -0.10048734, -0.1740966
1292010553000, -1.4590516, -0.24648413, -0.18203785
1292015744000, -1.4385877, -0.410196, -0.18600847
1292020487000, -1.4101825, -0.559858, -0.15821409
1292025499000, -1.3891076, -0.7101309, -0.13164146
1292030470000, -1.3854424, -0.81183994, -0.10415252
1292035467000, -1.3771957, -0.8906415, -0.09437868
1292040495000, -1.3875804, -0.9654725, -0.08735373
1292046249000, -1.4205672, -0.9972375, -0.09407325
1292050480000, -1.4596626, -0.9822713, -0.08368854
1292055519000, -1.4718798, -0.9279043, -0.0983493
1292060583000, -1.4874569, -0.8374963, -0.12095132
1292065491000, -1.4892895, -0.7272351, -0.16890424
1292070588000, -1.459968, -0.61483586, -0.2312125
1292075565000, -1.4052955, -0.5222898, -0.30909783
1292080711000, -1.3271047, -0.4392121, -0.3830125
1292085560000, -1.2394456, -0.37018433, -0.4709771
1292090555000, -1.128879, -0.30543262, -0.5476407
1292095601000, -1.0076222, -0.23396139, -0.6084218
1292100607000, -0.8915578, -0.172264, -0.66828656
1292106497000, -0.786489, -0.102319926, -0.70432764
1292110577000, -0.6924158, -0.03604105, -0.73731434
1292116139000, -0.6160576, 0.048563786, -0.7602218
1292120496000, -0.54550266, 0.15363261, -0.7684685
1292125559000, -0.5290093, 0.23365596, -0.77274454
1292130468000, -0.51251596, 0.31581733, -0.7724391
1292135467000, -0.5369505, 0.39370266, -0.77457714
1292140476000, -0.5739079, 0.4465425, -0.75777835
1292145512000, -0.643852, 0.45540005, -0.72387534
1292150571000, -0.7281514, 0.45937067, -0.679893
1292155514000, -0.7684685, 0.40317106, -0.6453791
1292160649000, -0.84482664, 0.30818152, -0.5555819
1292165506000, -0.8784242, 0.15332718, -0.41386122
1292170456000, -0.86254174, -0.03940081, -0.22143865
1292175541000, -0.8194757, -0.23426682, 0.015271631
1292180468000, -0.7742717, -0.37904188, 0.30909783
1292185998000, -0.77579886, -0.4147775, 0.6386596
1292190463000, -0.8249735, -0.31764993, 0.9443977
1292195519000, -0.8481864, -0.077579886, 1.1368202
1292200466000, -0.77488256, 0.19303341, 1.1404854
1292205539000, -0.6591236, 0.4111123, 1.0742066
1292210706000, -0.50671273, 0.47586402, 0.9746355
1292215546000, -0.34269542, 0.42149702, 0.8356637
1292220444000, -0.18845193, 0.2678644, 0.70463306
1292225495000, -0.022907447, 0.037873644, 0.56230146
1292230479000, 0.09437868, -0.24373524, 0.43066
1292235459000, 0.16371189, -0.54000485, 0.30573806
1292240486000, 0.18325958, -0.80939645, 0.1966986
1292245556000, 0.17715092, -0.9260717, 0.07971791
1292250481000, 0.17654006, -1.0919216, 0.022296581
1292255749000, 0.18661933, -1.1612549, -0.09315695
1292260644000, 0.1957823, -1.1609493, -0.11728613
1292265561000, 0.18387043, -1.1157454, -0.13775012
1292270465000, 0.12705997, -1.040609, -0.13194689
1292275525000, 0.061086524, -0.9831876, -0.094989546
1292280484000, -0.014966198, -0.9611965, -0.05467244
1292285464000, -0.08857546, -0.93370754, -0.015882496
1292290505000, -0.1432479, -0.93309665, 0.013439035
1292295553000, -0.1826487, -0.9245446, 0.048563786
1292300453000, -0.18020524, -0.86376345, 0.093767814
1292305520000, -0.17745635, -0.7480045, 0.13469578
1292310600000, -0.17501289, -0.67164636, 0.17256944
1292315543000, -0.18081611, -0.5849035, 0.22082779
1292320439000, -0.18448131, -0.548557, 0.2507602
1292325536000, -0.20952678, -0.51343226, 0.27030787
1292330446000, -0.23090707, -0.49480084, 0.30940324
1292335459000, -0.25717425, -0.453262, 0.3304781
1292340509000, -0.2883284, -0.4297437, 0.3576616
1292345479000, -0.33322698, -0.44043383, 0.37140608
1292350481000, -0.36468655, -0.4783075, 0.39920044
1292355501000, -0.40622538, -0.52320606, 0.42485678
1292360660000, -0.41630468, -0.58246, 0.46395215
1292365572000, -0.40011674, -0.6606508, 0.48502702
1292370478000, -0.36377025, -0.7370089, 0.49846604
1292375488000, -0.3313944, -0.78954333, 0.5152648
1292380505000, -0.29779682, -0.79626286, 0.52442783
1292385466000, -0.2678644, -0.7715228, 0.5308419
1292390480000, -0.22724187, -0.70707655, 0.5311473
1292395485000, -0.18020524, -0.63529986, 0.5299256
1292400482000, -0.15210545, -0.56596667, 0.5213735
1292405498000, -0.112704635, -0.50671273, 0.4978552
1292410694000, -0.079107046, -0.45173484, 0.4822781
1292415494000, -0.046120327, -0.40744713, 0.4560109
1292420463000, -0.011911872, -0.35888332, 0.4382958
1292425569000, 0.007941248, -0.3042109, 0.42210788
1292430476000, 0.03359759, -0.25503623, 0.41386122
1292435470000, 0.043066, -0.2171626, 0.3924809
1292441000000, 0.06719518, -0.21227567, 0.3848451
1292445461000, 0.080634214, -0.21533, 0.376293
1292450482000, 0.10476339, -0.21838433, 0.35124752
1292455501000, 0.13775012, -0.25503623, 0.33567044
1292460584000, 0.17623462, -0.29901853, 0.31856623
1292465503000, 0.20066923, -0.32467487, 0.31306845
1292470462000, 0.22235495, -0.3475823, 0.30940324
1292475656000, 0.23579398, -0.33658674, 0.3200934
1292480503000, 0.24373524, -0.29993483, 0.33658674
1292485467000, 0.24831672, -0.24251351, 0.35796702
1292490478000, 0.2519819, -0.17104226, 0.3866777
1292495492000, 0.2519819, -0.09468412, 0.41325033
1292500477000, 0.23487769, -0.035430185, 0.43493605
1292505489000, 0.2312125, -0.005497787, 0.45356745
1292511198000, 0.21838433, 0.01038471, 0.4718934
1292515494000, 0.19425514, -0.004276057, 0.48380527
1292520471000, 0.18142697, -0.047036625, 0.49754974
1292525594000, 0.16310102, -0.09468412, 0.50701815
1292530471000, 0.16646078, -0.14996742, 0.5103779
1292535465000, 0.14630222, -0.18448131, 0.50518554
1292540484000, 0.14202617, -0.2602286, 0.5015204
1292545552000, 0.14019357, -0.33536503, 0.4999932
1292550475000, 0.15393804, -0.39828414, 0.49021935
1292555483000, 0.1685988, -0.46211955, 0.49021935
1292560632000, 0.19700404, -0.52290064, 0.46700647
1292565515000, 0.23793201, -0.57940567, 0.4474588
1292570458000, 0.29657507, -0.61422503, 0.4147775
1292575539000, 0.35124752, -0.6450737, 0.3659083
1292580782000, 0.4089743, -0.691194, 0.31978795
1292585464000, 0.46822822, -0.7165449, 0.2660318
1292590491000, 0.5164866, -0.7489208, 0.21410827
1292595530000, 0.55771995, -0.7519751, 0.16218472
1292600467000, 0.5751296, -0.75808376, 0.12767084
1292605495000, 0.6084218, -0.75411314, 0.109650314
1292610608000, 0.6392705, -0.74464476, 0.103847094
1292615575000, 0.66248333, -0.64934975, 0.12644911
1292620460000, 0.71837753, -0.6188065, 0.1554652
1292625534000, 0.75777835, -0.5720753, 0.18448131
1292630475000, 0.7733554, -0.48258355, 0.22937989
1292635462000, 0.7974846, -0.42424592, 0.28527406
1292640483000, 0.8023715, -0.32070425, 0.31673363
1292645564000, 0.80756384, -0.2648101, 0.37018433
1292650494000, 0.8151997, -0.21166481, 0.4196644
1292655483000, 0.8347474, -0.23273966, 0.44898596
1292660664000, 0.8399397, -0.24129178, 0.47342056
1292665517000, 0.8341365, -0.21410827, 0.48441613
1292670485000, 0.83169305, -0.19058995, 0.50854534
1292675541000, 0.8371908, -0.1695151, 0.5180137
1292680567000, 0.840856, -0.16371189, 0.5271767
1292685472000, 0.86284715, -0.17104226, 0.5384777
1292690556000, 0.88025683, -0.018936822, 0.6020077
1292695488000, 0.9083566, 0.079107046, 0.63407815
1292700504000, 0.9550878, -0.00580322, 0.61361414
1292705505000, 0.9630291, -0.025350908, 0.6188065
1292710487000, 0.9663888, 0.0015271631, 0.6282749
1292715506000, 0.9621128, -0.049785517, 0.6059783
1292720501000, 0.91904676, -0.13683382, 0.5852089
1292725539000, 0.8894198, -0.16890424, 0.5907067
1292730582000, 0.8588765, -0.19853121, 0.61208695
1292735553000, 0.8313876, -0.21319197, 0.6444628
1292740553000, 0.81122905, -0.22388211, 0.66767573
1292745536000, 0.79626286, -0.20311269, 0.729984
1292750652000, 0.76144356, -0.15057829, 0.8142834
1292755415000, 0.70524395, -0.07880162, 0.93187493
1292760416000, 0.623388, -0.0061086523, 1.0852021
1292765624000, 0.52931476, 0.08827003, 1.2599095
1292770379000, 0.41508293, 0.22204952, 1.4223998
1292775406000, 0.29229903, 0.34483343, 1.5873333
1292780376000, 0.15485434, 0.3915646, 1.700038
1292785375000, 0.018936822, 0.3567453, 1.7736472
1292790409000, -0.076052725, 0.25137106, 1.8102992
1292795400000, -0.08307768, 0.09162979, 1.8048013
1292800650000, -0.015577064, -0.055588737, 1.7760907
1292805524000, 0.10415252, -0.119729586, 1.7098118
1292810608000, 0.27366763, -0.10323623, 1.6087136
1292815533000, 0.47433686, -0.048563786, 1.4923438
1292820438000, 0.6432411, 0.04153884, 1.3869696
1292825530000, 0.7968737, 0.18020524, 1.2495248
1292830444000, 0.9049969, 0.16401732, 1.1704178
1292835906000, 0.93492925, 0.23304509, 1.0659598
1292840617000, 0.9966267, 0.28527406, 1.0231993
1292845639000, 1.0122037, 0.38331795, 0.93309665
1292850741000, 1.0305296, 0.47861293, 0.8552113
1292855680000, 1.0369438, 0.5345071, 0.7834347
1292860885000, 1.0418307, 0.569021, 0.72295904
1292865514000, 1.0146471, 0.5354234, 0.6747007
1292870518000, 0.9795224, 0.50579643, 0.6230826
1292875501000, 0.95478237, 0.4978552, 0.58032197
1292880542000, 0.8921687, 0.21197024, 0.61483586
1292885473000, 0.8374963, -0.040927973, 0.6065892
1292890485000, 0.786489, -0.10751228, 0.62980205
1292895543000, 0.74006325, -0.19547687, 0.65668017
1292900470000, 0.7351763, -0.2855795, 0.69027776
1292905536000, 0.71837753, -0.3313944, 0.71685034
1292910572000, 0.71685034, -0.26236662, 0.74128497
1292915464000, 0.7800749, -0.056199603, 0.784351
1292920482000, 0.79473567, -0.20250183, 0.8127562
1292925543000, 0.8222246, -0.3491095, 0.77763146
1292930467000, 0.8677341, -0.32742378, 0.7779369
1292935465000, 0.88147855, -0.17562376, 0.7806858
1292940737000, 0.95630956, -0.06352998, 0.77518797
1292945538000, 1.0467176, 0.021685716, 0.73731434
1292950651000, 1.1071932, 0.10476339, 0.6881397
1292955564000, 1.1478158, 0.18417588, 0.62796944
1292960572000, 1.1716396, 0.22907446, 0.5571091
1292965464000, 1.1780536, 0.25992316, 0.4990769
1292970490000, 1.1835514, 0.27916542, 0.44318274
1292975482000, 1.2012665, 0.31245756, 0.38881573
1292980490000, 1.221425, 0.42088616, 0.32650748
1292985462000, 1.2623531, 0.42180246, 0.301462
1292990475000, 1.2089024, 0.2724459, 0.28680122
1292995591000, 1.2226468, 0.20891592, 0.2666427
1293000547000, 1.2311989, 0.1282817, 0.25778514
1293005599000, 1.2275337, 0.028099801, 0.25137106
1293010569000, 1.2351695, -0.070249505, 0.2648101
1293015521000, 1.2544118, -0.14508049, 0.28893927
1293020480000, 1.2822062, -0.1908954, 0.31795537
1293025578000, 1.2895365, -0.21471913, 0.33475417
1293030472000, 1.2767084, -0.2180789, 0.34666604
1293035510000, 1.2632693, -0.16035213, 0.36774087
1293040458000, 1.287704, -0.13316862, 0.38545597
1293045619000, 1.2739595, -0.069027774, 0.38545597
1293050542000, 1.2809844, 0.1432479, 0.33414328
1293055875000, 1.2950343, -0.022296581, 0.3594942
1293060407000, 1.2556335, -0.15515977, 0.34422258
1293065376000, 1.2974777, -0.15302174, 0.3155119
1293070385000, 1.3414601, -0.13927728, 0.2883284
1293075414000, 1.3854424, -0.1337795, 0.25717425
1293080393000, 1.3961325, -0.112704635, 0.23182335
1293085374000, 1.4123205, -0.09101892, 0.2284636
1293090405000, 1.432479, -0.017104227, 0.24220806
1293095401000, 1.4792101, 0.016798794, 0.27305678
1293100493000, 1.5005904, 0.049785517, 0.28160888
1293105477000, 1.5311338, 0.0693332, 0.30940324
1293110489000, 1.5601498, 0.17195857, 0.35185838
1293115517000, 1.599856, 0.3912592, 0.35735616
1293120421000, 1.6820174, 0.5271767, 0.37201694
1293125581000, 1.6621643, 0.2602286, 0.4196644
1293130439000, 1.674687, 0.19364429, 0.42546764
1293135440000, 1.7079792, 0.15851954, 0.4266894
1293140500000, 1.7599027, 0.21502456, 0.42577308
1293145464000, 1.7950275, 0.24587326, 0.4297437
1293150488000, 1.8102992, 0.2669481, 0.40775254
1293155511000, 1.8231273, 0.3036, 0.3979787
1293161465000, 1.824349, 0.3747658, 0.38362336
1293165466000, 1.8503108, 0.6035349, 0.32406402
1293170478000, 1.9230038, 0.68019843, 0.30482176
1293175493000, 1.8613064, 0.37323865, 0.31673363
1293180489000, 1.8774943, 0.3539964, 0.29932398
1293185466000, 1.9349157, 0.37415496, 0.27672195
1293190478000, 1.9770653, 0.39645153, 0.25503623
1293195652000, 1.9874501, 0.42485678, 0.24251351
1293200471000, 2.0210476, 0.4465425, 0.2302962
1293205514000, 2.060143, 0.40317106, 0.21044308
1293210588000, 2.0916026, 0.40683624, 0.21074851
1293215470000, 2.1148155, 0.4007276, 0.20738874
1293220518000, 2.1517727, 0.4083634, 0.18509217
1293225466000, 2.1700988, 0.38606682, 0.17898351
1293230937000, 2.1820107, 0.3371976, 0.17134771
1293235442000, 2.2110267, 0.31123585, 0.16737708
1293240487000, 2.2214115, 0.28099802, 0.14385876
1293245485000, 2.2311852, 0.2910773, 0.13622294
1293250478000, 2.2540927, 0.33078352, 0.13072516
1293255498000, 2.28036, 0.37384954, 0.12950343
1293260590000, 2.3142629, 0.36560285, 0.12950343
1293265449000, 2.3356433, 0.3659083, 0.15088372
1293270466000, 2.346028, 0.36926803, 0.17562376
1293275464000, 2.3585508, 0.39003745, 0.20097467
1293280472000, 2.341141, 0.40103304, 0.22968534
1293285468000, 2.3295345, 0.41996986, 0.23640485
1293290497000, 2.3408356, 0.30665436, 0.22204952
1293295620000, 2.309376, 0.19517145, 0.18112154
1293300577000, 2.2476788, 0.226631, 0.15332718
1293305493000, 2.1911736, 0.5366451, 0.08582657
1293310635000, 2.1731532, 0.3817908, 0.013133603
1293315533000, 2.0546453, 0.06841691, -0.029932396
1293320441000, 2.0060816, 0.026267206, -0.09285152
1293325499000, 1.983174, -0.054061573, -0.11484267
1293330473000, 1.9126191, -0.13958271, -0.16035213
1293335487000, 1.8414533, 0.112399206, -0.17959438
1293340562000, 1.8041905, -0.2941316, -0.19608775
1293345481000, 1.6975945, -0.58246, -0.2049453
1293350467000, 1.6462818, -0.8081747, -0.21135938
1293355476000, 1.5598444, -0.8875872, -0.22266038
1293360585000, 1.4639386, -0.88117313, -0.22876903
1293365468000, 1.3979651, -0.7507534, -0.24404067
1293370466000, 1.3530666, -0.4990769, -0.26908615
1293375490000, 1.3231341, -0.4560109, -0.3023783
1293380478000, 1.3264939, -0.36193767, -0.33017266
1293385451000, 1.3643675, -0.28710666, -0.3549127
1293390549000, 1.4080443, -0.25228736, -0.37873647
1293395602000, 1.4624114, -0.20799962, -0.37507126
1293400471000, 1.5143349, -0.2941316, -0.3921755
1293405612000, 1.5308284, -0.3921755, -0.4098906
1293410585000, 1.5164729, -0.4251622, -0.4120286
1293415468000, 1.4877623, -0.35735616, -0.4098906
1293420498000, 1.4569136, -0.34666604, -0.42424592
1293425531000, 1.4486669, -0.35308012, -0.4297437
1293430473000, 1.4495832, -0.3295618, -0.4361578
1293435464000, 1.4395039, -0.2452624, -0.45112398
1293440557000, 1.423316, -0.25137106, -0.47433686
1293445580000, 1.3787229, -0.3640757, -0.49846604
1293450663000, 1.3130548, -0.51068336, -0.49846604
1293455491000, 1.2302825, -0.68539083, -0.49602258
1293460589000, 1.1817188, -0.7974846, -0.46975538
1293465477000, 1.1933253, -0.9147707, -0.47219884
1293470485000, 1.2727377, -0.9950995, -0.48288897
1293475567000, 1.3564262, -0.999681, -0.4700608
1293480536000, 1.4373659, -0.9718866, -0.45448375
1293486117000, 1.4892895, -0.93767816, -0.42852196
1293490564000, 1.5329664, -0.8885035, -0.41874814
1293495565000, 1.536937, -0.829555, -0.39522982
1293500564000, 1.5296066, -0.75655663, -0.38759398
1293505501000, 1.502423, -0.6805039, -0.3839288
1293510720000, 1.457219, -0.61636305, -0.37812558
1293515545000, 1.4074335, -0.58123827, -0.37201694
1293520542000, 1.3420709, -0.5204572, -0.36377025
1293525530000, 1.3063353, -0.47800204, -0.35338554
1293530467000, 1.2189816, -0.44257188, -0.33169982
1293535464000, 1.106277, -0.4361578, -0.31031954
1293540539000, 1.001819, -0.40683624, -0.27947086
1293545549000, 0.91599244, -0.38423425, -0.23976462
1293550481000, 0.82253003, -0.34116822, -0.2012801
1293556103000, 0.7651087, -0.30909783, -0.16065755
1293560550000, 0.7141015, -0.27916542, -0.12583824
1293565471000, 0.6930266, -0.2489276, -0.08857546
1293570465000, 0.66859204, -0.25137106, -0.0693332
1293575531000, 0.6450737, -0.2782491, -0.05589417
1293580680000, 0.5992588, -0.18203785, -0.047647487
1293585463000, 0.5571091, -0.122783914, -0.03970624
1293590489000, 0.514654, -0.087964594, -0.025961773
1293595564000, 0.48747048, -0.082161374, -0.014966198
1293600517000, 0.4456262, -0.110872045, -0.015577064
1293605568000, 0.43860126, -0.17562376, 0.009162978
1293610579000, 0.42332962, -0.28710666, 0.04886922
1293615474000, 0.4129449, -0.29138273, 0.05375614
1293620460000, 0.4129449, -0.24312437, 0.05009095
1293625717000, 0.40683624, -0.17470746, 0.04642576
1293630478000, 0.39736784, -0.112399206, 0.045814894
1293635463000, 0.36071593, -0.08307768, 0.058948494
1293640567000, 0.31215215, -0.08002335, 0.051618114
1293645485000, 0.24312437, -0.08155051, 0.04062254
1293650574000, 0.16890424, -0.08155051, 0.03023783
1293655496000, 0.098043874, -0.100792766, 0.01160644
1293660566000, 0.025350908, -0.13255776, 0.01160644
1293665469000, -0.03268129, -0.160963, -0.023518313
1293670460000, -0.09254608, -0.2144137, -0.0580322
1293675489000, -0.14477506, -0.24404067, -0.09254608
1293680649000, -0.19333886, -0.27672195, -0.14477506
1293685476000, -0.2593123, -0.2733622, -0.1994475
1293690581000, -0.32559118, -0.20922135, -0.2302962
1293695502000, -0.36468655, -0.16187929, -0.27458394
1293700511000, -0.38545597, -0.09254608, -0.32895094
1293705519000, -0.39492437, -0.021380283, -0.36896262
1293710498000, -0.42943826, -0.003970624, -0.4034765
1293715449000, -0.45723262, -0.01985312, -0.40958515
1293720493000, -0.4810564, -0.052839845, -0.42852196
1293725448000, -0.4841107, 0.0033597588, -0.46639562
1293730564000, -0.49113566, 0.062002823, -0.5018258
1293735467000, -0.48563787, 0.04642576, -0.5164866
1293740514000, -0.47983465, -0.03176499, -0.5342017
1293755465000, -0.4437936, -0.29779682, -0.593761
1293760432000, -0.43371433, -0.35430184, -0.60048056
1293765411000, -0.4251622, -0.38026363, -0.5934556
1293770370000, -0.40500367, -0.36865717, -0.6020077
1293775419000, -0.40653083, -0.37751472, -0.59620446
1293780376000, -0.42119157, -0.36377025, -0.6203337
1293785402000, -0.44593164, -0.38056904, -0.6441574
1293790412000, -0.46914452, -0.39278635, -0.66675943
1293795403000, -0.47983465, -0.41538838, -0.6963864
1293800486000, -0.49449542, -0.4437936, -0.7357872
1293805447000, -0.48930305, -0.46486846, -0.7644979
1293811162000, -0.45998153, -0.43799037, -0.7816021
1293815438000, -0.39767328, -0.408058, -0.7797695
1293820455000, -0.3747658, -0.35705075, -0.7672467
1293825518000, -0.31123585, -0.31673363, -0.7330383
1293830439000, -0.26083946, -0.24862215, -0.68294734
1293835436000, -0.2125811, -0.121256754, -0.6386596
1293840458000, -0.18661933, -9.162979E-4, -0.5879578
1293845532000, -0.15974127, 0.08582657, -0.5439755
1293850484000, -0.14538592, 0.14721853, -0.49480084
1293855471000, -0.13958271, 0.11301007, -0.4728097
1293860584000, -0.14844026, 0.03726278, -0.4541783
1293865465000, -0.15424347, -0.019547688, -0.42760566
1293870488000, -0.17745635, -0.061391957, -0.41080686
1293875533000, -0.18173242, -0.14294247, -0.3930918
1293881261000, -0.18784106, -0.23945917, -0.3930918
1293885469000, -0.18967366, -0.32406402, -0.38973203
1293890464000, -0.18906279, -0.2910773, -0.35369098
1293895586000, -0.18661933, -0.45142943, -0.35430184
1293900447000, -0.1695151, -0.54458636, -0.3817908
1293905481000, -0.15393804, -0.552833, -0.37659842
1293910560000, -0.122783914, -0.5381723, -0.3726278
1293915462000, -0.11026118, -0.48838675, -0.36865717
1293920476000, -0.10323623, -0.419359, -0.35277468
1293925542000, -0.08155051, -0.3408628, -0.3371976
1293930667000, -0.06169739, -0.2843578, -0.31948254
1293935465000, -0.05467244, -0.22815818, -0.29993483
1293940494000, -0.054061573, -0.22082779, -0.2910773
1293945579000, -0.058643065, -0.19547687, -0.26816985
1293950750000, -0.07238753, -0.16157386, -0.24648413
1293955494000, -0.08857546, -0.26816985, -0.22876903
1293960601000, -0.11942416, -0.355829, -0.23518312
1293965468000, -0.1554652, -0.4370741, -0.24770586
1293970465000, -0.17684549, -0.5039638, -0.2519819
1293975487000, -0.19883664, -0.54428095, -0.25167647
1293980479000, -0.22052236, -0.5488624, -0.24740042
1293985476000, -0.24617869, -0.5290093, -0.23823744
1293990517000, -0.23976462, -0.5030475, -0.22876903
1293995556000, -0.23640485, -0.47983465, -0.21563543
1294000487000, -0.23548855, -0.47158796, -0.19883664
1294005472000, -0.22724187, -0.49357912, -0.16707164
1294010615000, -0.22266038, -0.44990227, -0.16920967
1294015445000, -0.24129178, -0.38026363, -0.15760323
1294020489000, -0.24098633, -0.3567453, -0.13530666
1294025458000, -0.26450464, -0.28130344, -0.08979719
1294030469000, -0.27091873, -0.23182335, -0.064751714
1294035449000, -0.28924468, -0.28038713, -0.070249505
1294040538000, -0.2846632, -0.2751948, -0.039095376
1294046433000, -0.29168814, -0.22510384, -0.0021380284
1294050469000, -0.29168814, -0.16890424, 0.018325957
1294055481000, -0.27091873, -0.10354166, 0.058337633
1294060570000, -0.2565634, -0.06169739, 0.07971791
1294065474000, -0.21838433, -0.047647487, 0.10903945
1294070471000, -0.19639318, -0.0421497, 0.1432479
1294075556000, -0.1777618, -0.025045475, 0.16982053
1294080590000, -0.16157386, -0.004581489, 0.20647246
1294085468000, -0.15485434, 0.03145956, 0.2565634
1294090518000, -0.15943582, 0.08307768, 0.28955013
1294095554000, -0.1591304, 0.13958271, 0.3304781
1294100525000, -0.17195857, 0.19181168, 0.38240165
1294105493000, -0.17684549, 0.22571471, 0.42332962
1294110624000, -0.18509217, 0.27550024, 0.43554693
1294115468000, -0.18173242, 0.34391713, 0.47678033
1294120458000, -0.19272798, 0.41325033, 0.49663344
1294125552000, -0.19517145, 0.49266282, 0.5149594
1294130470000, -0.19456059, 0.58032197, 0.52412236
1294136018000, -0.20616703, 0.6600399, 0.5375614
1294140464000, -0.19394971, 0.7275405, 0.54733527
1294145586000, -0.19120082, 0.7877107, 0.56138515
1294150444000, -0.1863139, 0.8356637, 0.57757306
1294155508000, -0.19639318, 0.84604836, 0.57604593
1294160611000, -0.19517145, 0.81581056, 0.5626069
1294165470000, -0.20769419, 0.7684685, 0.54458636
1294170668000, -0.22357668, 0.7076874, 0.5271767
1294175537000, -0.24037547, 0.63407815, 0.49510628
1294180653000, -0.22632557, 0.5705481, 0.45173484
1294185463000, -0.22479841, 0.49632803, 0.41630468
1294190453000, -0.20005837, 0.45204028, 0.37843102
1294195583000, -0.18325958, 0.419359, 0.33628133
1294200455000, -0.16340645, 0.40591997, 0.2938262
1294206150000, -0.12889257, 0.38362336, 0.2611449
1294210534000, -0.09010262, 0.3735441, 0.24831672
1294215531000, -0.077579886, 0.3640757, 0.22999077
1294220481000, -0.050396383, 0.36254853, 0.21166481
1294225538000, -0.0421497, 0.3576616, 0.19792034
1294230471000, -0.016798794, 0.34116822, 0.18478674
1294235461000, -0.013439035, 0.3051272, 0.1957823
1294240484000, -9.162979E-4, 0.2648101, 0.18173242
1294245580000, 0.014966198, 0.23365596, 0.17348573
1294250463000, 0.03573562, 0.20158553, 0.1685988
1294255493000, 0.045814894, 0.16615535, 0.15424347
1294260597000, 0.05375614, 0.15057829, 0.15790866
1294265470000, 0.04428773, 0.14355333, 0.16126843
1294270472000, 0.023823744, 0.14049901, 0.16554448
1294275871000, 0.009162978, 0.14385876, 0.17440203
1294280510000, -0.005192355, 0.17195857, 0.1881465
1294285470000, -0.027794369, 0.17715092, 0.20463985
1294290522000, -0.043676864, 0.18295415, 0.21594086
1294295589000, -0.04520403, 0.18936823, 0.22632557
1294300469000, -0.054061573, 0.17806722, 0.23457226
1294305480000, -0.061086524, 0.16249016, 0.23548855
1294310559000, -0.07238753, 0.14721853, 0.23640485
1294315471000, -0.08246681, 0.14660765, 0.24251351
1294320478000, -0.08674286, 0.15210545, 0.2302962
1294325548000, -0.09987647, 0.15851954, 0.22602014
1294330469000, -0.13439035, 0.15057829, 0.2125811
1294335466000, -0.15210545, 0.1563815, 0.1826487
1294340469000, -0.15424347, 0.15332718, 0.16371189
1294345625000, -0.16157386, 0.16218472, 0.14935656
1294350442000, -0.15882497, 0.17867808, 0.14263703
1294355484000, -0.13103059, 0.16462818, 0.12156218
1294360540000, -0.100792766, 0.12522738, 0.106595986
1294365472000, -0.074830994, 0.06291912, 0.09254608
1294370444000, -0.06291912, 0.0018325958, 0.08246681
1294375538000, -0.05100725, -0.04886922, 0.071776666
1294380466000, -0.046731193, -0.084910266, 0.077579886
1294385468000, -0.04428773, -0.10934488, 0.086437434
1294390491000, -0.030848695, -0.12950343, 0.06688975
1294395597000, -0.025045475, -0.11484267, 0.059253927
1294400469000, -0.019547688, -0.103847094, 0.049480084
1294405497000, -0.014966198, -0.099571034, 0.04520403
1294410575000, -0.00580322, -0.065973446, 0.035430185
1294415470000, 0.003970624, -0.022296581, 0.02687807
1294420488000, 0.026572637, 0.028710667, 0.01160644
1294425622000, 0.059864793, 0.06566802, -0.008857546
1294430471000, 0.08124508, 0.09987647, -0.013133603
1294435465000, 0.10629055, 0.12522738, -0.023823744
1294440486000, 0.12003502, 0.11575896, -0.031154128
1294445642000, 0.121256754, 0.08979719, -0.029321533
1294450470000, 0.13469578, 0.06566802, -0.03481932
1294455496000, 0.12767084, 0.03268129, -0.04795292
1294461256000, 0.1255328, 6.1086525E-4, -0.061391957
1294465475000, 0.14049901, -0.006414085, -0.067500606
1294470468000, 0.14110987, -0.032375857, -0.06719518
1294475455000, 0.14905111, -0.042760566, -0.07849618
1294480641000, 0.15974127, -0.04337143, -0.0870483
1294485510000, 0.16340645, -0.03940081, -0.099265605
1294490516000, 0.18325958, -0.033292156, -0.099265605
1294495850000, 0.19211712, 0.041233405, -0.10170906
1294500465000, 0.1872302, 0.079107046, -0.11178834
1294505502000, 0.17898351, 0.055283304, -0.13958271
1294510563000, 0.17165314, -6.1086525E-4, -0.17898351
1294515474000, 0.15454891, 0.01038471, -0.20219639
1294520485000, 0.13500121, 0.042455133, -0.22418754
1294525553000, 0.10354166, 0.073303826, -0.23945917
1294530479000, 0.08307768, 0.09987647, -0.25595254
1294535463000, 0.063224554, 0.16462818, -0.27091873
1294540461000, 0.05497787, 0.2565634, -0.25778514
1294545600000, 0.061086524, 0.36926803, -0.25686884
1294550451000, 0.08368854, 0.43279803, -0.2489276
1294555530000, 0.12095132, 0.49480084, -0.2321288
1294560530000, 0.1518, 0.5036584, -0.21074851
1294565472000, 0.20586158, 0.48533243, -0.17959438
1294570444000, 0.2275473, 0.44348818, -0.1554652
1294575562000, 0.2770274, 0.38515055, -0.13103059
1294580470000, 0.30634892, 0.30848694, -0.108123146
1294585467000, 0.3155119, 0.22113322, -0.096516706
1294590487000, 0.32742378, 0.15943582, -0.07971791
1294595581000, 0.33017266, 0.10415252, -0.064446285
1294600547000, 0.33078352, 0.0888809, -0.060170226
1294605517000, 0.32498032, 0.086132, -0.05100725
1294610542000, 0.30024028, 0.08399397, -0.033292156
1294615471000, 0.2864958, 0.098043874, -0.021380283
1294620482000, 0.27275133, 0.10415252, -0.003970624
1294625551000, 0.26175576, 0.110872045, 0.004276057
1294630470000, 0.26236662, 0.12797627, 0.018020526
1294635462000, 0.2434298, 0.15027285, 0.03848451
1294640485000, 0.22296582, 0.1863139, 0.054061573
1294645616000, 0.22052236, 0.23182335, 0.07391469
1294650473000, 0.20372356, 0.28924468, 0.09773844
1294655519000, 0.19639318, 0.35308012, 0.112704635
1294660560000, 0.1966986, 0.40530908, 0.12339478
1294665480000, 0.18478674, 0.44073927, 0.12675454
1294670617000, 0.17012598, 0.45112398, 0.124005646
1294675555000, 0.15454891, 0.47250426, 0.10170906
1294680647000, 0.12370021, 0.4541783, 0.08307768
1294685498000, 0.086132, 0.41783184, 0.06688975
1294690549000, 0.060170226, 0.40042216, 0.046731193
1294695601000, 0.040317107, 0.38820487, 0.044593163
1294700580000, 0.021380283, 0.33475417, 0.051923547
1294705403000, 0.01740966, 0.2593123, 0.052534413
1294710429000, 0.029321533, 0.19242255, 0.064751714
1294715375000, 0.030848695, 0.11484267, 0.06047566
1294720373000, 0.02565634, 0.03970624, 0.053450707
1294725428000, 0.02687807, -0.04642576, 0.051618114
1294730393000, 0.027183503, -0.13805555, 0.034208454
1294735371000, 0.021991149, -0.1908954, 0.00580322
1294740405000, 0.022602014, -0.22204952, 0.004276057
1294745418000, -0.0021380284, -0.27763826, -0.0067195175
1294750485000, -0.03176499, -0.33322698, -0.0067195175
1294755433000, -0.054367006, -0.3827071, -0.004581489
1294760498000, -0.10445796, -0.36193767, -0.028099801
1294765440000, -0.13713925, -0.34238997, -0.06078109
1294770438000, -0.16554448, -0.30787608, -0.10781772
1294775533000, -0.17623462, -0.28344148, -0.15363261
1294780440000, -0.18203785, -0.27672195, -0.18509217
1294786007000, -0.18325958, -0.27855456, -0.22357668
1294790459000, -0.16462818, -0.28160888, -0.25167647
1294795528000, -0.15485434, -0.27977628, -0.26633725
1294800470000, -0.14202617, -0.3118467, -0.30085114
1294805499000, -0.11636983, -0.3735441, -0.32620203
1294810497000, -0.096516706, -0.42760566, -0.3576616
1294815465000, -0.08277224, -0.48502702, -0.37323865
1294820681000, -0.07513642, -0.5158757, -0.39858958
1294825567000, -0.082161374, -0.5131268, -0.41050145
1294830492000, -0.093462385, -0.50701815, -0.4266894
1294835463000, -0.08674286, -0.47342056, -0.43860126
1294840535000, -0.08857546, -0.4373795, -0.44318274
1294845608000, -0.06780604, -0.40408736, -0.43951756
1294850470000, -0.053145275, -0.35521814, -0.43157628
1294856253000, -0.028099801, -0.28008172, -0.39920044
1294860589000, 0.004276057, -0.23273966, -0.3830125
1294865564000, 0.042455133, -0.21074851, -0.3726278
1294870580000, 0.07971791, -0.20952678, -0.34391713
1294876280000, 0.099265605, -0.21533, -0.31031954
1294880598000, 0.13500121, -0.21319197, -0.27214047
1294885518000, 0.17867808, -0.19303341, -0.21655174
1294890551000, 0.22082779, -0.15699236, -0.19028452
1294895563000, 0.2406809, -0.10720685, -0.17867808
1294900593000, 0.2706133, -0.09773844, -0.16707164
1294905404000, 0.2846632, -0.08827003, -0.15851954
1294910417000, 0.28802297, -0.11759156, -0.1414153
1294915377000, 0.27122417, -0.12064589, -0.16982053
1294920372000, 0.27091873, -0.070554934, -0.20738874
1294925552000, 0.2556471, -0.04184427, -0.23640485
1294930392000, 0.24220806, -0.011301007, -0.26267207
1294935393000, 0.21777347, -0.10445796, -0.32559118
1294940408000, 0.20433442, -0.21960606, -0.37690386
1294945400000, 0.19028452, -0.28771752, -0.40439278
1294950489000, 0.17440203, -0.32650748, -0.44104472
1294955437000, 0.16310102, -0.34574974, -0.47678033
1294960523000, 0.17073683, -0.3399465, -0.52106804
1294965463000, 0.16249016, -0.33567044, -0.5366451
1294970436000, 0.15760323, -0.29718593, -0.53786683
1294975469000, 0.16615535, -0.16432275, -0.5103779
1294980443000, 0.19517145, -0.20372356, -0.5342017
1294985438000, 0.20586158, -0.23793201, -0.52778757
1294990444000, 0.21227567, -0.24953845, -0.5375614
1294995619000, 0.21838433, -0.18784106, -0.5687156
1295000482000, 0.21319197, -0.17867808, -0.5876524
1295005455000, 0.18600847, -0.15393804, -0.5891795
1295010512000, 0.1777618, -0.108123146, -0.59895337
1295015470000, 0.16340645, -0.04520403, -0.6075055
1295020480000, 0.160963, 0.011911872, -0.6072
1295025538000, 0.14813483, 0.1441642, -0.58032197
1295030472000, 0.12339478, 0.0693332, -0.6209445
1295035466000, 0.13347405, -0.0070249503, -0.6554584
1295040456000, 0.106901415, -0.026572637, -0.6768387
1295045621000, 0.06872234, 0.003970624, -0.6750061
1295050452000, 0.03359759, 0.019242255, -0.68386364
1295055463000, 0.0143553335, 0.09193522, -0.66614854
1295060591000, -0.036651913, 0.15515977, -0.65576386
1295065467000, -0.05497787, 0.1563815, -0.68844515
1295070734000, -0.062002823, 0.13897185, -0.72143185
1295075483000, -0.07391469, 0.16157386, -0.73731434
1295080972000, -0.058948494, 0.19730948, -0.73426
1295085469000, -0.041233405, 0.21135938, -0.7351763
1295090454000, -0.029932396, 0.26236662, -0.743423
1295095598000, -0.009468411, 0.37720928, -0.70829827
1295100448000, -3.0543262E-4, 0.36254853, -0.7583892
1295105456000, 0.03940081, 0.34116822, -0.80848014
1295110561000, 0.045814894, 0.34666604, -0.8338311
1295115470000, 0.032986723, 0.33078352, -0.86651236
1295120503000, 0.040011674, 0.28955013, -0.91354895
1295125506000, 0.03940081, 0.2125811, -0.96669424
1295130470000, 0.056505036, 0.12461651, -1.0021244
1295135471000, 0.07544186, 0.04734206, -1.0592403
1295140515000, 0.07513642, -0.0027488936, -1.105666
1295145780000, 0.07544186, -0.020463986, -1.1273518
1295150470000, 0.065973446, -0.026572637, -1.1475104
1295155433000, 0.05497787, -0.036957346, -1.1713341
1295160623000, 0.035124753, -0.040011674, -1.178359
1295165443000, 0.028099801, -0.040011674, -1.2006557
1295170466000, 0.01985312, -0.054367006, -1.2061534
1295175458000, 0.0061086523, -0.0888809, -1.2162327
1295181175000, 0.009773844, -0.11301007, -1.241889
1295185446000, -0.0018325958, -0.13133603, -1.2452488
1295190522000, 0.002443461, -0.16065755, -1.2519683
1295195624000, 0.015577064, -0.17256944, -1.2599095
1295200472000, 0.033292156, -0.18753563, -1.2669345
1295205475000, 0.040927973, -0.18142697, -1.25319
1295210542000, 0.03848451, -0.1853976, -1.246776
1295215624000, 0.050396383, -0.16371189, -1.2238685
1295220463000, 0.076358154, -0.13744467, -1.2003502
1295225466000, 0.084910266, -0.10262536, -1.1768318
1295230470000, 0.10567969, -0.05955936, -1.1527027
1295235464000, 0.12644911, -0.03023783, -1.1203269
1295240494000, 0.14263703, 0.0015271631, -1.0848967
1295245603000, 0.1731803, 0.030848695, -1.0424415
1295251060000, 0.18142697, 0.043676864, -1.0088439
1295255462000, 0.21197024, 0.043676864, -0.9596693
1295260870000, 0.23640485, 0.03970624, -0.9077458
1295265508000, 0.2501493, 0.020158553, -0.8582657
1295270499000, 0.25686884, 0.020158553, -0.7984009
1295275535000, 0.26542094, -0.032070424, -0.74189585
1295280554000, 0.28527406, -0.055283304, -0.6835582
1295285445000, 0.29046643, -0.09407325, -0.6563747
1295290527000, 0.29565877, -0.12736541, -0.5897904
1295295604000, 0.29138273, -0.15210545, -0.52442783
1295300469000, 0.28802297, -0.16187929, -0.46211955
1295305468000, 0.26939157, -0.14935656, -0.39064834
1295310491000, 0.25259277, -0.116675265, -0.31642818
1295315467000, 0.22021692, -0.07788532, -0.24587326
1295320706000, 0.18661933, -0.04520403, -0.18234327
1295325557000, 0.16157386, -0.018325957, -0.10262536
1295330467000, 0.12003502, 0.017104227, -0.032070424
1295335467000, 0.08277224, 0.045814894, 0.03176499
1295340457000, 0.062308256, 0.06291912, 0.08827003
1295345585000, 0.038789943, 0.093462385, 0.14935656
1295350468000, 0.0021380284, 0.11636983, 0.20097467
1295355483000, -0.033292156, 0.1441642, 0.25595254
1295360521000, -0.07360926, 0.20616703, 0.29260445
1295365471000, -0.090713486, 0.28313604, 0.32559118
1295370466000, -0.10873401, 0.36651915, 0.3494149
1295375535000, -0.11759156, 0.45081854, 0.38331795
1295380482000, -0.110872045, 0.48472157, 0.39645153
1295385471000, -0.09987647, 0.5305365, 0.4184427
1295390518000, -0.090713486, 0.54305923, 0.44257188
1295395586000, -0.069027774, 0.5170974, 0.46578476
1295400474000, -0.05100725, 0.48380527, 0.47952923
1295405460000, -0.04337143, 0.4279111, 0.49449542
1295410628000, -0.031154128, 0.36193767, 0.5039638
1295415472000, -0.038789943, 0.2968805, 0.50579643
1295420467000, -0.03970624, 0.26328292, 0.5027421
1295425485000, -0.038179077, 0.22479841, 0.49449542
1295430476000, -0.03390302, 0.2171626, 0.48502702
1295435462000, -0.03604105, 0.21319197, 0.46700647
1295440518000, -0.038789943, 0.20952678, 0.44440445
1295445617000, -0.03970624, 0.22266038, 0.42088616
1295450470000, -0.03634648, 0.22327125, 0.4016439
1295455458000, -0.030848695, 0.21319197, 0.36713
1295460509000, -0.028405234, 0.19730948, 0.33567044
1295465466000, -0.035124753, 0.17348573, 0.30695978
1295470501000, -0.036957346, 0.15149458, 0.28130344
1295475559000, -0.03848451, 0.13439035, 0.24953845
1295480571000, -0.04062254, 0.12583824, 0.22327125
1295485471000, -0.048563786, 0.12186762, 0.21074851
1295490515000, -0.067500606, 0.12858713, 0.17959438
1295495669000, -0.07086037, 0.13194689, 0.15118915
1295500466000, -0.0983493, 0.13958271, 0.1386664
1295506121000, -0.10842858, 0.14721853, 0.124311075
1295510486000, -0.1328632, 0.15515977, 0.115453534
1295515477000, -0.14782938, 0.13408493, 0.1001819
1295520460000, -0.15485434, 0.08460484, 0.090713486
1295525503000, -0.17501289, 0.03756821, 0.076052725
1295530466000, -0.20066923, -0.02321288, 0.076052725
1295535467000, -0.21410827, -0.06291912, 0.07452556
1295540582000, -0.23182335, -0.09682214, 0.079107046
1295545609000, -0.23976462, -0.109650314, 0.103847094
1295550518000, -0.25350907, -0.118507855, 0.12614368
1295555492000, -0.25503623, -0.1301143, 0.1386664
1295560565000, -0.26389378, -0.1301143, 0.17256944
1295565475000, -0.27947086, -0.1160644, 0.20250183
1295570467000, -0.30176744, -0.10293079, 0.21991149
1295576220000, -0.32498032, -0.10629055, 0.24312437
1295580513000, -0.32986724, -0.10995574, 0.25381452
1295585482000, -0.32834008, -0.11484267, 0.25809056
1295590462000, -0.3304781, -0.14202617, 0.26297748
1295595612000, -0.3408628, -0.18692477, 0.26328292
1295600616000, -0.3381139, -0.21655174, 0.24923302
1295605459000, -0.3481932, -0.25167647, 0.23396139
1295610600000, -0.3744604, -0.2947425, 0.23365596
1295615479000, -0.38759398, -0.32742378, 0.21777347
1295620616000, -0.4156938, -0.3313944, 0.20189096
1295625549000, -0.4382958, -0.34238997, 0.18997909
1295630479000, -0.45814893, -0.3494149, 0.18661933
1295635470000, -0.47678033, -0.34422258, 0.17745635
1295640500000, -0.49510628, -0.3268129, 0.16737708
1295646019000, -0.50762904, -0.31520647, 0.16829337
1295650531000, -0.50518554, -0.28313604, 0.16157386
1295655470000, -0.5177083, -0.24831672, 0.17623462
1295660579000, -0.52412236, -0.1957823, 0.18936823
