#Rate of rotation around the x y z axes (Angular velocity).
#timestamp(ns),x,y,z(rad/s)
#Datetime: 22/04/2015 16:04:42
##########################################
#Activity: 8 - CSI - Car-Step in - 6s
#Subject ID: 48
#First Name: sub48
#Last Name: sub48
#Age: 22
#Height(cm): 180
#Weight(kg): 80
#Gender: Male
##########################################

@DATA
12719687323000, -0.02565634, 0.049785517, 0.023518313
12719692333000, -0.029932396, 0.046120327, 0.019547688
12719697333000, -0.027794369, 0.04337143, 0.026572637
12719702307000, -0.02076942, 0.030543262, 0.028405234
12719707388000, -0.03604105, 0.021991149, 0.032070424
12719712356000, -0.032986723, 0.029932396, 0.028099801
12719717343000, -0.027183503, 0.029932396, 0.025045475
12719722307000, -0.027794369, 0.02107485, 0.024129177
12719727348000, -0.03756821, 0.029626964, 0.025961773
12719732332000, -0.04153884, 0.036651913, 0.018936822
12719737345000, -0.029321533, 0.032986723, 0.019242255
12719742382000, -0.040011674, 0.03023783, 0.02443461
12719748071000, -0.042760566, 0.023823744, 0.022296581
12719752374000, -0.04153884, 0.03359759, 0.02076942
12719757376000, -0.03848451, 0.025961773, 0.02107485
12719762377000, -0.03268129, 0.014049901, 0.027794369
12719767370000, -0.03390302, 0.010079277, 0.024740042
12719772377000, -0.03481932, 0.004276057, 0.032375857
12719777381000, -0.028099801, 0.01282817, 0.02443461
12719782371000, -0.028099801, 0.017715093, 0.020158553
12719787352000, -0.027794369, 0.027794369, 0.017715093
12719792393000, -0.03970624, 0.028099801, 0.02321288
12719797375000, -0.042455133, 0.03573562, 0.018325957
12719802374000, -0.036651913, 0.035124753, 0.022296581
12719807397000, -0.034208454, 0.03573562, 0.024129177
12719812376000, -0.029626964, 0.03970624, 0.027794369
12719817319000, -0.030848695, 0.032375857, 0.022907447
12719822363000, -0.028405234, 0.03573562, 0.03023783
12719827371000, -0.03481932, 0.034513887, 0.026572637
12719832357000, -0.036651913, 0.042455133, 0.021991149
12719837354000, -0.028099801, 0.03573562, 0.026267206
12719842382000, -0.03573562, 0.03970624, 0.020463986
12719847348000, -0.03848451, 0.03023783, 0.024129177
12719852334000, -0.03726278, 0.040011674, 0.024740042
12719857339000, -0.041233405, 0.05009095, 0.026572637
12719862366000, -0.039095376, 0.0421497, 0.026267206
12719867367000, -0.03970624, 0.06505715, 0.026267206
12719872343000, -0.044593163, 0.06841691, 0.029626964
12719877360000, -0.038789943, 0.064751714, 0.020158553
12719882359000, -0.054367006, 0.057421334, 0.022602014
12719887332000, -0.050396383, 0.064751714, 0.024740042
12719892405000, -0.056505036, 0.060170226, 0.025350908
12719897368000, -0.05222898, 0.06078109, 0.024740042
12719902373000, -0.05955936, 0.054367006, 0.027183503
12719907378000, -0.069027774, 0.060170226, 0.021380283
12719912465000, -0.0729984, 0.058337633, 0.024129177
12719917363000, -0.06536258, 0.05100725, 0.03145956
12719922369000, -0.06383542, 0.044593163, 0.02687807
12719927361000, -0.07147124, 0.043676864, 0.029626964
12719932368000, -0.076358154, 0.03634648, 0.027183503
12719937380000, -0.087659165, 0.021991149, 0.025961773
12719942431000, -0.09865474, 0.013439035, 0.02565634
12719947432000, -0.08735373, -0.0033597588, 0.026572637
12719952368000, -0.102319926, -0.015882496, 0.023823744
12719957398000, -0.10140363, -0.022296581, 0.020463986
12719962376000, -0.10903945, -0.025961773, 0.013133603
12719967360000, -0.112399206, -0.03634648, -0.004886922
12719972356000, -0.12156218, -0.015882496, -0.019242255
12719977380000, -0.12370021, 0.004886922, -0.03756821
12719982363000, -0.11759156, 0.044593163, -0.058643065
12719987375000, -0.11881329, 0.09987647, -0.07269296
12719992369000, -0.12003502, 0.14569137, -0.092240654
12719997371000, -0.13469578, 0.18570304, -0.111177474
12720002323000, -0.12339478, 0.21655174, -0.12064589
12720007384000, -0.118202426, 0.2284636, -0.12095132
12720012307000, -0.110872045, 0.21105394, -0.1133155
12720017358000, -0.10995574, 0.16798794, -0.105374254
12720022287000, -0.10262536, 0.13622294, -0.09682214
12720027365000, -0.08002335, 0.116675265, -0.06994407
12720032269000, -0.07788532, 0.11942416, -0.03970624
12720037372000, -0.047647487, 0.13927728, -0.0070249503
12720042354000, -0.029932396, 0.14844026, 0.0018325958
12720047378000, -0.015577064, 0.18753563, 0.017715093
12720052310000, -0.0030543262, 0.22082779, 0.041233405
12720057378000, 0.035124753, 0.22174409, 0.06169739
12720062340000, 0.052839845, 0.2125811, 0.07238753
12720067360000, 0.06872234, 0.18173242, 0.06872234
12720073121000, 0.07269296, 0.14477506, 0.067500606
12720077390000, 0.07819075, 0.10781772, 0.049480084
12720082488000, 0.05681047, 0.07238753, 0.036957346
12720087319000, 0.05009095, 0.028405234, 0.025350908
12720092366000, 0.035430185, -0.009468411, 0.0036651916
12720097315000, 0.029321533, -0.03756821, -0.0070249503
12720102678000, 0.0290161, -0.052839845, -0.029321533
12720107358000, 0.032375857, -0.06078109, -0.032986723
12720112273000, 0.03023783, -0.063224554, -0.04428773
12720117333000, 0.025961773, -0.06566802, -0.055283304
12720122288000, 0.032070424, -0.060170226, -0.061391957
12720127328000, 0.015271631, -0.064446285, -0.06872234
12720132266000, 0.004276057, -0.06780604, -0.08857546
12720137335000, -0.008857546, -0.069027774, -0.11056661
12720143902000, -0.0106901415, -0.074830994, -0.112704635
12720147343000, -0.017715093, -0.065973446, -0.12095132
12720152307000, -0.017715093, -0.060170226, -0.13530666
12720157347000, -0.032986723, -0.04642576, -0.14538592
12720162333000, -0.047036625, -0.03940081, -0.14782938
12720167342000, -0.043676864, -0.061391957, -0.16218472
12720172311000, -0.053145275, -0.07788532, -0.17654006
12720177330000, -0.0571159, -0.08460484, -0.1853976
12720182371000, -0.063224554, -0.09743301, -0.18784106
12720187385000, -0.06963864, -0.12003502, -0.19120082
12720192426000, -0.06658431, -0.13805555, -0.19730948
12720197376000, -0.071776666, -0.14874569, -0.20280726
12720202369000, -0.06994407, -0.13836098, -0.2012801
12720207327000, -0.09101892, -0.1282817, -0.20463985
12720212311000, -0.09101892, -0.11759156, -0.2012801
12720217333000, -0.1020145, -0.09743301, -0.19883664
12720222344000, -0.11942416, -0.086437434, -0.20769419
12720227321000, -0.12980886, -0.061086524, -0.2049453
12720232340000, -0.14782938, -0.04062254, -0.204029
12720237315000, -0.16890424, -0.018936822, -0.20525073
12720242376000, -0.18570304, 0.0030543262, -0.20158553
12720247364000, -0.19975294, 0.038179077, -0.21013765
12720252331000, -0.2144137, 0.08124508, -0.21502456
12720257321000, -0.22999077, 0.11636983, -0.21777347
12720262299000, -0.25137106, 0.16371189, -0.21166481
12720267302000, -0.27458394, 0.19456059, -0.21410827
12720272309000, -0.29046643, 0.22021692, -0.2134974
12720277314000, -0.3032946, 0.2611449, -0.21838433
12720282318000, -0.3203988, 0.28619036, -0.22021692
12720287330000, -0.3390302, 0.30115658, -0.22510384
12720292337000, -0.33933565, 0.31031954, -0.22357668
12720297343000, -0.35033122, 0.3118467, -0.23335053
12720302365000, -0.36651915, 0.32162055, -0.2321288
12720307351000, -0.36926803, 0.31887165, -0.24617869
12720312373000, -0.3903429, 0.31612277, -0.2519819
12720317339000, -0.40408736, 0.29535335, -0.25900686
12720322351000, -0.42424592, 0.28588495, -0.26358834
12720327327000, -0.44073927, 0.28221974, -0.26328292
12720332365000, -0.48075095, 0.2742785, -0.27030787
12720337300000, -0.50793445, 0.27458394, -0.2706133
12720342391000, -0.528093, 0.27580565, -0.2855795
12720347346000, -0.5653558, 0.3032946, -0.29138273
12720352335000, -0.6096435, 0.30726522, -0.3005457
12720357332000, -0.64965516, 0.3286455, -0.3036
12720362335000, -0.6960809, 0.33200526, -0.321926
12720367622000, -0.7516697, 0.35643986, -0.3313944
12720372323000, -0.8222246, 0.36774087, -0.33536503
12720377677000, -0.8958339, 0.3717115, -0.36102137
12720382346000, -0.9645562, 0.3680463, -0.36743546
12720387355000, -1.0393872, 0.3643811, -0.37965274
12720392356000, -1.1142182, 0.35521814, -0.3915646
12720397299000, -1.2052372, 0.3371976, -0.39736784
12720402337000, -1.2956452, 0.30695978, -0.41233405
12720407410000, -1.395827, 0.28527406, -0.4147775
12720412348000, -1.4914275, 0.25778514, -0.43066
12720417335000, -1.600467, 0.22174409, -0.43127087
12720422334000, -1.7055358, 0.17195857, -0.4361578
12720427301000, -1.8170186, 0.12095132, -0.43585235
12720432310000, -1.9349157, 0.09285152, -0.4279111
12720437331000, -1.9914207, 0.0076358155, -0.42119157
12720442321000, -2.0937407, -0.07788532, -0.42424592
12720447307000, -2.2058344, -0.15699236, -0.4175264
12720452335000, -2.3066273, -0.24556783, -0.4156938
12720457360000, -2.403144, -0.3381139, -0.43554693
12720462338000, -2.5079072, -0.43371433, -0.44684792
12720467918000, -2.5955665, -0.51068336, -0.45051312
12720472322000, -2.6957483, -0.51251596, -0.4343252
12720477320000, -2.7907379, -0.408058, -0.39858958
12720482365000, -2.8875601, -0.33505958, -0.34483343
12720487373000, -2.9177978, -0.2874121, -0.2602286
12720492435000, -2.910162, -0.28985557, -0.18325958
12720497408000, -2.894585, -0.28038713, -0.1432479
12720502369000, -2.896723, -0.22113322, -0.09193522
12720507378000, -2.891225, -0.14446963, -0.018936822
12720512340000, -2.8860328, -0.011911872, 0.07269296
12720517377000, -2.8710666, 0.05681047, 0.19028452
12720522328000, -2.754086, 0.28680122, 0.32253686
12720527371000, -2.6087, 0.79045963, 0.44623706
12720532292000, -2.4743097, 1.0604621, 0.51007247
12720537343000, -2.3985624, 1.4010195, 0.6081163
12720542422000, -2.1896465, 1.5268577, 0.6792821
12720547401000, -1.9449949, 1.4984524, 0.7538077
12720552277000, -1.7079792, 1.4886786, 0.8042041
12720557380000, -1.5653422, 1.4740179, 0.79534656
12720562320000, -1.5039502, 1.4941764, 0.79473567
12720567372000, -1.5097535, 1.5552629, 0.79717916
12720572332000, -1.5442673, 1.6224581, 0.8173377
12720577356000, -1.6013832, 1.602605, 0.82711154
12720582336000, -1.5943583, 1.5121969, 0.8194757
12720587382000, -1.5717562, 1.4526376, 0.8179486
12720592366000, -1.5522085, 1.4300356, 0.8194757
12720597362000, -1.5580118, 1.389413, 0.8151997
12720602347000, -1.5683966, 1.321607, 0.8219192
12720607349000, -1.5653422, 1.2675453, 0.838718
12720612350000, -1.5540411, 1.2247849, 0.8454375
12720617367000, -1.5231925, 1.1847731, 0.86620694
12720622333000, -1.493871, 1.1710287, 0.88361657
12720627376000, -1.4474452, 1.1798862, 0.8866709
12720632332000, -1.3817772, 1.1881329, 0.8894198
12720637369000, -1.3503176, 1.207986, 0.8848383
12720642378000, -1.3017539, 1.2351695, 0.8961393
12720647336000, -1.2345587, 1.2702943, 0.89766645
12720652519000, -1.1737776, 1.3026701, 0.904386
12720657312000, -1.1114693, 1.317331, 0.906524
12720662288000, -1.03786, 1.3439035, 0.90224797
12720667334000, -0.97341377, 1.349096, 0.9068295
12720672298000, -0.9056077, 1.3219124, 0.9092729
12720677302000, -0.83016586, 1.2886202, 0.90377516
12720682269000, -0.75533485, 1.2464706, 0.8854492
12720687378000, -0.66859204, 1.2211196, 0.86742866
12720692319000, -0.59773165, 1.1921035, 0.8567385
12720697368000, -0.52564955, 1.142318, 0.84482664
12720702265000, -0.47250426, 1.0943651, 0.82833326
12720707376000, -0.40653083, 1.0571023, 0.81245077
12720712279000, -0.33383787, 1.0189233, 0.80970186
12720717365000, -0.25381452, 0.9654725, 0.7901542
12720722321000, -0.19700404, 0.91415983, 0.7678576
12720727371000, -0.1386664, 0.89552844, 0.7324274
12720732372000, -0.06872234, 0.8402451, 0.7141015
12720737316000, -0.0290161, 0.79473567, 0.6740898
12720742345000, 0.029321533, 0.7528914, 0.66737026
12720747337000, 0.101098195, 0.7476991, 0.6597345
12720752329000, 0.1704314, 0.7629707, 0.6392705
12720757325000, 0.23976462, 0.77579886, 0.62888575
12720762352000, 0.30298916, 0.81000733, 0.61178154
12720767333000, 0.37232238, 0.8512407, 0.6105598
12720772327000, 0.44593164, 0.91813046, 0.6059783
12720777341000, 0.52564955, 0.9578367, 0.58551437
12720782345000, 0.6041457, 0.9960158, 0.5852089
12720787334000, 0.6795876, 0.9984592, 0.5656612
12720793271000, 0.76144356, 0.9828822, 0.55771995
12720797345000, 0.82772243, 0.93401295, 0.5531385
12720802338000, 0.89369583, 0.8585711, 0.52656585
12720807327000, 0.96761054, 0.7696902, 0.49968776
12720812348000, 1.0042624, 0.6637051, 0.46975538
12720817333000, 1.0366384, 0.56505036, 0.44409904
12720822329000, 1.0421361, 0.48288897, 0.4092797
12720827346000, 1.0363328, 0.4456262, 0.39370266
12720832344000, 1.0125091, 0.35338554, 0.37965274
12720837336000, 0.9783007, 0.2657264, 0.35216382
12720842386000, 0.9108001, 0.20799962, 0.32650748
12720847343000, 0.8323039, 0.1591304, 0.3023783
12720852340000, 0.73639804, 0.12889257, 0.27183503
12720857326000, 0.6597345, 0.118202426, 0.25717425
12720862310000, 0.5870415, 0.14752395, 0.24678956
12720867305000, 0.5128214, 0.1966986, 0.23335053
12720872317000, 0.47067168, 0.22999077, 0.23823744
12720877365000, 0.44623706, 0.2742785, 0.23945917
12720882332000, 0.42760566, 0.30024028, 0.24648413
12720887327000, 0.43218717, 0.29779682, 0.2501493
12720892377000, 0.43218717, 0.25809056, 0.24220806
12720897319000, 0.46609017, 0.19914207, 0.24190263
12720902324000, 0.49327368, 0.103847094, 0.24831672
12720907305000, 0.5375614, -0.016798794, 0.2452624
12720912343000, 0.58551437, -0.16218472, 0.26206118
12720917320000, 0.6630942, -0.2950479, 0.28160888
12720922324000, 0.72784597, -0.37507126, 0.30176744
12720927337000, 0.78984874, -0.5290093, 0.31245756
12720932303000, 0.8176431, -0.6814202, 0.321926
12720937346000, 0.88789266, -0.82833326, 0.32742378
12720942439000, 0.94134337, -0.9575313, 0.321926
12720947413000, 0.9896017, -1.0906999, 0.29871312
12720952327000, 1.0137309, -1.210124, 0.26725355
12720957340000, 1.0415252, -1.3429873, 0.22052236
12720962354000, 1.0393872, -1.4892895, 0.16737708
12720967338000, 1.0250319, -1.6270396, 0.12003502
12720972329000, 0.9999864, -1.7143933, 0.083383106
12720977352000, 0.9505063, -1.7259997, 0.044593163
12720982341000, 0.9114109, -1.6789632, 0.01863139
12720987343000, 0.8604037, -1.5851953, -0.003970624
12720992356000, 0.7861836, -1.4425583, -0.009773844
12720997341000, 0.68233645, -1.3228287, -0.009773844
12721002290000, 0.5552765, -1.289842, -0.023823744
12721007339000, 0.3998113, -1.328021, -0.044593163
12721012341000, 0.19333886, -1.3295482, -0.05681047
12721017335000, 0.022907447, -1.2034045, -0.057421334
12721022329000, -0.09132435, -1.0775663, -0.06352998
12721027352000, -0.14202617, -0.8145888, -0.07513642
12721032328000, -0.14782938, -0.63194007, -0.12308934
12721037353000, -0.15241088, -0.61300325, -0.18112154
12721042340000, -0.15607607, -0.729984, -0.22082779
12721047333000, -0.13683382, -0.93218035, -0.23335053
12721052302000, -0.109650314, -1.0940597, -0.27397305
12721057354000, -0.12950343, -1.1420126, -0.30451632
12721062288000, -0.1685988, -1.0748174, -0.3295618
12721067337000, -0.18295415, -0.78893244, -0.34605515
12721072357000, -0.172264, -0.40775254, -0.38881573
12721077350000, -0.17745635, -0.03023783, -0.45540005
12721082343000, -0.2574797, 0.16768251, -0.5693264
12721087366000, -0.42119157, 0.29932398, -0.6401868
12721092351000, -0.5537493, 0.3747658, -0.68386364
12721097348000, -0.6441574, 0.36071593, -0.7049385
12721102478000, -0.74464476, 0.36957347, -0.7669413
12721107405000, -0.9783007, 0.57879484, -0.7458665
12721112486000, -1.187522, 0.86284715, -0.6588182
12721118106000, -1.2861768, 1.0412198, -0.58551437
12721122708000, -1.3655893, 1.0809261, -0.49388456
12721127377000, -1.3866642, 1.0479393, -0.4129449
12721132646000, -1.3600914, 0.88606006, -0.036957346
12721137364000, -1.0534371, 0.63316184, 0.11026118
12721142409000, -0.91751957, 0.31673363, 0.39858958
12721147423000, -0.6273586, 9.162979E-4, 0.61086524
12721152266000, -0.36041048, -0.31215215, 0.7467828
12721157378000, -0.15027285, -0.59773165, 0.8362745
12721162277000, -0.008552114, -0.7874053, 0.8402451
12721167370000, 0.04795292, -0.9266826, 0.7675522
12721172373000, -0.027488936, -1.0635164, 0.6582073
12721177378000, -0.17195857, -1.1863003, 0.54519725
12721182373000, -0.30604348, -1.284955, 0.46731192
12721188198000, -0.36377025, -1.4068227, 0.38423425
12721192443000, -0.36865717, -1.5763378, 0.3381139
12721197417000, -0.3005457, -1.7528778, 0.32589662
12721202363000, -0.19333886, -1.9052887, 0.35796702
12721207397000, -0.06261369, -2.021964, 0.40469822
12721212382000, 0.010995574, -2.0503693, 0.46761733
12721217365000, 0.030543262, -1.9779817, 0.5326745
12721222358000, 0.004886922, -1.930945, 0.54825157
12721227345000, -0.0143553335, -1.7895297, 0.57635134
12721232369000, -0.057726767, -1.6270396, 0.59528816
12721237364000, -0.1020145, -1.457219, 0.63621616
12721242374000, -0.16401732, -1.3329079, 0.6792821
12721247317000, -0.2443461, -1.2684617, 0.6817256
12721252371000, -0.31673363, -1.289842, 0.6554584
12721257395000, -0.37140608, -1.31672, 0.6365216
12721262367000, -0.43463063, -1.3142766, 0.6081163
12721267360000, -0.52290064, -1.3515394, 0.5671884
12721272344000, -0.6215554, -1.4367551, 0.52290064
12721277313000, -0.70616025, -1.4456125, 0.4841107
12721282385000, -0.7498371, -1.3698653, 0.46486846
12721287306000, -0.7348709, -1.269378, 0.44959682
12721292357000, -0.6658431, -1.2067643, 0.44257188
12721297335000, -0.5684101, -1.2049317, 0.44593164
12721302364000, -0.49877146, -1.2131784, 0.46761733
12721307315000, -0.46883908, -1.1249083, 0.4700608
12721312374000, -0.47219884, -0.9630291, 0.4999932
12721317327000, -0.49021935, -0.90041536, 0.5155703
12721322353000, -0.52564955, -0.8341365, 0.5122105
12721327654000, -0.5320636, -0.782213, 0.5170974
12721332362000, -0.5235115, -0.7669413, 0.5149594
12721337343000, -0.52412236, -0.711658, 0.528093
12721342410000, -0.52687126, -0.59559363, 0.5665775
12721347321000, -0.54305923, -0.42485678, 0.58032197
12721352373000, -0.56505036, -0.2302962, 0.59040123
12721357363000, -0.5861252, -0.06872234, 0.58368176
12721362374000, -0.62858033, 0.079107046, 0.5897904
12721367311000, -0.66523224, 0.21899518, 0.6258314
12721372365000, -0.69913524, 0.22540927, 0.6047566
12721377442000, -0.7104363, 0.23884831, 0.6084218
12721382365000, -0.7254025, 0.26328292, 0.61575216
12721387510000, -0.7473936, 0.27763826, 0.6178902
12721392378000, -0.77121735, 0.26328292, 0.6084218
12721397379000, -0.77671516, 0.25289822, 0.58032197
12721402373000, -0.768163, 0.24007004, 0.54641896
12721407662000, -0.75228053, 0.30024028, 0.50793445
12721412384000, -0.745561, 0.4120286, 0.46609017
12721417321000, -0.7318166, 0.44715336, 0.44348818
12721422373000, -0.72295904, 0.46181414, 0.42332962
12721427294000, -0.70188415, 0.38698313, 0.4129449
12721432326000, -0.657291, 0.3023783, 0.4083634
12721437282000, -0.605062, 0.13622294, 0.35827246
12721443132000, -0.57635134, -0.034208454, 0.29932398
12721447317000, -0.5458081, -0.11759156, 0.2443461
12721452390000, -0.52656585, -0.14477506, 0.20066923
12721457302000, -0.4896085, -0.16523905, 0.14905111
12721462392000, -0.4709771, -0.16218472, 0.098043874
12721467357000, -0.48075095, -0.16707164, 0.046120327
12721472384000, -0.5122105, -0.18509217, -0.017104227
12721492340000, -0.68752885, -0.33841935, -0.24556783
12721497338000, -0.77396625, -0.267559, -0.2874121
12721502338000, -0.8677341, -0.19608775, -0.30879238
12721507311000, -0.9431759, -0.12767084, -0.3323107
12721512398000, -1.0143417, -0.13439035, -0.35216382
12721517248000, -1.0491611, -0.18661933, -0.35827246
12721522238000, -1.0662653, -0.35918877, -0.37751472
12721527254000, -1.0873401, -0.54550266, -0.41874814
12721532265000, -1.1282681, -0.6392705, -0.47219884
12721537251000, -1.1435398, -0.59498274, -0.5329799
12721542284000, -1.1472049, -0.45540005, -0.5858198
12721547213000, -1.1414018, -0.30695978, -0.6432411
12721552361000, -1.1459832, -0.20799962, -0.68691796
12721557373000, -1.131017, -0.19211712, -0.72082096
12721562365000, -1.0855075, -0.2874121, -0.7309003
12721567360000, -1.0598512, -0.37690386, -0.73853606
12721572306000, -1.0586295, -0.43188173, -0.75411314
12721577400000, -1.0818423, -0.44348818, -0.763887
12721582269000, -1.0922271, -0.40530908, -0.77640975
12721587320000, -1.0870347, -0.33933565, -0.81397796
12721592292000, -1.0647382, -0.29810223, -0.84329945
12721597341000, -1.0809261, -0.32406402, -0.88361657
12721602267000, -1.1090258, -0.4352415, -0.9315695
12721607354000, -1.1563679, -0.59406644, -0.9795224
12721612272000, -1.201572, -0.67347896, -1.0268645
12721617270000, -1.2131784, -0.8191703, -1.0482447
12721622300000, -1.2284501, -0.89919364, -1.0913107
12721627315000, -1.2406673, -0.9560041, -1.1655309
12721632308000, -1.2916746, -0.98837996, -1.2556335
12721637324000, -1.3298537, -1.0690142, -1.328021
12721642467000, -1.3414601, -1.2024882, -1.3884968
12721647367000, -1.310306, -1.3765849, -1.4382823
12721652324000, -1.235475, -1.534188, -1.4679092
12721657332000, -1.1856894, -1.6169603, -1.4697418
12721662327000, -1.1578951, -1.6218473, -1.4385877
12721667330000, -1.1484267, -1.5723672, -1.4214834
12721672318000, -1.1780536, -1.5378532, -1.393689
12721677388000, -1.2379184, -1.4391985, -1.3500122
12721682300000, -1.2904528, -1.2663237, -1.269378
12721687333000, -1.2956452, -1.0708468, -1.1942415
12721692350000, -1.2822062, -0.9841039, -1.0897835
12721697365000, -1.2815952, -1.0076222, -1.0360274
12721702316000, -1.2748758, -1.0528263, -0.98654735
12721707319000, -1.2311989, -1.0607675, -0.9086621
12721712371000, -1.1557571, -1.0177015, -0.84238315
12721717332000, -1.0867293, -0.86345804, -0.8219192
12721722615000, -1.0714576, -0.7058548, -0.71776664
12721727343000, -1.1102476, -0.6435465, -0.7122689
12721733330000, -1.1447614, -0.6948592, -0.732122
12721737332000, -1.1230757, -0.84788096, -0.7672467
12721742335000, -1.0662653, -1.0980303, -0.79779
12721747368000, -1.0195341, -1.3836098, -0.8249735
12721752301000, -0.97585726, -1.643533, -0.84879726
12721757311000, -0.9236283, -1.8081611, -0.87995136
12721762336000, -0.88239485, -1.8209893, -0.9053023
12721767367000, -0.8720101, -1.7018706, -0.91629785
12721772328000, -0.8686504, -1.5757269, -0.91721416
12721777292000, -0.88300574, -1.4737124, -0.9056077
12721782348000, -0.8891144, -1.4196508, -0.8949176
12721787300000, -0.872621, -1.4080443, -0.89919364
12721792434000, -0.8338311, -1.3723087, -0.91354895
12721797340000, -0.81245077, -1.3381003, -0.9440922
12721803035000, -0.8145888, -1.3005321, -0.9954049
12721807317000, -0.88514376, -1.3038919, -1.0687088
12721812344000, -0.9816604, -1.280679, -1.1117748
12721817330000, -1.0387764, -1.2840388, -1.2021828
12721822314000, -1.1560625, -1.2999213, -1.2800682
12721827331000, -1.2412782, -1.3646729, -1.3521502
12721832334000, -1.2843442, -1.4828753, -1.4043792
12721837337000, -1.3228287, -1.6050484, -1.4440855
12721842424000, -1.3451253, -1.6930131, -1.4834863
12721847389000, -1.3726143, -1.7302758, -1.5180001
12721852337000, -1.4379768, -1.7617353, -1.5238034
12721857347000, -1.4880677, -1.8176296, -1.4978416
12721862377000, -1.5283848, -1.9022343, -1.4563028
12721867336000, -1.534799, -1.9428569, -1.4080443
12721872329000, -1.5470163, -1.9566014, -1.3545936
12721878584000, -1.5512923, -1.9431623, -1.3112222
12721882324000, -1.5543466, -2.0097466, -1.2608259
12721887364000, -1.5442673, -2.0570886, -1.2321151
12721892364000, -1.5442673, -2.0894647, -1.2238685
12721897387000, -1.565953, -2.068695, -1.207986
12721902279000, -1.6276505, -1.9410243, -1.1774428
12721907354000, -1.6975945, -1.87444, -1.1667526
12721912291000, -1.7821994, -1.7220291, -1.1670581
12721917328000, -1.7996091, -1.649947, -1.1673635
12721922305000, -1.813659, -1.5558738, -1.1545353
12721927348000, -1.7907515, -1.5161675, -1.162782
12721932318000, -1.751656, -1.509448, -1.1701124
12721937347000, -1.7235563, -1.5628988, -1.1609493
12721942340000, -1.7079792, -1.5201381, -1.1496484
12721947337000, -1.7098118, -1.4776831, -1.1417072
12721952234000, -1.7400496, -1.4391985, -1.1316279
12721957251000, -1.7513506, -1.4767667, -1.133155
12721962251000, -1.8063285, -1.4886786, -1.0983357
12721967244000, -1.8390098, -1.409877, -1.0824533
12721972251000, -1.8976529, -1.3387111, -1.067487
12721977231000, -1.9608774, -1.3469579, -1.0644327
12721982243000, -2.0189097, -1.287704, -1.0393872
12721987269000, -2.0308216, -1.2760975, -1.0491611
12721992327000, -2.0595322, -1.3240504, -1.0500773
12721997240000, -2.090381, -1.3603969, -1.0558805
12722002420000, -2.154827, -1.2742649, -1.0491611
12722007252000, -2.250733, -1.1985176, -1.0601566
12722012201000, -2.2956316, -1.0955868, -1.073901
12722017262000, -2.363743, -1.0519099, -1.1016954
12722022556000, -2.4324653, -1.0268645, -1.1194105
12722027233000, -2.460565, -1.0268645, -1.146594
12722032225000, -2.4373524, -1.0821478, -1.1548407
12722037273000, -2.4181101, -1.1924089, -1.1456778
12722042252000, -2.4263568, -1.1151345, -1.1120802
12722047221000, -2.4416285, -0.9080512, -1.0983357
12722052204000, -2.457511, -0.77824235, -1.073901
12722057261000, -2.4654522, -0.7654142, -1.0503827
12722062213000, -2.46759, -0.76083267, -1.029308
12722067216000, -2.4651468, -0.68844515, -1.003957
12722072250000, -2.437047, -0.5705481, -0.99021256
12722077210000, -2.3652701, -0.48838675, -0.9837985
12722082241000, -2.2675319, -0.4529566, -0.97249746
12722087218000, -2.1496348, -0.4804455, -0.96791595
12722092272000, -2.0341814, -0.59803706, -0.9630291
12722097217000, -1.9211712, -0.65179324, -0.9221011
12722102236000, -1.8029687, -0.6273586, -0.8961393
12722107220000, -1.7577647, -0.59956425, -0.86926126
12722112237000, -1.6594155, -0.6200282, -0.8063421
12722117190000, -1.5439619, -0.657291, -0.7098254
12722122251000, -1.4019357, -0.62980205, -0.6062838
12722127205000, -1.2873985, -0.589485, -0.48838675
12722132248000, -1.1664472, -0.5491679, -0.35827246
12722137223000, -1.0494665, -0.5186246, -0.25289822
12722142274000, -0.9309586, -0.5109888, -0.15821409
12722147213000, -0.8216137, -0.5027421, -0.06872234
12722152317000, -0.71959925, -0.49296826, 0.025961773
12722157344000, -0.623388, -0.4538729, 0.115453534
12722162353000, -0.5522222, -0.41996986, 0.20433442
12722167313000, -0.49877146, -0.35338554, 0.28924468
12722172319000, -0.4642576, -0.2666427, 0.38545597
12722177381000, -0.44715336, -0.19181168, 0.46609017
12722182345000, -0.4392121, -0.12308934, 0.5320636
12722187361000, -0.44837508, -0.044593163, 0.5891795
12722192352000, -0.4718934, 0.014966198, 0.6383542
12722198177000, -0.48441613, 0.06261369, 0.6783658
12722202344000, -0.51923543, 0.07452556, 0.7076874
12722207394000, -0.5549711, 0.07941248, 0.7147123
12722212343000, -0.57360244, 0.06780604, 0.7199047
12722217559000, -0.63591075, 0.052534413, 0.73761976
12722222315000, -0.70341134, 0.034513887, 0.7666359
12722227840000, -0.75747293, 0.0125227375, 0.7852673
12722232343000, -0.8347474, 0.0021380284, 0.80878556
12722237315000, -0.8888089, -0.017104227, 0.82344633
12722242399000, -0.94134337, -0.015271631, 0.82894415
12722247306000, -0.9935723, 0.0036651916, 0.8246681
12722252334000, -1.0338894, 0.03634648, 0.8151997
12722257340000, -1.0855075, 0.07971791, 0.81489426
12722262349000, -1.1441506, 0.10262536, 0.8206975
12722267267000, -1.221425, 0.10354166, 0.80848014
12722272318000, -1.2913691, 0.1142318, 0.7996226
12722277421000, -1.3759739, 0.12644911, 0.79168135
12722282333000, -1.462106, 0.11178834, 0.77854776
12722287305000, -1.563815, 0.074830994, 0.7620544
12722292392000, -1.6392568, 0.053450707, 0.7507534
12722297361000, -1.6841555, 0.03390302, 0.73761976
12722302328000, -1.7189748, 0.03573562, 0.71685034
12722307344000, -1.7467692, 0.0018325958, 0.69974613
12722312341000, -1.7602082, -0.015882496, 0.6731735
12722317333000, -1.8090774, -0.002443461, 0.6533204
12722322303000, -1.8506162, 0.030848695, 0.64721173
12722327350000, -1.8945986, 0.0693332, 0.65087694
12722332339000, -1.9028453, 0.10873401, 0.66737026
12722337374000, -1.9000963, 0.1414153, 0.68936145
12722342331000, -1.88849, 0.17623462, 0.72051555
12722347339000, -1.8558086, 0.12980886, 0.75136423
12722352363000, -1.8069394, 0.09896017, 0.77824235
12722357310000, -1.7644843, 0.0870483, 0.8374963
12722362322000, -1.7073684, 0.0870483, 0.90316427
12722367328000, -1.6701056, 0.063224554, 0.97066486
12722372322000, -1.6148223, 0.016187929, 1.0173961
12722377306000, -1.5552629, -0.015577064, 1.0574077
12722382274000, -1.5690074, -0.009773844, 1.1038336
12722387347000, -1.5940529, 0.020463986, 1.1334605
12722392295000, -1.5928311, 0.111177474, 1.1481212
12722397338000, -1.5980235, 0.22724187, 1.1478158
12722402266000, -1.5851953, 0.27672195, 1.1633929
12722407312000, -1.5848899, 0.36682457, 1.2458596
12722412305000, -1.5647314, 0.44409904, 1.3249667
12722417332000, -1.5922203, 0.44868052, 1.3677273
12722422343000, -1.6059648, 0.4569272, 1.3897184
12722427302000, -1.6325374, 0.5326745, 1.3707817
12722432301000, -1.7055358, 0.5522222, 1.3301591
12722437306000, -1.7867808, 0.49571714, 1.287093
12722442378000, -1.8585575, 0.44043383, 1.2498302
12722447290000, -1.9141463, 0.39706242, 1.2024882
12722452314000, -1.9792033, 0.41630468, 1.144456
12722457307000, -2.0653355, 0.40500367, 1.0589349
12722462278000, -2.119397, 0.32711834, 0.9773844
12722467318000, -2.137723, 0.20708331, 0.91965765
12722472281000, -2.1096232, 0.0693332, 0.8689558
12722477305000, -2.0610592, -0.05375614, 0.8414669
12722482277000, -2.0204368, -0.07086037, 0.8155051
12722487337000, -1.9865338, -0.0720821, 0.79443026
12722492324000, -1.9737056, -0.12705997, 0.78038037
12722497340000, -1.9620992, -0.15363261, 0.7690793
12722502269000, -1.967597, -0.23518312, 0.754724
12722507305000, -1.9843957, -0.33200526, 0.7315111
12722512305000, -2.005776, -0.35002577, 0.7107417
12722517331000, -2.0182989, -0.30390546, 0.6881397
12722522882000, -2.0244074, -0.22021692, 0.65393126
12722527349000, -2.03693, -0.052534413, 0.65270954
12722532332000, -2.0494528, 0.074830994, 0.6386596
12722537305000, -2.0610592, 0.1881465, 0.6337727
12722542428000, -2.0680842, 0.25625798, 0.5852089
12722547370000, -2.1132884, 0.2919936, 0.5326745
12722552331000, -2.1587977, 0.36346483, 0.5183192
12722557365000, -2.1120665, 0.44043383, 0.5158757
12722562344000, -2.0302107, 0.48747048, 0.5235115
12722567328000, -2.0027218, 0.48502702, 0.52015173
12722572316000, -2.0292943, 0.48075095, 0.5030475
12722577332000, -2.0518963, 0.48288897, 0.4792238
12722582334000, -2.0775528, 0.4718934, 0.4297437
12722587305000, -2.0922134, 0.47555858, 0.32406402
12722593057000, -2.1163425, 0.5946773, 0.27214047
12722597471000, -2.05434, 0.6960809, 0.21960606
12722602334000, -2.0060816, 0.7125743, 0.19394971
12722607429000, -1.9822577, 0.70066243, 0.14935656
12722612342000, -1.9385809, 0.66248333, 0.101098195
12722617579000, -1.9260582, 0.59559363, 0.056505036
12722622318000, -1.9257526, 0.5363397, 0.03023783
12722627305000, -1.9208658, 0.47861293, 0.009773844
12722632360000, -1.8891008, 0.42546764, -0.016187929
12722637322000, -1.8509218, 0.3707952, -0.022602014
12722642512000, -1.7989981, 0.31948254, -0.03176499
12722647312000, -1.7525724, 0.26236662, -0.029626964
12722652374000, -1.6994271, 0.20097467, -0.008552114
12722657284000, -1.6374242, 0.1423316, 0.011301007
12722662347000, -1.5763378, 0.070554934, 0.037873644
12722667276000, -1.5076154, -0.014049901, 0.062002823
12722672338000, -1.4413365, -0.07147124, 0.080634214
12722677367000, -1.3839152, -0.13164146, 0.10140363
12722682346000, -1.3332134, -0.16615535, 0.12370021
12722687359000, -1.2767084, -0.19853121, 0.14294247
12722692404000, -1.2247849, -0.22388211, 0.15057829
12722697359000, -1.1545353, -0.22968534, 0.15851954
12722702359000, -1.1239921, -0.23884831, 0.16462818
12722707359000, -1.0491611, -0.24709499, 0.15088372
12722712389000, -0.960891, -0.258396, 0.13805555
12722717372000, -0.8668178, -0.28924468, 0.12217305
12722722361000, -0.75777835, -0.2910773, 0.10598512
12722727365000, -0.6609562, -0.30970868, 0.09468412
12722732365000, -0.5235115, -0.32895094, 0.08582657
12722737393000, -0.39064834, -0.32253686, 0.07269296
12722742412000, -0.25320363, -0.34025195, 0.073303826
12722747355000, -0.11575896, -0.35033122, 0.06963864
12722752369000, 0.012217305, -0.37598756, 0.06780604
12722757363000, 0.12767084, -0.39522982, 0.062002823
12722762377000, 0.24404067, -0.3998113, 0.044898596
12722767365000, 0.34147367, -0.42180246, 0.03176499
12722772367000, 0.43951756, -0.46853364, 0.018020526
12722777366000, 0.5390886, -0.5045747, -0.004581489
12722782373000, 0.6227771, -0.53969944, -0.02687807
12722787384000, 0.73426, -0.5635232, -0.050396383
12722792419000, 0.8454375, -0.54336464, -0.06658431
12722797400000, 0.96761054, -0.52290064, -0.070554934
12722802324000, 1.0250319, -0.47952923, -0.076358154
12722807358000, 1.144456, -0.4297437, -0.08674286
12722812418000, 1.2617421, -0.40591997, -0.12797627
12722817360000, 1.3591752, -0.41355577, -0.15241088
12722822284000, 1.4162911, -0.47769663, -0.19120082
12722827430000, 1.4651603, -0.56688297, -0.2415972
12722832268000, 1.5204436, -0.60048056, -0.27397305
12722837370000, 1.582141, -0.60139686, -0.33658674
12722842404000, 1.6578883, -0.55771995, -0.3979787
12722847947000, 1.707063, -0.4859433, -0.45937067
12722852302000, 1.7180585, -0.42210788, -0.50671273
12722857311000, 1.7104226, -0.30451632, -0.56169057
12722862315000, 1.6349808, -0.160963, -0.57451874
12722867340000, 1.570229, -0.07666359, -0.5589417
12722872633000, 1.5717562, 0.03726278, -0.52564955
12722877309000, 1.5839735, 0.12889257, -0.49388456
12722882362000, 1.5937474, 0.15485434, -0.48533243
12722887344000, 1.5677856, 0.22113322, -0.48624873
12722892396000, 1.5515977, 0.27305678, -0.48075095
12722897342000, 1.5421293, 0.38698313, -0.4642576
12722902342000, 1.534188, 0.43951756, -0.4465425
12722907349000, 1.5189165, 0.4175264, -0.4373795
12722912375000, 1.5225816, 0.37934732, -0.44043383
12722917300000, 1.5335772, 0.33169982, -0.44012842
12722922299000, 1.5528195, 0.19486602, -0.46578476
12722927295000, 1.5653422, 0.11942416, -0.47678033
12722932333000, 1.5928311, 0.061086524, -0.48655418
12722937329000, 1.6163495, 0.009468411, -0.48991394
12722942420000, 1.5968018, 0.005497787, -0.47861293
12722947334000, 1.5476271, 0.118202426, -0.473726
12722952346000, 1.4052955, 0.31398472, -0.49021935
12722957360000, 1.2241739, 0.32711834, -0.50243664
12722962364000, 1.1410962, 0.267559, -0.4783075
12722967372000, 1.1016954, 0.15607607, -0.4288274
12722972346000, 1.1029172, 0.026572637, -0.34513888
12722977332000, 1.1582005, -0.18417588, -0.25870144
12722982391000, 1.2525792, -0.4129449, -0.15149458
12722987291000, 1.366811, -0.5027421, -0.08857546
12722992422000, 1.4434745, -0.59131753, -0.038179077
12722997347000, 1.4737124, -0.5739079, -0.0143553335
12723002363000, 1.4947872, -0.47952923, 0.027488936
12723007331000, 1.486846, -0.36193767, 0.07238753
12723012361000, 1.4862351, -0.29779682, 0.086437434
12723017359000, 1.4501941, -0.20922135, 0.07086037
12723022346000, 1.4126259, -0.12370021, 0.051618114
12723027397000, 1.3451253, -0.06566802, 0.022296581
12723032351000, 1.2932017, -0.03268129, 0.009468411
12723037362000, 1.248914, -0.06627888, 6.1086525E-4
12723042468000, 1.2370021, -0.13255776, -0.0027488936
12723047434000, 1.2669345, -0.21166481, -0.02443461
12723052360000, 1.310306, -0.27763826, -0.047036625
12723057336000, 1.3478742, -0.32436943, -0.05589417
12723062359000, 1.3707817, -0.3268129, -0.06627888
12723067296000, 1.3393221, -0.31490102, -0.09040806
12723072336000, 1.2476922, -0.3005457, -0.1328632
12723077320000, 1.1053606, -0.2761111, -0.2125811
12723082363000, 0.9837985, -0.21197024, -0.312763
12723087383000, 0.9016371, -0.16493362, -0.41508293
12723092443000, 0.8145888, -0.03604105, -0.50762904
12723097305000, 0.7693848, 0.09468412, -0.5458081
12723102347000, 0.62858033, 0.17989981, -0.6435465
12723107286000, 0.3885103, 0.22388211, -0.73884153
12723112371000, 0.10323623, 0.19242255, -0.82924956
12723117266000, -0.18600847, 0.05681047, -0.8509353
12723122349000, -0.3753767, -0.15302174, -0.8338311
12723127300000, -0.4202753, -0.4025602, -0.79504114
12723132358000, -0.35185838, -0.5907067, -0.76174897
12723137305000, -0.22999077, -0.74464476, -0.7302894
12723142381000, -0.09437868, -0.9440922, -0.71593404
12723147307000, 0.055588737, -1.2311989, -0.7141015
12723152356000, 0.21838433, -1.425454, -0.71959925
12723157316000, 0.37904188, -1.5149459, -0.72326446
12723162332000, 0.50976706, -1.4110987, -0.6899723
12723167333000, 0.5766568, -1.0867293, -0.6123924
12723172315000, 0.5540548, -0.63224554, -0.52595496
12723177322000, 0.47891834, -0.15699236, -0.47708577
12723182340000, 0.38820487, 0.258396, -0.45478916
12723187351000, 0.2764165, 0.43951756, -0.44715336
12723192318000, 0.22876903, 0.7657196, -0.44409904
12723197348000, 0.1386664, 1.0619892, -0.41538838
12723202359000, 0.055283304, 1.2825116, -0.33964106
12723207479000, -0.0070249503, 1.4309518, -0.22632557
12723212367000, -0.06291912, 1.4914275, -0.1020145
12723217347000, -0.09743301, 1.5137241, 0.03268129
12723222320000, -0.13683382, 1.4795157, 0.13500121
12723227340000, -0.15241088, 1.402852, 0.19456059
12723232362000, -0.17256944, 1.2779301, 0.23945917
12723237345000, -0.20280726, 1.1407908, 0.23762658
12723242333000, -0.24617869, 0.9932669, 0.19853121
12723247356000, -0.2779437, 0.86193085, 0.1328632
12723252342000, -0.3036, 0.75441855, 0.052534413
12723257344000, -0.30818152, 0.6585127, -0.034513887
12723262331000, -0.34513888, 0.5842926, -0.1282817
12723267344000, -0.39095375, 0.5644395, -0.19975294
12723272316000, -0.462425, 0.5488624, -0.23884831
12723277351000, -0.50915617, 0.5671884, -0.26083946
12723282283000, -0.5363397, 0.5687156, -0.2706133
12723287346000, -0.5381723, 0.56077427, -0.2828306
12723292295000, -0.54305923, 0.49938235, -0.2950479
12723297372000, -0.50579643, 0.4007276, -0.30665436
12723302269000, -0.4605924, 0.2779437, -0.31856623
12723307372000, -0.41325033, 0.13897185, -0.30207285
12723312290000, -0.34208453, 0.09712757, -0.26511553
12723317357000, -0.31795537, 0.084910266, -0.20861048
12723322308000, -0.31703907, 0.12064589, -0.14630222
12723327345000, -0.30024028, 0.18234327, -0.076358154
12723332333000, -0.28710666, 0.25228736, -0.0076358155
12723337400000, -0.25686884, 0.3378085, 0.06047566
12723342368000, -0.25045475, 0.38973203, 0.11301007
12723347346000, -0.25137106, 0.38728857, 0.17684549
12723352341000, -0.2507602, 0.34513888, 0.21899518
12723357346000, -0.26908615, 0.27152961, 0.25350907
12723362339000, -0.28344148, 0.18295415, 0.2837469
12723367343000, -0.29810223, 0.087659165, 0.3277292
12723372338000, -0.31948254, -0.0030543262, 0.37110063
12723377427000, -0.35277468, -0.099265605, 0.39492437
12723382348000, -0.3747658, -0.13775012, 0.40591997
12723387381000, -0.37690386, -0.16890424, 0.41416663
12723392310000, -0.37782016, -0.1563815, 0.42058071
12723397326000, -0.36865717, -0.12095132, 0.42577308
12723402361000, -0.36926803, -0.08552113, 0.43279803
12723407357000, -0.35918877, -0.03604105, 0.42760566
12723412354000, -0.35796702, -0.0125227375, 0.42363504
12723417344000, -0.36926803, -0.0125227375, 0.4089743
12723422371000, -0.3820962, -0.027488936, 0.3839288
12723427315000, -0.39187005, -0.056199603, 0.36865717
12723432332000, -0.39461896, -0.10262536, 0.39003745
12723437395000, -0.3567453, -0.1554652, 0.42271876
12723442375000, -0.31795537, -0.20005837, 0.46089783
12723447294000, -0.28863382, -0.18295415, 0.48563787
12723452346000, -0.28680122, -0.12308934, 0.49877146
12723457340000, -0.29260445, -0.021685716, 0.5112942
12723462359000, -0.30176744, 0.086437434, 0.5311473
12723467342000, -0.3145956, 0.19394971, 0.5699373
12723472339000, -0.29443705, 0.26725355, 0.6169739
12723477308000, -0.26267207, 0.2929099, 0.66156703
12723482336000, -0.19547687, 0.28099802, 0.6899723
12723487398000, -0.15760323, 0.20586158, 0.6973027
12723492324000, -0.07544186, 0.074830994, 0.69974613
12723497336000, 0.019242255, -0.06536258, 0.6969972
12723502271000, 0.11209377, -0.24373524, 0.6792821
12723507275000, 0.20525073, -0.45081854, 0.6398814
12723512269000, 0.27580565, -0.6921103, 0.56169057
12723517262000, 0.35735616, -0.9086621, 0.473726
12723522256000, 0.42913285, -1.0793989, 0.3680463
12723527269000, 0.48075095, -1.1447614, 0.25473082
12723532276000, 0.49480084, -1.1102476, 0.14844026
12723537266000, 0.47311515, -1.0048733, 0.038179077
12723542280000, 0.41172317, -0.8698721, -0.062308256
12723547268000, 0.3268129, -0.7076874, -0.14477506
12723552361000, 0.24312437, -0.55771995, -0.20616703
12723557377000, 0.16218472, -0.43035457, -0.23396139
12723562355000, 0.093462385, -0.33567044, -0.2507602
12723568041000, 0.032375857, -0.26419923, -0.24251351
12723572303000, 0.0036651916, -0.22449298, -0.22876903
12723577357000, -0.015882496, -0.21319197, -0.21288654
12723582328000, -0.01282817, -0.22510384, -0.2049453
12723587337000, -0.004886922, -0.23609942, -0.20922135
12723592324000, -0.007330383, -0.25595254, -0.20616703
12723597375000, 0.013744468, -0.26358834, -0.18661933
12723602275000, 0.018325957, -0.27152961, -0.19730948
12723607368000, 0.04153884, -0.29535335, -0.20708331
12723612273000, 0.058643065, -0.32986724, -0.21197024
12723617359000, 0.067500606, -0.36987892, -0.22418754
12723622302000, 0.07666359, -0.39920044, -0.25045475
12723627374000, 0.08307768, -0.42332962, -0.26847526
12723632309000, 0.08307768, -0.42913285, -0.28252518
12723637341000, 0.0852157, -0.4175264, -0.29077184
12723642362000, 0.081855945, -0.3921755, -0.29535335
12723647362000, 0.07880162, -0.364992, -0.2959642
12723652352000, 0.05375614, -0.31429017, -0.29168814
12723657348000, 0.03848451, -0.2443461, -0.2883284
12723662348000, 0.011911872, -0.18784106, -0.28221974
12723667344000, -0.004276057, -0.13836098, -0.28008172
12723672302000, -0.03145956, -0.1160644, -0.2742785
12723677328000, -0.04642576, -0.10415252, -0.27366763
12723682336000, -0.057726767, -0.10567969, -0.2724459
12723687379000, -0.046120327, -0.16035213, -0.27580565
12723692313000, -0.009468411, -0.204029, -0.25717425
12723697348000, 0.0125227375, -0.25992316, -0.2574797
12723702344000, 0.05222898, -0.31978795, -0.27091873
12723707388000, 0.076052725, -0.3979787, -0.2761111
12723712331000, 0.10903945, -0.48380527, -0.28038713
12723717370000, 0.13622294, -0.5674938, -0.28588495
12723722345000, 0.14110987, -0.6575964, -0.28863382
12723727392000, 0.1740966, -0.77213365, -0.28863382
12723732541000, 0.22021692, -0.8781188, -0.29352075
12723737413000, 0.25961772, -0.9841039, -0.30024028
12723742636000, 0.29749137, -1.039998, -0.30451632
12723747381000, 0.32803464, -1.0732902, -0.3118467
12723752287000, 0.3304781, -1.0708468, -0.30848694
12723757376000, 0.33108896, -1.044885, -0.31581733
12723762273000, 0.31306845, -1.0005972, -0.321926
12723767360000, 0.28771752, -0.9456194, -0.3313944
12723772336000, 0.26145032, -0.890947, -0.3390302
12723777377000, 0.23732115, -0.86162543, -0.34880406
12723782340000, 0.2098322, -0.8060367, -0.35246924
12723787423000, 0.1957823, -0.7348709, -0.35796702
12723792406000, 0.17623462, -0.68539083, -0.364992
12723797434000, 0.16371189, -0.627664, -0.3631594
12723802356000, 0.15149458, -0.56107974, -0.37048978
12723807353000, 0.14110987, -0.51007247, -0.36926803
12723812371000, 0.112399206, -0.46273044, -0.37720928
12723817362000, 0.10842858, -0.3998113, -0.37415496
12723822324000, 0.08827003, -0.34788775, -0.3827071
12723827372000, 0.07513642, -0.28527406, -0.3830125
12723832372000, 0.07422013, -0.22937989, -0.36835176
12723837414000, 0.079107046, -0.172264, -0.35063666
12723842398000, 0.09010262, -0.13469578, -0.32559118
12723847341000, 0.10903945, -0.09712757, -0.2947425
12723852372000, 0.124005646, -0.09407325, -0.24678956
12723857386000, 0.112399206, -0.092240654, -0.1994475
12723862370000, 0.09468412, -0.089186326, -0.14385876
12723867346000, 0.06383542, -0.0870483, -0.09773844
12723872334000, 0.024129177, -0.093767814, -0.0580322
12723877355000, 0.0012217305, -0.076052725, -0.042455133
12723882384000, -0.014966198, -0.050396383, -0.004581489
12723887298000, -0.020158553, -0.006414085, 0.018325957
12723892938000, -0.02107485, 0.034513887, 0.044898596
12723897262000, -0.0143553335, 0.053450707, 0.070554934
12723902366000, 0.017715093, 0.07513642, 0.10567969
12723907287000, 0.036957346, 0.079107046, 0.12522738
12723912373000, 0.060170226, 0.06658431, 0.15454891
12723917299000, 0.09773844, 0.03726278, 0.17745635
12723922359000, 0.12003502, 0.002443461, 0.1908954
12723927316000, 0.15485434, -0.016493361, 0.20830505
12723932361000, 0.16523905, -0.0076358155, 0.21930063
12723937369000, 0.16646078, 0.012217305, 0.23182335
12723942407000, 0.16737708, 0.052839845, 0.24312437
12723947362000, 0.14294247, 0.10567969, 0.2489276
12723952368000, 0.12370021, 0.17012598, 0.25381452
12723957308000, 0.08979719, 0.23518312, 0.25411993
12723962296000, 0.059253927, 0.28191432, 0.24862215
12723967395000, 0.03940081, 0.30207285, 0.23365596
12723972303000, 0.03145956, 0.310625, 0.22540927
12723977658000, 0.016493361, 0.31612277, 0.20280726
12723982335000, -0.005192355, 0.30940324, 0.18784106
12723988564000, -0.003970624, 0.29077184, 0.17012598
12723992385000, 0.007330383, 0.2770274, 0.16401732
12723997294000, 0.010079277, 0.2593123, 0.14263703
12724002337000, 0.014966198, 0.24251351, 0.116980694
12724007321000, 0.019242255, 0.21991149, 0.100792766
12724012345000, 0.01740966, 0.20097467, 0.09010262
12724017298000, 0.009468411, 0.18387043, 0.06505715
12724022351000, -0.0067195175, 0.15424347, 0.04917465
12724027447000, -0.019547688, 0.14660765, 0.028099801
12724032354000, -0.02321288, 0.122783914, 0.017104227
12724037396000, -0.055283304, 0.09590584, 0.0067195175
12724042400000, -0.05131268, 0.076052725, -0.0061086523
12724047371000, -0.06627888, 0.063224554, -0.021380283
12724052345000, -0.06688975, 0.06383542, -0.029626964
12724057377000, -0.07880162, 0.05589417, -0.032375857
12724062369000, -0.0842994, 0.060170226, -0.03359759
12724067358000, -0.07452556, 0.04184427, -0.038789943
12724072323000, -0.06414085, 0.040011674, -0.03726278
12724077373000, -0.04917465, 0.03634648, -0.04153884
12724082373000, -0.02321288, 0.021380283, -0.047647487
12724087371000, 0.007330383, 0.019547688, -0.064751714
12724092390000, 0.018936822, 0.013744468, -0.073303826
12724097361000, 0.045814894, 0.004886922, -0.08399397
12724102369000, 0.069027774, -0.015271631, -0.10476339
12724107312000, 0.087659165, -0.038789943, -0.12095132
12724112336000, 0.09437868, -0.06688975, -0.1337795
12724117333000, 0.110872045, -0.10048734, -0.16310102
12724122297000, 0.1020145, -0.13225232, -0.17684549
12724127307000, 0.09132435, -0.15577064, -0.1881465
12724132332000, 0.09621128, -0.16126843, -0.19242255
12724137326000, 0.09896017, -0.16401732, -0.19547687
12724142328000, 0.10476339, -0.17959438, -0.20830505
12724147340000, 0.11636983, -0.1872302, -0.21166481
12724152336000, 0.12614368, -0.20525073, -0.22418754
12724157326000, 0.12492194, -0.22266038, -0.23090707
12724162330000, 0.12186762, -0.24556783, -0.23701571
12724167334000, 0.11759156, -0.25289822, -0.24281894
12724172327000, 0.10873401, -0.24740042, -0.25045475
12724177323000, 0.10293079, -0.23060162, -0.26328292
12724182328000, 0.093462385, -0.19883664, -0.25992316
12724187326000, 0.08002335, -0.160963, -0.26267207
12724192327000, 0.070554934, -0.13316862, -0.26389378
12724197343000, 0.07452556, -0.10567969, -0.26389378
12724202265000, 0.07422013, -0.06719518, -0.2669481
12724207362000, 0.08246681, -0.04520403, -0.2574797
12724212273000, 0.0693332, -0.043066, -0.2415972
12724217925000, 0.08246681, -0.03390302, -0.23701571
12724222316000, 0.09040806, -0.038179077, -0.22815818
12724227456000, 0.089186326, -0.048563786, -0.22143865
12724232296000, 0.112704635, -0.06780604, -0.21044308
12724237355000, 0.11148291, -0.073303826, -0.20280726
12724242408000, 0.116675265, -0.09560041, -0.19425514
12724247383000, 0.12614368, -0.10048734, -0.17867808
12724252355000, 0.12889257, -0.102319926, -0.16798794
12724257336000, 0.11728613, -0.10354166, -0.15393804
12724262347000, 0.116980694, -0.11789699, -0.1386664
12724267362000, 0.10720685, -0.12705997, -0.13072516
12724272348000, 0.09407325, -0.12767084, -0.121256754
12724277383000, 0.08979719, -0.13897185, -0.119729586
12724282436000, 0.083383106, -0.13041973, -0.099571034
12724287303000, 0.05955936, -0.12217305, -0.102319926
12724292451000, 0.049480084, -0.115453534, -0.086437434
12724297415000, 0.04184427, -0.106901415, -0.07819075
12724302309000, 0.033292156, -0.10415252, -0.07422013
12724307319000, 0.021991149, -0.089491755, -0.061391957
12724312330000, 0.019547688, -0.086132, -0.048258353
12724317334000, 0.013439035, -0.07880162, -0.04734206
12724322317000, 0.021991149, -0.07238753, -0.043066
12724327354000, 0.022602014, -0.06566802, -0.028710667
12724332356000, 0.017104227, -0.06627888, -0.028405234
12724337332000, 0.030543262, -0.07574729, -0.028099801
12724342437000, 0.03573562, -0.076052725, -0.017715093
12724347342000, 0.03604105, -0.07971791, -0.014660766
12724352331000, 0.040317107, -0.086437434, -0.008552114
12724357349000, 0.0421497, -0.09132435, -0.008552114
12724362335000, 0.04337143, -0.09315695, -0.0030543262
12724367330000, 0.036651913, -0.09437868, -6.1086525E-4
12724372320000, 0.03145956, -0.09590584, -0.0067195175
12724377402000, 0.02687807, -0.09743301, 0.00580322
12724382344000, 0.025350908, -0.09407325, 0.011301007
12724387336000, 0.016493361, -0.089186326, 0.01038471
12724392442000, 0.0070249503, -0.08277224, 0.008246681
12724397435000, 0.013133603, -0.0870483, 0.0076358155
12724402314000, 0.008246681, -0.073303826, 0.014049901
12724407310000, 0.00580322, -0.07452556, 0.022907447
12724412390000, 0.008857546, -0.06688975, 0.016187929
12724417360000, 0.0125227375, -0.0720821, 0.014966198
12724422425000, 0.010079277, -0.057726767, 0.01985312
12724427367000, 0.0033597588, -0.05375614, 0.024129177
12724432394000, 0.014660766, -0.06688975, 0.015271631
12724437405000, 0.014049901, -0.055588737, 0.019242255
12724442420000, 0.010079277, -0.049480084, 0.016798794
12724447350000, 0.014660766, -0.05955936, 0.018936822
12724452250000, 0.013133603, -0.044593163, 0.019547688
12724457254000, 0.024129177, -0.03726278, 0.01038471
12724462252000, 0.014049901, -0.04184427, 0.011301007
12724467248000, 0.0018325958, -0.030848695, 0.014049901
12724472236000, 0.011911872, -0.025350908, 0.006414085
12724477214000, 0.0033597588, -0.016798794, 0.008552114
12724482249000, -0.0015271631, -0.016798794, 0.002443461
12724487214000, -0.003970624, -0.020463986, -0.008552114
12724492291000, -0.005192355, -0.026267206, -0.007941248
12724497215000, -0.0012217305, -0.0290161, -0.009773844
12724502302000, -0.00580322, -0.03940081, -0.008246681
12724507285000, -0.007941248, -0.04428773, -0.008857546
12724512315000, -0.0021380284, -0.03970624, -0.014049901
12724517284000, -0.004886922, -0.03756821, -0.01740966
12724522291000, -0.006414085, -0.03848451, -0.01863139
12724527293000, -0.0027488936, -0.022296581, -0.006414085
12724532306000, -0.018020526, -0.0125227375, -0.008552114
12724537321000, -0.025350908, -6.1086525E-4, -0.011911872
12724542360000, -0.02565634, 0.0027488936, -0.0143553335
12724547312000, -0.036651913, 0.0067195175, -0.004581489
12724552357000, -0.03970624, 0.0143553335, -0.008552114
12724557350000, -0.044898596, 0.019242255, -0.016798794
12724562346000, -0.04520403, 0.01863139, -0.008857546
12724567435000, -0.06658431, 0.032070424, -0.005192355
12724572320000, -0.0729984, 0.024129177, -0.0021380284
12724577813000, -0.07696902, 0.026572637, -0.0076358155
12724582338000, -0.06536258, 0.02443461, -0.003970624
12724587319000, -0.06169739, 0.029932396, -0.0070249503
12724592375000, -0.070554934, 0.027488936, -0.0070249503
12724597322000, -0.06169739, 0.034208454, 0.004581489
12724602334000, -0.069027774, 0.02321288, 0.010079277
12724607329000, -0.06536258, 0.025961773, 0.0106901415
12724612345000, -0.06414085, 0.04062254, 0.0036651916
12724617324000, -0.061391957, 0.034208454, 0.01160644
12724622308000, -0.054367006, 0.04550946, 0.015271631
12724627375000, -0.05681047, 0.03970624, 0.018020526
12724632330000, -0.054061573, 0.03970624, 0.02321288
12724637353000, -0.06291912, 0.050396383, 0.023518313
12724642353000, -0.059253927, 0.049480084, 0.019547688
12724647339000, -0.05467244, 0.045814894, 0.018325957
12724652333000, -0.0571159, 0.057421334, 0.02687807
12724657329000, -0.06688975, 0.052839845, 0.031154128
12724662339000, -0.057421334, 0.06566802, 0.03359759
12724667331000, -0.055588737, 0.057421334, 0.032070424
12724672325000, -0.058643065, 0.057421334, 0.03848451
12724677347000, -0.0571159, 0.06658431, 0.03848451
12724682333000, -0.058337633, 0.06872234, 0.0421497
12724687337000, -0.058948494, 0.07360926, 0.044898596
12724692322000, -0.053145275, 0.07086037, 0.04917465
12724697347000, -0.049785517, 0.065973446, 0.04886922
12724702328000, -0.047647487, 0.07147124, 0.056199603
12724707321000, -0.038179077, 0.062002823, 0.0580322
12724712341000, -0.03604105, 0.06627888, 0.058948494
12724717331000, -0.053450707, 0.05497787, 0.050701816
12724722325000, -0.041233405, 0.051923547, 0.049785517
12724727356000, -0.04153884, 0.04795292, 0.052534413
12724732297000, -0.032375857, 0.037873644, 0.04795292
12724737346000, -0.039095376, 0.040011674, 0.048258353
12724742342000, -0.040011674, 0.02687807, 0.04428773
12724747340000, -0.027794369, 0.013439035, 0.042455133
12724752288000, -0.03176499, 0.019242255, 0.036651913
12724757356000, -0.013744468, 0.021991149, 0.028710667
12724762299000, -0.028710667, 0.01282817, 0.0290161
12724767335000, -0.022602014, 0.01038471, 0.02443461
12724772577000, -0.0070249503, 0.009468411, 0.02076942
12724777398000, -0.010079277, -0.005192355, 0.0106901415
12724782332000, -0.01160644, -0.015882496, 0.003970624
12724787354000, -0.010995574, -0.003970624, 0.008552114
12724792389000, -0.01740966, -0.01282817, 0.012217305
12724797351000, -0.007941248, -0.011301007, 0.011301007
12724802465000, -0.023823744, -0.014966198, 0.007941248
12724807327000, -0.03023783, -0.016798794, 0.006414085
12724812667000, -0.040011674, -0.015271631, 0.01160644
12724817334000, -0.039095376, -0.014966198, 0.0067195175
12724822309000, -0.03604105, -0.008246681, 0.012217305
12724827361000, -0.043676864, -0.01160644, 0.0033597588
12724832299000, -0.042455133, -0.014660766, 0.0067195175
12724837334000, -0.037873644, -0.009773844, 0.011301007
12724842329000, -0.032375857, -0.00580322, 0.004886922
12724847430000, -0.030848695, -0.010079277, -0.0018325958
12724852322000, -0.017104227, -0.010995574, -0.009468411
12724857333000, -0.019242255, -0.011911872, -0.0070249503
12724862348000, -0.023823744, -0.009468411, -0.004276057
12724867329000, -0.029321533, -0.013744468, -0.0015271631
12724872311000, -0.02107485, -0.027183503, -0.004886922
12724877332000, -0.020463986, -0.018020526, -0.0036651916
12724882336000, -0.016187929, -0.026572637, -0.011911872
12724887343000, -0.004276057, -0.02565634, -0.0106901415
12724892391000, -0.011911872, -0.028099801, -9.162979E-4
12724897407000, -0.006414085, -0.03023783, 0.0018325958
12724902328000, -0.015882496, -0.027488936, -0.01038471
12724907314000, -0.008552114, -0.01985312, -3.0543262E-4
12724912343000, -0.016798794, -0.008857546, -0.007941248
12724917332000, -0.008246681, 0.002443461, 0.0012217305
12724922322000, -0.015271631, 0.004581489, 0.0030543262
12724927361000, -0.019547688, 0.004276057, 0.004886922
12724932340000, -0.004581489, 0.01282817, 0.01282817
12724937357000, -0.015882496, 0.006414085, 0.007330383
12724942349000, -0.018936822, 0.004581489, 0.010079277
12724947336000, -0.015882496, 0.002443461, 0.0125227375
12724952343000, -0.0125227375, 0.007330383, 0.0070249503
12724957338000, -0.013744468, 0.005192355, 0.010995574
12724962357000, -0.022602014, 0.0033597588, 0.010995574
12724967331000, -0.027794369, 0.0106901415, 0.014660766
12724972314000, -0.024740042, 0.019547688, 0.020158553
12724977383000, -0.024740042, 0.023518313, 0.021685716
12724982340000, -0.025350908, 0.020158553, 0.01985312
12724987361000, -0.03970624, 0.030543262, 0.021685716
12724992356000, -0.044898596, 0.028710667, 0.022602014
12724997336000, -0.040011674, 0.03023783, 0.02565634
12725002335000, -0.03970624, 0.033292156, 0.027488936
12725007293000, -0.060170226, 0.022602014, 0.033292156
12725012342000, -0.06627888, 0.02565634, 0.026267206
12725017283000, -0.062002823, 0.018020526, 0.029321533
12725022294000, -0.061391957, 0.020463986, 0.027794369
12725027317000, -0.051923547, 0.020463986, 0.025350908
12725032369000, -0.05467244, 0.010079277, 0.032375857
12725037305000, -0.053145275, -9.162979E-4, 0.029932396
12725042469000, -0.044898596, 0.008857546, 0.027794369
12725047274000, -0.04917465, 0.007941248, 0.029321533
12725052354000, -0.044898596, 0.0143553335, 0.03023783
12725057339000, -0.050396383, 0.009468411, 0.030543262
12725062340000, -0.04886922, 0.018936822, 0.023823744
12725067321000, -0.035124753, 0.021380283, 0.023518313
12725072303000, -0.050701816, 0.023518313, 0.017715093
12725077376000, -0.04184427, 0.008857546, 0.016493361
12725082377000, -0.051923547, -0.0012217305, 0.016798794
12725087332000, -0.029321533, 0.005192355, 0.016187929
12725092381000, -0.024740042, 0.010079277, 0.02076942
12725097305000, -0.036651913, 9.162979E-4, 0.01985312
12725102371000, -0.027488936, 0.007330383, 0.01740966
12725107290000, -0.039095376, 0.002443461, 0.009162978
12725112347000, -0.023823744, 0.007330383, 0.02107485
12725117427000, -0.03176499, 0.010995574, 0.021991149
12725122315000, -0.02321288, 0.0033597588, 0.01740966
12725127915000, -0.015577064, 0.002443461, 0.017715093
12725132334000, -0.03023783, 0.009773844, 0.01985312
12725138472000, -0.01985312, 0.01985312, 0.022907447
12725142343000, -0.02107485, 0.022296581, 0.020158553
12725147273000, -0.019242255, 0.021380283, 0.023518313
12725152334000, -0.025045475, 0.018325957, 0.017104227
12725157278000, -0.028099801, 0.018325957, 0.013439035
12725162346000, -0.02076942, 0.023518313, 0.021685716
12725167307000, -0.02565634, 0.013744468, 0.019242255
12725172308000, -0.028405234, 0.013439035, 0.0125227375
12725177392000, -0.027488936, 0.01985312, 0.018936822
12725182334000, -0.02687807, 0.022907447, 0.015577064
12725187341000, -0.024740042, 0.01740966, 0.0143553335
12725192340000, -0.022296581, 0.00580322, 0.014660766
12725197338000, -0.021685716, 0.006414085, 0.0076358155
12725202332000, -0.015882496, 0.0076358155, 0.01282817
12725207310000, -0.02321288, 0.002443461, 0.018325957
12725212347000, -0.02076942, -0.004581489, 0.0076358155
12725217334000, -0.015271631, -0.0067195175, 0.0070249503
12725222305000, -0.014660766, 0.0030543262, 0.016493361
12725227393000, -0.01863139, -0.0036651916, 0.005192355
12725232335000, -0.009773844, -0.011911872, 0.010995574
12725237357000, -0.01985312, -0.01038471, 0.01160644
12725242346000, -0.015882496, -0.0076358155, 0.015882496
12725247336000, -0.025350908, -0.0070249503, 0.010079277
12725252333000, -0.01740966, -0.0015271631, 0.004886922
12725257307000, -0.013744468, -0.0106901415, 0.005192355
12725262345000, -0.013744468, -0.008857546, 0.01160644
12725267332000, -0.017715093, -0.0018325958, 0.021991149
12725272276000, -0.02107485, 0.007941248, 0.015577064
12725277389000, -0.025350908, 0.00580322, 0.015882496
12725282298000, -0.02076942, 0.004886922, 0.013744468
12725287372000, -0.030543262, 0.008857546, 0.020158553
12725292362000, -0.021380283, 0.011911872, 0.017715093
12725297335000, -0.03634648, 0.023823744, 0.018325957
12725302336000, -0.04153884, 0.008246681, 0.013133603
12725307327000, -0.031154128, 0.020158553, 0.016493361
12725312890000, -0.03848451, 0.01985312, 0.018325957
12725317357000, -0.032986723, 0.011911872, 0.020463986
12725322284000, -0.03756821, 0.02443461, 0.017715093
12725327370000, -0.04734206, 0.01160644, 0.013439035
12725332269000, -0.046120327, 3.0543262E-4, 0.011301007
12725337368000, -0.041233405, 0.0012217305, 0.01985312
12725342319000, -0.022296581, 0.0076358155, 0.022907447
12725347335000, -0.040011674, 0.01038471, 0.020158553
12725352316000, -0.036957346, 0.008857546, 0.021991149
12725357307000, -0.041233405, 0.01038471, 0.019547688
12725362350000, -0.04337143, 0.025045475, 0.02076942
12725367331000, -0.0421497, 0.03573562, 0.025961773
12725372312000, -0.051923547, 0.029932396, 0.025350908
12725377346000, -0.050396383, 0.03268129, 0.026572637
12725382337000, -0.047036625, 0.034208454, 0.02107485
12725387372000, -0.04153884, 0.03756821, 0.025045475
12725392341000, -0.049785517, 0.03176499, 0.024740042
