#Rate of rotation around the x y z axes (Angular velocity).
#timestamp(ns),x,y,z(rad/s)
#Datetime: 29/04/2015 14:18:40
##########################################
#Activity: 8 - CSI - Car-Step in - 6s
#Subject ID: 46
#First Name: sub46
#Last Name: sub46
#Age: 23
#Height(cm): 175
#Weight(kg): 68
#Gender: Female
##########################################

@DATA
560693813000, 0.010995574, -0.05589417, 0.009162978
560698728000, 0.01160644, -0.0571159, 0.004581489
560703775000, 0.010995574, -0.06505715, 0.0076358155
560708824000, 0.02443461, -0.06811147, 0.0061086523
560713807000, 0.02321288, -0.06414085, -9.162979E-4
560718811000, 0.018325957, -0.065973446, 0.004581489
560723818000, 0.02443461, -0.06658431, -6.1086525E-4
560728739000, 0.016798794, -0.06658431, -0.003970624
560734160000, 0.017104227, -0.06414085, -0.0015271631
560738778000, 0.013439035, -0.06780604, 0.0021380284
560743845000, 0.021991149, -0.06566802, 0.0021380284
560748731000, 0.016187929, -0.06658431, 0.005192355
560753774000, 0.023823744, -0.064446285, -0.004886922
560758784000, 0.014966198, -0.06291912, -0.0018325958
560763876000, 0.008246681, -0.07666359, -0.01740966
560768887000, 0.015882496, -0.058948494, 0.0021380284
560773805000, 0.0067195175, -0.05497787, 0.0030543262
560778811000, 0.0015271631, -0.064446285, 0.0106901415
560783811000, 0.002443461, -0.06414085, 0.007330383
560788819000, -0.002443461, -0.06994407, -0.0018325958
560793777000, -3.0543262E-4, -0.06169739, 0.007330383
560798797000, -3.0543262E-4, -0.06811147, 0.005497787
560804114000, -0.0033597588, -0.0720821, -0.0015271631
560808778000, -0.009162978, -0.07238753, -3.0543262E-4
560813741000, -0.015271631, -0.06291912, 0.0036651916
560818879000, -0.01282817, -0.06536258, 0.0030543262
560823782000, -0.004886922, -0.06414085, 0.0018325958
560828772000, -0.011911872, -0.064446285, 0.01038471
560833733000, -0.005497787, -0.067500606, 0.010995574
560838784000, -0.005497787, -0.061086524, 0.007941248
560843736000, -0.0076358155, -0.059864793, 0.012217305
560848799000, -0.009468411, -0.06841691, 0.008857546
560853764000, -0.0076358155, -0.061086524, 0.013133603
560858780000, -0.008857546, -0.06261369, 0.013744468
560863786000, -0.013439035, -0.062002823, 0.011301007
560868843000, -0.014049901, -0.06078109, 0.0125227375
560873815000, -0.005192355, -0.056199603, 0.010079277
560878764000, -0.0125227375, -0.065973446, 0.0143553335
560883805000, -0.021685716, -0.061086524, 0.01160644
560888786000, -0.016798794, -0.06047566, 0.007941248
560893784000, -0.0106901415, -0.06169739, 0.002443461
560898804000, -0.01740966, -0.06658431, 0.012217305
560903809000, -0.018325957, -0.06505715, 0.0061086523
560908783000, -0.015271631, -0.061086524, 0.004581489
560913865000, -0.017715093, -0.06658431, 0.008246681
560918803000, -0.01740966, -0.06811147, 3.0543262E-4
560923803000, -0.016187929, -0.06963864, 0.011301007
560928789000, -0.018325957, -0.069027774, 0.008857546
560933813000, -0.02076942, -0.06841691, 0.006414085
560938794000, -0.018936822, -0.07544186, 0.01282817
560943788000, -0.023518313, -0.06963864, 0.004886922
560948830000, -0.02443461, -0.074830994, 0.0067195175
560953764000, -0.015882496, -0.064446285, 0.009162978
560958825000, -0.025045475, -0.06688975, 0.007941248
560963786000, -0.021991149, -0.06780604, 0.013744468
560968804000, -0.02565634, -0.06994407, 0.012217305
560973816000, -0.025350908, -0.06352998, 0.014049901
560978811000, -0.014966198, -0.06658431, 0.018020526
560983781000, -0.013744468, -0.0580322, 0.025350908
560989455000, -0.016187929, -0.06291912, 0.019242255
560993823000, -0.013744468, -0.059864793, 0.021685716
560998842000, -0.013133603, -0.04886922, 0.023823744
561003780000, -0.019242255, -0.04428773, 0.022296581
561008828000, -0.020463986, -0.040927973, 0.020463986
561013808000, -0.01985312, -0.034208454, 0.02107485
561018797000, -0.013133603, -0.03940081, 0.021685716
561023818000, -0.013439035, -0.028099801, 0.021685716
561028743000, -0.024129177, -0.027183503, 0.021380283
561033794000, -0.02107485, -0.029321533, 0.020158553
561038810000, -0.024129177, -0.01863139, 0.021685716
561043789000, -0.01863139, -0.014660766, 0.017715093
561048772000, -0.027794369, -0.0143553335, 0.014660766
561053770000, -0.021685716, -0.017104227, 0.011301007
561059644000, -0.03268129, -0.01863139, 0.016493361
561063801000, -0.03176499, -0.020158553, 0.021380283
561068758000, -0.02107485, -0.012217305, 0.014660766
561073864000, -0.017715093, -0.010079277, 0.010079277
561078792000, -0.030543262, -0.007941248, 0.015577064
561083840000, -0.031154128, -0.01282817, 0.018325957
561088805000, -0.0290161, -0.004276057, 0.010995574
561093811000, -0.027183503, -0.0030543262, 0.013439035
561098836000, -0.031154128, -0.007330383, 0.016187929
561103805000, -0.0290161, 0.0027488936, 0.021380283
561110589000, -0.022907447, 0.0018325958, 0.021380283
561113811000, -0.029932396, 0.004276057, 0.019547688
561118835000, -0.031154128, 0.004581489, 0.02321288
561123827000, -0.03940081, 0.0076358155, 0.020463986
561129228000, -0.03359759, 0.0106901415, 0.015577064
561133789000, -0.023518313, 0.008552114, 0.02321288
561138814000, -0.026572637, 0.010079277, 0.026572637
561143819000, -0.03176499, 0.01740966, 0.026572637
561148842000, -0.033292156, 0.011301007, 0.03176499
561153710000, -0.019242255, 0.0125227375, 0.03145956
561158775000, -0.015882496, 0.014966198, 0.03481932
561163675000, -0.013133603, 0.015882496, 0.02687807
561168715000, -0.014049901, 0.01282817, 0.029932396
561173774000, -0.009468411, 0.006414085, 0.04153884
561178698000, -0.009162978, 0.0021380284, 0.034208454
561183675000, -0.0015271631, 0.01038471, 0.03940081
561188769000, 0.0021380284, -3.0543262E-4, 0.03604105
561193749000, -0.006414085, -3.0543262E-4, 0.042455133
561198708000, 0.0018325958, 0.002443461, 0.040011674
561203709000, 0.0067195175, 0.0018325958, 0.040317107
561208682000, 0.0015271631, -0.0067195175, 0.04184427
561213678000, 0.0018325958, -0.0033597588, 0.040317107
561218702000, 0.0012217305, 0.0018325958, 0.046120327
561223909000, 0.004581489, 0.0036651916, 0.047036625
561228685000, 0.008552114, 0.0012217305, 0.041233405
561233680000, -0.0033597588, 0.0030543262, 0.036651913
561238687000, 0.0021380284, 0.008246681, 0.04642576
561243680000, 0.0015271631, 0.0027488936, 0.0421497
561248699000, 0.007330383, 0.01038471, 0.037873644
561253686000, 0.009468411, 0.006414085, 0.043066
561258704000, 3.0543262E-4, 0.00580322, 0.039095376
561263705000, -0.008857546, -0.004276057, 0.042760566
561268704000, 0.014049901, 0.004276057, 0.035430185
561273715000, 0.015577064, 0.008246681, 0.03726278
561278701000, 0.0106901415, 9.162979E-4, 0.045814894
561283699000, 0.007330383, 9.162979E-4, 0.04184427
561288708000, -0.0012217305, -0.0061086523, 0.05100725
561293704000, 0.015882496, -0.00580322, 0.043676864
561298696000, 0.0143553335, -0.0076358155, 0.04550946
561303815000, 0.013133603, -0.013439035, 0.048563786
561308737000, 0.022907447, -0.018020526, 0.050396383
561314148000, 0.03573562, -0.025045475, 0.05100725
561318738000, 0.05681047, -0.0290161, 0.05497787
561323771000, 0.05467244, -0.03573562, 0.0580322
561328729000, 0.058643065, -0.044898596, 0.062002823
561333720000, 0.07727446, -0.049480084, 0.062308256
561338717000, 0.09162979, -0.057726767, 0.06780604
561343697000, 0.10262536, -0.05375614, 0.07971791
561348730000, 0.12064589, -0.03756821, 0.08124508
561353747000, 0.122783914, -0.013133603, 0.07727446
561358800000, 0.12614368, -0.009468411, 0.08246681
561363738000, 0.14019357, -0.005497787, 0.08246681
561368824000, 0.15363261, -0.020463986, 0.08674286
561373798000, 0.18234327, -0.019547688, 0.06566802
561378802000, 0.18020524, -0.0106901415, 0.067500606
561384437000, 0.18387043, 3.0543262E-4, 0.051923547
561388778000, 0.19272798, -0.003970624, 0.044898596
561393780000, 0.20341812, -0.01160644, 0.04520403
561398795000, 0.20341812, -0.016187929, 0.040011674
561403803000, 0.22235495, -0.024740042, 0.023823744
561408807000, 0.23060162, -0.042455133, 0.017715093
561413840000, 0.2507602, -0.054367006, 0.0106901415
561418875000, 0.25320363, -0.0711658, 0.0036651916
561423796000, 0.2733622, -0.079107046, 0.0027488936
561428804000, 0.28313604, -0.08032878, -0.004886922
561433773000, 0.29932398, -0.09132435, -0.00580322
561438763000, 0.3268129, -0.09743301, -0.006414085
561443766000, 0.34025195, -0.08674286, -0.006414085
561448776000, 0.35918877, -0.0888809, -0.0033597588
561453937000, 0.37782016, -0.076052725, -0.0070249503
561458755000, 0.39003745, -0.07269296, -0.0036651916
561463790000, 0.40744713, -0.074830994, -0.019242255
561468765000, 0.42638394, -0.07941248, -0.018325957
561473771000, 0.44073927, -0.05100725, -0.009468411
561488846000, 0.46792278, -0.028710667, -0.03604105
561493810000, 0.47586402, -0.02076942, -0.042455133
561498998000, 0.47739118, -0.02076942, -0.054367006
561503871000, 0.4914411, 0.005192355, -0.052839845
561508832000, 0.48930305, 0.029321533, -0.057726767
561513798000, 0.48899764, 0.047647487, -0.05589417
561518845000, 0.5036584, 0.07849618, -0.06811147
561524112000, 0.52015173, 0.099265605, -0.0842994
561528800000, 0.5537493, 0.10567969, -0.103847094
561533825000, 0.59742624, 0.11881329, -0.119729586
561538834000, 0.6401868, 0.12980886, -0.1337795
561543835000, 0.7012733, 0.129198, -0.17134771
561548867000, 0.7476991, 0.124005646, -0.2134974
561553793000, 0.81183994, 0.093767814, -0.26419923
561558848000, 0.8558222, 0.065973446, -0.32162055
561563831000, 0.9104946, 0.054061573, -0.3885103
561568858000, 0.98349303, 0.01985312, -0.45540005
561573836000, 1.0167851, -0.016493361, -0.5213735
561578837000, 1.0494665, -0.020158553, -0.5900958
561583825000, 1.0852021, 0.0018325958, -0.64873886
561588832000, 1.106277, 0.004276057, -0.70554936
561593740000, 1.1511755, 0.0030543262, -0.7440339
561598838000, 1.1633929, 0.027488936, -0.8054258
561603771000, 1.2006557, 0.087659165, -0.8686504
561608844000, 1.2513574, 0.18906279, -0.9254609
561613782000, 1.282817, 0.2929099, -0.9999864
561618910000, 1.3078625, 0.43004912, -1.0818423
561624165000, 1.3081679, 0.61911196, -1.1597277
561628837000, 1.287093, 0.8191703, -1.2290609
561633731000, 1.2370021, 1.0180069, -1.314582
561639654000, 1.1780536, 1.2012665, -1.4193454
561643738000, 1.1334605, 1.3613132, -1.5219707
561648831000, 1.1334605, 1.5128077, -1.6132951
561653779000, 1.1997393, 1.6600263, -1.681712
561658915000, 1.321607, 1.7794504, -1.7003434
561663783000, 1.4431691, 1.7449366, -1.6612481
561668869000, 1.5097535, 1.6264287, -1.5781704
561673872000, 1.4966198, 1.4694363, -1.4337007
561678942000, 1.4126259, 1.3090842, -1.2253957
561683832000, 1.25319, 1.1682798, -0.98929626
561688839000, 1.01312, 1.1172725, -0.77488256
561693844000, 0.8689558, 1.0320568, -0.6774496
561698831000, 0.5910121, 0.8753699, -0.5525276
561703780000, 0.42119157, 0.73456544, -0.5183192
561709605000, 0.35643986, 0.7632761, -0.49571714
561713796000, 0.35338554, 0.8188649, -0.4859433
561718833000, 0.3539964, 0.9279043, -0.4831944
561723875000, 0.34483343, 1.0085385, -0.48991394
561728895000, 0.32803464, 1.0002918, -0.49480084
561733804000, 0.30176744, 0.9627236, -0.49480084
561738774000, 0.2779437, 0.9211848, -0.49235737
561743805000, 0.2510656, 0.8680395, -0.4792238
561748796000, 0.2434298, 0.83169305, -0.46211955
561753772000, 0.23579398, 0.78038037, -0.43157628
561758783000, 0.24251351, 0.7476991, -0.41538838
561763846000, 0.24801129, 0.71593404, -0.3903429
561768851000, 0.25411993, 0.7076874, -0.36926803
561773812000, 0.26175576, 0.72418076, -0.35979962
561779267000, 0.24984388, 0.75747293, -0.3539964
561783837000, 0.23823744, 0.7648033, -0.34238997
561789044000, 0.1872302, 0.86620694, -0.3371976
561793782000, 0.14935656, 0.8753699, -0.3381139
561798924000, 0.1255328, 0.9236283, -0.33292156
561803813000, 0.060170226, 0.97005403, -0.33750305
561809150000, -0.011911872, 1.0118983, -0.33383787
561813807000, -0.07086037, 1.026559, -0.34483343
561818919000, -0.14630222, 1.0128145, -0.3594942
561823836000, -0.20677789, 1.0134255, -0.38789943
561828827000, -0.26083946, 1.0042624, -0.40011674
561833830000, -0.30665436, 1.0042624, -0.42424592
561838809000, -0.34300083, 0.9877691, -0.44043383
561843831000, -0.36896262, 0.9593639, -0.464563
561848922000, -0.38148534, 0.9288206, -0.48349985
561853790000, -0.3915646, 0.9138544, -0.49663344
561858804000, -0.3839288, 0.9254609, -0.50335294
561863800000, -0.38148534, 0.92485, -0.505491
561868789000, -0.35705075, 0.9272934, -0.50762904
561873807000, -0.3286455, 0.91904676, -0.5021312
561878797000, -0.27091873, 0.94225967, -0.48991394
561883797000, -0.22907446, 0.97402465, -0.45845437
561888780000, -0.21288654, 1.0247264, -0.44929138
561893808000, -0.17806722, 1.065349, -0.4251622
561898801000, -0.15393804, 1.1053606, -0.39614612
561903776000, -0.15332718, 1.1420126, -0.36896262
561908810000, -0.16310102, 1.1646146, -0.3313944
561913797000, -0.18570304, 1.1820242, -0.29901853
561918858000, -0.20799962, 1.1655309, -0.25778514
561923832000, -0.23915374, 1.1191051, -0.23243423
561928873000, -0.29168814, 1.0567969, -0.20250183
561933791000, -0.3753767, 0.98349303, -0.16737708
561938766000, -0.45356745, 0.9049969, -0.14202617
561943816000, -0.5421429, 0.8191703, -0.11942416
561948798000, -0.60139686, 0.73823065, -0.110872045
561953783000, -0.64751714, 0.65209866, -0.11881329
561958801000, -0.6603453, 0.573297, -0.122478485
561964777000, -0.6747007, 0.4978552, -0.1337795
561968829000, -0.65057147, 0.42088616, -0.14905111
561973817000, -0.63194007, 0.3640757, -0.14477506
561978889000, -0.58062744, 0.31612277, -0.1432479
561983828000, -0.5198463, 0.29168814, -0.12736541
561988746000, -0.4841107, 0.25717425, -0.11911872
561993843000, -0.4279111, 0.22052236, -0.09743301
561998728000, -0.35308012, 0.20341812, -0.06841691
562003820000, -0.2947425, 0.17287487, -0.053450707
562008793000, -0.24862215, 0.15577064, -0.029321533
562013835000, -0.20250183, 0.1459968, -0.010995574
562018809000, -0.18906279, 0.13500121, 6.1086525E-4
562023882000, -0.1853976, 0.13316862, 0.01863139
562028878000, -0.17623462, 0.13316862, 0.0421497
562034779000, -0.17195857, 0.13775012, 0.053145275
562038796000, -0.16310102, 0.15271631, 0.058948494
562043839000, -0.15974127, 0.16523905, 0.056505036
562049153000, -0.1554652, 0.15057829, 0.032986723
562053767000, -0.13439035, 0.1020145, 0.014660766
562058783000, -0.14446963, 0.03359759, 0.0033597588
562063831000, -0.16554448, -0.03573562, 0.0070249503
562068763000, -0.19975294, -0.14752395, -0.010995574
562073839000, -0.23548855, -0.26145032, -0.032375857
562078737000, -0.267559, -0.3268129, -0.07086037
562083829000, -0.28130344, -0.4746423, -0.0852157
562088832000, -0.2996294, -0.6282749, -0.12156218
562093839000, -0.3005457, -0.7583892, -0.16249016
562098832000, -0.28588495, -0.86162543, -0.21105394
562104552000, -0.26633725, -0.9957104, -0.28344148
562108933000, -0.22235495, -1.01312, -0.30298916
562113830000, -0.20891592, -1.0613784, -0.3368922
562118858000, -0.20311269, -1.0891727, -0.34483343
562123857000, -0.20463985, -1.1224649, -0.32834008
562128948000, -0.2098322, -1.1896601, -0.28588495
562133820000, -0.22571471, -1.2599095, -0.22785273
562138823000, -0.22174409, -1.3335189, -0.13103059
562143840000, -0.22052236, -1.402852, -0.017104227
562148815000, -0.21319197, -1.4666874, 0.108123146
562153771000, -0.17440203, -1.5018122, 0.24770586
562158907000, -0.1282817, -1.4834863, 0.376293
562163829000, -0.08582657, -1.4486669, 0.4999932
562168814000, -0.043982297, -1.3939945, 0.61422503
562174241000, 0.004886922, -1.3371841, 0.70066243
562178832000, 0.04153884, -1.3020593, 0.7663304
562183729000, 0.059253927, -1.1921035, 0.79045963
562188788000, 0.1133155, -1.0479393, 0.8371908
562193746000, 0.15760323, -0.9049969, 0.8552113
562198835000, 0.19486602, -0.7984009, 0.8454375
562203779000, 0.22937989, -0.7507534, 0.80573124
562208933000, 0.2837469, -0.7486154, 0.763887
562213787000, 0.3203988, -0.71685034, 0.70402217
562218817000, 0.312763, -0.6432411, 0.61819565
562223808000, 0.25320363, -0.5390886, 0.54702985
562228851000, 0.19700404, -0.4111123, 0.46944994
562233785000, 0.12675454, -0.40194935, 0.36560285
562238827000, 0.054061573, -0.43004912, 0.2012801
562243828000, -0.05131268, -0.3979787, 0.05681047
562251103000, -0.21868975, -0.41630468, -0.13744467
562253836000, -0.3662137, -0.462425, -0.20708331
562259034000, -0.40378192, -0.6383542, -0.35521814
562263817000, -0.4718934, -0.8081747, -0.4877759
562268799000, -0.52626044, -0.8924741, -0.56199604
562273860000, -0.54275376, -0.91965765, -0.57604593
562278848000, -0.5155703, -0.93126404, -0.5510005
562283829000, -0.4914411, -0.93737274, -0.5363397
562288819000, -0.42821655, -0.9297369, -0.5045747
562293844000, -0.3494149, -0.87689704, -0.46120325
562298832000, -0.2706133, -0.7779369, -0.4196644
562303813000, -0.21105394, -0.70188415, -0.38331795
562308991000, -0.13744467, -0.68752885, -0.32895094
562313785000, -0.020463986, -0.7538077, -0.29626966
562318844000, 0.11911872, -0.8680395, -0.27458394
562323841000, 0.23701571, -1.0036516, -0.26908615
562328842000, 0.30482176, -1.1136073, -0.29657507
562333824000, 0.33933565, -1.2226468, -0.33505958
562338830000, 0.3368922, -1.2800682, -0.37782016
562343819000, 0.2968805, -1.31672, -0.40103304
562348830000, 0.2443461, -1.3078625, -0.4370741
562353768000, 0.18325958, -1.2938126, -0.47433686
562359753000, 0.12156218, -1.312444, -0.50579643
562363823000, 0.04337143, -1.3448198, -0.49418998
562368817000, -0.030543262, -1.3466524, -0.47739118
562373805000, -0.09865474, -1.3793337, -0.45265114
562378832000, -0.112399206, -1.5543466, -0.45265114
562383728000, -0.1001819, -1.8115209, -0.4538729
562388832000, -0.010079277, -1.9187278, -0.45845437
562393762000, 0.077579886, -1.8435913, -0.41722095
562398779000, 0.1255328, -1.709201, -0.36041048
562403808000, 0.16890424, -1.598329, -0.3191771
562408866000, 0.16707164, -1.5506815, -0.28985557
562413932000, 0.1908954, -1.5045611, -0.267559
562418805000, 0.22510384, -1.4315627, -0.27275133
562423844000, 0.23457226, -1.2840388, -0.2932153
562428779000, 0.24190263, -1.2269229, -0.29260445
562434002000, 0.25045475, -1.1206323, -0.31581733
562438825000, 0.2501493, -1.01312, -0.33444872
562443821000, 0.23182335, -0.9621128, -0.3359759
562448797000, 0.2134974, -0.88178396, -0.3475823
562453779000, 0.21227567, -0.80848014, -0.34422258
562458712000, 0.204029, -0.72784597, -0.35063666
562463681000, 0.1853976, -0.732122, -0.35613444
562468713000, 0.16890424, -0.70829827, -0.312763
562473698000, 0.17379116, -0.6041457, -0.30482176
562478770000, 0.1826487, -0.5626069, -0.31337386
562483662000, 0.18295415, -0.4538729, -0.2996294
562488746000, 0.18081611, -0.35338554, -0.2910773
562493664000, 0.18509217, -0.3210097, -0.27672195
562498765000, 0.19517145, -0.3032946, -0.25228736
562503683000, 0.19975294, -0.34391713, -0.25870144
562508738000, 0.20922135, -0.36743546, -0.22815818
562513662000, 0.19303341, -0.2507602, -0.22327125
562518736000, 0.13683382, -0.28008172, -0.22540927
562523738000, 0.11484267, -0.28985557, -0.226631
562528736000, 0.11484267, -0.30268374, -0.21380283
562533692000, 0.10323623, -0.4260785, -0.23335053
562538743000, 0.14355333, -0.49174652, -0.24465153
562543705000, 0.14844026, -0.5207626, -0.24923302
562548735000, 0.16707164, -0.59559363, -0.22327125
562553700000, 0.17837265, -0.5448918, -0.21166481
562558825000, 0.2012801, -0.45112398, -0.18509217
562563807000, 0.23335053, -0.47494772, -0.17470746
562568793000, 0.28924468, -0.50671273, -0.17562376
562573858000, 0.3744604, -0.52473325, -0.16279559
562578788000, 0.4129449, -0.5500842, -0.12156218
562583796000, 0.5109888, -0.57848936, -0.0842994
562588788000, 0.6038403, -0.61941737, -0.07941248
562593806000, 0.6731735, -0.66737026, -0.07452556
562598798000, 0.7339546, -0.7254025, -0.087659165
562603777000, 0.7959574, -0.82650065, -0.09132435
562608824000, 0.8399397, -0.8371908, -0.13683382
562613832000, 0.86651236, -0.890947, -0.18387043
562618840000, 0.91721416, -0.97402465, -0.21288654
562623811000, 0.97035944, -1.0213667, -0.24129178
562628788000, 0.9966267, -1.0763446, -0.2648101
562633794000, 1.0326678, -1.1377366, -0.2660318
562638751000, 1.0668762, -1.2110404, -0.28221974
562643807000, 1.0726794, -1.2586879, -0.28038713
562648728000, 1.0442741, -1.3426818, -0.27488935
562653771000, 0.9990701, -1.3848315, -0.25228736
562658789000, 0.9224065, -1.4135422, -0.22357668
562663799000, 0.86070913, -1.42973, -0.17867808
562668753000, 0.80573124, -1.4349225, -0.16187929
562673823000, 0.82711154, -1.4294246, -0.118507855
562678755000, 0.9068295, -1.5060883, -0.0888809
562684484000, 0.94714653, -1.5564847, -0.062308256
562688762000, 1.0635164, -1.5647314, -0.06536258
562693806000, 1.1951579, -1.5479325, -0.105068825
562698768000, 1.2760975, -1.4819591, -0.12797627
562703781000, 1.3683381, -1.3924674, -0.13500121
562708795000, 1.4117095, -1.2614367, -0.13775012
562713790000, 1.4181237, -1.0989466, -0.1337795
562719413000, 1.4016303, -0.9486737, -0.12675454
562723813000, 1.400714, -0.8231409, -0.12095132
562728800000, 1.4129313, -0.6939429, -0.12064589
562733836000, 1.4110987, -0.55863625, -0.12217305
562738755000, 1.3924674, -0.44165558, -0.10415252
562743812000, 1.393689, -0.33292156, -0.073303826
562748731000, 1.409877, -0.2501493, -0.05009095
562753822000, 1.4217888, -0.18570304, -0.014049901
562758854000, 1.4385877, -0.14172074, 0.017715093
562763798000, 1.4349225, -0.1151481, 0.0421497
562768813000, 1.4352279, -0.095294975, 0.06352998
562773804000, 1.4514158, -0.0842994, 0.087964594
562778810000, 1.4975362, -0.1160644, 0.1255328
562783794000, 1.5357152, -0.15057829, 0.16340645
562789468000, 1.5308284, -0.17104226, 0.2574797
562793805000, 1.5152513, -0.19914207, 0.30573806
562798796000, 1.4822645, -0.28496864, 0.4016439
562803781000, 1.4214834, -0.3472769, 0.5225952
562808872000, 1.3662001, -0.3173445, 0.6759224
562813799000, 1.3176364, -0.20097467, 0.79381937
562818813000, 1.2812898, -0.10140363, 0.883922
562823810000, 1.2614367, -0.05681047, 0.9263771
562828804000, 1.2608259, -0.048258353, 0.9578367
562833760000, 1.2513574, -0.06352998, 0.97310835
562838790000, 1.2366967, -0.106595986, 0.9795224
562843769000, 1.2244794, -0.21105394, 0.99265605
562848796000, 1.2345587, -0.18570304, 0.9810496
562853842000, 1.1951579, -0.19822577, 0.97494096
562858817000, 1.1502593, -0.24678956, 0.956615
562863800000, 1.0772609, -0.26908615, 0.91690874
562868806000, 0.94714653, -0.3005457, 0.883922
562873794000, 0.9034697, -0.28099802, 0.8228355
562878850000, 0.8197812, -0.094989546, 0.81397796
562883791000, 0.7049385, 0.024129177, 0.84299403
562888784000, 0.6093381, 0.11789699, 0.79076505
562893970000, 0.5653558, 0.21410827, 0.7641924
562898797000, 0.5815437, 0.33261612, 0.73426
562904059000, 0.5907067, 0.41141775, 0.7113526
562908803000, 0.61758476, 0.4905248, 0.70157874
562913801000, 0.677755, 0.58001655, 0.6762278
562918804000, 0.77366084, 0.6395759, 0.64843345
562923809000, 0.91721416, 0.7171558, 0.6215554
562928832000, 1.0531317, 0.79901177, 0.61911196
562933796000, 1.1209377, 0.784351, 0.63316184
562938776000, 1.1490375, 0.7840455, 0.6203337
562943806000, 1.1490375, 0.79717916, 0.571159
562948793000, 1.1404854, 0.7684685, 0.54061574
562953799000, 1.1340714, 0.72234815, 0.50732356
562958841000, 1.1404854, 0.6560693, 0.5109888
562963799000, 1.146594, 0.59986967, 0.49235737
562968817000, 1.1701124, 0.47342056, 0.48197266
562974760000, 1.2363913, 0.3100141, 0.45662177
562978800000, 1.3014483, 0.11209377, 0.42730024
562983796000, 1.3762794, -0.09254608, 0.37873647
562988744000, 1.4037683, -0.27122417, 0.30665436
562993806000, 1.3955216, -0.43035457, 0.25442538
562998729000, 1.3787229, -0.57726765, 0.25228736
563003780000, 1.357648, -0.6221663, 0.27091873
563008872000, 1.3182472, -0.79351395, 0.24465153
563013798000, 1.3478742, -0.9673051, 0.2312125
563018822000, 1.3665055, -1.0073168, 0.20952678
563023826000, 1.3457361, -0.99265605, 0.21533
563028750000, 1.3390167, -1.0290025, 0.21930063
563033797000, 1.3881912, -1.2238685, 0.17654006
563038784000, 1.4834863, -1.3048081, 0.09896017
563044340000, 1.4654657, -1.2861768, 0.03970624
563048730000, 1.428203, -1.2119566, 0.017715093
563053777000, 1.3942999, -1.026559, 0.02107485
563058792000, 1.3747523, -0.93401295, 0.027794369
563063797000, 1.3350459, -0.7675522, 0.03970624
563068754000, 1.3090842, -0.61483586, 0.106901415
563073807000, 1.2916746, -0.51251596, 0.16310102
563078889000, 1.3100005, -0.35033122, 0.21319197
563083795000, 1.3313808, -0.0842994, 0.29138273
563088782000, 1.3347405, 0.23793201, 0.3817908
563093795000, 1.3289373, 0.49418998, 0.45845437
563098797000, 1.3429873, 0.5873469, 0.46761733
563103766000, 1.3949108, 0.6224717, 0.45570546
563108843000, 1.4266758, 0.61636305, 0.42149702
563114394000, 1.4544702, 0.6047566, 0.4156938
563118818000, 1.4556919, 0.59131753, 0.41996986
563123793000, 1.4459181, 0.56505036, 0.4266894
563128807000, 1.4724907, 0.52595496, 0.44440445
563133766000, 1.5137241, 0.5012149, 0.45356745
563138786000, 1.5864171, 0.44532076, 0.45845437
563143780000, 1.6249015, 0.39492437, 0.45723262
563148765000, 1.676825, 0.3735441, 0.42149702
563153993000, 1.7250835, 0.4071417, 0.39522982
563158828000, 1.7547104, 0.40408736, 0.33383787
563163781000, 1.8335121, 0.16462818, 0.28313604
563168863000, 1.8622227, 0.027183503, 0.18875736
563173808000, 1.9129245, -0.05681047, 0.10720685
563178745000, 1.9572122, -0.08124508, 0.058337633
563183796000, 1.9724839, -0.065973446, 0.007941248
563188749000, 1.9526308, 0.047647487, 0.023518313
563193831000, 1.9425515, 0.18875736, 0.06414085
563198731000, 1.9740111, 0.2959642, 0.087964594
563203775000, 2.0100522, 0.3387248, 0.0842994
563208800000, 2.042428, 0.35888332, 0.079107046
563213796000, 2.0570886, 0.35246924, 0.051923547
563219012000, 2.055867, 0.33536503, 0.013439035
563223793000, 2.0454822, 0.31123585, -0.04184427
563228801000, 2.0476203, 0.26847526, -0.10323623
563233792000, 2.02624, 0.23945917, -0.16218472
563238787000, 2.0305161, 0.226631, -0.23243423
563243804000, 2.0378466, 0.22999077, -0.2874121
563248794000, 2.0201313, 0.23182335, -0.32406402
563253769000, 2.0076087, 0.23365596, -0.3387248
563258836000, 2.0137172, 0.25167647, -0.35063666
563263796000, 2.024102, 0.27580565, -0.3576616
563268837000, 2.033876, 0.2602286, -0.3576616
563273792000, 2.053118, 0.24098633, -0.3707952
563278802000, 2.0818288, 0.23060162, -0.36743546
563283791000, 2.1300871, 0.23915374, -0.35216382
563288777000, 2.1743748, 0.17470746, -0.3203988
563293776000, 2.2421808, 0.16554448, -0.29138273
563298796000, 2.276084, 0.0870483, -0.2678644
563303751000, 2.3283129, 0.019547688, -0.24984388
563308815000, 2.3661866, 0.020158553, -0.22357668
563313728000, 2.375655, 0.16249016, -0.17470746
563318844000, 2.3374758, 0.09743301, -0.116980694
563323769000, 2.3344216, -0.017104227, -0.03848451
563328805000, 2.334727, -0.030543262, 0.03848451
563333745000, 2.284636, -0.01740966, 0.096516706
563339008000, 2.2156084, 0.01863139, 0.084910266
563343757000, 2.122146, 0.0580322, 0.081855945
563348794000, 2.0460932, 0.118202426, 0.029626964
563353773000, 1.9782871, 0.13164146, -0.028405234
563358832000, 1.9596558, 0.14080444, -0.052534413
563363781000, 1.9208658, 0.15699236, -0.09682214
563368848000, 1.8851302, 0.13775012, -0.14966199
563373818000, 1.8500054, 0.160963, -0.17501289
563378805000, 1.815797, 0.16218472, -0.25442538
563383818000, 1.7702875, 0.16065755, -0.31245756
563388787000, 1.7330247, 0.15454891, -0.35613444
563393781000, 1.6988163, 0.16187929, -0.3912592
563398794000, 1.6618589, 0.16676621, -0.4175264
563404324000, 1.6560557, 0.19730948, -0.44104472
563408844000, 1.6639969, 0.19792034, -0.47128254
563413805000, 1.6701056, 0.13988814, -0.52320606
563418839000, 1.6530013, 0.11453723, -0.55863625
563423810000, 1.6505579, 0.12186762, -0.59437186
563428804000, 1.668273, 0.15393804, -0.6310238
563433793000, 1.6743816, 0.19181168, -0.6762278
563438782000, 1.6820174, 0.18997909, -0.7293731
563443772000, 1.6914859, 0.22143865, -0.7690793
563448753000, 1.6978999, 0.23182335, -0.8054258
563453784000, 1.7079792, 0.27000242, -0.8213083
563458755000, 1.7150042, 0.30268374, -0.84971356
563463765000, 1.7165314, 0.2782491, -0.9098838
563468767000, 1.7107282, 0.26847526, -0.9669997
563473814000, 1.6762142, 0.29077184, -0.9941832
563478873000, 1.6471981, 0.2751948, -0.9978484
563493784000, 1.5467108, 0.34025195, -0.97494096
563498772000, 1.5066991, 0.32650748, -0.99021256
563503733000, 1.4657712, 0.29077184, -1.010982
563508769000, 1.428203, 0.23518312, -1.0485502
563513715000, 1.3662001, 0.24709499, -1.0439687
563518693000, 1.3338243, 0.3594942, -0.97066486
563523744000, 1.3738359, 0.42210788, -0.9245446
563528717000, 1.4172074, 0.41996986, -0.8940013
563533717000, 1.4327844, 0.43310347, -0.8717047
563538710000, 1.4071281, 0.44409904, -0.84513205
563543722000, 1.3845261, 0.45845437, -0.8417723
563548711000, 1.3350459, 0.44012842, -0.8332202
563553729000, 1.3057245, 0.40561453, -0.8170323
563558760000, 1.2479976, 0.40378192, -0.7816021
563563751000, 1.1957687, 0.3912592, -0.8011498
563568737000, 1.1340714, 0.36346483, -0.7974846
563573793000, 1.0827587, 0.35124752, -0.7828238
563578729000, 1.0424415, 0.3313944, -0.788627
563583752000, 0.99296147, 0.3222314, -0.80664754
563588810000, 0.9392053, 0.30665436, -0.83658
563593762000, 0.9120218, 0.27763826, -0.8512407
563598958000, 0.8961393, 0.28985557, -0.8533788
563603794000, 0.88361657, 0.30207285, -0.8533788
563608880000, 0.8723156, 0.32070425, -0.86467975
563613894000, 0.8374963, 0.29840767, -0.8570439
563618746000, 0.818254, 0.2706133, -0.8570439
563623806000, 0.7812967, 0.22937989, -0.8927795
563628735000, 0.68875057, 0.17806722, -0.92485
563633794000, 0.61269784, -0.09621128, -1.2220359
563638754000, 0.42302418, -0.43982297, -1.7018706
563643800000, 0.07360926, 0.20738874, -1.1597277
563648733000, 0.3222314, 0.04642576, -1.2928963
563653808000, 0.26083946, -0.099265605, -1.5012014
563658813000, 0.21166481, 0.03634648, -1.4101825
563664147000, 0.18906279, -0.0070249503, -1.2614367
563668772000, 0.14966199, 0.06047566, -1.2027937
563673784000, 0.16584991, 0.17379116, -1.1582005
563679022000, 0.12614368, 0.22143865, -1.1007792
563683805000, 0.08277224, 0.22235495, -1.0207558
563688951000, 0.103847094, 0.19639318, -0.9477574
563694497000, 0.15882497, 0.19883664, -0.9062186
563698735000, 0.20311269, 0.21410827, -0.8781188
563703696000, 0.22021692, 0.2321288, -0.8588765
563708818000, 0.25350907, 0.25534168, -0.8561276
563769173000, -0.4156938, -0.14996742, -1.0375546
563773693000, -0.44226643, -0.17470746, -1.1068878
563778738000, -0.48380527, -0.22143865, -1.1795808
563783693000, -0.49480084, -0.2611449, -1.2452488
563788686000, -0.4792238, -0.30268374, -1.3008375
563793754000, -0.44501534, -0.32742378, -1.3600914
563798709000, -0.39095375, -0.31215215, -1.4001031
563803712000, -0.33475417, -0.2947425, -1.4300356
563808715000, -0.28191432, -0.23854288, -1.4422529
563813712000, -0.23945917, -0.15118915, -1.4278975
563818705000, -0.21502456, -0.0693332, -1.3970488
563823925000, -0.21471913, -0.016187929, -1.3439035
563828726000, -0.21227567, 0.008857546, -1.2965615
563833771000, -0.23579398, 0.004276057, -1.2357804
563838740000, -0.26389378, -0.011911872, -1.1820242
563843694000, -0.31245756, -0.03176499, -1.1502593
563848706000, -0.3381139, -0.058643065, -1.0803152
563853717000, -0.38453966, -0.09468412, -1.0574077
563858800000, -0.462425, -0.13652839, -1.0458013
563863719000, -0.5571091, -0.19608775, -1.0396926
563868771000, -0.65240407, -0.27152961, -1.042747
563873772000, -0.7498371, -0.3390302, -1.0604621
563878773000, -0.8246681, -0.4175264, -1.0793989
563883721000, -0.9025534, -0.46822822, -1.1151345
563888771000, -0.9593639, -0.53969944, -1.1267409
563893753000, -0.96761054, -0.57879484, -1.1417072
563898768000, -0.93218035, -0.59864795, -1.1578951
563904008000, -0.86345804, -0.59956425, -1.1606439
563908893000, -0.7675522, -0.56413406, -1.1560625
563913809000, -0.6560693, -0.5674938, -1.1456778
563918832000, -0.54183745, -0.52626044, -1.1355985
563923816000, -0.43890667, -0.46914452, -1.1212431
563928799000, -0.36071593, -0.42546764, -1.1026118
563933790000, -0.30024028, -0.38545597, -1.0732902
563938770000, -0.24281894, -0.3417791, -1.03786
563943807000, -0.20311269, -0.31245756, -0.98654735
563948795000, -0.1908954, -0.28069258, -0.96852684
563953772000, -0.16982053, -0.2706133, -0.9285152
563958803000, -0.15577064, -0.24984388, -0.8790351
563963800000, -0.16187929, -0.19181168, -0.838718
563968793000, -0.18081611, -0.1386664, -0.8081747
563973829000, -0.23487769, -0.11056661, -0.7855727
563978792000, -0.30268374, -0.10720685, -0.76144356
563983796000, -0.35735616, -0.1337795, -0.7443393
563988771000, -0.42088616, -0.17654006, -0.7247916
563993808000, -0.46211955, -0.23365596, -0.7125743
563998789000, -0.5027421, -0.3118467, -0.72143185
564003799000, -0.528093, -0.3915646, -0.7351763
564008859000, -0.54702985, -0.48808134, -0.7440339
564013797000, -0.5537493, -0.5888741, -0.7425067
564018796000, -0.5534439, -0.6722572, -0.7284568
564023778000, -0.5488624, -0.73945236, -0.70402217
564028768000, -0.5320636, -0.788627, -0.68111473
564033795000, -0.52290064, -0.8167268, -0.64599
564038772000, -0.49663344, -0.81581056, -0.61422503
564043812000, -0.45478916, -0.81581056, -0.59681535
564048782000, -0.4297437, -0.80970186, -0.5626069
564053805000, -0.39461896, -0.7687739, -0.52412236
564058785000, -0.35338554, -0.7107417, -0.4728097
564063799000, -0.31337386, -0.655153, -0.42332962
564068722000, -0.2855795, -0.61300325, -0.3753767
564073812000, -0.24984388, -0.5467244, -0.33017266
564078732000, -0.22449298, -0.49266282, -0.2996294
564083792000, -0.20341812, -0.44868052, -0.27366763
564089260000, -0.19975294, -0.4382958, -0.25992316
564093816000, -0.18509217, -0.45265114, -0.25442538
564098771000, -0.19303341, -0.48349985, -0.24923302
564103781000, -0.19547687, -0.51923543, -0.26267207
564108865000, -0.21838433, -0.552833, -0.2846632
564113796000, -0.24129178, -0.5751296, -0.29443705
564118762000, -0.26358834, -0.5849035, -0.3115413
564123900000, -0.2855795, -0.5891795, -0.3390302
564128799000, -0.31856623, -0.57848936, -0.35888332
564133788000, -0.33933565, -0.57543504, -0.37598756
564138782000, -0.37507126, -0.58062744, -0.3933972
564143808000, -0.38453966, -0.6093381, -0.39706242
564148795000, -0.3894266, -0.6160576, -0.3979787
564153777000, -0.40408736, -0.63346726, -0.3943135
564159505000, -0.41263947, -0.6575964, -0.3894266
564163798000, -0.37690386, -0.6600399, -0.3924809
564168777000, -0.36682457, -0.6420194, -0.3857614
564173825000, -0.3491095, -0.61544675, -0.3924809
564178773000, -0.32498032, -0.59956425, -0.39767328
564183798000, -0.29626966, -0.600786, -0.39187005
564188802000, -0.26511553, -0.63071835, -0.39278635
564193806000, -0.20861048, -0.6414085, -0.398895
564198780000, -0.13530666, -0.6221663, -0.3680463
564203775000, -0.087964594, -0.59773165, -0.3454443
564208840000, -0.06078109, -0.57726765, -0.33108896
564213795000, -0.032986723, -0.5662721, -0.3155119
564218746000, -0.02687807, -0.57818395, -0.3051272
564223793000, -0.015577064, -0.59315014, -0.29932398
564228993000, -0.016187929, -0.63224554, -0.28863382
564233792000, -0.017104227, -0.64721173, -0.2846632
564238754000, -0.04184427, -0.69913524, -0.28252518
564243811000, -0.05681047, -0.7510588, -0.2837469
564248729000, -0.07574729, -0.8011498, -0.27550024
564253806000, -0.103847094, -0.8206975, -0.27488935
564258841000, -0.14355333, -0.8371908, -0.26908615
564263797000, -0.18784106, -0.8567385, -0.2593123
564268725000, -0.20952678, -0.86529064, -0.26206118
564273802000, -0.24587326, -0.8765916, -0.25809056
564278764000, -0.2779437, -0.86834496, -0.24098633
564283794000, -0.31429017, -0.8567385, -0.22052236
564288794000, -0.34574974, -0.8176431, -0.12370021
564293799000, -0.36560285, -0.7901542, -0.093462385
564298805000, -0.3915646, -0.7122689, -0.12675454
564303772000, -0.43371433, -0.6450737, -0.15241088
564308898000, -0.4841107, -0.5742133, -0.16126843
564313797000, -0.51893, -0.4831944, -0.13744467
564318792000, -0.5708536, -0.3885103, -0.112704635
564323791000, -0.6469063, -0.2947425, -0.090713486
564328804000, -0.7287622, -0.18142697, -0.06047566
564333794000, -0.80878556, -0.122478485, -0.02687807
564338776000, -0.8735373, 0.0125227375, -0.01740966
564343796000, -0.904386, 0.13988814, 0.014049901
564348797000, -0.95356065, 0.18692477, 0.04550946
564353770000, -0.926988, 0.29046643, 0.08979719
564358806000, -0.8793405, 0.3304781, 0.09437868
564363747000, -0.7877107, 0.40378192, 0.06963864
564368798000, -0.69027776, 0.54092115, 0.06627888
564373798000, -0.6087272, 0.61636305, 0.090713486
564378854000, -0.49174652, 0.6404922, 0.11301007
564383789000, -0.3359759, 0.65301496, 0.14538592
564388780000, -0.17989981, 0.6554584, 0.19150625
564393972000, -0.034513887, 0.63346726, 0.21960606
564398797000, 0.08582657, 0.6197228, 0.2489276
564404532000, 0.17195857, 0.5849035, 0.2669481
564408804000, 0.22602014, 0.52473325, 0.267559
564414310000, 0.2761111, 0.4269948, 0.26267207
564418789000, 0.29138273, 0.30634892, 0.24373524
564423784000, 0.2742785, 0.15149458, 0.21166481
564428770000, 0.24373524, 0.0012217305, 0.18325958
564433759000, 0.19486602, -0.08032878, 0.17165314
564438772000, 0.1600467, -0.22174409, 0.14874569
564443764000, 0.09162979, -0.30298916, 0.14385876
564448815000, -0.004581489, -0.35155296, 0.14630222
564453778000, -0.09682214, -0.37201694, 0.16401732
564458767000, -0.16035213, -0.34483343, 0.19425514
564463779000, -0.21960606, -0.3155119, 0.22388211
564468806000, -0.2507602, -0.2648101, 0.26633725
564473780000, -0.26939157, -0.19303341, 0.31673363
564478754000, -0.26053402, -0.13225232, 0.36682457
564484464000, -0.23518312, -0.052839845, 0.41783184
564488774000, -0.21105394, 0.0015271631, 0.45081854
564493803000, -0.15699236, 0.07819075, 0.47952923
564498795000, -0.09468412, 0.112704635, 0.5021312
564503779000, -0.01863139, 0.08002335, 0.5012149
564508854000, 0.07788532, 0.04886922, 0.49846604
564513798000, 0.17134771, 0.002443461, 0.48655418
564518727000, 0.2773328, -0.034208454, 0.47678033
564523873000, 0.36193767, -0.04917465, 0.47158796
564528729000, 0.41355577, -0.06811147, 0.46181414
564533800000, 0.42363504, -0.081855945, 0.45723262
564538760000, 0.4266894, -0.09621128, 0.44043383
564543810000, 0.4007276, -0.09987647, 0.41233405
564548767000, 0.34972036, -0.105068825, 0.39767328
564554180000, 0.27672195, -0.09590584, 0.3857614
564558863000, 0.19883664, -0.105068825, 0.35705075
564563801000, 0.113926366, -0.112399206, 0.3200934
564568806000, 0.03023783, -0.12186762, 0.31306845
564573835000, -0.018325957, -0.087659165, 0.3036
564578758000, -0.087659165, -0.0580322, 0.31031954
564583788000, -0.13255776, -0.03940081, 0.2932153
564588751000, -0.16065755, -0.01038471, 0.28069258
564593782000, -0.19181168, 0.0290161, 0.25595254
564598825000, -0.20311269, 0.03481932, 0.24556783
564603811000, -0.19486602, 0.03970624, 0.24281894
564608810000, -0.15607607, 0.035430185, 0.23487769
564613966000, -0.10995574, 0.04795292, 0.23182335
564618794000, -0.07391469, 0.054061573, 0.22388211
564623835000, -0.032070424, 0.06047566, 0.22266038
564628800000, 0.015577064, 0.05589417, 0.22143865
564633792000, 0.032986723, 0.06780604, 0.2171626
564638775000, 0.06841691, 0.09682214, 0.2144137
564643809000, 0.098043874, 0.09285152, 0.20647246
564648794000, 0.13713925, 0.086132, 0.20341812
564653776000, 0.14874569, 0.07971791, 0.18661933
564658812000, 0.16035213, 0.054367006, 0.17745635
564663800000, 0.17256944, 0.057421334, 0.1777618
564668791000, 0.18173242, 0.046120327, 0.1591304
564673812000, 0.15974127, 0.03848451, 0.14172074
564678795000, 0.17592919, 0.028405234, 0.11056661
564683796000, 0.15790866, 0.013744468, 0.09010262
564688769000, 0.14996742, -0.0030543262, 0.06291912
564693812000, 0.1337795, -0.016798794, 0.03604105
564698791000, 0.12217305, -0.041233405, 0.0030543262
564703921000, 0.08552113, -0.03604105, -0.018020526
564708843000, 0.04886922, -0.051923547, -0.036651913
564713800000, 0.015577064, -0.053450707, -0.04886922
564718792000, -0.009773844, -0.06383542, -0.070554934
564723800000, -0.023518313, -0.043066, -0.07147124
564728785000, -0.03726278, -0.046120327, -0.071776666
564733791000, -0.038179077, -0.02443461, -0.081855945
564739397000, -0.037873644, -0.025350908, -0.08093964
564743808000, -0.0290161, -9.162979E-4, -0.084910266
564748770000, -0.02107485, 0.03390302, -0.074830994
564753775000, 0.008857546, 0.05100725, -0.064751714
564758774000, 0.034208454, 0.07360926, -0.057421334
564763800000, 0.04795292, 0.09437868, -0.05497787
564768726000, 0.0711658, 0.10323623, -0.04550946
564773949000, 0.09407325, 0.10903945, -0.03145956
564778732000, 0.108123146, 0.1160644, -0.018020526
564783797000, 0.113926366, 0.1151481, -0.009773844
564788761000, 0.11148291, 0.115453534, -0.0070249503
564793808000, 0.105068825, 0.101098195, 0.014966198
564798767000, 0.106901415, 0.08735373, 0.017104227
564803772000, 0.09590584, 0.07574729, 0.022907447
564809506000, 0.07880162, 0.0571159, 0.024740042
564813796000, 0.064446285, 0.05100725, 0.023823744
564818775000, 0.038789943, 0.023823744, 0.028405234
564823803000, 0.010995574, 0.018936822, 0.028405234
564828761000, 0.007941248, 0.018936822, 0.021380283
564833800000, -0.0036651916, -0.008246681, 0.014966198
564838860000, -0.02107485, -0.01863139, 0.006414085
564843809000, -0.032070424, -0.021991149, 0.012217305
564849124000, -0.021991149, -0.007941248, 0.016187929
564853812000, -0.035124753, 0.0033597588, 0.026267206
564858860000, -0.04642576, 0.008857546, 0.030543262
564863861000, -0.054367006, 0.008246681, 0.0290161
564868780000, -0.070249505, 0.015882496, 0.01740966
564873787000, -0.049785517, 0.015882496, 0.011301007
564879144000, -0.04520403, 0.030543262, 0.013439035
564883796000, -0.04337143, 0.034208454, 0.011301007
564888751000, -0.05222898, 0.04337143, 0.016798794
564893813000, -0.046120327, 0.047036625, 0.018936822
564898728000, -0.048563786, 0.041233405, 0.016493361
564903794000, -0.02443461, 0.05589417, 0.008246681
564908790000, -9.162979E-4, 0.056505036, 0.010079277
564913794000, 0.03481932, 0.05589417, 0.0027488936
564918746000, 0.042455133, 0.06688975, -6.1086525E-4
564923856000, 0.057726767, 0.07941248, 0.01160644
564928786000, 0.051923547, 0.06963864, 0.0106901415
564933795000, 0.04734206, 0.06047566, 0.0015271631
564938782000, 0.043676864, 0.054367006, 0.0012217305
564943804000, 0.04337143, 0.046731193, -0.0033597588
564948882000, 0.053450707, 0.03634648, -0.005192355
564953789000, 0.058337633, 0.03634648, -0.004886922
564958825000, 0.06047566, 0.022296581, -0.0012217305
564963797000, 0.058337633, 0.03268129, 0.005192355
564968806000, 0.050701816, 0.04886922, 0.012217305
564973800000, 0.04642576, 0.044593163, 0.009773844
564978812000, 0.05009095, 0.052534413, 0.007330383
564983795000, 0.048563786, 0.046120327, 0.008552114
564988783000, 0.061391957, 0.06414085, 0.016798794
564993805000, 0.06841691, 0.06078109, 0.014966198
564998803000, 0.06261369, 0.054061573, 0.012217305
565003787000, 0.049785517, 0.045814894, 0.005192355
565008890000, 0.0421497, 0.022602014, 0.0018325958
565013824000, 0.018020526, 0.018020526, 3.0543262E-4
565018794000, 0.0036651916, 0.016187929, 0.005192355
565023826000, -0.016798794, 0.010995574, 0.008246681
565028807000, -0.027488936, 0.010079277, 0.005192355
565033727000, -0.025045475, 0.016187929, 0.008246681
565038775000, -0.021685716, 0.015882496, 0.010995574
565043731000, -0.014660766, 0.033292156, 0.016187929
565048796000, -0.0018325958, 0.040317107, 0.01985312
565053788000, 0.024740042, 0.040317107, 0.025045475
565058805000, 0.046120327, 0.05467244, 0.022907447
565064471000, 0.06291912, 0.05131268, 0.028710667
565068793000, 0.07452556, 0.054061573, 0.036957346
565073774000, 0.076052725, 0.062002823, 0.039095376
565078800000, 0.08307768, 0.058948494, 0.04062254
565083756000, 0.08124508, 0.05375614, 0.043066
565088779000, 0.087659165, 0.04337143, 0.040011674
565093806000, 0.08827003, 0.03145956, 0.03970624
565098787000, 0.07147124, 0.029321533, 0.035124753
565103867000, 0.059864793, 0.016493361, 0.0421497
565108800000, 0.043676864, 0.017104227, 0.036651913
565113786000, 0.040011674, -3.0543262E-4, 0.028405234
565118801000, 0.01985312, 0.0015271631, 0.03848451
565123808000, 0.021991149, -0.0027488936, 0.037873644
565128798000, 0.017715093, -0.016187929, 0.030543262
565134439000, 0.01160644, -0.002443461, 0.036651913
565138769000, 0.003970624, -0.0036651916, 0.041233405
565143806000, 0.0125227375, -0.0015271631, 0.044593163
565148797000, 0.01282817, 0.007330383, 0.041233405
565153794000, 0.0015271631, 0.0061086523, 0.044593163
565158799000, 0.007941248, 0.009468411, 0.044898596
565163779000, -0.0061086523, 0.020158553, 0.05131268
565168843000, 0.0015271631, 0.02565634, 0.057726767
565173836000, 0.0061086523, 0.02443461, 0.06047566
565178772000, 0.003970624, 0.032070424, 0.06169739
565183791000, 0.0106901415, 0.032375857, 0.05589417
565188780000, 0.011911872, 0.040927973, 0.052534413
565193769000, 0.021685716, 0.03176499, 0.04795292
565198815000, 0.0143553335, 0.03634648, 0.05467244
565203786000, 0.020158553, 0.038179077, 0.05375614
565208676000, 0.013744468, 0.027794369, 0.04062254
565213713000, 0.008552114, 0.029626964, 0.03176499
565218658000, 0.0015271631, 0.040317107, 0.030543262
565223748000, 0.0012217305, 0.03145956, 0.028405234
565228663000, 0.008552114, 0.03390302, 0.022907447
565233710000, 0.011301007, 0.03604105, 0.014660766
565238718000, 0.015577064, 0.04337143, 0.009773844
565243713000, 0.008552114, 0.03573562, 0.013744468
565248682000, 0.004886922, 0.029932396, 0.008857546
565253789000, -0.003970624, 0.034208454, 0.005497787
565258914000, -0.009773844, 0.03726278, -0.0076358155
565263889000, -0.0061086523, 0.04062254, -0.00580322
565268793000, -0.02321288, 0.0290161, -0.0027488936
565273998000, -0.02443461, 0.03634648, -0.007941248
565278799000, -0.036957346, 0.043676864, -0.006414085
565283795000, -0.035430185, 0.052534413, -0.008552114
565288768000, -0.03970624, 0.060170226, -0.0070249503
565293809000, -0.04337143, 0.071776666, -0.008857546
565298776000, -0.043066, 0.0720821, -0.01282817
565303795000, -0.04153884, 0.07391469, -0.013744468
565308860000, -0.036957346, 0.07544186, -0.017104227
565313809000, -0.034208454, 0.07422013, -0.018325957
565318772000, -0.03940081, 0.07880162, -0.01740966
565323805000, -0.031154128, 0.083383106, -0.022296581
565328740000, -0.029626964, 0.073303826, -0.023823744
565333798000, -0.026267206, 0.056199603, -0.0290161
565338752000, -0.023823744, 0.043982297, -0.028099801
565343810000, -0.018020526, 0.02107485, -0.03726278
565348728000, -0.006414085, 0.015271631, -0.027183503
565353805000, -0.0067195175, -0.0012217305, -0.036651913
565358782000, -0.0021380284, -0.006414085, -0.031154128
565363797000, 0.0018325958, -0.014049901, -0.023823744
565368727000, 0.009162978, -0.034513887, -0.02107485
565373859000, 0.023823744, -0.03970624, -0.012217305
565378773000, 0.036957346, -0.020158553, -0.0070249503
565383790000, 0.032070424, -0.011911872, -0.005497787
565388774000, 0.021380283, -0.0290161, -0.009162978
565393807000, 0.033292156, -0.022296581, -0.008857546
565398796000, 0.029321533, -0.018936822, -0.004581489
565403826000, 0.025045475, -0.014660766, -0.004276057
565408966000, 0.022907447, -0.013133603, -3.0543262E-4
565413884000, 0.014966198, -0.014660766, -3.0543262E-4
565418797000, 0.009773844, -0.009468411, 6.1086525E-4
565423830000, 0.003970624, -3.0543262E-4, -0.0033597588
565428775000, 0.003970624, -0.0036651916, -0.0033597588
565433760000, -0.010995574, -0.015271631, -0.006414085
565438807000, -0.016493361, -0.004581489, 0.0018325958
565443768000, -0.0106901415, -0.0067195175, 0.008857546
565448796000, -0.018020526, -0.0021380284, 0.008246681
565453803000, -0.00580322, -0.009773844, 0.009162978
565459587000, -0.00580322, -0.010079277, 0.014660766
565463776000, -0.01038471, -0.0125227375, 0.01740966
565468788000, -0.02076942, -0.014660766, 0.016798794
565473780000, -0.009468411, -0.019547688, 0.01282817
565478967000, -0.008857546, -0.013133603, 0.022296581
565483792000, -0.015577064, -0.014966198, 0.026572637
565488779000, -0.016493361, -0.015882496, 0.025350908
565493946000, -0.016493361, -0.018325957, 0.03176499
565498817000, -0.023518313, -0.01863139, 0.027183503
565503778000, -0.023518313, -0.017715093, 0.027794369
565508892000, -0.02321288, -0.028405234, 0.03359759
565513869000, -0.020463986, -0.02107485, 0.032986723
565518835000, -0.016798794, -0.0125227375, 0.03726278
565523873000, -0.021991149, -0.0033597588, 0.043982297
565529425000, -0.019242255, -0.007330383, 0.042760566
565533805000, -0.026267206, 0.0036651916, 0.04153884
565538780000, -0.020158553, -0.004276057, 0.039095376
565543809000, -0.025045475, 9.162979E-4, 0.03940081
565548830000, -0.025350908, 0.0015271631, 0.04337143
565553828000, -0.021991149, -0.0012217305, 0.03848451
565559032000, -0.023518313, -0.0027488936, 0.040317107
565563888000, -0.02687807, 0.0018325958, 0.041233405
565568782000, -0.032070424, -0.003970624, 0.03604105
565573805000, -0.024740042, 0.003970624, 0.032070424
565578836000, -0.026267206, 6.1086525E-4, 0.0290161
565583810000, -0.024740042, -0.0018325958, 0.031154128
565588799000, -0.03268129, -0.004886922, 0.02565634
565593814000, -0.0290161, -0.005497787, 0.021991149
565598861000, -0.019242255, -0.014966198, 0.022907447
565603727000, -0.027488936, -0.017104227, 0.015577064
565608729000, -0.027183503, -0.02107485, 0.0070249503
565613710000, -0.030543262, -0.01863139, 0.009468411
565619007000, -0.021991149, -0.014049901, 0.010079277
565623787000, -0.021685716, -0.014049901, 0.0036651916
565629175000, -0.027183503, -0.0125227375, 0.00580322
565633706000, -0.025350908, -0.011301007, 0.008246681
565639017000, -0.023823744, -0.005192355, 0.0027488936
565643709000, -0.018020526, 0.0021380284, 0.013439035
565648879000, -0.015882496, 0.0061086523, 0.009773844
565653722000, -0.0076358155, 0.010079277, 0.009773844
565658710000, -0.020463986, 0.004276057, 0.009773844
565663721000, -0.009773844, 0.004581489, 0.004276057
565668665000, -0.016187929, 0.017715093, -0.0027488936
565673756000, -0.0076358155, 0.014660766, -0.003970624
565678668000, -0.009773844, 0.012217305, 0.004581489
565683718000, -0.004886922, 0.0125227375, -0.0030543262
565688707000, -0.008857546, 0.009773844, -0.003970624
565693725000, -0.008552114, 0.008552114, -0.0021380284
565698718000, -0.00580322, -0.0015271631, -0.0021380284
565703739000, -0.004276057, -0.008552114, 0.0027488936
565708783000, -0.009468411, 0.002443461, 0.002443461
565713753000, 3.0543262E-4, 0.0070249503, -0.004581489
565718747000, -0.01038471, -0.0036651916, -0.0015271631
565723755000, -0.02076942, -0.007330383, 0.0018325958
565728757000, -0.015882496, -0.011911872, 0.0012217305
565733749000, -0.02076942, -0.015882496, -0.0012217305
565738739000, -0.011911872, -0.0143553335, -0.0012217305
565743756000, -0.017104227, -0.024740042, 0.0027488936
565748792000, -0.019242255, -0.01038471, 0.007330383
565753801000, -0.03145956, -0.013133603, 0.007330383
565758892000, -0.02107485, -0.0030543262, 0.009773844
565763830000, -0.022296581, 0.004276057, 0.011911872
565768788000, -0.01740966, 0.007941248, 0.014049901
565773771000, -0.021685716, 0.0018325958, 0.0106901415
565778810000, -0.01740966, 0.002443461, 0.0143553335
565784301000, -0.013744468, -0.0033597588, 0.020158553
565788786000, -0.029626964, 3.0543262E-4, 0.021991149
565793791000, -0.017715093, 3.0543262E-4, 0.016798794
565798800000, -0.018936822, 0.0027488936, 0.013439035
565803782000, -0.027794369, -0.0027488936, 0.020463986
565808805000, -0.02687807, 3.0543262E-4, 0.016187929
565813749000, -0.03176499, -0.0070249503, 0.016493361
565818839000, -0.03023783, -0.019242255, 0.01740966
565823858000, -0.029932396, -0.020463986, 0.014049901
565828809000, -0.02565634, -0.015577064, 0.014966198
565833780000, -0.029321533, -0.01863139, 0.012217305
565838786000, -0.025961773, -0.024129177, 0.0106901415
565843770000, -0.023518313, -0.0143553335, 0.002443461
565848795000, -0.017715093, -0.013439035, 0.008246681
565854403000, -0.010995574, -3.0543262E-4, 0.0070249503
565858803000, -0.008246681, -0.0015271631, 0.0018325958
565863737000, -0.006414085, -0.005192355, 0.004581489
565868793000, -0.008246681, 0.005192355, 0.003970624
565873796000, -0.008857546, -6.1086525E-4, 0.0021380284
565878810000, -0.0076358155, -0.0036651916, 0.002443461
565883776000, -0.005497787, -0.0021380284, 0.0076358155
565888777000, -0.019547688, -0.0033597588, 0.015882496
565893780000, -0.02321288, -0.0070249503, 0.009468411
565898804000, -0.021685716, -0.0018325958, 0.00580322
565903779000, -0.019242255, -0.0076358155, 0.0061086523
565908865000, -0.018936822, -0.01038471, 0.0067195175
565913799000, -0.022602014, 0.0012217305, 0.004886922
565918796000, -0.015882496, 0.007941248, 0.009468411
565924100000, -0.021685716, 0.0027488936, 0.01160644
565928798000, -0.021991149, -0.0036651916, 0.0033597588
565933796000, -0.022907447, 0.006414085, 0.01038471
565938775000, -0.021380283, 0.0030543262, 0.014049901
565943807000, -0.019242255, 0.005497787, 0.013439035
565948799000, -0.018325957, 0.0015271631, 0.007330383
565953820000, -0.023518313, -0.0030543262, 0.003970624
565958808000, -0.01863139, 0.007941248, 0.002443461
565963798000, -0.02321288, -6.1086525E-4, 0.0061086523
565968789000, -0.019547688, 0.005497787, 0.008552114
565973782000, -0.027794369, 0.0036651916, -9.162979E-4
565978793000, -0.025045475, 0.005497787, 0.0076358155
565983794000, -0.016187929, -0.0012217305, 0.00580322
565989002000, -0.010079277, 0.004276057, 0.0076358155
565993826000, -0.012217305, 0.01038471, -0.002443461
565998761000, -0.0061086523, 0.0021380284, -0.002443461
566003806000, -0.0106901415, 0.010995574, 0.0036651916
566008780000, -6.1086525E-4, 0.014049901, 0.005192355
566013797000, -0.009773844, 0.011301007, 0.0012217305
566018731000, -0.017104227, 0.008246681, 0.009468411
566023805000, -0.014660766, 0.013439035, 0.005192355
566028748000, -0.008552114, 0.018325957, 0.008246681
566033792000, -0.016798794, 0.010995574, 0.010079277
566038765000, -0.022602014, 0.01282817, 0.011911872
566043807000, -0.022602014, 0.0015271631, 0.0106901415
566048777000, -0.022907447, 0.005192355, 0.011911872
566053795000, -0.022296581, -6.1086525E-4, 0.009162978
566058825000, -0.025045475, 3.0543262E-4, 0.007941248
566063800000, -0.025961773, 0.004581489, 0.014049901
566068761000, -0.027794369, -0.011301007, 0.012217305
566073953000, -0.028099801, -0.01160644, 0.009162978
566078742000, -0.02443461, -0.0036651916, 0.009162978
566083798000, -0.019547688, -0.0070249503, 0.0076358155
566088758000, -0.019242255, -0.0030543262, 0.012217305
566093806000, -0.02076942, -0.004886922, 0.008246681
566098734000, -0.027794369, -0.004886922, 0.0070249503
566103792000, -0.022602014, -0.004581489, 0.010995574
566109465000, -0.02687807, -0.0015271631, 0.0125227375
566113796000, -0.021991149, -0.004886922, 0.002443461
566118790000, -0.0125227375, 0.0030543262, 0.01038471
566123785000, -0.009468411, 0.0027488936, 0.0030543262
566128802000, -0.010995574, -0.0015271631, -0.0036651916
566133794000, -0.014660766, -0.0015271631, 0.004581489
566138777000, -0.015271631, -0.0076358155, 0.0027488936
566143888000, -0.0070249503, -6.1086525E-4, 0.010079277
566148794000, -0.01282817, -3.0543262E-4, 0.005497787
566153794000, -0.014966198, 6.1086525E-4, 0.003970624
566158808000, -0.02107485, 0.0018325958, 0.006414085
566163783000, -0.015577064, 0.0015271631, 0.008552114
566168793000, -0.013744468, -0.0036651916, 0.0076358155
566173825000, -0.01863139, -0.0012217305, 9.162979E-4
566179380000, -0.012217305, -0.002443461, 0.0033597588
566183729000, -0.021685716, -0.005192355, 0.005192355
566188778000, -0.02107485, -0.006414085, 3.0543262E-4
566193738000, -0.021991149, -0.0015271631, 0.011301007
566198796000, -0.014049901, -0.0030543262, 0.009773844
566203787000, -0.02443461, -0.005497787, 0.004276057
566208804000, -0.013439035, 0.0076358155, 0.0021380284
566213758000, -0.016187929, 0.009468411, 0.0061086523
566218790000, -0.015882496, 0.0030543262, 0.0125227375
566223801000, -0.018936822, 0.0012217305, 0.014049901
566228796000, -0.02321288, 0.0012217305, 0.0067195175
566233790000, -0.0106901415, 0.0015271631, 0.01282817
566238776000, -0.023823744, 0.0036651916, 0.0070249503
566243803000, -0.015577064, -0.004276057, 0.004886922
566249123000, -0.015577064, 0.004886922, 0.0106901415
566253784000, -0.02076942, 0.0018325958, 0.01160644
566258777000, -0.015882496, 0.0030543262, 0.009468411
566263800000, -0.015271631, 0.005497787, 0.0015271631
566268761000, -0.009468411, 0.0070249503, 0.011301007
566273814000, -0.017715093, -0.0027488936, 0.011911872
566278740000, -0.022296581, -0.007330383, 0.010995574
566283795000, -0.024740042, -0.00580322, 0.0061086523
566288744000, -0.024129177, -0.008246681, 0.011301007
566293805000, -0.035430185, -0.01740966, 0.0061086523
566298729000, -0.027794369, -0.016798794, 0.008552114
566303784000, -0.019242255, -0.014049901, 0.006414085
566308773000, -0.029932396, -0.014966198, 0.00580322
566313798000, -0.025045475, -0.015577064, 0.0015271631
566318795000, -0.038179077, -0.007330383, 0.00580322
566323843000, -0.02107485, -0.0027488936, 0.00580322
566328772000, -0.021380283, 0.004886922, -0.005497787
566333794000, -0.008552114, 0.008246681, -0.0030543262
566338785000, -0.016493361, 0.008246681, -0.003970624
566343810000, -0.015271631, -0.0027488936, -0.0033597588
566348780000, -0.015882496, 0.010995574, -6.1086525E-4
566353810000, -0.01985312, -6.1086525E-4, -0.0033597588
566359060000, -0.021380283, 0.0012217305, -0.0018325958
566363801000, -0.022602014, -0.00580322, -0.0015271631
566368918000, -0.013133603, -0.005192355, -0.0030543262
566373833000, -0.01863139, -0.004886922, 9.162979E-4
566379031000, -0.02321288, -0.0036651916, -0.002443461
566383798000, -0.024129177, -0.0021380284, 0.0067195175
566388755000, -0.028405234, -0.003970624, -0.0021380284
566393805000, -0.030543262, -9.162979E-4, -0.0012217305
