#Rate of rotation around the x y z axes (Angular velocity).
#timestamp(ns),x,y,z(rad/s)
#Datetime: 03/04/2015 11:03:44
##########################################
#Activity: 8 - CSI - Car-Step in - 6s
#Subject ID: 43
#First Name: sub43
#Last Name: sub43
#Age: 24
#Height(cm): 179
#Weight(kg): 80
#Gender: Male
##########################################

@DATA
7866385834000, -0.029932396, 0.0290161, 0.010995574
7866390842000, -0.01985312, 0.03390302, 0.017715093
7866395884000, -0.027183503, 0.029932396, 0.016798794
7866400974000, -0.02076942, 0.02107485, 0.010995574
7866405930000, -0.01985312, 0.021685716, 0.015882496
7866410887000, -0.010995574, 0.033292156, 0.022296581
7866415900000, -0.02107485, 0.03268129, 0.023518313
7866420889000, -0.016798794, 0.036651913, 0.016798794
7866425862000, -0.004276057, 0.029626964, 0.024740042
7866430899000, -0.01740966, 0.032375857, 0.022296581
7866435924000, -0.017104227, 0.040927973, 0.024740042
7866440915000, -0.018936822, 0.03634648, 0.02443461
7866446061000, -0.020463986, 0.035124753, 0.027183503
7866450889000, -0.01160644, 0.040927973, 0.02076942
7866455889000, -0.008552114, 0.049785517, 0.027183503
7866460892000, -0.021685716, 0.052839845, 0.022907447
7866465898000, -0.016187929, 0.052839845, 0.015882496
7866470868000, -0.015271631, 0.051923547, 0.02076942
7866475863000, -0.010079277, 0.040927973, 0.027488936
7866480900000, -0.0067195175, 0.042455133, 0.027488936
7866485866000, -0.016187929, 0.046120327, 0.020463986
7866490949000, -0.015882496, 0.046731193, 0.025961773
7866495866000, -0.028405234, 0.052534413, 0.019242255
7866500898000, -0.015271631, 0.04428773, 0.021685716
7866505821000, -0.015271631, 0.030848695, 0.014966198
7866510900000, -0.018936822, 0.043676864, 0.026267206
7866515885000, -0.017104227, 0.042760566, 0.016187929
7866520902000, -0.025350908, 0.032986723, 0.021380283
7866525831000, -0.01740966, 0.03359759, 0.013439035
7866530905000, -0.010079277, 0.041233405, 0.014966198
7866535836000, -0.0143553335, 0.03604105, 0.021685716
7866540872000, -0.020158553, 0.032375857, 0.010079277
7866545902000, -0.016187929, 0.033292156, 0.020463986
7866550896000, -0.014660766, 0.032375857, 0.01160644
7866555908000, -0.0106901415, 0.02565634, 0.021685716
7866561695000, -0.02107485, 0.01740966, 0.024129177
7866565869000, -0.015882496, 0.011301007, 0.016493361
7866570888000, -0.02321288, 0.0143553335, 0.00580322
7866575883000, -0.016187929, 0.021991149, 0.017104227
7866580877000, -0.01282817, 0.0018325958, 0.014966198
7866585859000, -0.024129177, 0.010079277, 0.01160644
7866590873000, -0.026267206, 0.0033597588, 0.0125227375
7866596122000, -0.02076942, 0.004886922, 0.014966198
7866600894000, -0.02107485, 0.01863139, 0.022907447
7866606176000, -0.020463986, 0.0021380284, 0.01740966
7866610925000, -0.019242255, -0.0033597588, 0.018325957
7866615876000, -0.030543262, -0.005192355, 0.017104227
7866620905000, -0.020463986, 0.0021380284, 0.020158553
7866625860000, -0.02687807, -0.0106901415, 0.015882496
7866630854000, -0.02565634, -0.004886922, 0.019242255
7866635898000, -0.03145956, -0.003970624, 0.016187929
7866640880000, -0.02107485, -0.0030543262, 0.017104227
7866645971000, -0.02565634, 9.162979E-4, 0.017715093
7866650875000, -0.02565634, 3.0543262E-4, 0.021991149
7866655905000, -0.024740042, -0.0106901415, 0.023823744
7866660851000, -0.01740966, -0.0070249503, 0.014660766
7866665885000, -0.013133603, 0.0030543262, 0.011301007
7866670873000, -0.017715093, 0.0012217305, 0.018020526
7866675911000, -0.019547688, 9.162979E-4, 0.021991149
7866680899000, -0.02565634, -9.162979E-4, 0.014660766
7866685850000, -0.019242255, 0.00580322, 0.014660766
7866691165000, -0.01985312, 0.010079277, 0.017104227
7866695906000, -0.019242255, 0.011301007, 0.015577064
7866700994000, -0.012217305, 0.0027488936, 0.020463986
7866705813000, -0.016493361, -0.01038471, 0.0067195175
7866710785000, -0.009773844, -0.009468411, 0.009773844
7866715811000, -0.008857546, -0.0067195175, 0.00580322
7866720780000, -0.0067195175, -0.015882496, 0.0070249503
7866725796000, -0.015882496, -0.015577064, 0.010079277
7866730803000, -0.014966198, -0.013439035, -0.0030543262
7866735810000, -0.005192355, -0.0061086523, -0.009162978
7866740765000, -0.0030543262, -0.008552114, -0.0125227375
7866745816000, -0.013744468, 0.00580322, -0.015271631
7866750839000, -0.018325957, 0.0067195175, -0.034513887
7866755874000, -0.0076358155, 0.02321288, -0.04795292
7866760963000, -0.0076358155, 0.03481932, -0.05375614
7866765863000, -0.016187929, 0.041233405, -0.055283304
7866770862000, -0.018936822, 0.0571159, -0.06078109
7866775841000, -0.024740042, 0.08827003, -0.058337633
7866780873000, -0.029321533, 0.10598512, -0.036957346
7866785869000, -0.04428773, 0.13194689, -0.03390302
7866790848000, -0.056199603, 0.14508049, -0.0290161
7866795860000, -0.07269296, 0.15790866, -0.011911872
7866800898000, -0.06505715, 0.16646078, -0.005192355
7866805900000, -0.06658431, 0.18325958, 0.006414085
7866810873000, -0.054367006, 0.19608775, 0.0061086523
7866815891000, -0.056199603, 0.20799962, 0.0027488936
7866820894000, -0.065973446, 0.24617869, -0.0012217305
7866825864000, -0.06627888, 0.2669481, -0.003970624
7866830901000, -0.06994407, 0.2843578, 9.162979E-4
7866835891000, -0.07819075, 0.3210097, 0.0015271631
7866841464000, -0.089491755, 0.3390302, 0.005497787
7866845956000, -0.093767814, 0.34972036, 0.01863139
7866850899000, -0.11056661, 0.34666604, 0.019547688
7866855891000, -0.12064589, 0.3368922, 0.028099801
7866860895000, -0.13194689, 0.3203988, 0.03604105
7866865889000, -0.13133603, 0.30665436, 0.04520403
7866870889000, -0.12736541, 0.29260445, 0.06566802
7866875862000, -0.14080444, 0.2837469, 0.07147124
7866880899000, -0.13561209, 0.27885997, 0.084910266
7866886183000, -0.14294247, 0.27397305, 0.10323623
7866890877000, -0.14080444, 0.28924468, 0.108123146
7866895928000, -0.13988814, 0.30604348, 0.124311075
7866900894000, -0.12614368, 0.3222314, 0.1301143
7866905824000, -0.11759156, 0.33628133, 0.13683382
7866910910000, -0.10567969, 0.35369098, 0.13500121
7866915885000, -0.106595986, 0.36132678, 0.14355333
7866920888000, -0.09407325, 0.36193767, 0.14110987
7866925881000, -0.08002335, 0.35888332, 0.14355333
7866930897000, -0.07788532, 0.3594942, 0.15118915
7866935899000, -0.093462385, 0.36132678, 0.15302174
7866940894000, -0.089186326, 0.3436117, 0.1591304
7866945919000, -0.084910266, 0.34391713, 0.16218472
7866950890000, -0.09193522, 0.3304781, 0.16523905
7866955901000, -0.08032878, 0.33475417, 0.16890424
7866960866000, -0.07452556, 0.3304781, 0.16249016
7866965903000, -0.07819075, 0.3222314, 0.16371189
7866970897000, -0.062308256, 0.31398472, 0.1600467
7866975854000, -0.06169739, 0.30818152, 0.16371189
7866980861000, -0.046731193, 0.30451632, 0.15974127
7866985897000, -0.03145956, 0.3100141, 0.15332718
7866991354000, -0.019547688, 0.30757064, 0.15057829
7866995891000, -0.020158553, 0.30268374, 0.15607607
7867000862000, -0.004886922, 0.30787608, 0.16065755
7867005919000, 0.0021380284, 0.32650748, 0.15302174
7867010881000, -6.1086525E-4, 0.3417791, 0.16065755
7867015866000, -6.1086525E-4, 0.35643986, 0.14905111
7867021148000, -0.0070249503, 0.37293324, 0.1563815
7867027633000, 0.004581489, 0.39858958, 0.15851954
7867031084000, -9.162979E-4, 0.41599923, 0.16584991
7867035897000, -0.0036651916, 0.45142943, 0.16920967
7867040896000, -0.010079277, 0.44440445, 0.17073683
7867045917000, -0.009162978, 0.41874814, 0.17165314
7867050904000, -0.0027488936, 0.38423425, 0.17165314
7867055927000, 0.014660766, 0.3652974, 0.16890424
7867060907000, 0.022602014, 0.3631594, 0.17012598
7867065918000, 0.028710667, 0.36010507, 0.16920967
7867070928000, 0.03573562, 0.35521814, 0.16554448
7867075860000, 0.057726767, 0.35369098, 0.16035213
7867080919000, 0.053450707, 0.34574974, 0.16187929
7867085934000, 0.06383542, 0.3567453, 0.1591304
7867090882000, 0.06261369, 0.3640757, 0.16768251
7867095876000, 0.07819075, 0.36835176, 0.16401732
7867100901000, 0.08552113, 0.38545597, 0.17073683
7867105903000, 0.09040806, 0.37904188, 0.16890424
7867110890000, 0.08857546, 0.39064834, 0.16462818
7867115844000, 0.106901415, 0.398895, 0.16279559
7867120864000, 0.09315695, 0.3998113, 0.15943582
7867125851000, 0.106901415, 0.4016439, 0.15363261
7867130863000, 0.10934488, 0.4156938, 0.15027285
7867135848000, 0.12156218, 0.4370741, 0.14569137
7867140867000, 0.12522738, 0.464563, 0.14721853
7867145846000, 0.11453723, 0.4841107, 0.14752395
7867150978000, 0.124311075, 0.5018258, 0.15943582
7867155785000, 0.11789699, 0.50885075, 0.17134771
7867160823000, 0.13439035, 0.5225952, 0.18387043
7867165791000, 0.13988814, 0.52290064, 0.19547687
7867170831000, 0.14049901, 0.52931476, 0.20830505
7867175772000, 0.14049901, 0.5354234, 0.21044308
7867180814000, 0.14844026, 0.5299256, 0.22174409
7867185765000, 0.14477506, 0.5296202, 0.22266038
7867190806000, 0.16371189, 0.52442783, 0.22479841
7867195777000, 0.18112154, 0.51007247, 0.2275473
7867200905000, 0.19364429, 0.5152648, 0.22052236
7867205799000, 0.21166481, 0.5109888, 0.22052236
7867210888000, 0.22693644, 0.52473325, 0.21288654
7867215852000, 0.23640485, 0.5296202, 0.19517145
7867220872000, 0.24648413, 0.53786683, 0.19181168
7867225831000, 0.25045475, 0.5500842, 0.1872302
7867230874000, 0.26847526, 0.5476407, 0.1853976
7867235854000, 0.2919936, 0.54092115, 0.17348573
7867240861000, 0.310625, 0.54092115, 0.16340645
7867245928000, 0.32375857, 0.54733527, 0.15210545
7867250895000, 0.34513888, 0.5580254, 0.13255776
7867255911000, 0.35063666, 0.5757405, 0.12064589
7867260914000, 0.3662137, 0.5830709, 0.105374254
7867265898000, 0.38515055, 0.569021, 0.10476339
7867270893000, 0.41538838, 0.57451874, 0.098043874
7867275853000, 0.43004912, 0.61391956, 0.07666359
7867280879000, 0.45448375, 0.6575964, 0.06414085
7867285895000, 0.4801401, 0.6750061, 0.06352998
7867290879000, 0.4877759, 0.6808093, 0.052839845
7867295915000, 0.50335294, 0.68783426, 0.038179077
7867300898000, 0.5311473, 0.7134906, 0.015882496
7867306093000, 0.5534439, 0.7257079, 0.01038471
7867310918000, 0.58001655, 0.7180721, 0.0012217305
7867315897000, 0.59589905, 0.7156286, -0.013744468
7867320854000, 0.61636305, 0.7049385, -0.022296581
7867325851000, 0.6365216, 0.7058548, -0.026572637
7867330901000, 0.6640105, 0.6747007, -0.03573562
7867335892000, 0.66675943, 0.65393126, -0.053450707
7867340874000, 0.6737844, 0.6383542, -0.06261369
7867345911000, 0.6646214, 0.6310238, -0.08032878
7867350844000, 0.6597345, 0.63407815, -0.08124508
7867355916000, 0.6603453, 0.6206391, -0.079107046
7867360932000, 0.657291, 0.6093381, -0.09040806
7867365910000, 0.6569856, 0.61361414, -0.08399397
7867370901000, 0.6658431, 0.59589905, -0.07574729
7867375871000, 0.6771441, 0.5665775, -0.061086524
7867380872000, 0.6960809, 0.5222898, -0.05375614
7867385952000, 0.7067711, 0.45142943, -0.031154128
7867390885000, 0.73364913, 0.42088616, -0.010995574
7867395866000, 0.74097955, 0.38698313, 0.013439035
7867400901000, 0.74220127, 0.36071593, 0.025961773
7867405925000, 0.7113526, 0.3371976, 0.05009095
7867410917000, 0.6783658, 0.3436117, 0.08155051
7867415890000, 0.6246097, 0.34391713, 0.09040806
7867420902000, 0.61300325, 0.35705075, 0.106901415
7867425870000, 0.59315014, 0.3820962, 0.129198
7867430897000, 0.63194007, 0.42149702, 0.14844026
7867435889000, 0.70554936, 0.49754974, 0.1591304
7867440882000, 0.78893244, 0.59681535, 0.17592919
7867445913000, 0.87109387, 0.68844515, 0.17531833
7867450972000, 0.95264435, 0.7779369, 0.17898351
7867455817000, 1.0161743, 0.82619524, 0.17104226
7867460872000, 1.0687088, 0.82527894, 0.15851954
7867465826000, 1.110553, 0.77579886, 0.1432479
7867470823000, 1.1383474, 0.7101309, 0.12705997
7867475787000, 1.1621711, 0.634689, 0.115453534
7867480843000, 1.1673635, 0.5830709, 0.11911872
7867485807000, 1.1643091, 0.53969944, 0.112399206
7867491253000, 1.144456, 0.5039638, 0.112704635
7867495825000, 1.0998629, 0.47983465, 0.13072516
7867500891000, 1.0555751, 0.4792238, 0.16157386
7867505870000, 1.0125091, 0.50579643, 0.18875736
7867510887000, 0.95081174, 0.5235115, 0.22968534
7867515855000, 0.88361657, 0.5681047, 0.24709499
7867520872000, 0.84574294, 0.5849035, 0.27763826
7867525822000, 0.7858781, 0.5729916, 0.30604348
7867530857000, 0.7086037, 0.5271767, 0.3222314
7867535848000, 0.6450737, 0.4813618, 0.31856623
7867540824000, 0.59406644, 0.4700608, 0.31612277
7867545880000, 0.5653558, 0.5131268, 0.2660318
7867550866000, 0.528093, 0.57910025, 0.2180789
7867555894000, 0.49235737, 0.6759224, 0.14782938
7867561677000, 0.47342056, 0.7993172, 0.07391469
7867565901000, 0.44165558, 0.9254609, 0.002443461
7867570892000, 0.36896262, 1.0024298, -0.06658431
7867575873000, 0.25503623, 1.0824533, -0.12858713
7867580902000, 0.13347405, 1.2125676, -0.20922135
7867585837000, 0.061391957, 1.4052955, -0.27122417
7867590892000, 0.05955936, 1.6102408, -0.31581733
7867595899000, 0.10445796, 1.8096883, -0.35185838
7867600947000, 0.16065755, 1.9960022, -0.37384954
7867605895000, 0.20922135, 2.1551325, -0.38637227
7867610895000, 0.23945917, 2.2131648, -0.3933972
7867616213000, 0.2406809, 2.2989914, -0.38362336
7867620902000, 0.18325958, 2.3139575, -0.3717115
7867625865000, 0.13927728, 2.3286183, -0.3549127
7867630877000, 0.01282817, 2.3432791, -0.3539964
7867635894000, -0.13530666, 2.3603833, -0.35308012
7867640896000, -0.27488935, 2.3478606, -0.36560285
7867645947000, -0.3930918, 2.3054054, -0.38148534
7867650896000, -0.48197266, 2.2449298, -0.39828414
7867655939000, -0.52473325, 2.1743748, -0.41599923
7867660849000, -0.50946164, 2.1071796, -0.44012842
7867665903000, -0.46181414, 2.0635028, -0.4569272
7867670889000, -0.39187005, 2.0390682, -0.48502702
7867675869000, -0.3378085, 2.0442605, -0.5323691
7867680857000, -0.29077184, 2.0925188, -0.58093286
7867685894000, -0.26939157, 2.2339342, -0.6291912
7867690880000, -0.3136793, 2.3887885, -0.675617
7867695905000, -0.4089743, 2.477975, -0.7324274
7867700936000, -0.57696223, 2.4987442, -0.77457714
7867705896000, -0.75747293, 2.449875, -0.8216137
7867710852000, -0.94959, 2.4162774, -0.84238315
7867715901000, -1.0558805, 2.3188446, -0.8863655
7867720865000, -1.2183707, 2.245846, -0.9379836
7867725864000, -1.3677273, 2.2018638, -0.9990701
7867730883000, -1.5222762, 2.1777346, -1.0635164
7867735988000, -1.7302758, 2.1569653, -1.1462886
7867740895000, -2.0100522, 2.1062634, -1.2394456
7867746599000, -2.3432791, 2.0650299, -1.3200798
7867750911000, -2.6893342, 2.0641136, -1.3545936
7867755869000, -2.9975157, 2.0564778, -1.3570372
7867760924000, -3.2812626, 1.9813415, -1.3500122
7867765868000, -3.5976908, 1.8661933, -1.3029755
7867770855000, -3.9229765, 1.6847663, -1.2165382
7867775884000, -4.2519274, 1.4840971, -1.1322387
7867780897000, -4.536896, 1.4749341, -1.0317514
7867785894000, -4.6938887, 1.5570955, -0.9468411
7867790874000, -4.7296243, 1.7256943, -0.8142834
7867795954000, -4.6163087, 2.2104158, -0.6160576
7867800890000, -4.257731, 2.7229319, -0.5109888
7867805931000, -3.8114936, 2.8625145, -0.52412236
7867810895000, -3.5408804, 2.695443, -0.56596667
7867816708000, -3.5509596, 2.0576997, -0.5546656
7867820901000, -3.8799107, 1.6890424, -0.44012842
7867825866000, -4.243986, 1.7241671, -0.33841935
7867830865000, -4.433965, 2.1896465, -0.3436117
7867835890000, -4.4703116, 2.8634307, -0.40042216
7867840882000, -4.415945, 3.3844988, -0.4877759
7867845918000, -4.402811, 3.6932912, -0.5644395
7867851208000, -4.4416013, 3.6929858, -0.59223384
7867855927000, -4.505742, 3.3078353, -0.56779927
7867860957000, -4.6312747, 2.4853053, -0.52870387
7867865894000, -4.8038445, 1.3979651, -0.5384777
7867870903000, -4.98802, 0.34574974, -0.5720753
7867875892000, -5.115691, -0.5149594, -0.55741453
7867880884000, -5.194798, -1.2162327, -0.49632803
7867885870000, -5.2326717, -1.7088956, -0.38728857
7867890904000, -5.2687125, -1.9156734, -0.29016098
7867895881000, -5.2818465, -1.9144517, -0.19608775
7867900894000, -5.2622986, -1.8255708, -0.07880162
7867905928000, -5.262604, -1.772731, 0.059253927
7867910950000, -5.267491, -1.6597209, 0.13469578
7867915896000, -5.2681017, -1.5748106, 0.28344148
7867920893000, -5.2317553, -1.5537357, 0.4288274
7867925857000, -5.1682253, -1.6584991, 0.5671884
7867930868000, -5.0717087, -1.8765781, 0.6936375
7867935899000, -4.9516735, -2.1340578, 0.7852673
7867940878000, -4.7977357, -2.3258693, 0.82650065
7867945941000, -4.635856, -2.3493876, 0.8194757
7867950953000, -4.4956627, -2.271197, 0.81061816
7867955859000, -4.3423357, -2.0726657, 0.8002335
7867960883000, -4.247346, -1.8600847, 0.79412484
7867965843000, -4.225966, -1.7055358, 0.83108217
7867970903000, -4.1993933, -1.6007724, 0.86529064
7867975843000, -4.197255, -1.5326608, 0.8558222
7867980873000, -4.1441097, -1.4996742, 0.8735373
7867985842000, -4.0585885, -1.520749, 0.93462384
7867990898000, -3.9361103, -1.539075, 1.0012082
7867995855000, -3.7607918, -1.6166549, 1.094976
7868000897000, -3.5537086, -1.6441438, 1.1945469
7868005826000, -3.3221905, -1.6523905, 1.2403619
7868010926000, -3.2061262, -1.6627752, 1.2922854
7868015831000, -2.9840767, -1.6969837, 1.3213016
7868020892000, -2.7546968, -1.7046194, 1.3130548
7868028328000, -2.529593, -1.6307048, 1.2794572
7868030885000, -2.1502457, -1.5909985, 1.2702943
7868035922000, -2.0189097, -1.568702, 1.2373075
7868040918000, -1.7821994, -1.5479325, 1.1979067
7868045988000, -1.5549575, -1.5286902, 1.1481212
7868050919000, -1.3414601, -1.493871, 1.0650436
7868055892000, -1.1172725, -1.4929546, 0.96974856
7868060873000, -0.9049969, -1.5357152, 0.8848383
7868065898000, -0.70432764, -1.5500705, 0.7968737
7868070893000, -0.52290064, -1.5265522, 0.6835582
7868075860000, -0.3371976, -1.5039502, 0.5699373
7868080870000, -0.1685988, -1.4648548, 0.46181414
7868085892000, -0.008857546, -1.4239268, 0.38515055
7868090903000, 0.14385876, -1.3888022, 0.29932398
7868096102000, 0.30970868, -1.3023647, 0.23365596
7868100917000, 0.4654793, -1.2522738, 0.1777618
7868105891000, 0.61483586, -1.1545353, 0.13805555
7868110902000, 0.700357, -1.0354166, 0.05497787
7868115848000, 0.86590147, -0.95233893, 0.0061086523
7868120854000, 1.0146471, -0.8686504, -0.040927973
7868125850000, 1.169807, -0.7699956, -0.06291912
7868130858000, 1.2996159, -0.68783426, -0.08979719
7868135853000, 1.423316, -0.6215554, -0.12186762
7868140858000, 1.5311338, -0.552833, -0.13927728
7868145855000, 1.6337591, -0.49266282, -0.15943582
7868150978000, 1.7085901, -0.4129449, -0.17684549
7868155816000, 1.8133535, -0.32986724, -0.19853121
7868160822000, 1.9007072, -0.20708331, -0.1881465
7868165832000, 1.9822577, -0.0983493, -0.18661933
7868170822000, 2.0228803, -0.01282817, -0.18234327
7868175795000, 2.0042489, 0.013133603, -0.19639318
7868180809000, 1.9611828, -0.04734206, -0.20861048
7868185810000, 1.9156734, -0.13103059, -0.2144137
7868190766000, 1.8643607, -0.21624629, -0.21899518
7868195828000, 1.8417587, -0.2593123, -0.20341812
7868200845000, 1.8316795, -0.29840767, -0.19853121
7868205894000, 1.8408424, -0.29565877, -0.19333886
7868210883000, 1.8606955, -0.25900686, -0.18417588
7868215882000, 1.8875736, -0.22540927, -0.16707164
7868220820000, 1.9080375, -0.21166481, -0.13836098
7868225835000, 1.9092593, -0.19211712, -0.1020145
7868230832000, 1.915368, -0.18845193, -0.056505036
7868235865000, 1.9281962, -0.21594086, -0.005192355
7868240854000, 1.9495764, -0.23182335, 0.05681047
7868245925000, 1.9578232, -0.26267207, 0.14202617
7868250976000, 1.9654589, -0.2837469, 0.21563543
7868255900000, 1.9645426, -0.31673363, 0.2938262
7868260885000, 1.9566014, -0.33261612, 0.36743546
7868265896000, 1.9013181, -0.32650748, 0.43554693
7868270858000, 1.8139644, -0.3203988, 0.4981606
7868275884000, 1.7061466, -0.3118467, 0.5546656
7868280995000, 1.6032158, -0.31887165, 0.61178154
7868285895000, 1.5070046, -0.32589662, 0.6814202
7868291300000, 1.4504995, -0.3313944, 0.7452556
7868295991000, 1.4037683, -0.31795537, 0.81183994
7868300916000, 1.3946054, -0.30726522, 0.838718
7868305896000, 1.3857478, -0.30451632, 0.8943067
7868311065000, 1.3826935, -0.2843578, 0.9120218
7868315842000, 1.3787229, -0.19517145, 0.9111055
7868320973000, 1.3744467, -0.05955936, 0.8918633
7868325867000, 1.3374895, 0.15057829, 0.8436049
7868331236000, 1.2809844, 0.3726278, 0.7535023
7868335894000, 1.2104294, 0.52015173, 0.6640105
7868340877000, 1.0772609, 0.5876524, 0.56169057
7868345975000, 0.93034774, 0.6038403, 0.47555858
7868350833000, 0.77671516, 0.5919284, 0.4007276
7868355892000, 0.6579019, 0.60048056, 0.32803464
7868360866000, 0.5687156, 0.62796944, 0.26816985
7868365904000, 0.51251596, 0.66981375, 0.20066923
7868370895000, 0.4605924, 0.6921103, 0.1301143
7868375864000, 0.42271876, 0.6933321, 0.0580322
7868380902000, 0.4089743, 0.66889745, -0.009773844
7868385899000, 0.41722095, 0.63041294, -0.0729984
7868390876000, 0.42394048, 0.5821546, -0.14202617
7868395936000, 0.41050145, 0.559858, -0.20708331
7868400901000, 0.37415496, 0.5320636, -0.23762658
7868405895000, 0.35308012, 0.5112942, -0.29840767
7868410879000, 0.29260445, 0.48075095, -0.35888332
7868415855000, 0.2275473, 0.45998153, -0.41080686
7868420895000, 0.1695151, 0.44776422, -0.4718934
7868425864000, 0.11209377, 0.42149702, -0.52870387
7868430893000, 0.0852157, 0.40744713, -0.5882632
7868435928000, 0.038179077, 0.39370266, -0.6398814
7868440871000, -0.0021380284, 0.37751472, -0.6771441
7868445902000, -0.03604105, 0.3726278, -0.7067711
7868450904000, -0.07544186, 0.3643811, -0.73945236
7868455867000, -0.1423316, 0.3680463, -0.7791586
7868460909000, -0.23426682, 0.38698313, -0.81031275
7868465848000, -0.38728857, 0.39278635, -0.8390234
7868470901000, -0.6053675, 0.3921755, -0.8604037
7868475892000, -0.88086766, 0.37934732, -0.8723156
7868480906000, -1.2247849, 0.37751472, -0.88025683
7868485904000, -1.5790867, 0.3943135, -0.8875872
7868490926000, -1.930945, 0.42424592, -0.87598073
7868495966000, -2.271197, 0.45478916, -0.88117313
7868501610000, -2.5375342, 0.50762904, -0.88361657
7868505827000, -2.645352, 0.52839845, -0.8933904
7868510935000, -2.7934868, 0.52503866, -0.93645644
7868515835000, -2.8283062, 0.5537493, -0.96669424
7868521053000, -2.703995, 0.70096785, -0.990518
7868525881000, -2.40742, 0.9236283, -1.02717
7868530856000, -2.0140228, 1.0882565, -1.0509937
7868535879000, -1.6230689, 1.1230757, -1.0775663
7868540909000, -1.3304645, 1.1065824, -1.1047498
7868546009000, -1.1688906, 1.1181889, -1.099252
7868551061000, -1.1368202, 1.1704178, -1.0626001
7868555891000, -1.1756102, 1.2425, -1.0360274
7868560883000, -1.2061534, 1.382999, -1.0180069
7868565906000, -1.1881329, 1.5448782, -1.028697
7868571580000, -1.1120802, 1.6847663, -1.072374
7868575865000, -1.0228939, 1.7895297, -1.1187997
7868580902000, -0.93279123, 1.8368717, -1.1603385
7868585897000, -0.8738427, 1.8225164, -1.180497
7868590869000, -0.84482664, 1.7944167, -1.1951579
7868595892000, -0.8518516, 1.6783522, -1.205848
7868600880000, -0.86834496, 1.4752395, -1.2385293
7868605913000, -0.91721416, 1.2092078, -1.2724323
7868610901000, -0.9663888, 0.95233893, -1.2794572
7868615934000, -1.0393872, 0.7284568, -1.2767084
7868620989000, -1.1023064, 0.5561928, -1.2476922
7868625879000, -1.1111639, 0.44593164, -1.2092078
7868634061000, -1.1120802, 0.34513888, -1.1572843
7868635878000, -1.1016954, 0.32345316, -1.1456778
7868640876000, -1.1133019, 0.29901853, -1.1187997
7868645937000, -1.1362094, 0.2779437, -1.0824533
7868650917000, -1.1695015, 0.2687807, -1.0537425
7868655806000, -1.1881329, 0.27183503, -1.0118983
7868660821000, -1.169807, 0.2828306, -0.9718866
7868666090000, -1.1349876, 0.27305678, -0.95722586
7868670806000, -1.0830641, 0.344528, -0.9288206
7868675790000, -1.044885, 0.4633413, -0.89827734
7868680809000, -1.0302242, 0.56230146, -0.8775079
7868685802000, -1.056186, 0.61636305, -0.86009824
7868690784000, -1.094976, 0.6985244, -0.8582657
7868695794000, -1.1160508, 0.7156286, -0.86498517
7868700872000, -1.1468995, 0.72326446, -0.8732319
7868705790000, -1.1826351, 0.72509706, -0.89675015
7868710840000, -1.1933253, 0.7504479, -0.92485
7868715783000, -1.1771374, 0.8145888, -0.93584555
7868720833000, -1.1239921, 0.88697636, -0.9431759
7868725792000, -1.0390818, 0.9437868, -0.9251554
7868730836000, -0.9615019, 0.9602802, -0.9138544
7868735780000, -0.94806284, 0.9416488, -0.95111716
7868740820000, -0.95325524, 0.95905846, -0.9804387
7868745820000, -1.0012082, 1.0607675, -0.98654735
7868750925000, -1.0445796, 1.1795808, -0.97097033
7868755857000, -1.1004738, 1.2962561, -0.95417154
7868760875000, -1.1420126, 1.3741413, -0.9306532
7868765917000, -1.1679744, 1.4651603, -0.9098838
7868770916000, -1.1985176, 1.509448, -0.88178396
7868775901000, -1.2302825, 1.5314392, -0.8689558
7868780870000, -1.2528846, 1.5546521, -0.8228355
7868785890000, -1.3002267, 1.5219707, -0.7761043
7868790870000, -1.3338243, 1.5060883, -0.7602218
7868795897000, -1.3429873, 1.493871, -0.732122
7868801041000, -1.3539828, 1.4895949, -0.70432764
7868805896000, -1.3329079, 1.4718798, -0.655153
7868810858000, -1.3338243, 1.4208726, -0.6365216
7868815905000, -1.317331, 1.3567317, -0.6178902
7868820906000, -1.3234396, 1.3170254, -0.60048056
7868827889000, -1.3353515, 1.2351695, -0.5357288
7868830849000, -1.3435981, 1.2095132, -0.5204572
7868835891000, -1.3307699, 1.1927143, -0.48197266
7868840875000, -1.2904528, 1.2232577, -0.4569272
7868845960000, -1.2464706, 1.2617421, -0.42332962
7868850956000, -1.2238685, 1.2654073, -0.38515055
7868855889000, -1.2492194, 1.269378, -0.34422258
7868860930000, -1.273654, 1.2754866, -0.30665436
7868865918000, -1.3130548, 1.2779301, -0.26542094
7868870883000, -1.3518448, 1.3029755, -0.22571471
7868875868000, -1.3588698, 1.3326025, -0.19914207
7868881069000, -1.3365731, 1.3542882, -0.17104226
7868885893000, -1.3063353, 1.3704761, -0.12492194
7868890864000, -1.2675453, 1.4001031, -0.11301007
7868896736000, -1.260215, 1.4358387, -0.054061573
7868900903000, -1.2263119, 1.4627168, -0.020463986
7868905855000, -1.2110404, 1.484708, 0.037873644
7868910934000, -1.2131784, 1.3765849, 0.05009095
7868915833000, -1.2605205, 1.2782356, 0.053145275
7868920892000, -1.3084733, 1.2043208, 0.05497787
7868925854000, -1.3191634, 1.0952814, 0.08277224
7868930895000, -1.3301591, 0.93523467, 0.11728613
7868935855000, -1.3286319, 0.7849618, 0.14874569
7868940868000, -1.3610078, 0.6423248, 0.18478674
7868945967000, -1.4049901, 0.5308419, 0.2125811
7868950920000, -1.4416419, 0.41508293, 0.26847526
7868955996000, -1.4740179, 0.27885997, 0.3136793
7868960849000, -1.4770721, 0.160963, 0.3475823
7868966206000, -1.4450017, 0.05375614, 0.39584067
7868971154000, -1.393689, 0.0033597588, 0.4373795
7868976733000, -1.3246613, 0.008857546, 0.45631635
7868980961000, -1.278541, 0.015577064, 0.45448375
7868985917000, -1.2635747, 0.0015271631, 0.42394048
7868990883000, -1.2596041, -0.018936822, 0.41447207
7868995916000, -1.2302825, -0.08155051, 0.39614612
7869000984000, -1.1618657, -0.118202426, 0.39553526
7869005879000, -1.0784826, -0.10873401, 0.40439278
7869010843000, -1.0173961, -0.07269296, 0.39553526
7869015810000, -0.9602802, -0.034513887, 0.38331795
7869020790000, -0.92149025, 0.003970624, 0.36651915
7869026761000, -0.9074403, 0.014049901, 0.35277468
7869030805000, -0.9016371, 0.028405234, 0.32711834
7869035790000, -0.88086766, 0.044898596, 0.28985557
7869040801000, -0.8527679, 0.043066, 0.26328292
7869045836000, -0.840856, 0.043982297, 0.25320363
7869050811000, -0.81245077, 0.058337633, 0.24373524
7869055807000, -0.79320854, 0.06414085, 0.21074851
7869060845000, -0.7629707, 0.077579886, 0.18295415
7869065807000, -0.72143185, 0.09437868, 0.16065755
7869070806000, -0.70096785, 0.10781772, 0.13988814
7869075789000, -0.6963864, 0.124005646, 0.13194689
7869080813000, -0.68783426, 0.12339478, 0.12736541
7869085811000, -0.68203104, 0.12461651, 0.122478485
7869090794000, -0.66889745, 0.11362094, 0.12095132
7869095830000, -0.66156703, 0.10903945, 0.10720685
7869100926000, -0.6575964, 0.13347405, 0.08857546
7869105879000, -0.66248333, 0.1518, 0.07269296
7869110897000, -0.65393126, 0.16676621, 0.0693332
7869115855000, -0.6600399, 0.17379116, 0.05681047
7869120871000, -0.6582073, 0.19517145, 0.045814894
7869125852000, -0.6780604, 0.22357668, 0.044898596
7869130883000, -0.6728681, 0.22449298, 0.06291912
7869135877000, -0.66920286, 0.22113322, 0.0711658
7869140885000, -0.6740898, 0.21471913, 0.07238753
7869145869000, -0.6805039, 0.21197024, 0.0693332
7869150915000, -0.6780604, 0.23426682, 0.07513642
7869155800000, -0.6704246, 0.2648101, 0.05589417
7869160837000, -0.64965516, 0.3005457, 0.04734206
7869165823000, -0.60994893, 0.31031954, 0.058337633
7869170814000, -0.5751296, 0.2947425, 0.081855945
7869175778000, -0.5317582, 0.29138273, 0.105068825
7869180817000, -0.47891834, 0.27885997, 0.11636983
7869185898000, -0.46914452, 0.2929099, 0.1160644
7869190793000, -0.4343252, 0.31306845, 0.118507855
7869195834000, -0.37323865, 0.30634892, 0.1301143
7869200875000, -0.34391713, 0.30634892, 0.11759156
7869205845000, -0.29932398, 0.30543262, 0.10598512
7869210875000, -0.25809056, 0.30665436, 0.07574729
7869215837000, -0.20341812, 0.3100141, 0.042455133
7869221248000, -0.15424347, 0.30940324, 0.0036651916
7869225815000, -0.10048734, 0.2947425, -0.04062254
7869230854000, -0.055588737, 0.23793201, -0.109650314
7869235845000, -0.034513887, 0.16584991, -0.17562376
7869240838000, -0.015577064, 0.10629055, -0.24862215
7869245871000, -0.0021380284, 0.05131268, -0.3155119
7869250861000, 0.01740966, 0.06414085, -0.39187005
7869255921000, 0.0580322, 0.10720685, -0.46883908
7869260867000, 0.116980694, 0.14080444, -0.53786683
7869265899000, 0.16615535, 0.19242255, -0.59712076
7869270892000, 0.19394971, 0.2415972, -0.63163465
7869275865000, 0.20891592, 0.2724459, -0.65270954
7869280890000, 0.22266038, 0.2742785, -0.6771441
7869285888000, 0.21838433, 0.2669481, -0.68477994
7869291511000, 0.22815818, 0.27275133, -0.72387534
7869295896000, 0.22602014, 0.28099802, -0.73884153
7869300892000, 0.23243423, 0.28924468, -0.77091193
7869305889000, 0.24923302, 0.310625, -0.79290307
7869310910000, 0.26206118, 0.30604348, -0.83108217
7869315895000, 0.2950479, 0.28924468, -0.86101454
7869321518000, 0.30787608, 0.27030787, -0.8875872
7869325863000, 0.3359759, 0.25625798, -0.9184359
7869330858000, 0.3408628, 0.24007004, -0.9401216
7869335890000, 0.34788775, 0.2275473, -0.95905846
7869340875000, 0.35613444, 0.20372356, -0.9947941
7869345917000, 0.37415496, 0.18906279, -1.0091494
7869350934000, 0.38056904, 0.17287487, -1.0274754
7869355921000, 0.40133846, 0.17379116, -1.0366384
7869360879000, 0.40408736, 0.17440203, -1.0348058
7869365858000, 0.40194935, 0.17470746, -1.0311406
7869370853000, 0.40194935, 0.15057829, -1.0366384
7869375856000, 0.38545597, 0.12644911, -1.0189233
7869380834000, 0.35308012, 0.07941248, -1.0076222
7869385893000, 0.3399465, 0.014966198, -0.98929626
7869390869000, 0.31337386, -0.0571159, -0.9633345
7869395893000, 0.28252518, -0.12705997, -0.93615097
7869400910000, 0.27030787, -0.17959438, -0.9138544
7869406287000, 0.24984388, -0.2171626, -0.87872964
7869410875000, 0.24587326, -0.20372356, -0.84329945
7869415835000, 0.22693644, -0.17684549, -0.7996226
7869420893000, 0.20372356, -0.15088372, -0.75991637
7869427240000, 0.15882497, -0.10873401, -0.6786713
7869431106000, 0.06994407, -0.099265605, -0.65057147
7869435912000, 0.032375857, -0.09468412, -0.5925393
7869440873000, -0.04520403, -0.10262536, -0.535118
7869445943000, -0.11453723, -0.102319926, -0.4560109
7869450837000, -0.18845193, -0.0888809, -0.39095375
7869455886000, -0.2452624, -0.051618114, -0.3173445
7869460873000, -0.2779437, -0.003970624, -0.2519819
7869465892000, -0.2938262, 0.054061573, -0.19364429
7869470862000, -0.2950479, 0.0983493, -0.12858713
7869475859000, -0.2910773, 0.12522738, -0.07941248
7869480901000, -0.28252518, 0.16768251, -0.05222898
7869485892000, -0.27977628, 0.20158553, 0.010995574
7869490870000, -0.26358834, 0.23060162, 0.054367006
7869495877000, -0.2556471, 0.25503623, 0.094989546
7869500897000, -0.25167647, 0.29016098, 0.14385876
7869505891000, -0.24404067, 0.33017266, 0.16920967
7869511075000, -0.26419923, 0.36010507, 0.20219639
7869515895000, -0.26939157, 0.3820962, 0.21960606
7869520892000, -0.2724459, 0.4083634, 0.23457226
7869525863000, -0.2666427, 0.4147775, 0.23457226
7869530907000, -0.26328292, 0.42210788, 0.22876903
7869535884000, -0.24617869, 0.4392121, 0.23304509
7869540872000, -0.22999077, 0.45356745, 0.226631
7869546587000, -0.19242255, 0.4896085, 0.21410827
7869550894000, -0.15943582, 0.5513059, 0.1966986
7869555878000, -0.1386664, 0.6075055, 0.17684549
7869560878000, -0.12644911, 0.6591236, 0.16737708
7869565827000, -0.10873401, 0.70616025, 0.15332718
7869570893000, -0.07941248, 0.74006325, 0.13194689
7869575863000, -0.08032878, 0.7510588, 0.12095132
7869581040000, -0.08277224, 0.7620544, 0.09162979
7869585892000, -0.102319926, 0.75961095, 0.08124508
7869590865000, -0.12461651, 0.73792523, 0.058643065
7869596218000, -0.16065755, 0.68966687, 0.031154128
7869600895000, -0.17379116, 0.6414085, 0.0018325958
7869606248000, -0.19058995, 0.5879578, -0.03145956
7869610924000, -0.18936823, 0.5656612, -0.051618114
7869615858000, -0.17989981, 0.54519725, -0.07941248
7869620892000, -0.15149458, 0.54092115, -0.116980694
7869627226000, -0.12980886, 0.5381723, -0.15149458
7869630852000, -0.09590584, 0.5519168, -0.17989981
7869635897000, -0.064751714, 0.56505036, -0.1957823
7869640875000, -0.012217305, 0.5693264, -0.2012801
7869645954000, 0.021380283, 0.59742624, -0.20097467
7869650954000, 0.042760566, 0.6249151, -0.20738874
7869655895000, 0.06811147, 0.6627888, -0.20830505
7869660880000, 0.07849618, 0.6872234, -0.20066923
7869665898000, 0.090713486, 0.70341134, -0.19975294
7869670892000, 0.09773844, 0.70646566, -0.20189096
7869675863000, 0.12156218, 0.69027776, -0.20005837
7869680863000, 0.12644911, 0.66828656, -0.2049453
7869685833000, 0.14446963, 0.623388, -0.20708331
7869690876000, 0.15668693, 0.5681047, -0.22143865
7869695888000, 0.17562376, 0.49510628, -0.23365596
7869700967000, 0.19150625, 0.43127087, -0.25045475
7869705891000, 0.19028452, 0.376293, -0.2706133
7869710917000, 0.1881465, 0.3436117, -0.2837469
7869715901000, 0.1826487, 0.33292156, -0.2910773
7869720896000, 0.17837265, 0.32345316, -0.30818152
7869725861000, 0.1777618, 0.30604348, -0.30818152
7869730850000, 0.17867808, 0.27550024, -0.30482176
7869735893000, 0.18142697, 0.22876903, -0.301462
7869740871000, 0.1863139, 0.1731803, -0.2883284
7869745983000, 0.18417588, 0.11575896, -0.2761111
7869750931000, 0.17715092, 0.06780604, -0.26206118
7869756086000, 0.16523905, 0.022296581, -0.2648101
7869760896000, 0.14355333, 6.1086525E-4, -0.24831672
7869765882000, 0.12797627, -0.0027488936, -0.24129178
7869770918000, 0.12186762, -6.1086525E-4, -0.22876903
7869775861000, 0.09468412, -0.002443461, -0.23090707
7869781005000, 0.07849618, -0.02321288, -0.22571471
7869785928000, 0.0720821, -0.051618114, -0.21502456
7869791499000, 0.052839845, -0.106595986, -0.19822577
7869795967000, 0.009162978, -0.118507855, -0.19883664
7869800907000, -3.0543262E-4, -0.16432275, -0.17348573
7869805900000, -0.016798794, -0.21471913, -0.16218472
7869810920000, -0.03940081, -0.2452624, -0.13836098
7869815895000, -0.06078109, -0.27030787, -0.1142318
7869820892000, -0.07941248, -0.26725355, -0.07544186
7869827441000, -0.10140363, -0.24220806, -0.010995574
7869830923000, -0.1142318, -0.22052236, 0.016798794
7869835888000, -0.122783914, -0.15454891, 0.07147124
7869840863000, -0.13683382, -0.07574729, 0.13500121
7869845990000, -0.13775012, 0.03176499, 0.20922135
7869850917000, -0.13041973, 0.122783914, 0.2843578
7869855927000, -0.12980886, 0.20341812, 0.36163223
7869860897000, -0.11942416, 0.2764165, 0.42730024
7869865878000, -0.11026118, 0.3115413, 0.49602258
7869871588000, -0.11209377, 0.37293324, 0.5177083
7869875839000, -0.11484267, 0.42394048, 0.55680364
7869880909000, -0.12339478, 0.4596761, 0.59437186
7869885825000, -0.13683382, 0.50610185, 0.6374379
7869890893000, -0.15363261, 0.55771995, 0.6783658
7869895884000, -0.17867808, 0.62949663, 0.7360926
7869900887000, -0.19272798, 0.70371675, 0.786489
7869906259000, -0.204029, 0.77121735, 0.82344633
7869910878000, -0.22571471, 0.82986045, 0.8512407
7869915877000, -0.24617869, 0.8689558, 0.87872964
7869920894000, -0.28802297, 0.86376345, 0.91751957
7869925863000, -0.34574974, 0.81000733, 0.9272934
7869930907000, -0.42760566, 0.784351, 0.91599244
7869935892000, -0.50885075, 0.81092364, 0.9230174
7869941571000, -0.54092115, 0.850019, 0.97035944
7869945898000, -0.5412266, 0.87964594, 1.0198395
7869950889000, -0.5164866, 0.958753, 1.0497719
7869955897000, -0.44959682, 1.0177015, 1.0607675
7869960861000, -0.3979787, 1.0503827, 1.0479393
7869965940000, -0.37384954, 1.0482447, 1.0409144
7869970929000, -0.33750305, 1.0192287, 1.0421361
7869975891000, -0.30787608, 0.89766645, 1.0137309
7869980894000, -0.2648101, 0.6936375, 0.98990715
7869985891000, -0.22449298, 0.4474588, 0.9630291
7869990867000, -0.1881465, 0.19883664, 0.9584476
7869995901000, -0.17898351, 0.0067195175, 0.95539325
7870000889000, -0.1704314, -0.1441642, 0.9642508
7870005892000, -0.16890424, -0.22082779, 0.958753
7870010877000, -0.15790866, -0.2452624, 0.9691377
7870015898000, -0.17837265, -0.24251351, 0.979217
7870020894000, -0.18600847, -0.20922135, 1.0048733
7870027228000, -0.16371189, -0.16920967, 1.0216721
7870030834000, -0.13744467, -0.13530666, 1.039998
7870035895000, -0.13041973, -0.09865474, 1.0516045
7870040878000, -0.1328632, -0.09865474, 1.0699304
7870045916000, -0.13164146, -0.11636983, 1.071763
7870050925000, -0.12858713, -0.15577064, 1.0690142
7870055890000, -0.121256754, -0.21991149, 1.0665708
7870060863000, -0.12980886, -0.2941316, 1.0509937
7870065895000, -0.13500121, -0.32620203, 1.0308352
7870070939000, -0.12583824, -0.39950588, 1.0219775
7870075867000, -0.10842858, -0.45570546, 1.0015136
7870080876000, -0.09896017, -0.5195409, 0.97310835
7870085890000, -0.09010262, -0.56321776, 0.9575313
7870090861000, -0.0870483, -0.5934556, 0.9502009
7870095893000, -0.08399397, -0.6239988, 0.947452
7870100849000, -0.08552113, -0.636827, 0.93615097
7870105932000, -0.09712757, -0.6246097, 0.93034774
7870110937000, -0.099265605, -0.59895337, 0.9098838
7870115885000, -0.09437868, -0.5671884, 0.87872964
7870120848000, -0.095294975, -0.54641896, 0.84971356
7870125879000, -0.08399397, -0.51343226, 0.8035932
7870130883000, -0.100792766, -0.47036624, 0.763887
7870135874000, -0.09896017, -0.44135013, 0.72234815
7870140861000, -0.12034045, -0.43554693, 0.6722572
7870145890000, -0.14385876, -0.4352415, 0.61758476
7870150979000, -0.1695151, -0.44104472, 0.5552765
7870155780000, -0.18906279, -0.46395215, 0.5225952
7870160803000, -0.20891592, -0.47403142, 0.49449542
7870165826000, -0.2125811, -0.4813618, 0.47708577
7870170802000, -0.21746802, -0.4831944, 0.44959682
7870175790000, -0.21624629, -0.4728097, 0.4260785
7870180819000, -0.22143865, -0.44684792, 0.40500367
7870185813000, -0.20891592, -0.39920044, 0.3912592
7870190806000, -0.20219639, -0.35735616, 0.3827071
7870195846000, -0.19792034, -0.33169982, 0.3652974
7870200906000, -0.19394971, -0.3032946, 0.34238997
7870205872000, -0.19120082, -0.28985557, 0.30604348
7870210869000, -0.19547687, -0.27275133, 0.26908615
7870215868000, -0.19364429, -0.25961772, 0.22021692
7870220869000, -0.19700404, -0.25045475, 0.16829337
7870227071000, -0.19792034, -0.24007004, 0.11759156
7870230878000, -0.20158553, -0.20952678, 0.058337633
7870235865000, -0.19914207, -0.16401732, -0.0018325958
7870240843000, -0.1863139, -0.14110987, -0.05222898
7870245868000, -0.16646078, -0.106901415, -0.10873401
7870250890000, -0.13805555, -0.082161374, -0.15393804
7870255897000, -0.08674286, -0.04917465, -0.19303341
7870260932000, -0.05375614, -0.03848451, -0.21991149
7870266385000, -0.029321533, -0.0076358155, -0.2312125
7870270906000, -0.020158553, 0.024740042, -0.24923302
7870275867000, -0.015577064, 0.053145275, -0.2507602
7870280864000, -0.009468411, 0.08857546, -0.24984388
7870285887000, -0.0030543262, 0.1160644, -0.24373524
7870290870000, -0.0061086523, 0.14446963, -0.22937989
7870295885000, 0.014966198, 0.1685988, -0.21410827
7870300889000, 0.013744468, 0.15760323, -0.21044308
7870305840000, 0.018325957, 0.1563815, -0.20158553
7870310886000, 0.027488936, 0.15210545, -0.20189096
7870315837000, 0.030543262, 0.1441642, -0.19914207
7870320894000, 0.02076942, 0.12644911, -0.19761491
7870325862000, 0.02076942, 0.112399206, -0.2003638
7870330908000, -0.027183503, 0.09896017, -0.20525073
7870335839000, -0.06261369, 0.08857546, -0.20250183
7870340876000, -0.09621128, 0.09132435, -0.20005837
7870346084000, -0.13225232, 0.09285152, -0.19822577
7870350903000, -0.16279559, 0.08979719, -0.19058995
7870355880000, -0.17654006, 0.07666359, -0.17898351
7870360902000, -0.1908954, 0.050396383, -0.17501289
7870365914000, -0.19333886, -0.013439035, -0.16676621
7870370906000, -0.18997909, -0.08155051, -0.14844026
7870375859000, -0.1853976, -0.1423316, -0.12705997
7870380883000, -0.18234327, -0.19822577, -0.10903945
7870385893000, -0.18203785, -0.22937989, -0.093462385
7870390868000, -0.16829337, -0.24801129, -0.08368854
7870395893000, -0.16157386, -0.23396139, -0.080634214
7870400896000, -0.14752395, -0.20861048, -0.08093964
7870405877000, -0.12003502, -0.1695151, -0.06688975
7870410878000, -0.09254608, -0.124311075, -0.07391469
7870415886000, -0.07269296, -0.06383542, -0.076358154
7870420851000, -0.05131268, 0.013439035, -0.0870483
7870425846000, -0.011911872, 0.076052725, -0.09468412
7870430839000, -0.0036651916, 0.14385876, -0.108123146
7870435895000, 0.016798794, 0.21960606, -0.12461651
7870440878000, 0.014966198, 0.29932398, -0.1423316
7870445913000, 0.016493361, 0.36468655, -0.16065755
7870450848000, 0.013439035, 0.42149702, -0.18051068
7870456006000, 0.0027488936, 0.45112398, -0.19639318
7870460865000, -0.017104227, 0.44868052, -0.20158553
7870465908000, -0.02107485, 0.4465425, -0.21197024
7870470877000, -0.027794369, 0.4352415, -0.226631
7870475899000, -0.018936822, 0.41080686, -0.22815818
7870480867000, 0.011301007, 0.3998113, -0.22724187
7870485889000, 0.041233405, 0.3817908, -0.22632557
7870490885000, 0.07849618, 0.3640757, -0.21319197
7870495916000, 0.14080444, 0.36041048, -0.20280726
7870500978000, 0.20005837, 0.36651915, -0.18692477
7870505929000, 0.24587326, 0.39461896, -0.1685988
7870510879000, 0.31031954, 0.45142943, -0.11881329
7870515899000, 0.37812558, 0.52656585, -0.07086037
7870520892000, 0.44043383, 0.5687156, -0.030848695
7870525855000, 0.50762904, 0.5858198, 0.008552114
7870530885000, 0.54825157, 0.5919284, 0.03573562
7870535895000, 0.55741453, 0.5662721, 0.03756821
7870540859000, 0.5479461, 0.51893, 0.04062254
7870545875000, 0.5039638, 0.47891834, 0.015577064
7870550900000, 0.44623706, 0.46120325, -0.0067195175
7870555846000, 0.37201694, 0.453262, -0.018936822
7870560902000, 0.33017266, 0.46822822, -0.049480084
7870565872000, 0.25992316, 0.49357912, -0.08093964
7870570893000, 0.19639318, 0.52564955, -0.116980694
7870575875000, 0.14569137, 0.55833083, -0.15241088
7870580955000, 0.110872045, 0.58246, -0.18753563
7870585876000, 0.07941248, 0.58246, -0.21319197
7870591501000, 0.050701816, 0.5342017, -0.23243423
7870595927000, 0.020463986, 0.45142943, -0.2507602
7870600894000, -0.004276057, 0.31123585, -0.269697
7870606201000, -0.03390302, 0.17715092, -0.2751948
7870610911000, -0.053145275, 0.06505715, -0.2678644
7870615889000, -0.06994407, 0.035430185, -0.25992316
7870620900000, -0.08674286, 0.060170226, -0.2443461
7870625890000, -0.11026118, 0.13439035, -0.23701571
7870630933000, -0.13347405, 0.23701571, -0.24037547
7870635909000, -0.14446963, 0.34147367, -0.2489276
7870640870000, -0.18051068, 0.41599923, -0.24220806
7870645903000, -0.19120082, 0.43951756, -0.24312437
7870650971000, -0.19364429, 0.41233405, -0.22266038
7870655890000, -0.18753563, 0.38789943, -0.21074851
7870660894000, -0.18173242, 0.33964106, -0.17959438
7870665900000, -0.16798794, 0.29168814, -0.15668693
7870670891000, -0.14782938, 0.24251351, -0.13316862
7870675861000, -0.12217305, 0.21380283, -0.12736541
7870680870000, -0.112399206, 0.17440203, -0.124005646
7870685886000, -0.113926366, 0.14569137, -0.11881329
7870690866000, -0.12308934, 0.13958271, -0.116980694
7870695894000, -0.13316862, 0.16218472, -0.106595986
7870700892000, -0.13561209, 0.21074851, -0.106595986
7870705902000, -0.13713925, 0.2742785, -0.110872045
7870710860000, -0.12980886, 0.3109304, -0.09468412
7870715941000, -0.1151481, 0.32711834, -0.086132
7870720931000, -0.10323623, 0.30787608, -0.07819075
7870725856000, -0.06994407, 0.25473082, -0.058337633
7870730873000, -0.043066, 0.18203785, -0.040011674
7870735891000, -0.0106901415, 0.09132435, -0.013744468
7870740885000, 0.01038471, 0.015271631, 0.002443461
7870745967000, 0.0290161, -0.04337143, 0.014049901
7870750918000, 0.043982297, -0.0693332, 0.021380283
7870755891000, 0.062002823, -0.12186762, 0.018020526
7870760917000, 0.058948494, -0.17684549, 0.028405234
7870765878000, 0.07513642, -0.22235495, 0.04184427
7870770863000, 0.07574729, -0.2593123, 0.054367006
7870775891000, 0.069027774, -0.2910773, 0.06505715
7870780849000, 0.064751714, -0.31642818, 0.081855945
7870785936000, 0.06414085, -0.3368922, 0.08032878
7870790869000, 0.06536258, -0.3481932, 0.07574729
7870795969000, 0.0571159, -0.36132678, 0.0580322
7870800964000, 0.04428773, -0.36346483, 0.053450707
7870805903000, 0.0290161, -0.36774087, 0.040317107
7870810840000, 0.0106901415, -0.37507126, 0.03359759
7870815898000, -0.015271631, -0.3594942, 0.02565634
7870820872000, -0.03390302, -0.3378085, 0.028710667
7870825841000, -0.06078109, -0.3213151, 0.024740042
7870830884000, -0.05131268, -0.30879238, 0.03176499
7870835887000, -0.053145275, -0.29138273, 0.03940081
7870840865000, -0.029626964, -0.25259277, 0.046731193
7870845901000, -0.0143553335, -0.22204952, 0.03970624
7870850899000, 0.0018325958, -0.20250183, 0.042760566
7870855889000, 0.009773844, -0.1600467, 0.050701816
7870860859000, 0.02107485, -0.12797627, 0.04886922
7870865882000, 0.026267206, -0.083383106, 0.061086524
7870870893000, 0.02687807, -0.05222898, 0.049785517
7870875838000, 0.030543262, -0.03573562, 0.06169739
7870881008000, 0.022602014, -0.049480084, 0.05955936
7870885862000, 0.024129177, -0.059864793, 0.06261369
7870890863000, 0.027183503, -0.07880162, 0.065973446
7870895860000, 0.018936822, -0.101098195, 0.06994407
7870900896000, 0.0070249503, -0.11453723, 0.067500606
7870905832000, 0.0012217305, -0.13469578, 0.06872234
7870910886000, -0.007330383, -0.16798794, 0.059253927
7870915868000, -0.01160644, -0.18997909, 0.05467244
7870920890000, -0.007330383, -0.19120082, 0.056199603
7870926102000, 0.0021380284, -0.16646078, 0.05009095
7870930862000, 0.0125227375, -0.124311075, 0.0421497
7870935874000, 0.03023783, -0.065973446, 0.023823744
7870940874000, 0.030543262, 0.004276057, 0.016798794
7870945891000, 0.03268129, 0.032986723, 0.016493361
7870950932000, 0.034513887, 0.07849618, 0.01038471
7870955877000, 0.034208454, 0.10293079, 0.007330383
7870960883000, 0.025350908, 0.11209377, 0.015882496
7870965897000, 0.028099801, 0.10934488, 0.013133603
7870970891000, 0.02687807, 0.100792766, 0.008857546
7870976232000, 0.020158553, 0.08155051, 0.011911872
7870980864000, 0.016493361, 0.05131268, -6.1086525E-4
7870986678000, 0.0070249503, 0.023823744, -0.007330383
7870990875000, 0.008246681, 0.0033597588, -0.0076358155
7870995938000, 0.022602014, -0.007941248, -0.01740966
7871000972000, 0.024740042, -0.0033597588, -0.025045475
7871005824000, 0.02565634, -0.004886922, -0.03023783
7871010892000, 0.041233405, -0.0070249503, -0.027794369
7871015848000, 0.064446285, -0.010995574, -0.030543262
7871020890000, 0.06169739, -0.016493361, -0.036957346
7871027225000, 0.06841691, -0.025045475, -0.040011674
7871030857000, 0.081855945, -0.026267206, -0.038789943
7871035899000, 0.076052725, -0.035430185, -0.040011674
7871040864000, 0.07666359, -0.05222898, -0.03481932
7871045909000, 0.07696902, -0.053450707, -0.036651913
7871050890000, 0.0720821, -0.06688975, -0.03390302
7871055841000, 0.0729984, -0.07391469, -0.02687807
7871060858000, 0.06566802, -0.08124508, -0.01863139
7871065902000, 0.062308256, -0.08124508, -0.02076942
7871070891000, 0.05497787, -0.08552113, -0.009162978
7871075872000, 0.042455133, -0.096516706, -0.007941248
7871080835000, 0.051618114, -0.09468412, -0.011301007
7871085895000, 0.028405234, -0.101098195, -0.006414085
7871090900000, 0.027488936, -0.09773844, -0.004276057
7871095905000, 0.02107485, -0.09590584, -0.0036651916
7871100849000, -0.0036651916, -0.129198, -0.010995574
7871105842000, -0.003970624, -0.12064589, -0.01282817
7871110953000, -0.026572637, -0.12461651, -0.009162978
7871115840000, -0.032986723, -0.112704635, -0.009162978
7871120906000, -0.05497787, -0.09773844, -0.010995574
7871126178000, -0.07544186, -0.06994407, -0.016187929
7871130893000, -0.07452556, -0.037873644, -0.01740966
7871135977000, -0.07696902, -0.009773844, -0.02321288
7871140880000, -0.087659165, 0.012217305, -0.022907447
7871145904000, -0.082161374, 0.012217305, -0.03023783
7871150899000, -0.081855945, 0.015577064, -0.035430185
7871155890000, -0.08552113, 0.01863139, -0.03634648
7871160862000, -0.09254608, 0.013744468, -0.040927973
7871165899000, -0.09590584, -0.006414085, -0.03390302
7871170889000, -0.09437868, -0.021991149, -0.04153884
7871176172000, -0.08368854, -0.03268129, -0.02565634
7871180859000, -0.09773844, -0.04337143, -0.022602014
7871185854000, -0.11453723, -0.06261369, -0.0033597588
7871190870000, -0.10476339, -0.08155051, 0.0015271631
7871195985000, -0.12217305, -0.09468412, 0.01160644
7871200962000, -0.10903945, -0.09285152, 0.027183503
7871205873000, -0.118507855, -0.095294975, 0.034513887
7871210886000, -0.13316862, -0.108123146, 0.058643065
7871215905000, -0.12889257, -0.11209377, 0.069027774
7871220895000, -0.1142318, -0.109650314, 0.086437434
7871227325000, -0.1142318, -0.106595986, 0.08460484
7871230918000, -0.12217305, -0.10445796, 0.08735373
7871235893000, -0.13133603, -0.122783914, 0.08307768
7871240876000, -0.12858713, -0.124005646, 0.080634214
7871245890000, -0.14446963, -0.13072516, 0.08246681
7871250865000, -0.14477506, -0.13439035, 0.08735373
7871255930000, -0.16554448, -0.14019357, 0.08460484
7871260972000, -0.16523905, -0.15241088, 0.08552113
7871265902000, -0.17654006, -0.15393804, 0.08735373
7871271112000, -0.183565, -0.15393804, 0.098043874
7871275868000, -0.18753563, -0.15241088, 0.100792766
7871280835000, -0.20525073, -0.14385876, 0.11148291
7871285895000, -0.19853121, -0.13072516, 0.11453723
7871290858000, -0.20433442, -0.122783914, 0.12644911
7871295901000, -0.20555615, -0.10598512, 0.12522738
7871300841000, -0.21991149, -0.094989546, 0.1386664
7871305894000, -0.21533, -0.08032878, 0.14752395
7871310887000, -0.2171626, -0.06688975, 0.15821409
7871315898000, -0.21044308, -0.052839845, 0.15699236
7871320857000, -0.20555615, -0.038179077, 0.16646078
7871325862000, -0.20952678, -0.03726278, 0.16065755
7871330877000, -0.22266038, -0.029321533, 0.15943582
7871335835000, -0.21685717, -0.03359759, 0.1600467
7871340895000, -0.20158553, -0.026572637, 0.15454891
7871345899000, -0.2012801, -0.027183503, 0.15699236
7871350852000, -0.20433442, -0.026572637, 0.16310102
7871355853000, -0.21288654, -0.019547688, 0.16737708
7871360888000, -0.2098322, -0.013133603, 0.16554448
7871365874000, -0.20433442, -0.009162978, 0.15974127
7871370900000, -0.20005837, -0.008246681, 0.16187929
7871375880000, -0.1957823, -0.0125227375, 0.15057829
7871380871000, -0.18112154, 0.003970624, 0.1328632
7871385973000, -0.1777618, -3.0543262E-4, 0.124005646
7871390853000, -0.16676621, 0.004581489, 0.11728613
7871395954000, -0.16187929, 0.0076358155, 0.11911872
7871400941000, -0.16554448, 0.009468411, 0.11636983
7871405855000, -0.15271631, 0.017104227, 0.1133155
7871410890000, -0.14446963, 0.028405234, 0.11881329
7871415895000, -0.14538592, 0.025045475, 0.116675265
7871420901000, -0.14355333, 0.02687807, 0.11056661
7871425873000, -0.13652839, 0.0290161, 0.1001819
7871430896000, -0.113926366, 0.03940081, 0.09101892
7871435965000, -0.106901415, 0.044898596, 0.07941248
7871440859000, -0.09193522, 0.046120327, 0.07422013
7871445890000, -0.083383106, 0.04795292, 0.06261369
7871450893000, -0.07880162, 0.047036625, 0.052839845
7871455891000, -0.06963864, 0.055588737, 0.042760566
7871460891000, -0.06658431, 0.04642576, 0.03970624
7871465897000, -0.055283304, 0.0571159, 0.03176499
7871470887000, -0.038179077, 0.062308256, 0.028405234
7871475853000, -0.036651913, 0.050701816, 0.02687807
7871480858000, -0.029932396, 0.050396383, 0.015882496
7871485890000, -0.018325957, 0.038179077, 0.014049901
7871490872000, -0.007941248, 0.03940081, 0.013439035
7871495971000, -0.009162978, 0.04795292, 0.0027488936
7871500988000, 0.00580322, 0.04428773, 0.0012217305
7871505928000, 0.004886922, 0.028405234, -0.006414085
7871510865000, 0.0143553335, 0.03481932, -0.010079277
7871515900000, 0.018936822, 0.027794369, -0.009468411
7871520896000, 0.016798794, 0.028099801, -0.024129177
7871525853000, 0.029321533, 0.030848695, -0.025045475
7871530869000, 0.025045475, 0.025961773, -0.026267206
7871535891000, 0.025961773, 0.027794369, -0.032986723
7871540859000, 0.020463986, 0.031154128, -0.03573562
7871545969000, 0.029932396, 0.02565634, -0.032070424
7871550907000, 0.025350908, 0.0290161, -0.036651913
7871555882000, 0.022602014, 0.02076942, -0.042455133
7871560869000, 0.021380283, 0.015882496, -0.029321533
7871565895000, 0.021991149, 0.021991149, -0.027488936
7871570892000, 0.014049901, 0.01038471, -0.036957346
7871575855000, 0.011301007, 0.0061086523, -0.028405234
7871580826000, 0.0125227375, 0.006414085, -0.026267206
7871585888000, 0.006414085, 0.003970624, -0.02076942
7871590870000, 0.003970624, 0.004886922, -0.028099801
7871595930000, -0.0033597588, 3.0543262E-4, -0.02321288
7871601114000, 9.162979E-4, -0.0030543262, -0.014966198
7871605901000, -0.0033597588, 0.0027488936, -0.022602014
7871610863000, -0.009773844, 0.0012217305, -0.016187929
7871615899000, -0.011301007, 0.0143553335, -0.014660766
7871621052000, -0.016187929, 0.008857546, -0.011911872
7871627216000, -0.026267206, 0.005497787, -0.00580322
7871630832000, -0.024740042, 0.005192355, -0.0067195175
7871635893000, -0.024740042, 0.0070249503, 0.0018325958
7871640878000, -0.025350908, 0.003970624, 6.1086525E-4
7871645954000, -0.022296581, 0.004581489, 0.0018325958
7871650840000, -0.030848695, 0.011301007, 0.004581489
7871655880000, -0.022602014, 0.0143553335, 0.005192355
7871660872000, -0.028710667, 0.0027488936, 0.0030543262
7871665897000, -0.030848695, 0.0012217305, 0.004886922
7871670889000, -0.03023783, 0.003970624, 0.009773844
7871675857000, -0.031154128, 0.008246681, 0.013744468
7871680890000, -0.036957346, 0.0027488936, 0.015882496
7871685891000, -0.027794369, -0.005497787, 0.0067195175
7871690900000, -0.023518313, -0.008552114, 0.007330383
7871695954000, -0.025045475, -0.0076358155, 0.012217305
7871700988000, -0.03145956, -0.008552114, 0.019242255
7871705889000, -0.03940081, -0.010079277, 0.013133603
7871710875000, -0.034513887, -0.01038471, 0.016493361
7871715892000, -0.035430185, -0.013744468, 0.018020526
7871720893000, -0.04550946, -0.014660766, 0.0125227375
7871725857000, -0.043982297, -0.0036651916, 0.022296581
7871730909000, -0.041233405, -0.010995574, 0.025350908
7871735890000, -0.046731193, -0.0125227375, 0.022907447
7871740899000, -0.044898596, -0.007941248, 0.020158553
7871745885000, -0.03848451, -0.008857546, 0.025961773
7871750900000, -0.052839845, -0.015577064, 0.02107485
7871755921000, -0.044593163, -0.017715093, 0.024740042
7871760877000, -0.043066, -0.018325957, 0.028099801
7871765889000, -0.048563786, -0.020463986, 0.028710667
7871770888000, -0.04550946, -0.018325957, 0.022907447
7871775861000, -0.058337633, -0.032070424, 0.017715093
7871780906000, -0.05009095, -0.032986723, 0.02687807
7871785885000, -0.053145275, -0.030848695, 0.024129177
7871790886000, -0.052534413, -0.028099801, 0.028099801
7871795926000, -0.05100725, -0.03145956, 0.02321288
7871800943000, -0.047647487, -0.025045475, 0.022907447
7871805896000, -0.053450707, -0.029626964, 0.02107485
7871810874000, -0.055588737, -0.01985312, 0.020158553
7871815865000, -0.06414085, -0.019242255, 0.016493361
7871820892000, -0.0720821, -0.027488936, 0.009773844
7871827205000, -0.063224554, -0.032375857, 0.017104227
7871830891000, -0.05955936, -0.03756821, 0.013133603
7871835892000, -0.06414085, -0.03176499, 0.014049901
7871840889000, -0.065973446, -0.038179077, 0.0012217305
7871845937000, -0.053145275, -0.054367006, 0.008857546
7871850973000, -0.04795292, -0.044898596, 0.0070249503
7871855892000, -0.039095376, -0.03970624, 0.010995574
7871860865000, -0.04337143, -0.04550946, -9.162979E-4
7871865894000, -0.025961773, -0.042760566, -0.002443461
7871870888000, -0.0290161, -0.049785517, 0.0036651916
7871875861000, -0.018325957, -0.04184427, -0.005192355
7871880874000, -0.004886922, -0.03726278, -0.01038471
7871885885000, -0.005192355, -0.032986723, -0.013439035
7871890890000, -0.014049901, -0.03176499, -0.008246681
7871895951000, -0.0061086523, -0.034208454, -0.012217305
7871900965000, -0.00580322, -0.027183503, -0.009162978
7871905891000, -0.009468411, -0.028099801, -0.014966198
7871910867000, -0.006414085, -0.020158553, -0.004581489
7871915900000, -0.014049901, -0.014660766, -0.004276057
7871920889000, -0.014660766, -0.013439035, -0.0033597588
7871925858000, -0.016493361, -0.012217305, -0.005192355
7871930872000, -0.0143553335, -0.0106901415, -0.011911872
7871935893000, -0.016798794, -0.0076358155, 0.0027488936
7871940899000, -0.023518313, -0.00580322, 0.006414085
7871945936000, -0.027183503, 0.0033597588, 9.162979E-4
7871950964000, -0.025350908, 0.0018325958, -0.005192355
7871955890000, -0.025045475, 6.1086525E-4, 6.1086525E-4
7871960867000, -0.027488936, 0.005192355, 3.0543262E-4
7871965895000, -0.032375857, 0.0018325958, -0.0015271631
7871970868000, -0.027794369, 0.0012217305, -0.009162978
7871975852000, -0.029626964, 0.0036651916, -0.0070249503
7871980841000, -0.02443461, 0.0067195175, -0.007941248
7871985890000, -0.019242255, -0.005192355, -0.006414085
7871990863000, -0.022602014, -0.003970624, -0.009468411
7871995965000, -0.005192355, 0.0021380284, -0.01038471
7872001100000, -0.013133603, 0.0027488936, -0.008246681
7872005890000, -0.017104227, -9.162979E-4, -0.007330383
7872011041000, -0.024129177, -0.0021380284, -0.010079277
7872015896000, -0.02107485, 0.005497787, -0.0125227375
7872021212000, -0.025961773, 0.005497787, -0.018325957
7872027246000, -0.01863139, 0.022907447, -0.02443461
7872030836000, -0.02565634, 0.021380283, -0.01985312
7872035891000, -0.028099801, 0.028099801, -0.018936822
7872040872000, -0.038179077, 0.03726278, -0.02443461
7872045892000, -0.0290161, 0.033292156, -0.02687807
7872050893000, -0.03176499, 0.036957346, -0.0290161
7872055891000, -0.031154128, 0.04153884, -0.028405234
7872060893000, -0.030848695, 0.037873644, -0.021380283
7872065894000, -0.027488936, 0.04062254, -0.02076942
7872070889000, -0.0290161, 0.04153884, -0.019547688
7872075859000, -0.025045475, 0.04062254, -0.017715093
7872080889000, -0.018936822, 0.03145956, -0.019242255
