#Rate of rotation around the x y z axes (Angular velocity).
#timestamp(ns),x,y,z(rad/s)
#Datetime: 22/04/2015 16:10:58
##########################################
#Activity: 8 - CSI - Car-Step in - 6s
#Subject ID: 47
#First Name: sub47
#Last Name: sub47
#Age: 21
#Height(cm): 180
#Weight(kg): 85
#Gender: Male
##########################################

@DATA
13095907718000, -0.040011674, -9.162979E-4, 0.019547688
13095912831000, -0.04153884, -0.004276057, 0.009162978
13095917745000, -0.045814894, -0.023518313, 0.01160644
13095922716000, -0.042455133, -0.017104227, 0.018325957
13095927732000, -0.046731193, -0.027183503, 0.014049901
13095932739000, -0.030543262, -0.035124753, 0.018020526
13095937723000, -0.028099801, -0.025350908, 0.023518313
13095942713000, -0.03390302, -0.03268129, 0.024740042
13095947735000, -0.029321533, -0.03176499, 0.028099801
13095952724000, -0.03176499, -0.04153884, 0.023518313
13095957736000, -0.02687807, -0.042455133, 0.028405234
13095962820000, -0.02443461, -0.041233405, 0.0290161
13095967754000, -0.020463986, -0.041233405, 0.029321533
13095972689000, -0.02443461, -0.030848695, 0.025350908
13095977712000, -0.01160644, -0.03481932, 0.019547688
13095982664000, -0.0143553335, -0.038179077, 0.02687807
13095987722000, -0.010079277, -0.047036625, 0.0290161
13095992733000, -0.013744468, -0.050396383, 0.03176499
13095997809000, -0.009468411, -0.04428773, 0.024740042
13096002735000, -0.008857546, -0.036651913, 0.024740042
13096007748000, -0.014049901, -0.043066, 0.0290161
13096012718000, -0.0070249503, -0.035430185, 0.021685716
13096018459000, -0.0106901415, -0.027794369, 0.024740042
13096022720000, -0.010079277, -0.03145956, 0.024129177
13096027717000, -0.007941248, -0.027488936, 0.026572637
13096032720000, -0.014660766, -0.03145956, 0.022296581
13096037722000, -0.025350908, -0.03023783, 0.02076942
13096042697000, -0.024129177, -0.03176499, 0.020463986
13096047722000, -0.026267206, -0.047647487, 0.01038471
13096052675000, -0.019242255, -0.046120327, 0.002443461
13096057735000, -0.021991149, -0.050701816, 0.004581489
13096062690000, -0.026267206, -0.04642576, 0.0036651916
13096067732000, -0.030543262, -0.057726767, -0.005192355
13096072726000, -0.030848695, -0.055283304, -0.0036651916
13096077697000, -0.031154128, -0.06872234, 0.0036651916
13096082737000, -0.027794369, -0.07513642, -0.0021380284
13096088428000, -0.026572637, -0.06963864, -0.0015271631
13096092712000, -0.017104227, -0.06566802, 9.162979E-4
13096097703000, -0.016493361, -0.062308256, -0.003970624
13096102722000, -0.016798794, -0.05589417, -9.162979E-4
13096107719000, -0.014966198, -0.043066, -0.005497787
13096112749000, -0.0036651916, -0.035124753, 0.004886922
13096117728000, -0.008246681, -0.03145956, -0.0012217305
13096122718000, -0.016187929, -0.033292156, 0.0036651916
13096127708000, -0.01160644, -0.033292156, 0.006414085
13096132737000, -0.009773844, -0.03634648, 0.009773844
13096137693000, -0.015577064, -0.028710667, 0.0076358155
13096142713000, -0.007941248, -0.025045475, 0.0125227375
13096147664000, -0.01282817, -0.03481932, 0.009773844
13096152729000, -0.014049901, -0.026267206, 0.02107485
13096158072000, -0.015577064, -0.033292156, 0.010079277
13096162740000, -0.01985312, -0.029626964, 0.017715093
13096167666000, -0.028405234, -0.045814894, 0.013133603
13096172722000, -0.025045475, -0.049785517, 0.01038471
13096177671000, -0.031154128, -0.053145275, 0.0036651916
13096182742000, -0.03573562, -0.05589417, 6.1086525E-4
13096187677000, -0.04520403, -0.06352998, -0.010079277
13096192705000, -0.046731193, -0.05589417, -0.015577064
13096197695000, -0.05955936, -0.053450707, -0.021991149
13096202762000, -0.06872234, -0.0571159, -0.037873644
13096207736000, -0.07360926, -0.04734206, -0.04153884
13096212787000, -0.09743301, -0.048258353, -0.054061573
13096217757000, -0.10629055, -0.050396383, -0.056199603
13096222763000, -0.11728613, -0.05100725, -0.06352998
13096228074000, -0.11881329, -0.040927973, -0.06841691
13096232735000, -0.13683382, -0.02687807, -0.07880162
13096237697000, -0.1518, -0.023823744, -0.08307768
13096242721000, -0.17073683, -0.017104227, -0.09285152
13096247955000, -0.20066923, -0.009162978, -0.09101892
13096252735000, -0.20066923, -0.007941248, -0.08979719
13096258503000, -0.21135938, 0.004886922, -0.09621128
13096262792000, -0.23335053, 9.162979E-4, -0.09101892
13096268000000, -0.23365596, 0.005192355, -0.095294975
13096272717000, -0.2452624, 0.010079277, -0.09010262
13096277710000, -0.25595254, 0.007941248, -0.09254608
13096282734000, -0.26236662, 0.009162978, -0.08399397
13096287711000, -0.26328292, 0.014966198, -0.07391469
13096292714000, -0.27397305, 0.028710667, -0.065973446
13096297713000, -0.2782491, 0.034513887, -0.056199603
13096302730000, -0.29138273, 0.039095376, -0.036651913
13096307683000, -0.29168814, 0.041233405, -0.026267206
13096312751000, -0.30726522, 0.046731193, -0.02321288
13096317663000, -0.30909783, 0.057726767, -0.015882496
13096322730000, -0.3182608, 0.051618114, -0.0015271631
13096327766000, -0.33475417, 0.056199603, 0.013439035
13096332762000, -0.3539964, 0.0720821, 0.014049901
13096337659000, -0.3643811, 0.09132435, 0.029626964
13096343546000, -0.36193767, 0.08552113, 0.0290161
13096347703000, -0.36865717, 0.09285152, 0.047036625
13096352760000, -0.39584067, 0.083383106, 0.054367006
13096357727000, -0.39706242, 0.07819075, 0.06261369
13096362853000, -0.3979787, 0.07269296, 0.07574729
13096367830000, -0.41263947, 0.06719518, 0.08277224
13096372737000, -0.42485678, 0.05497787, 0.094989546
13096377772000, -0.4370741, 0.048563786, 0.09468412
13096382766000, -0.4382958, 0.047036625, 0.10415252
13096387759000, -0.45112398, 0.04520403, 0.1142318
13096392772000, -0.46853364, 0.035124753, 0.118202426
13096397853000, -0.4896085, 0.028710667, 0.1160644
13096402762000, -0.50671273, 0.020463986, 0.13561209
13096407711000, -0.5186246, 0.021685716, 0.15271631
13096413658000, -0.5326745, 0.027794369, 0.17287487
13096417736000, -0.5510005, 0.023823744, 0.19914207
13096422720000, -0.55680364, 0.038789943, 0.21930063
13096427723000, -0.56077427, 0.064446285, 0.25137106
13096432731000, -0.56688297, 0.10170906, 0.29016098
13096437730000, -0.57360244, 0.12858713, 0.32498032
13096442709000, -0.5910121, 0.14538592, 0.35796702
13096447736000, -0.57879484, 0.16371189, 0.410196
13096452722000, -0.58001655, 0.19303341, 0.4266894
13096457750000, -0.5708536, 0.21533, 0.46731192
13096462800000, -0.5543602, 0.25350907, 0.50243664
13096467735000, -0.52931476, 0.29749137, 0.5467244
13096472721000, -0.5119051, 0.35094208, 0.57818395
13096477710000, -0.49296826, 0.40317106, 0.6010914
13096483108000, -0.47067168, 0.45356745, 0.6407976
13096487734000, -0.45356745, 0.49663344, 0.6637051
13096492695000, -0.45051312, 0.54183745, 0.68600166
13096497738000, -0.44715336, 0.5720753, 0.7067711
13096502659000, -0.42577308, 0.602924, 0.7134906
13096507716000, -0.4156938, 0.63132924, 0.7339546
13096512778000, -0.419359, 0.65179324, 0.74067414
13096517803000, -0.4184427, 0.66767573, 0.76052725
13096522678000, -0.42363504, 0.68111473, 0.7669413
13096527721000, -0.4175264, 0.6960809, 0.77396625
13096532721000, -0.4156938, 0.70921457, 0.7867944
13096537724000, -0.44532076, 0.7162395, 0.79473567
13096542967000, -0.45020768, 0.700357, 0.8005389
13096547738000, -0.45753807, 0.6914995, 0.8231409
13096552783000, -0.46761733, 0.6759224, 0.8332202
13096557744000, -0.473726, 0.6588182, 0.8579602
13096562839000, -0.49021935, 0.65026605, 0.8790351
13096567822000, -0.5045747, 0.64599, 0.89980453
13096572652000, -0.5180137, 0.65148777, 0.92149025
13096577739000, -0.52381694, 0.6569856, 0.94225967
13096582699000, -0.51923543, 0.6731735, 0.9584476
13096587721000, -0.5122105, 0.6927212, 0.97127575
13096592746000, -0.48747048, 0.7104363, 0.9779953
13096597713000, -0.45998153, 0.73548174, 0.98807454
13096602803000, -0.4269948, 0.75716746, 1.0002918
13096607724000, -0.3753767, 0.7993172, 1.0073168
13096612889000, -0.32925636, 0.8414669, 1.0155635
13096617701000, -0.27916542, 0.893085, 1.0207558
13096622765000, -0.22235495, 0.93279123, 1.0296134
13096627750000, -0.1572978, 0.98471475, 1.0491611
13096632694000, -0.09590584, 1.0412198, 1.0509937
13096637702000, -0.021685716, 1.1044444, 1.0635164
13096642749000, 0.062308256, 1.1618657, 1.0763446
13096647745000, 0.14538592, 1.1905763, 1.0772609
13096652736000, 0.18387043, 1.239751, 1.0815369
13096657735000, 0.2764165, 1.2651019, 1.087951
13096662716000, 0.35705075, 1.2538009, 1.0922271
13096667709000, 0.4474588, 1.2431108, 1.0946705
13096672752000, 0.5476407, 1.2394456, 1.0943651
13096677683000, 0.64660084, 1.2385293, 1.0913107
13096682773000, 0.7535023, 1.2461652, 1.0833695
13096687745000, 0.8555168, 1.2455542, 1.0842859
13096692740000, 0.9578367, 1.2434162, 1.0836749
13096697836000, 1.0467176, 1.2528846, 1.0751228
13096712730000, 1.2565498, 1.5601498, 0.97433007
13096717640000, 1.29198, 1.677436, 0.92271197
13096722654000, 1.3246613, 1.8203784, 0.8671232
13096727650000, 1.3524556, 1.9355265, 0.82741696
13096732647000, 1.3545936, 2.01219, 0.788627
13096737939000, 1.3475688, 2.0720549, 0.7489208
13096742655000, 1.328021, 2.1053472, 0.68691796
13096747942000, 1.3231341, 2.1481075, 0.63163465
13096752644000, 1.3387111, 2.155438, 0.62888575
13096758131000, 1.325883, 2.2348504, 0.6658431
13096762676000, 1.3390167, 2.238821, 0.67103547
13096767854000, 1.3335189, 2.169488, 0.6001751
13096772640000, 1.314582, 2.0916026, 0.54092115
13096777635000, 1.2690725, 2.0308216, 0.5155703
13096782646000, 1.2217305, 1.9709567, 0.46120325
13096787636000, 1.1945469, 1.8936822, 0.4007276
13096792640000, 1.1618657, 1.8451185, 0.3387248
13096797620000, 1.1472049, 1.7690657, 0.2959642
13096802693000, 1.0925325, 1.6878207, 0.24831672
13096808032000, 1.0418307, 1.5839735, 0.2144137
13096812768000, 1.010982, 1.4908166, 0.18081611
13096817724000, 0.9828822, 1.3927728, 0.13439035
13096822699000, 0.94714653, 1.3081679, 0.08124508
13096827703000, 0.8949176, 1.2360858, 0.025045475
13096832711000, 0.84513205, 1.1743884, -0.016798794
13096837724000, 0.795652, 1.0687088, -0.08582657
13096842685000, 0.7611381, 1.0403035, -0.12339478
13096847707000, 0.743423, 0.9960158, -0.14477506
13096852789000, 0.70921457, 0.96974856, -0.19028452
13096857744000, 0.66523224, 0.9334021, -0.22082779
13096862826000, 0.6239988, 0.8891144, -0.27550024
13096867750000, 0.59681535, 0.8530733, -0.3173445
13096872723000, 0.55955255, 0.84421575, -0.34666604
13096877949000, 0.5039638, 0.8240572, -0.39400807
13096882731000, 0.45356745, 0.8060367, -0.45112398
13096887723000, 0.4007276, 0.8005389, -0.4896085
13096892710000, 0.32742378, 0.8145888, -0.528093
13096897728000, 0.24678956, 0.8268061, -0.559858
13096902731000, 0.13988814, 0.8390234, -0.5873469
13096907705000, 0.049785517, 0.8677341, -0.6093381
13096912775000, -0.038789943, 0.8927795, -0.6169739
13096917773000, -0.13897185, 0.9443977, -0.5928447
13096922718000, -0.22021692, 0.960891, -0.56138515
13096927719000, -0.26633725, 1.0021244, -0.4999932
13096932728000, -0.31795537, 1.024421, -0.43218717
13096937719000, -0.3399465, 1.0848967, -0.34330627
13096942717000, -0.3594942, 1.0934488, -0.30787608
13096947772000, -0.35735616, 1.1246029, -0.2284636
13096952720000, -0.34574974, 1.1157454, -0.16676621
13096957715000, -0.2932153, 1.131017, -0.080634214
13096962778000, -0.22632557, 1.1239921, -0.013744468
13096967757000, -0.14019357, 1.1365148, 0.029321533
13096972708000, -0.071776666, 1.1774428, 0.045814894
13096977758000, -0.043676864, 1.2076806, 0.038789943
13096982657000, -0.038179077, 1.280679, 0.004276057
13096987756000, -0.043676864, 1.3136657, -0.022602014
13096992670000, -0.083383106, 1.3552046, -0.06261369
13096997752000, -0.10751228, 1.4196508, -0.11301007
13097002660000, -0.14996742, 1.4883732, -0.1704314
13097007771000, -0.20433442, 1.5781704, -0.2144137
13097012765000, -0.26725355, 1.6679676, -0.26206118
13097017770000, -0.33383787, 1.7440202, -0.31031954
13097022716000, -0.38759398, 1.7809776, -0.3463606
13097027780000, -0.41874814, 1.8041905, -0.3549127
13097032728000, -0.4120286, 1.8329011, -0.34269542
13097037756000, -0.3811799, 1.847562, -0.31612277
13097042733000, -0.3585779, 1.8680259, -0.30390546
13097047700000, -0.355829, 1.9031507, -0.27122417
13097052771000, -0.33505958, 1.9336939, -0.2302962
13097057781000, -0.33475417, 1.9572122, -0.1966986
13097063554000, -0.32650748, 1.9672915, -0.15851954
13097067765000, -0.32589662, 1.9596558, -0.1282817
13097072688000, -0.33414328, 1.9120082, -0.099265605
13097077740000, -0.3481932, 1.8683313, -0.06811147
13097082665000, -0.36468655, 1.8075503, -0.061086524
13097087767000, -0.37659842, 1.7467692, -0.034513887
13097092675000, -0.38912117, 1.6765196, -0.03176499
13097097742000, -0.40775254, 1.602605, -0.016187929
13097102654000, -0.41233405, 1.5329664, -0.006414085
13097107727000, -0.40500367, 1.488984, -0.0015271631
13097112693000, -0.39461896, 1.4602734, 0.008857546
13097117743000, -0.3839288, 1.4437801, 0.014660766
13097122661000, -0.35735616, 1.4343116, 0.030848695
13097127708000, -0.3631594, 1.4205672, 0.04642576
13097133208000, -0.3387248, 1.3909402, 0.05131268
13097137727000, -0.32650748, 1.3811663, 0.0711658
13097142695000, -0.33933565, 1.3524556, 0.06811147
13097147712000, -0.3585779, 1.3313808, 0.056505036
13097152760000, -0.37995818, 1.3017539, 0.057421334
13097157811000, -0.40194935, 1.2699889, 0.06719518
13097162856000, -0.42058071, 1.2647965, 0.05497787
13097167766000, -0.44501534, 1.2809844, 0.04550946
13097172763000, -0.4801401, 1.2974777, 0.057421334
13097177747000, -0.48533243, 1.2745703, 0.084910266
13097182783000, -0.47800204, 1.237613, 0.10598512
13097187737000, -0.4202753, 1.1682798, 0.13805555
13097192707000, -0.3475823, 1.0500773, 0.1731803
13097197681000, -0.26816985, 1.0048733, 0.22296582
13097202764000, -0.21502456, 1.0048733, 0.2669481
13097207762000, -0.17989981, 1.0002918, 0.2919936
13097212801000, -0.16982053, 0.98899084, 0.31490102
13097217724000, -0.16157386, 0.96486163, 0.33200526
13097222720000, -0.16065755, 0.95478237, 0.3594942
13097227670000, -0.16493362, 0.97524637, 0.3830125
13097232741000, -0.15882497, 0.9837985, 0.4071417
13097237654000, -0.1441642, 0.98440933, 0.41141775
13097242706000, -0.14019357, 0.979217, 0.42638394
13097247685000, -0.12614368, 0.9211848, 0.46761733
13097252732000, -0.1441642, 0.8549059, 0.49510628
13097257741000, -0.15027285, 0.7806858, 0.51251596
13097262824000, -0.18081611, 0.72692966, 0.5305365
13097267736000, -0.20280726, 0.7287622, 0.57604593
13097272882000, -0.22388211, 0.6988298, 0.58184916
13097277695000, -0.22815818, 0.66339964, 0.5723807
13097282741000, -0.23426682, 0.6588182, 0.59742624
13097287753000, -0.23915374, 0.68630713, 0.6087272
13097292707000, -0.26297748, 0.6731735, 0.60231316
13097297686000, -0.27885997, 0.66828656, 0.60231316
13097302728000, -0.2938262, 0.68783426, 0.6151413
13097308648000, -0.3231477, 0.74372846, 0.5867361
13097312737000, -0.38056904, 0.81214535, 0.58184916
13097318848000, -0.4089743, 0.8720101, 0.59681535
13097322724000, -0.43585235, 0.9086621, 0.6044512
13097327691000, -0.4560109, 0.9104946, 0.5647449
13097332734000, -0.4801401, 0.895223, 0.59437186
13097337656000, -0.48533243, 0.89766645, 0.61575216
13097342743000, -0.48838675, 0.8933904, 0.6301075
13097347699000, -0.50518554, 0.8399397, 0.6429357
13097352727000, -0.49296826, 0.7831292, 0.6252206
13097357732000, -0.47861293, 0.7284568, 0.61727935
13097362813000, -0.47952923, 0.68752885, 0.63346726
13097367728000, -0.4914411, 0.6627888, 0.63255095
13097372722000, -0.51068336, 0.61300325, 0.6200282
13097377713000, -0.52381694, 0.52106804, 0.61117065
13097382734000, -0.5045747, 0.4538729, 0.6038403
13097388481000, -0.49846604, 0.42363504, 0.59742624
13097392711000, -0.49632803, 0.38637227, 0.573297
13097397731000, -0.49357912, 0.34880406, 0.5491679
13097402724000, -0.49174652, 0.3313944, 0.52412236
13097407752000, -0.48288897, 0.31398472, 0.4804455
13097412753000, -0.45875978, 0.28160888, 0.47586402
13097417755000, -0.45845437, 0.25961772, 0.46303585
13097422712000, -0.4886922, 0.23335053, 0.4373795
13097427714000, -0.4822781, 0.2012801, 0.43096542
13097432734000, -0.49296826, 0.20189096, 0.410196
13097437724000, -0.49113566, 0.20616703, 0.39614612
13097442705000, -0.47525316, 0.20311269, 0.3817908
13097447742000, -0.4636467, 0.20586158, 0.36896262
13097452722000, -0.45356745, 0.20830505, 0.34055737
13097458545000, -0.43768495, 0.18784106, 0.3155119
13097462742000, -0.44135013, 0.19120082, 0.30970868
13097467850000, -0.441961, 0.19547687, 0.30085114
13097472718000, -0.4166101, 0.18448131, 0.2764165
13097477710000, -0.3933972, 0.15607607, 0.25778514
13097482732000, -0.376293, 0.12308934, 0.23823744
13097487710000, -0.36865717, 0.095294975, 0.21197024
13097492703000, -0.355829, 0.09437868, 0.19242255
13097497753000, -0.33933565, 0.106901415, 0.17928895
13097502722000, -0.33841935, 0.14080444, 0.16187929
13097507709000, -0.3268129, 0.18997909, 0.13897185
13097512796000, -0.31642818, 0.24740042, 0.13041973
13097517739000, -0.2996294, 0.32345316, 0.13500121
13097522676000, -0.29871312, 0.39706242, 0.12522738
13097528403000, -0.2941316, 0.4007276, 0.10293079
13097532659000, -0.3484986, 0.40683624, 0.099571034
13097537720000, -0.37018433, 0.45020768, 0.0870483
13097542676000, -0.41386122, 0.47708577, 0.074830994
13097547729000, -0.45020768, 0.49205196, 0.062002823
13097552679000, -0.5128214, 0.49266282, 0.04337143
13097557717000, -0.56413406, 0.48502702, 0.03634648
13097562855000, -0.6310238, 0.45356745, 0.029321533
13097567742000, -0.6783658, 0.42760566, 0.013439035
13097572722000, -0.72418076, 0.40653083, 0.008857546
13097577719000, -0.7852673, 0.3894266, 0.0018325958
13097582742000, -0.8332202, 0.3912592, -0.01985312
13097587714000, -0.86406887, 0.40103304, -0.013744468
13097592948000, -0.89949906, 0.43310347, -9.162979E-4
13097597704000, -0.91415983, 0.4266894, -0.014966198
13097602724000, -0.9388999, 0.39767328, -0.046731193
13097607736000, -0.990518, 0.39187005, -0.055283304
13097612861000, -0.9954049, 0.3894266, -0.06627888
13097617741000, -1.0146471, 0.42546764, -0.06414085
13097622822000, -1.0601566, 0.4783075, -0.049480084
13097627715000, -1.0812315, 0.50640726, -0.043066
13097632932000, -1.0989466, 0.5693264, -0.035430185
13097637721000, -1.0965031, 0.57971114, -0.04337143
13097642722000, -1.10139, 0.5742133, -0.04795292
13097647734000, -1.0891727, 0.56138515, -0.036651913
13097652659000, -1.0684034, 0.5543602, -0.012217305
13097657706000, -1.0064005, 0.48838675, -0.0027488936
13097662700000, -1.0137309, 0.419359, -0.01863139
13097667697000, -1.0390818, 0.39461896, -0.02107485
13097672692000, -1.0308352, 0.3643811, -0.015882496
13097677676000, -1.0033462, 0.33567044, -0.019547688
13097682724000, -0.98654735, 0.30757064, -0.013133603
13097687659000, -0.96944314, 0.26083946, -0.003970624
13097692712000, -0.9468411, 0.2434298, 0.010995574
13097697681000, -0.929126, 0.25686884, 0.018936822
13097702633000, -0.9053023, 0.30482176, 0.024129177
13097707640000, -0.9114109, 0.3463606, 0.028405234
13097712653000, -0.9257663, 0.37843102, 0.040927973
13097717622000, -0.93431836, 0.40775254, 0.040011674
13097722642000, -0.9416488, 0.41691554, 0.03848451
13097727660000, -0.9502009, 0.45875978, 0.041233405
13097732644000, -0.95814216, 0.5039638, 0.05375614
13097737644000, -0.94897914, 0.56382865, 0.07086037
13097742637000, -0.93737274, 0.64599, 0.08399397
13097747993000, -0.9257663, 0.7113526, 0.08857546
13097752694000, -0.91690874, 0.7519751, 0.08399397
13097757717000, -0.9126327, 0.7629707, 0.084910266
13097762737000, -0.915687, 0.7666359, 0.08857546
13097767782000, -0.89888823, 0.77213365, 0.09285152
13097772703000, -0.8906415, 0.77488256, 0.10598512
13097777740000, -0.8900307, 0.782213, 0.11301007
13097782834000, -0.895223, 0.7870999, 0.13561209
13097787919000, -0.9221011, 0.7800749, 0.15821409
13097792705000, -0.9294315, 0.75411314, 0.17440203
13097797709000, -0.9306532, 0.7483099, 0.19394971
13097802727000, -0.9315695, 0.7324274, 0.2012801
13097807714000, -0.94042706, 0.7049385, 0.21777347
13097812728000, -0.9242391, 0.70402217, 0.22296582
13097818314000, -0.9129381, 0.72021013, 0.22357668
13097822729000, -0.8906415, 0.7293731, 0.21502456
13097827699000, -0.838718, 0.77366084, 0.22540927
13097832765000, -0.8454375, 0.8622363, 0.22143865
13097837758000, -0.8918633, 0.95722586, 0.21013765
13097842763000, -0.9098838, 1.0415252, 0.19547687
13097847783000, -0.9077458, 1.1023064, 0.16340645
13097852758000, -0.8784242, 1.2052372, 0.1160644
13097857764000, -0.8405506, 1.3680327, 0.07819075
13097862794000, -0.8035932, 1.5415184, 0.06383542
13097867834000, -0.7666359, 1.6807957, 0.05375614
13097872744000, -0.73364913, 1.7702875, 0.054061573
13097877765000, -0.71929383, 1.7757853, 0.07391469
13097882761000, -0.66950834, 1.7632625, 0.0983493
13097887658000, -0.61544675, 1.78617, 0.12308934
13097892757000, -0.5421429, 1.8112154, 0.1441642
13097897756000, -0.49541172, 1.8442022, 0.16035213
13097902758000, -0.4297437, 1.8811595, 0.1685988
13097907754000, -0.37873647, 1.8945986, 0.17959438
13097912843000, -0.34788775, 1.8692477, 0.18173242
13097917764000, -0.31306845, 1.8121318, 0.19486602
13097922757000, -0.29932398, 1.7803668, 0.21533
13097927769000, -0.29443705, 1.7037032, 0.21838433
13097932746000, -0.27091873, 1.604743, 0.25411993
13097937755000, -0.26450464, 1.4993688, 0.27947086
13097942749000, -0.23976462, 1.41904, 0.29932398
13097947725000, -0.19853121, 1.38025, 0.3213151
13097952759000, -0.17654006, 1.3127494, 0.36865717
13097957752000, -0.1994475, 1.1502593, 0.42241332
13097962818000, -0.21930063, 1.0424415, 0.44593164
13097967828000, -0.2144137, 0.9642508, 0.46914452
13097972759000, -0.2012801, 0.8707884, 0.49418998
13097977745000, -0.17928895, 0.73945236, 0.5119051
13097982690000, -0.16187929, 0.5861252, 0.5354234
13097987758000, -0.12370021, 0.44532076, 0.52870387
13097992668000, -0.05467244, 0.30970868, 0.5112942
13097997831000, 0.03390302, 0.17745635, 0.48472157
13098002659000, 0.1133155, -0.0070249503, 0.45081854
13098007774000, 0.17837265, -0.20830505, 0.43066
13098012780000, 0.22999077, -0.398895, 0.3979787
13098017764000, 0.27091873, -0.56107974, 0.3567453
13098022701000, 0.2602286, -0.6197228, 0.3277292
13098027770000, 0.22693644, -0.7089091, 0.28130344
13098032702000, 0.16523905, -0.7715228, 0.24587326
13098037762000, 0.1255328, -0.7974846, 0.20433442
13098042712000, 0.09712757, -0.7724391, 0.1414153
13098047732000, 0.07696902, -0.73823065, 0.06841691
13098052755000, 0.052839845, -0.7012733, 0.021380283
13098057785000, 0.01160644, -0.68477994, -0.027794369
13098063064000, -0.014049901, -0.6750061, -0.048563786
13098067785000, -0.07422013, -0.6417139, -0.080634214
13098072656000, -0.17867808, -0.58062744, -0.11728613
13098077753000, -0.26175576, -0.52290064, -0.1740966
13098082669000, -0.31520647, -0.44348818, -0.19883664
13098087757000, -0.33658674, -0.32498032, -0.2321288
13098092716000, -0.344528, -0.21471913, -0.26908615
13098097755000, -0.35643986, -0.118202426, -0.26847526
13098102743000, -0.3576616, -0.03359759, -0.25320363
13098107944000, -0.38973203, 0.04184427, -0.2049453
13098112864000, -0.41691554, 0.08155051, -0.1600467
13098117768000, -0.42577308, 0.07880162, -0.10567969
13098122768000, -0.4260785, 0.07788532, -0.09162979
13098127766000, -0.42852196, 0.05375614, -0.082161374
13098132773000, -0.43951756, 0.030848695, -0.0852157
13098137758000, -0.47861293, -0.0033597588, -0.059253927
13098143428000, -0.5155703, -0.17654006, -0.038789943
13098147798000, -0.54275376, -0.26083946, -0.04337143
13098152766000, -0.55771995, -0.42394048, -0.05467244
13098157790000, -0.5928447, -0.57848936, -0.06627888
13098162832000, -0.61575216, -0.73975784, -0.089186326
13098167782000, -0.6420194, -0.8561276, -0.09621128
13098172768000, -0.6765333, -0.9401216, -0.1020145
13098177739000, -0.7339546, -0.9737192, -0.095294975
13098182767000, -0.77671516, -0.9850202, -0.099265605
13098187739000, -0.82741696, -0.9932669, -0.089186326
13098192757000, -0.88208944, -1.0048733, -0.08246681
13098197724000, -0.9288206, -1.022283, -0.070249505
13098202763000, -0.98807454, -1.0338894, -0.055283304
13098207778000, -1.0454959, -1.0268645, -0.03023783
13098212730000, -1.1071932, -1.0088439, -0.0106901415
13098217808000, -1.181108, -1.0054842, 0.010995574
13098222765000, -1.2134838, -1.0253373, -0.018936822
13098227711000, -1.2583824, -1.0051788, 0.022907447
13098232766000, -1.3228287, -0.93431836, 0.07666359
13098237654000, -1.4248432, -0.82772243, 0.112399206
13098242751000, -1.4935656, -0.68844515, 0.10995574
13098247725000, -1.5396858, -0.5830709, 0.07574729
13098252761000, -1.5836681, -0.56046885, 0.0421497
13098257729000, -1.6178766, -0.63316184, 0.01740966
13098262833000, -1.642922, -0.7684685, -0.008246681
13098267777000, -1.68385, -0.88300574, -0.014660766
13098272751000, -1.7449366, -0.9550878, -0.03390302
13098277687000, -1.7464638, -0.9822713, -0.035430185
13098282961000, -1.7345519, -0.979217, -0.030848695
13098287755000, -1.7192802, -0.9935723, -0.02443461
13098292749000, -1.6841555, -0.97494096, -0.009773844
13098297786000, -1.6652187, -0.9126327, -0.0015271631
13098302745000, -1.6334536, -0.81000733, -0.004886922
13098307820000, -1.6206255, -0.6973027, -0.0106901415
13098312835000, -1.593442, -0.58001655, -0.0106901415
13098317877000, -1.5632042, -0.52626044, 0.029932396
13098322754000, -1.5522085, -0.43249258, 0.046120327
13098327743000, -1.5283848, -0.33108896, 0.09193522
13098332766000, -1.5326608, -0.24404067, 0.16310102
13098337763000, -1.5137241, -0.20341812, 0.23090707
13098342750000, -1.4691309, -0.17195857, 0.3005457
13098347785000, -1.4135422, -0.17287487, 0.37018433
13098352762000, -1.3720033, -0.21594086, 0.408058
13098357819000, -1.3423764, -0.267559, 0.43982297
13098362841000, -1.3381003, -0.34238997, 0.46792278
13098367760000, -1.351234, -0.42943826, 0.49296826
13098372741000, -1.359786, -0.5503896, 0.50579643
13098377758000, -1.3558154, -0.65057147, 0.49938235
13098382762000, -1.3417655, -0.68386364, 0.50243664
13098387760000, -1.3045027, -0.6096435, 0.5039638
13098392746000, -1.3011429, -0.49846604, 0.52320606
13098398467000, -1.3130548, -0.37018433, 0.539394
13098402759000, -1.3112222, -0.2275473, 0.5549711
13098407819000, -1.2947289, -0.09560041, 0.5488624
13098412853000, -1.2819008, 0.012217305, 0.5363397
13098417775000, -1.2840388, 0.049480084, 0.5326745
13098422730000, -1.2803736, 0.1001819, 0.5012149
13098427761000, -1.2767084, 0.10262536, 0.48747048
13098432697000, -1.2742649, 0.08093964, 0.45540005
13098437763000, -1.2608259, 0.06047566, 0.4196644
13098442668000, -1.2638801, 0.046120327, 0.38698313
13098447722000, -1.2718215, 0.04917465, 0.36896262
13098452656000, -1.284955, 0.0693332, 0.35521814
13098457787000, -1.3115277, 0.06688975, 0.35613444
13098462729000, -1.3151928, 0.061086524, 0.35613444
13098467765000, -1.3158038, 0.048563786, 0.35918877
13098472691000, -1.3267993, 0.04642576, 0.3744604
13098477700000, -1.3344351, 0.057421334, 0.3894266
13098482729000, -1.3603969, 0.0870483, 0.38820487
13098487690000, -1.3787229, 0.15393804, 0.36835176
13098492741000, -1.3790283, 0.18203785, 0.3417791
13098497815000, -1.3518448, 0.19547687, 0.33750305
13098502726000, -1.3374895, 0.19517145, 0.32375857
13098507822000, -1.3417655, 0.1740966, 0.3222314
13098512777000, -1.366811, 0.1591304, 0.32803464
13098517765000, -1.3500122, 0.16462818, 0.34238997
13098522747000, -1.3387111, 0.18661933, 0.36957347
13098527763000, -1.3231341, 0.23426682, 0.40561453
13098532759000, -1.2956452, 0.28313604, 0.45814893
13098537657000, -1.2840388, 0.2919936, 0.5177083
13098542720000, -1.2825116, 0.29626966, 0.5439755
13098547816000, -1.2733486, 0.2996294, 0.5751296
13098552724000, -1.2767084, 0.31581733, 0.6545421
13098557760000, -1.2864822, 0.3023783, 0.7339546
13098562866000, -1.2932017, 0.29077184, 0.8054258
13098567821000, -1.3255776, 0.25381452, 0.8906415
13098573072000, -1.38025, 0.21013765, 0.960891
13098577763000, -1.4391985, 0.17470746, 1.0277808
13098583088000, -1.4840971, 0.15057829, 1.0937542
13098587766000, -1.5305228, 0.14813483, 1.1523973
13098592675000, -1.5693128, 0.1469131, 1.2082914
13098597823000, -1.5940529, 0.16401732, 1.2483032
13098602660000, -1.6337591, 0.14630222, 1.2754866
13098607667000, -1.6655241, 0.13225232, 1.3100005
13098612725000, -1.68385, 0.10781772, 1.3277156
13098617759000, -1.7040086, 0.059253927, 1.3756685
13098622659000, -1.7263051, -0.00580322, 1.4193454
13098627717000, -1.7421877, -0.07574729, 1.4483615
13098632758000, -1.7528778, -0.15668693, 1.4957036
13098637723000, -1.7403551, -0.17562376, 1.5241088
13098642707000, -1.7220291, -0.15760323, 1.5500705
13098647734000, -1.6679676, -0.15668693, 1.5931365
13098652731000, -1.6194037, -0.16798794, 1.6038266
13098657720000, -1.5674802, -0.20769419, 1.6270396
13098662737000, -1.5085317, -0.29810223, 1.65911
13098667688000, -1.4465289, -0.37568212, 1.6468927
13098672685000, -1.3784174, -0.37293324, 1.65911
13098677694000, -1.2843442, -0.43493605, 1.6673567
13098682699000, -1.2305881, -0.48197266, 1.6594155
13098687707000, -1.20371, -0.49571714, 1.6471981
13098692703000, -1.1911873, -0.4908302, 1.6349808
13098697694000, -1.1695015, -0.50579643, 1.6310102
13098702622000, -1.1355985, -0.5375614, 1.5919148
13098707624000, -1.1071932, -0.57940567, 1.5604553
13098712657000, -1.0919216, -0.5925393, 1.5323554
13098717648000, -1.0464121, -0.52290064, 1.5036448
13098722641000, -1.0238101, -0.516792, 1.4666874
13098727646000, -1.0009027, -0.4990769, 1.4294246
13098732647000, -1.0009027, -0.43188173, 1.4022411
13098737644000, -1.0180069, -0.34788775, 1.3610078
13098742660000, -1.0772609, -0.2864958, 1.2996159
13098747679000, -1.1279627, -0.22113322, 1.2470814
13098752722000, -1.1484267, -0.21563543, 1.1887437
13098757770000, -1.1753048, -0.2171626, 1.14018
13098762768000, -1.1979067, -0.19150625, 1.0943651
13098767675000, -1.2223413, -0.15668693, 1.0598512
13098772730000, -1.2647965, -0.10293079, 1.0290025
13098777741000, -1.317331, -0.029932396, 0.9837985
13098782736000, -1.3701707, 0.03940081, 0.9410379
13098788048000, -1.4367551, 0.07238753, 0.89949906
13098793170000, -1.5039502, 0.06627888, 0.88147855
13098797978000, -1.5460999, 0.043982297, 0.87872964
13098802729000, -1.5769486, 0.03145956, 0.8790351
13098808071000, -1.591304, 0.043982297, 0.89766645
13098812762000, -1.5897768, 0.054061573, 0.89949906
13098817640000, -1.5793921, 0.051923547, 0.88697636
13098822725000, -1.5329664, 0.04795292, 0.8790351
13098827715000, -1.4950926, 0.06566802, 0.8539896
13098832728000, -1.4752395, 0.116675265, 0.83291477
13098837639000, -1.4602734, 0.16798794, 0.8213083
13098842748000, -1.4208726, 0.15485434, 0.83199847
13098847815000, -1.3500122, 0.08979719, 0.8689558
13098852760000, -1.2550226, 0.024740042, 0.90224797
13098857746000, -1.1652255, 0.048563786, 0.9251554
13098863608000, -1.1224649, 0.13194689, 0.9184359
13098867734000, -1.1129965, 0.14844026, 0.9599747
13098872743000, -1.1276573, 0.076358154, 1.0564915
13098877776000, -1.1349876, -0.058948494, 1.2113458
13098882779000, -1.0900891, -0.15332718, 1.3817772
13098887786000, -1.0390818, -0.12736541, 1.5406022
13098892746000, -0.9611965, -0.024129177, 1.676825
13098897839000, -0.8918633, 0.09254608, 1.7815884
13098902759000, -0.8344419, 0.15118915, 1.8576412
13098907736000, -0.7492262, 0.15149458, 1.8799378
13098912814000, -0.7058548, 0.12370021, 1.9117028
13098917855000, -0.6221663, 0.07513642, 1.9431623
13098922755000, -0.5305365, 0.06658431, 1.9624046
13098927767000, -0.4718934, 0.12217305, 2.0109684
13098933104000, -0.45814893, 0.21410827, 2.0167716
13098937762000, -0.48930305, 0.31337386, 1.9660698
13098942744000, -0.5589417, 0.3717115, 1.930945
13098947765000, -0.66156703, 0.3567453, 1.8872682
13098952759000, -0.73639804, 0.3023783, 1.851838
13098957755000, -0.78893244, 0.22388211, 1.777007
13098962774000, -0.795652, 0.20861048, 1.6881261
13098967771000, -0.7959574, 0.2489276, 1.6215417
13098972756000, -0.8145888, 0.23090707, 1.559539
13098977743000, -0.8381071, 0.16279559, 1.5054774
13098982757000, -0.8576548, 0.09010262, 1.4587462
13098987757000, -0.9025534, 0.015577064, 1.412015
13098992711000, -0.9266826, -0.06719518, 1.416902
13098997795000, -0.95172805, -0.06566802, 1.4004086
13099002704000, -0.99112886, -0.064751714, 1.3561208
13099007729000, -1.0183123, -0.07971791, 1.3402383
13099012745000, -1.0748174, -0.08827003, 1.349096
13099017729000, -1.1071932, -0.06291912, 1.3671165
13099022705000, -1.1322387, 0.015577064, 1.3888022
13099027715000, -1.1575897, 0.06688975, 1.3820826
13099032723000, -1.180497, 0.109650314, 1.3942999
13099037725000, -1.2018774, 0.16554448, 1.3979651
13099042879000, -1.2153164, 0.19058995, 1.4278975
13099047768000, -1.241889, 0.19517145, 1.4611896
13099052714000, -1.2458596, 0.20952678, 1.4923438
13099057739000, -1.2388347, 0.24953845, 1.5262468
13099062750000, -1.2437216, 0.29932398, 1.5564847
13099067734000, -1.2513574, 0.3717115, 1.5882497
13099073043000, -1.2498302, 0.4474588, 1.5876387
13099077705000, -1.2495248, 0.45356745, 1.6114625
13099082889000, -1.2406673, 0.45631635, 1.5980235
13099087725000, -1.2406673, 0.47219884, 1.5671748
13099092678000, -1.260215, 0.48716503, 1.5439619
13099097753000, -1.2855659, 0.5213735, 1.4828753
13099102906000, -1.3267993, 0.5510005, 1.4266758
13099107746000, -1.3600914, 0.57543504, 1.4031575
13099112982000, -1.361924, 0.61819565, 1.3399329
13099118403000, -1.3735305, 0.61911196, 1.2907583
13099122696000, -1.3704761, 0.5815437, 1.2409728
13099127763000, -1.3628404, 0.55955255, 1.1722504
13099132668000, -1.3869696, 0.5363397, 1.0919216
13099137758000, -1.3994923, 0.5207626, 1.022283
13099142682000, -1.4019357, 0.5036584, 0.9263771
13099147754000, -1.4016303, 0.47769663, 0.8518516
13099152785000, -1.3741413, 0.4279111, 0.77457714
13099157754000, -1.3374895, 0.3368922, 0.6954701
13099162718000, -1.2959507, 0.2678644, 0.600786
13099167730000, -1.239751, 0.20861048, 0.5271767
13099172658000, -1.2064588, 0.15210545, 0.4633413
13099177761000, -1.1548407, 0.10293079, 0.3998113
13099182710000, -1.108415, 0.04734206, 0.35155296
13099188334000, -1.0512991, -0.020158553, 0.30024028
13099192747000, -0.99082345, -0.07971791, 0.25595254
13099197810000, -0.9193522, -0.12064589, 0.21380283
13099202787000, -0.8384125, -0.13897185, 0.19211712
13099207778000, -0.79137594, -0.172264, 0.13408493
13099212823000, -0.6969972, -0.20861048, 0.060170226
13099217754000, -0.5870415, -0.2593123, -0.0030543262
13099222761000, -0.47586402, -0.3313944, -0.059253927
13099227745000, -0.34513888, -0.41813725, -0.10323623
13099232746000, -0.20525073, -0.48716503, -0.15668693
13099237756000, -0.050701816, -0.54183745, -0.22204952
13099242739000, 0.09040806, -0.5656612, -0.25350907
13099247745000, 0.22357668, -0.5842926, -0.26633725
13099252759000, 0.33078352, -0.6420194, -0.26450464
13099258215000, 0.4373795, -0.73273283, -0.24862215
13099262792000, 0.53786683, -0.82344633, -0.2144137
13099267757000, 0.63529986, -0.9108001, -0.17104226
13099272754000, 0.72356987, -0.97219205, -0.13347405
13099277711000, 0.8362745, -0.9954049, -0.10354166
13099282767000, 0.9419542, -1.0036516, -0.09437868
13099287716000, 1.0668762, -1.001819, -0.07849618
13099292747000, 1.2165382, -1.0201449, -0.0571159
13099297706000, 1.3478742, -1.0338894, -0.035430185
13099302751000, 1.4126259, -1.0497719, -0.021685716
13099307698000, 1.565953, -1.0390818, -3.0543262E-4
13099312819000, 1.6820174, -0.9987647, 0.010995574
13099317656000, 1.7785342, -0.91690874, 0.008857546
13099322764000, 1.8637499, -0.81336707, 0.013744468
13099327831000, 1.9248364, -0.745561, 0.028405234
13099332765000, 1.9767599, -0.6899723, 0.052534413
13099337709000, 2.0082195, -0.66767573, 0.071776666
13099342753000, 2.058005, -0.6747007, 0.07971791
13099347852000, 2.1111503, -0.6969972, 0.08827003
13099352762000, 2.1859813, -0.7266242, 0.08124508
13099358047000, 2.2470677, -0.7583892, 0.053145275
13099362774000, 2.298075, -0.80939645, 0.015577064
13099368060000, 2.3051, -0.872621, -0.029321533
13099372751000, 2.2708917, -0.91507614, -0.06261369
13099377684000, 2.232407, -0.89888823, -0.10720685
13099382762000, 2.1991148, -0.8549059, -0.15149458
13099387690000, 2.1621575, -0.82863873, -0.2098322
13099392745000, 2.1200078, -0.8210029, -0.27885997
13099397747000, 2.0647244, -0.81031275, -0.3390302
13099402758000, 2.0292943, -0.7816021, -0.35735616
13099407716000, 1.9367483, -0.7113526, -0.39767328
13099412783000, 1.8781052, -0.57879484, -0.43218717
13099417770000, 1.8344283, -0.48838675, -0.45234573
13099422760000, 1.817935, -0.4364632, -0.4636467
13099427756000, 1.7956384, -0.41416663, -0.45723262
13099432771000, 1.754405, -0.37690386, -0.44532076
13099437761000, 1.733941, -0.31795537, -0.4147775
13099443419000, 1.7122552, -0.25259277, -0.38973203
13099447745000, 1.6777414, -0.17715092, -0.36651915
13099452759000, 1.6016886, -0.10934488, -0.35430184
13099457749000, 1.5381587, -0.007941248, -0.33017266
13099462790000, 1.4850134, 0.105374254, -0.321926
13099467767000, 1.4410311, 0.1731803, -0.3145956
13099472742000, 1.3924674, 0.17623462, -0.32986724
13099477907000, 1.3451253, 0.09590584, -0.3481932
13099482731000, 1.2867876, 0.09590584, -0.37904188
13099487747000, 1.2082914, -0.05497787, -0.42577308
13099492726000, 1.1313224, -0.046120327, -0.48075095
13099497814000, 1.0555751, -0.015882496, -0.5494733
13099502655000, 1.0256428, 0.044898596, -0.5830709
13099507769000, 0.92149025, 0.062308256, -0.62949663
13099513491000, 0.8698721, 0.09621128, -0.6942484
13099517764000, 0.763887, 0.1151481, -0.71593404
13099522687000, 0.72418076, 0.14752395, -0.7528914
13099527766000, 0.65668017, 0.16218472, -0.7825184
13099532728000, 0.59803706, 0.118507855, -0.82436264
13099537759000, 0.5103779, 0.0852157, -0.86406887
13099542732000, 0.39370266, 0.081855945, -0.8894198
13099547863000, 0.27275133, 0.12705997, -0.91996306
13099552742000, 0.16462818, 0.19547687, -0.9456194
13099557757000, 0.056505036, 0.26206118, -0.990518
13099562921000, -0.03573562, 0.32742378, -1.0192287
13099567765000, -0.10751228, 0.39675698, -1.0415252
13099572907000, -0.1414153, 0.44898596, -1.0650436
13099577767000, -0.1881465, 0.473726, -1.0848967
13099583219000, -0.20861048, 0.46853364, -1.1154399
13099587753000, -0.22418754, 0.4166101, -1.1386528
13099592696000, -0.23579398, 0.36713, -1.1511755
13099597771000, -0.24373524, 0.25442538, -1.1600331
13099602735000, -0.24587326, 0.12461651, -1.1746938
13099607774000, -0.25442538, 0.0027488936, -1.1725558
13099612794000, -0.28130344, -0.122478485, -1.1667526
13099617762000, -0.3286455, -0.23762658, -1.146594
13099622766000, -0.36682457, -0.31978795, -1.1258247
13099627734000, -0.4260785, -0.35033122, -1.099252
13099632764000, -0.47983465, -0.35430184, -1.0656544
13099637752000, -0.54733527, -0.33169982, -1.0280862
13099642744000, -0.59712076, -0.32467487, -0.9819659
13099647752000, -0.61391956, -0.32986724, -0.9425651
13099652956000, -0.6203337, -0.32467487, -0.8943067
13099657779000, -0.57848936, -0.2947425, -0.8518516
13099662792000, -0.56046885, -0.27855456, -0.8222246
13099667731000, -0.5198463, -0.23457226, -0.79504114
13099672721000, -0.4801401, -0.18509217, -0.7892379
13099678315000, -0.42088616, -0.12492194, -0.7678576
13099682741000, -0.3726278, -0.051618114, -0.7507534
13099687690000, -0.35002577, -0.025350908, -0.73364913
13099692749000, -0.32711834, 0.038179077, -0.70157874
13099697675000, -0.31215215, 0.0983493, -0.68325275
13099702644000, -0.30451632, 0.12095132, -0.643852
13099707679000, -0.30085114, 0.11484267, -0.59895337
13099712659000, -0.31612277, 0.06414085, -0.54092115
13099717640000, -0.31887165, 0.016798794, -0.48655418
13099722643000, -0.312763, -0.03573562, -0.41416663
13099727651000, -0.30024028, -0.0842994, -0.36071593
13099732644000, -0.27091873, -0.112399206, -0.30757064
13099737644000, -0.24556783, -0.13927728, -0.26725355
13099742627000, -0.18661933, -0.14355333, -0.22693644
13099747651000, -0.12308934, -0.13439035, -0.20005837
13099752693000, -0.06078109, -0.122478485, -0.17165314
13099757757000, -0.0030543262, -0.09621128, -0.13805555
13099762719000, 0.07696902, -0.0729984, -0.11301007
13099767712000, 0.12705997, -0.048563786, -0.080634214
13099772698000, 0.17104226, -0.0290161, -0.058643065
13099777694000, 0.19822577, -0.018325957, -0.046120327
13099782702000, 0.21166481, -0.015882496, -0.034208454
13099787696000, 0.226631, -0.016187929, -0.028099801
13099792695000, 0.2180789, -0.029932396, -0.029626964
13099797737000, 0.20525073, -0.044898596, -0.019547688
13099802753000, 0.18600847, -0.06963864, -0.014966198
13099807752000, 0.17928895, -0.08399397, -0.018020526
13099812713000, 0.16829337, -0.08368854, -0.019547688
13099817738000, 0.14538592, -0.09407325, -0.027488936
13099822716000, 0.12736541, -0.103847094, -0.028710667
13099827711000, 0.100792766, -0.09743301, -0.042455133
13099832733000, 0.059253927, -0.092240654, -0.051923547
13099838408000, 0.03023783, -0.089491755, -0.07086037
13099842706000, -0.0067195175, -0.07727446, -0.08032878
13099847801000, -0.059253927, -0.065973446, -0.084910266
13099852723000, -0.09162979, -0.064751714, -0.09468412
13099857767000, -0.12950343, -0.063224554, -0.102319926
13099862726000, -0.15210545, -0.061086524, -0.11453723
13099867734000, -0.15790866, -0.076052725, -0.11209377
13099872813000, -0.16218472, -0.0888809, -0.118202426
13099877739000, -0.16157386, -0.09896017, -0.11209377
13099882715000, -0.14080444, -0.10048734, -0.1133155
13099887724000, -0.13652839, -0.096516706, -0.12308934
13099892704000, -0.12736541, -0.0983493, -0.11911872
13099897761000, -0.111177474, -0.083383106, -0.13530666
13099902655000, -0.09437868, -0.07422013, -0.1423316
13099908360000, -0.06963864, -0.058643065, -0.14508049
13099912762000, -0.06536258, -0.059253927, -0.14813483
13099917777000, -0.059864793, -0.045814894, -0.15424347
13099922713000, -0.050701816, -0.03970624, -0.1563815
13099927719000, -0.04337143, -0.041233405, -0.15607607
13099932703000, -0.04886922, -0.049785517, -0.16249016
13099937724000, -0.04734206, -0.064751714, -0.16340645
13099942935000, -0.049785517, -0.074830994, -0.16371189
13099947742000, -0.0571159, -0.09254608, -0.16584991
13099952711000, -0.058948494, -0.10354166, -0.17440203
13099957775000, -0.06627888, -0.11026118, -0.16493362
13099962732000, -0.07269296, -0.12064589, -0.16340645
13099967733000, -0.08032878, -0.13133603, -0.16432275
13099972711000, -0.09193522, -0.13408493, -0.16523905
13099978020000, -0.093462385, -0.1432479, -0.16676621
13099982731000, -0.09315695, -0.1459968, -0.16340645
13099987759000, -0.09132435, -0.14263703, -0.16584991
13099992748000, -0.086132, -0.13622294, -0.1563815
13099997791000, -0.07971791, -0.13439035, -0.15454891
13100002932000, -0.079107046, -0.1160644, -0.14355333
13100007802000, -0.06963864, -0.100792766, -0.1432479
13100013155000, -0.062308256, -0.10415252, -0.13958271
13100017765000, -0.07086037, -0.11178834, -0.15577064
13100023019000, -0.07513642, -0.112399206, -0.15271631
13100027752000, -0.08093964, -0.11759156, -0.14844026
13100032666000, -0.06841691, -0.10751228, -0.14202617
13100037762000, -0.07513642, -0.101098195, -0.14996742
13100042683000, -0.083383106, -0.093767814, -0.13652839
13100047813000, -0.08368854, -0.040317107, -0.122478485
13100052727000, -0.09621128, -0.04337143, -0.122478485
13100057811000, -0.10903945, -0.0720821, -0.14049901
13100062718000, -0.106901415, -0.080634214, -0.14660765
13100067744000, -0.11453723, -0.0842994, -0.15088372
13100072735000, -0.12217305, -0.06780604, -0.13805555
13100077748000, -0.12705997, -0.063224554, -0.13744467
13100082771000, -0.12644911, -0.052839845, -0.13805555
13100087756000, -0.13988814, -0.050701816, -0.13622294
13100092731000, -0.1459968, -0.048258353, -0.13347405
13100097820000, -0.13469578, -0.040011674, -0.13072516
13100102764000, -0.13347405, -0.0290161, -0.12522738
13100107811000, -0.13775012, -0.03359759, -0.12186762
13100112811000, -0.12797627, -0.030543262, -0.11636983
13100117765000, -0.12736541, -0.028099801, -0.116980694
13100122766000, -0.12797627, -0.0290161, -0.10934488
13100127794000, -0.122478485, -0.03604105, -0.105374254
13100132765000, -0.106901415, -0.014660766, -0.09896017
13100137742000, -0.12583824, -0.01282817, -0.099265605
13100142753000, -0.13469578, 6.1086525E-4, -0.0842994
13100147773000, -0.12339478, 0.025045475, -0.07941248
13100152765000, -0.14721853, 0.06505715, -0.07666359
13100157801000, -0.14446963, 0.08735373, -0.062308256
13100163390000, -0.14172074, 0.105068825, -0.05497787
13100167754000, -0.13347405, 0.1255328, -0.03176499
13100172762000, -0.1301143, 0.14538592, -0.017104227
13100177736000, -0.1133155, 0.15118915, -0.0036651916
13100182770000, -0.09132435, 0.1591304, 0.013744468
13100187755000, -0.09132435, 0.18081611, 0.018936822
13100192742000, -0.0720821, 0.20158553, 0.023823744
13100197831000, -0.06536258, 0.18753563, 0.032986723
13100202760000, -0.03604105, 0.17898351, 0.03756821
13100207703000, -0.038179077, 0.15943582, 0.04184427
13100212807000, -0.023823744, 0.15118915, 0.03848451
13100217686000, -0.016493361, 0.14019357, 0.028710667
13100222762000, -0.013133603, 0.129198, 0.016493361
13100227668000, -0.01282817, 0.093767814, 0.007941248
13100233414000, -0.0036651916, 0.083383106, -0.008857546
13100237655000, -0.007941248, 0.06566802, -0.023518313
13100242760000, -0.010995574, 0.046120327, -0.032070424
13100247714000, -0.004886922, 0.023823744, -0.029321533
13100252766000, -0.013133603, 0.01282817, -0.028099801
13100257668000, -0.0067195175, -0.015271631, -0.048258353
13100262766000, -0.011301007, -0.029321533, -0.06078109
13100267683000, -0.004886922, -0.03756821, -0.067500606
13100272720000, -6.1086525E-4, -0.034208454, -0.08124508
13100277706000, -0.0067195175, -0.043982297, -0.073303826
13100282791000, -0.02443461, -0.045814894, -0.081855945
13100287687000, -0.016493361, -0.04062254, -0.09254608
13100292729000, -0.013439035, -0.026572637, -0.086132
13100297779000, -0.0125227375, -0.025961773, -0.086437434
13100303174000, 0.0018325958, -0.021380283, -0.08277224
13100307676000, 0.02443461, -0.0036651916, -0.08857546
13100312719000, 0.027794369, -0.02687807, -0.08460484
13100317706000, 0.032375857, -0.03940081, -0.07696902
13100322709000, 0.031154128, -0.04795292, -0.07147124
13100327766000, 0.030543262, -0.052534413, -0.06352998
13100332729000, 0.03390302, -0.06811147, -0.056199603
13100337729000, 0.032986723, -0.065973446, -0.04184427
13100342688000, 0.02565634, -0.061086524, -0.03726278
13100347762000, 0.022602014, -0.060170226, -0.028099801
13100352658000, 0.01740966, -0.058643065, -0.015271631
13100357721000, 0.024740042, -0.048258353, -0.0033597588
13100362674000, 0.026267206, -0.04153884, 0.010079277
13100367730000, 0.03176499, -0.03359759, 0.016493361
13100372682000, 0.032986723, -0.04153884, 0.02321288
13100377711000, 0.03634648, -0.03756821, 0.027794369
13100382696000, 0.040317107, -0.038789943, 0.032070424
13100387723000, 0.0290161, -0.042455133, 0.03940081
13100392679000, 0.03359759, -0.05131268, 0.038789943
13100397805000, 0.03726278, -0.05375614, 0.054367006
13100402988000, 0.029321533, -0.063224554, 0.056505036
13100407724000, 0.02443461, -0.059253927, 0.06047566
13100412729000, 0.021991149, -0.059253927, 0.06994407
13100417729000, 0.007941248, -0.06505715, 0.069027774
13100422659000, 0.006414085, -0.061086524, 0.06963864
13100427760000, 0.0030543262, -0.055283304, 0.06352998
13100432668000, 3.0543262E-4, -0.05222898, 0.061086524
13100437760000, -0.008857546, -0.05467244, 0.06352998
13100442679000, -0.013744468, -0.043982297, 0.06352998
13100447752000, -0.01160644, -0.042760566, 0.06505715
13100452794000, -0.014049901, -0.03940081, 0.053450707
13100457756000, -0.015577064, -0.03940081, 0.053450707
13100462776000, -0.01985312, -0.03848451, 0.054061573
13100467857000, -0.015882496, -0.036957346, 0.053145275
13100472752000, -0.011301007, -0.03481932, 0.053450707
13100477753000, -0.009162978, -0.03604105, 0.055588737
13100482815000, -0.01863139, -0.036651913, 0.057421334
13100488302000, -0.022602014, -0.030848695, 0.061086524
13100492708000, -0.021991149, -0.016187929, 0.06658431
13100497762000, -0.024129177, -0.017715093, 0.062002823
13100502790000, -0.0067195175, -0.008857546, 0.070554934
13100507719000, -0.0125227375, 0.0021380284, 0.06994407
13100512816000, -0.014049901, -6.1086525E-4, 0.076358154
13100517809000, -0.011911872, 0.005497787, 0.08093964
13100522812000, -0.009773844, -0.004886922, 0.081855945
13100527709000, -0.0015271631, -3.0543262E-4, 0.09010262
13100532732000, -0.0021380284, -0.0070249503, 0.098043874
13100537725000, 0.009468411, -0.008552114, 0.105068825
13100542703000, 0.016187929, -0.004581489, 0.098043874
13100547736000, 0.022296581, -0.010079277, 0.095294975
13100552730000, 0.03268129, -0.02107485, 0.09896017
13100558372000, 0.03604105, -0.023518313, 0.09896017
13100562728000, 0.034208454, -0.027794369, 0.09407325
13100567728000, 0.040011674, -0.036957346, 0.09040806
13100572724000, 0.032375857, -0.04520403, 0.09590584
13100577698000, 0.033292156, -0.03726278, 0.09712757
13100582765000, 0.03268129, -0.03481932, 0.09010262
13100587739000, 0.04153884, -0.040317107, 0.09010262
13100592747000, 0.04550946, -0.048563786, 0.08979719
13100597775000, 0.032070424, -0.047647487, 0.09193522
13100602749000, 0.03481932, -0.03848451, 0.09285152
13100607655000, 0.030848695, -0.03970624, 0.087964594
13100612733000, 0.030543262, -0.03634648, 0.09162979
13100617734000, 0.027488936, -0.035430185, 0.087659165
13100622807000, 0.019547688, -0.028099801, 0.09437868
13100628196000, 0.025045475, -0.02443461, 0.095294975
13100632769000, 0.033292156, -0.018020526, 0.09285152
13100637728000, 0.025350908, -0.017715093, 0.092240654
13100642766000, 0.021991149, -0.021685716, 0.0842994
13100647810000, 0.019547688, -0.019547688, 0.08093964
13100652721000, 0.014660766, -0.01160644, 0.08827003
13100657670000, 0.013439035, -0.0143553335, 0.087659165
13100662722000, 0.016187929, -0.01740966, 0.077579886
13100667672000, 0.017715093, -0.018936822, 0.082161374
13100672727000, 0.012217305, -0.008857546, 0.0842994
13100677666000, 0.013439035, -0.0106901415, 0.073303826
13100682700000, 0.021685716, 0.0021380284, 0.06811147
13100687668000, 0.007330383, -0.0030543262, 0.06780604
13100692728000, 0.019242255, 0.0018325958, 0.069027774
13100697928000, 0.021380283, 0.011911872, 0.0720821
13100702763000, 0.016493361, 0.009773844, 0.06811147
13100707751000, 0.02565634, 0.009162978, 0.08002335
13100712775000, 0.01282817, 0.009162978, 0.08093964
13100717776000, 0.0143553335, 0.0143553335, 0.071776666
13100722734000, 0.017104227, 0.0061086523, 0.07269296
13100727710000, 0.017715093, 0.016798794, 0.065973446
13100732730000, 0.018020526, 0.017715093, 0.07086037
13100737722000, 0.008246681, 0.004276057, 0.07422013
13100742701000, 0.002443461, 0.009773844, 0.0711658
13100747753000, 0.0076358155, 0.010079277, 0.0729984
13100752758000, -6.1086525E-4, 0.01038471, 0.079107046
13100757757000, -0.0027488936, 0.010079277, 0.0693332
13100762785000, -0.008857546, 0.003970624, 0.079107046
13100767765000, -0.0027488936, -3.0543262E-4, 0.07422013
13100772748000, 0.0021380284, 0.0021380284, 0.0729984
13100777759000, 6.1086525E-4, 3.0543262E-4, 0.069027774
13100782766000, -0.014660766, -0.004581489, 0.07269296
13100787749000, -0.009468411, 0.004581489, 0.06872234
13100792757000, -0.01282817, 0.0036651916, 0.06841691
13100797849000, -0.0106901415, 9.162979E-4, 0.07147124
13100802756000, -0.015271631, -0.002443461, 0.065973446
13100807755000, -0.007330383, 0.009773844, 0.06536258
13100812832000, -0.015271631, 0.002443461, 0.05222898
13100817853000, -0.010079277, 0.0027488936, 0.05497787
13100822755000, -0.014660766, 9.162979E-4, 0.056505036
13100827752000, -0.018020526, 0.004886922, 0.051923547
13100832762000, -0.004276057, -0.006414085, 0.039095376
13100837744000, -0.002443461, -0.01038471, 0.035124753
13100842743000, -0.0021380284, -0.007941248, 0.034208454
13100847768000, -0.01160644, -0.0070249503, 0.03023783
13100852688000, -0.0125227375, -0.01160644, 0.037873644
13100857748000, 0.005192355, -0.008857546, 0.03634648
13100862723000, -0.0030543262, -0.004886922, 0.023823744
13100867754000, -0.004581489, -9.162979E-4, 0.03176499
13100872700000, -0.009773844, -0.009773844, 0.025961773
13100877748000, -0.0033597588, -0.004276057, 0.03604105
13100882663000, -9.162979E-4, 0.0070249503, 0.023823744
13100887756000, -0.013439035, -0.009773844, 0.03145956
13100892674000, -0.004581489, -0.008552114, 0.018325957
13100897814000, -0.0030543262, 0.003970624, 0.022602014
13100902654000, -0.0012217305, 0.0015271631, 0.024740042
13100907752000, -0.002443461, -6.1086525E-4, 0.021685716
13100912726000, -0.0012217305, -0.006414085, 0.0290161
13100917772000, 0.004581489, -0.004276057, 0.021685716
13100922700000, -6.1086525E-4, 0.003970624, 0.020463986
13100927749000, -0.0018325958, -0.0030543262, 0.01740966
13100932728000, -0.0067195175, -0.008857546, 0.011301007
13100937756000, -0.010995574, -0.014049901, 0.00580322
13100942746000, -0.0070249503, -0.0067195175, 0.004581489
13100947756000, -0.016187929, -0.007941248, 6.1086525E-4
13100952692000, -0.01282817, -0.002443461, 6.1086525E-4
13100957754000, -0.027488936, -0.005497787, -0.0018325958
13100962769000, -0.024129177, -0.005192355, -0.0030543262
13100967761000, -0.03023783, -0.004886922, 0.005192355
13100972918000, -0.03359759, -0.0033597588, -6.1086525E-4
13100977762000, -0.04520403, 0.0061086523, 6.1086525E-4
13100983083000, -0.04734206, 0.007941248, 0.0015271631
13100987761000, -0.04795292, 0.0070249503, -0.0061086523
13100992734000, -0.028099801, 0.013744468, 0.0030543262
13100997836000, -0.043676864, 0.016187929, 0.002443461
13101002661000, -0.035430185, 0.0070249503, -0.0012217305
13101007757000, -0.034513887, 0.015271631, 0.007941248
13101012712000, -0.030848695, 0.0143553335, 0.0061086523
13101017759000, -0.021380283, 0.013744468, 0.009162978
13101022703000, -0.032070424, 0.007941248, 0.008552114
13101027759000, -0.027794369, 0.0027488936, 0.014660766
13101032719000, -0.022907447, 0.0027488936, 0.004581489
13101037758000, -0.015271631, 0.0076358155, 0.0061086523
13101042774000, -0.02443461, 0.0036651916, 0.012217305
13101047749000, -0.025045475, -0.007330383, 0.009468411
13101052786000, -0.017715093, 6.1086525E-4, 0.015577064
13101057749000, -0.020158553, 9.162979E-4, 0.01038471
13101062731000, -0.016187929, 0.0018325958, 0.005497787
13101067729000, -0.019547688, 0.0018325958, 0.007330383
13101072719000, -0.026572637, -0.005497787, 0.008246681
13101077722000, -0.020158553, -0.007941248, 0.009162978
13101082752000, -0.017715093, -6.1086525E-4, 0.018325957
13101087657000, -0.018325957, -9.162979E-4, 0.010079277
13101092713000, -0.03023783, -0.0125227375, 0.0070249503
13101097760000, -0.021685716, -0.009773844, 0.017104227
13101102726000, -0.021991149, -0.0015271631, 0.01985312
13101107691000, -0.015271631, -3.0543262E-4, 0.025961773
13101112742000, -0.017104227, 0.0012217305, 0.023823744
13101117702000, -0.02687807, -0.009468411, 0.030543262
13101122720000, -0.016493361, -0.0018325958, 0.024740042
13101127700000, -0.010079277, 0.0027488936, 0.026572637
13101132739000, -0.004581489, 0.008246681, 0.029626964
13101137733000, 6.1086525E-4, 0.0015271631, 0.025961773
13101142724000, -0.009773844, 0.004276057, 0.021685716
13101147764000, -0.005497787, -0.002443461, 0.030848695
13101152729000, 0.008552114, -0.009162978, 0.016493361
13101157718000, -0.004581489, 0.004581489, 0.02076942
13101162730000, 0.005497787, -0.0030543262, 0.023823744
13101167724000, -6.1086525E-4, 0.0033597588, 0.024740042
13101172718000, -0.009162978, -0.009773844, 0.007941248
13101177740000, 3.0543262E-4, -0.015882496, 0.009468411
13101182741000, -0.016798794, -0.015271631, 0.0106901415
13101188068000, -0.013744468, -0.009773844, 0.012217305
13101192721000, -0.01038471, 6.1086525E-4, 0.00580322
13101197734000, -0.013439035, 6.1086525E-4, 0.0125227375
13101202726000, -0.023518313, -0.0030543262, 0.010079277
13101208016000, -0.03268129, -0.003970624, 0.009773844
13101212747000, -0.022602014, -0.0015271631, 0.009162978
13101217702000, -0.02443461, 0.008246681, 0.008552114
13101222718000, -0.022907447, 0.011301007, 0.011301007
13101227712000, -0.03573562, 0.016798794, 0.003970624
13101232734000, -0.032070424, 0.007330383, 0.011301007
13101237655000, -0.03176499, 0.00580322, 0.009468411
13101242708000, -0.023518313, 0.0070249503, 0.005192355
13101247721000, -0.029626964, 0.014966198, 0.00580322
13101252727000, -0.029321533, 0.013439035, 0.006414085
13101257652000, -0.030848695, 0.011911872, 0.012217305
13101262742000, -0.035124753, 0.013439035, 0.0106901415
13101267667000, -0.039095376, 0.009468411, 0.010079277
13101272723000, -0.03756821, 0.006414085, 0.01160644
13101277706000, -0.038179077, 3.0543262E-4, 0.007941248
13101282771000, -0.026267206, 0.0012217305, 0.009468411
13101287731000, -0.023823744, -9.162979E-4, 0.004276057
13101292749000, -0.028405234, 0.0030543262, 0.008857546
13101297787000, -0.041233405, -0.007330383, 0.007941248
13101302763000, -0.026267206, -0.0070249503, 0.010995574
13101307773000, -0.026572637, -0.0027488936, 0.013133603
13101312800000, -0.029932396, -0.011301007, 0.005497787
13101317786000, -0.03145956, -0.009162978, 0.0106901415
13101322754000, -0.02443461, -0.010995574, 0.0070249503
13101327753000, -0.02565634, -0.008552114, 0.01282817
13101332768000, -0.024129177, -0.009468411, 0.011911872
13101337759000, -0.0125227375, -0.004276057, 0.017104227
13101342757000, -0.01863139, -0.007330383, 0.0106901415
13101347768000, -0.014966198, -0.01038471, 0.010995574
13101352761000, -0.016493361, -0.004276057, 0.018325957
13101357766000, -0.014049901, -0.005192355, 0.013744468
13101362765000, -0.003970624, -0.0015271631, 0.011911872
13101367769000, -0.012217305, 0.0018325958, 0.017715093
13101372752000, -0.02107485, 0.007941248, 0.013744468
13101377759000, -0.022907447, 0.01160644, 0.016187929
13101382763000, -0.026267206, 0.013744468, 0.014660766
13101387761000, -0.025961773, 0.0012217305, 0.013133603
13101392758000, -0.03176499, 0.0036651916, 0.018020526
13101397817000, -0.02443461, 0.0143553335, 0.017715093
13101402761000, -0.03023783, 0.0106901415, 0.015577064
13101407762000, -0.027794369, 0.0030543262, 0.013744468
13101412748000, -0.025350908, 0.014049901, 0.02076942
13101417768000, -0.032070424, 9.162979E-4, 0.0143553335
13101422711000, -0.023823744, 0.004886922, 0.0125227375
13101427755000, -0.02076942, 0.014660766, 0.013439035
13101432694000, -0.02687807, 0.010079277, 0.01038471
13101437765000, -0.03145956, 0.018020526, 0.012217305
13101442673000, -0.038789943, 0.008552114, 0.010995574
13101447774000, -0.027794369, 0.009162978, 0.014966198
13101452653000, -0.025961773, 0.014660766, 0.013744468
13101457764000, -0.03176499, 0.013439035, 0.013439035
13101462693000, -0.03359759, 0.010079277, 0.0125227375
13101467765000, -0.028405234, 0.0070249503, 0.007941248
13101472675000, -0.02076942, 0.013744468, 0.0070249503
13101477758000, -0.025350908, 0.009162978, 0.0067195175
13101482688000, -0.029321533, 0.008857546, 0.008246681
13101487762000, -0.031154128, 0.0067195175, 0.013744468
13101492718000, -0.023823744, 0.0076358155, 0.012217305
13101497847000, -0.020463986, 0.0076358155, 0.008857546
13101502713000, -0.01863139, -0.0027488936, 0.00580322
13101507762000, -0.007941248, -0.004276057, 0.0106901415
13101512744000, -0.022907447, -0.0015271631, 0.010079277
13101517765000, -0.007941248, 0.004581489, -0.0018325958
13101522735000, -0.005497787, 0.0030543262, 0.009773844
13101527759000, -0.01863139, -0.0033597588, 0.006414085
13101532848000, -0.016187929, -0.01160644, 0.008552114
13101537763000, -0.0125227375, 0.0021380284, 0.009162978
13101542741000, -0.011911872, 0.003970624, 0.011301007
13101547751000, -0.028099801, 0.0015271631, 0.0061086523
13101552660000, -0.021380283, 0.004276057, 0.0061086523
13101557757000, -0.028099801, 0.004276057, 0.006414085
13101562694000, -0.01985312, 0.0033597588, 0.008857546
13101567739000, -0.035124753, 0.005192355, 0.008857546
13101572655000, -0.024129177, 0.0018325958, 0.009468411
13101577710000, -0.03359759, 0.0030543262, 0.008552114
13101582696000, -0.028710667, 0.01160644, 0.010995574
13101587758000, -0.03268129, 0.009773844, 0.012217305
13101592756000, -0.035430185, 0.008857546, 0.014966198
13101597800000, -0.028710667, 0.008857546, 0.012217305
13101602706000, -0.035124753, 0.010079277, 0.018325957
13101607760000, -0.024740042, 0.015882496, 0.014660766
13101612748000, -0.026267206, 0.02107485, 0.016798794
