#Rate of rotation around the x y z axes (Angular velocity).
#timestamp(ns),x,y,z(rad/s)
#Datetime: 07/04/2015 13:34:04
##########################################
#Activity: 8 - CSI - Car-Step in - 6s
#Subject ID: 45
#First Name: sub45
#Last Name: sub45
#Age: 26
#Height(cm): 175
#Weight(kg): 92
#Gender: Male
##########################################

@DATA
1245108192000, -0.028099801, 0.06383542, 0.021991149
1245113179000, -0.028710667, 0.07574729, 0.018325957
1245118188000, -0.027488936, 0.06352998, 0.022296581
1245123194000, -0.03390302, 0.067500606, 0.018936822
1245128186000, -0.04917465, 0.06566802, 0.021991149
1245133177000, -0.040927973, 0.07544186, 0.022907447
1245138162000, -0.042760566, 0.07360926, 0.016798794
1245143191000, -0.04917465, 0.07422013, 0.021991149
1245148183000, -0.05467244, 0.070554934, 0.030543262
1245153200000, -0.0580322, 0.07849618, 0.02107485
1245158914000, -0.049785517, 0.07819075, 0.01985312
1245163182000, -0.041233405, 0.08674286, 0.01985312
1245168190000, -0.046731193, 0.09712757, 0.018020526
1245173202000, -0.039095376, 0.10354166, 0.014966198
1245178188000, -0.033292156, 0.112399206, 0.016187929
1245183190000, -0.036957346, 0.1133155, 0.008246681
1245188209000, -0.035430185, 0.10842858, 0.014049901
1245193191000, -0.030848695, 0.11209377, 0.019547688
1245198191000, -0.023823744, 0.1142318, 0.011911872
1245203218000, -0.021991149, 0.12736541, 0.008857546
1245208195000, -0.032986723, 0.12064589, 0.009773844
1245213186000, -0.032070424, 0.112704635, 0.01740966
1245218269000, -0.02687807, 0.10934488, 0.017104227
1245223193000, -0.025045475, 0.12339478, 0.022602014
1245228520000, -0.021991149, 0.11209377, 0.015882496
1245233176000, -0.017715093, 0.113926366, 0.01038471
1245238195000, -0.019547688, 0.10262536, 0.012217305
1245243191000, -0.024740042, 0.1001819, 0.013744468
1245248166000, -0.027794369, 0.09590584, 0.019547688
1245253279000, -0.02076942, 0.10293079, 0.023823744
1245258192000, -0.020463986, 0.099265605, 0.025045475
1245263220000, -0.01160644, 0.09040806, 0.027183503
1245268188000, -0.01282817, 0.10629055, 0.029932396
1245273223000, -0.0125227375, 0.11148291, 0.0290161
1245278193000, -0.010995574, 0.10476339, 0.022907447
1245283181000, -0.013133603, 0.111177474, 0.022907447
1245288130000, -0.0033597588, 0.12339478, 0.024129177
1245293195000, 0.005497787, 0.12980886, 0.022907447
1245298311000, 0.0021380284, 0.1386664, 0.024740042
1245303238000, -0.0012217305, 0.13041973, 0.022907447
1245308160000, -0.005192355, 0.12889257, 0.014660766
1245313196000, -0.007330383, 0.13439035, 0.020158553
1245318194000, -0.007941248, 0.12492194, 0.016493361
1245323206000, -0.0061086523, 0.118202426, 0.022907447
1245328169000, -0.021380283, 0.096516706, 0.02076942
1245333182000, -0.025045475, 0.0888809, 0.03023783
1245338203000, -0.020463986, 0.08735373, 0.028405234
1245343199000, -0.029932396, 0.07574729, 0.034513887
1245348209000, -0.028099801, 0.06505715, 0.031154128
1245353218000, -0.028405234, 0.06047566, 0.025961773
1245358193000, -0.037873644, 0.067500606, 0.030543262
1245363185000, -0.034513887, 0.074830994, 0.02565634
1245368190000, -0.033292156, 0.08277224, 0.021380283
1245373205000, -0.040011674, 0.09101892, 0.022907447
1245378125000, -0.034513887, 0.09560041, 0.013439035
1245383173000, -0.03390302, 0.09743301, 0.013439035
1245388132000, -0.040011674, 0.10415252, 0.010995574
1245393199000, -0.038789943, 0.10293079, 0.004886922
1245398147000, -0.051618114, 0.10598512, 0.005192355
1245403256000, -0.053145275, 0.1133155, 0.009773844
1245408159000, -0.06505715, 0.11453723, 9.162979E-4
1245413245000, -0.065973446, 0.10842858, 0.005497787
1245418206000, -0.0720821, 0.106901415, 0.004581489
1245423193000, -0.09468412, 0.10567969, -0.009468411
1245428189000, -0.10629055, 0.10598512, -0.004276057
1245433206000, -0.12308934, 0.10476339, -0.013439035
1245438226000, -0.13988814, 0.10751228, -0.022602014
1245443245000, -0.1600467, 0.11178834, -0.0290161
1245448198000, -0.16829337, 0.11942416, -0.032986723
1245453250000, -0.19486602, 0.13469578, -0.036957346
1245458193000, -0.2134974, 0.15210545, -0.038789943
1245463200000, -0.22021692, 0.1777618, -0.035430185
1245468206000, -0.23671028, 0.20189096, -0.05009095
1245473200000, -0.23701571, 0.24312437, -0.049785517
1245478191000, -0.24404067, 0.26450464, -0.046731193
1245483754000, -0.24465153, 0.26542094, -0.038179077
1245488205000, -0.23945917, 0.26206118, -0.04184427
1245493188000, -0.226631, 0.27977628, -0.04550946
1245498170000, -0.2312125, 0.30940324, -0.04062254
1245503256000, -0.23335053, 0.33414328, -0.028710667
1245508255000, -0.24740042, 0.34880406, -0.024129177
1245513184000, -0.2501493, 0.36285394, -0.03176499
1245518205000, -0.25167647, 0.38606682, -0.025961773
1245523191000, -0.25992316, 0.4092797, -0.021685716
1245528187000, -0.27672195, 0.42760566, -0.026572637
1245533173000, -0.28130344, 0.4538729, -0.01985312
1245538160000, -0.30879238, 0.4831944, -0.020158553
1245543151000, -0.31245756, 0.5170974, -0.020463986
1245548170000, -0.33567044, 0.54641896, -0.029932396
1245553902000, -0.344528, 0.57971114, -0.019547688
1245558197000, -0.36071593, 0.59803706, -0.01863139
1245563123000, -0.36560285, 0.63407815, -0.020463986
1245568191000, -0.38698313, 0.67011917, -0.013133603
1245573174000, -0.3933972, 0.70096785, -0.0143553335
1245578237000, -0.398895, 0.7156286, -0.01038471
1245583194000, -0.39370266, 0.72173727, -0.0067195175
1245588234000, -0.3827071, 0.72082096, -0.0067195175
1245593156000, -0.37843102, 0.7049385, 0.01038471
1245598158000, -0.3726278, 0.6826419, 0.015271631
1245603267000, -0.37201694, 0.6469063, 0.022907447
1245608275000, -0.36193767, 0.61575216, 0.019242255
1245613201000, -0.3475823, 0.5919284, 0.020463986
1245618250000, -0.34697145, 0.559858, 0.019547688
1245623610000, -0.3436117, 0.5198463, 0.024129177
1245628225000, -0.3387248, 0.48838675, 0.018020526
1245633146000, -0.32345316, 0.46089783, 0.013744468
1245638231000, -0.312763, 0.43493605, 0.014049901
1245643124000, -0.30879238, 0.40133846, 0.014966198
1245648219000, -0.30451632, 0.37232238, -0.004886922
1245653193000, -0.30268374, 0.36896262, -0.0070249503
1245658227000, -0.30176744, 0.35033122, -0.010995574
1245663165000, -0.30940324, 0.3567453, -0.023823744
1245668252000, -0.32162055, 0.36835176, -0.038179077
1245673178000, -0.33292156, 0.38820487, -0.046731193
1245678222000, -0.35705075, 0.40011674, -0.0571159
1245683217000, -0.37904188, 0.4098906, -0.067500606
1245688232000, -0.41996986, 0.41599923, -0.06841691
1245693198000, -0.44135013, 0.40317106, -0.07269296
1245698207000, -0.47525316, 0.39828414, -0.0693332
1245703187000, -0.5045747, 0.3744604, -0.06505715
1245708198000, -0.5360342, 0.36010507, -0.06688975
1245713180000, -0.5448918, 0.33628133, -0.06352998
1245718201000, -0.5580254, 0.33200526, -0.054061573
1245723242000, -0.56596667, 0.31673363, -0.045814894
1245728223000, -0.5448918, 0.32375857, -0.0421497
1245733165000, -0.5335908, 0.32620203, -0.032375857
1245739296000, -0.50854534, 0.34269542, -0.025350908
1245743228000, -0.50488013, 0.35460728, -0.025961773
1245748223000, -0.50732356, 0.36865717, -0.021380283
1245753251000, -0.516792, 0.38087448, -0.028099801
1245758233000, -0.5329799, 0.3930918, -0.025350908
1245763212000, -0.5635232, 0.39553526, -0.028405234
1245768264000, -0.6035349, 0.40286562, -0.040927973
1245773244000, -0.6404922, 0.419359, -0.04642576
1245778222000, -0.68111473, 0.43127087, -0.05009095
1245783177000, -0.711658, 0.44501534, -0.052534413
1245788161000, -0.729984, 0.47708577, -0.046731193
1245793191000, -0.74128497, 0.5149594, -0.047647487
1245798180000, -0.72112644, 0.5540548, -0.044593163
1245803220000, -0.7174612, 0.6053675, -0.034208454
1245808795000, -0.68111473, 0.66950834, -0.01740966
1245813186000, -0.6441574, 0.7281514, 0.007941248
1245818343000, -0.58551437, 0.7715228, 0.028099801
1245823203000, -0.51923543, 0.80664754, 0.056199603
1245828186000, -0.43249258, 0.84482664, 0.09254608
1245833175000, -0.32834008, 0.91874135, 0.12064589
1245838162000, -0.2275473, 1.0064005, 0.1563815
1245843191000, -0.13347405, 1.0458013, 0.19303341
1245848332000, -0.03756821, 1.16492, 0.20463985
1245853209000, 0.056199603, 1.2073752, 0.21502456
1245858169000, 0.09468412, 1.3002267, 0.23884831
1245863152000, 0.16523905, 1.3927728, 0.24190263
1245868188000, 0.22143865, 1.4694363, 0.23915374
1245873160000, 0.27000242, 1.5552629, 0.23579398
1245878710000, 0.28924468, 1.6303993, 0.226631
1245883170000, 0.3286455, 1.702176, 0.22204952
1245888139000, 0.33841935, 1.7644843, 0.21074851
1245893177000, 0.3268129, 1.781283, 0.18875736
1245898144000, 0.3118467, 1.7693712, 0.18936823
1245903087000, 0.27672195, 1.7400496, 0.18845193
1245908068000, 0.23304509, 1.68385, 0.19211712
1245913107000, 0.19792034, 1.6270396, 0.21074851
1245918089000, 0.160963, 1.5937474, 0.2406809
1245923109000, 0.1386664, 1.5760323, 0.2941316
1245928062000, 0.13561209, 1.568702, 0.32620203
1245933124000, 0.14569137, 1.5864171, 0.34697145
1245938067000, 0.14844026, 1.5916094, 0.35979962
1245943107000, 0.13255776, 1.6022996, 0.36682457
1245948177000, 0.11728613, 1.5995506, 0.41172317
1245953169000, 0.07544186, 1.5858061, 0.46486846
1245958194000, -0.0125227375, 1.5848899, 0.56077427
1245963117000, -0.12186762, 1.5815301, 0.66859204
1245968226000, -0.2507602, 1.5922203, 0.7846564
1245973142000, -0.34574974, 1.5806139, 0.93951076
1245978188000, -0.37201694, 1.534799, 1.1038336
1245983156000, -0.34025195, 1.4801265, 1.2644911
1245988203000, -0.24220806, 1.4703526, 1.4162911
1245993155000, -0.11759156, 1.4657712, 1.5491543
1245998205000, 0.039095376, 1.4596626, 1.65911
1246003226000, 0.23793201, 1.5580118, 1.7055358
1246008192000, 0.45723262, 1.7305813, 1.7363845
1246013291000, 0.643852, 1.9004018, 1.6771306
1246018551000, 0.7892379, 2.0790799, 1.5806139
1246023131000, 0.8961393, 2.2391264, 1.4905112
1246028189000, 0.91629785, 2.3267858, 1.4413365
1246033153000, 0.86467975, 2.3542747, 1.3768903
1246038198000, 0.7254025, 2.2766948, 1.2846496
1246043157000, 0.56077427, 2.1951442, 1.219287
1246048195000, 0.48380527, 2.0595322, 1.074512
1246053211000, 0.31642818, 2.053729, 0.9202685
1246058193000, 0.101098195, 2.1813998, 0.8054258
1246063165000, -0.13408493, 2.3829854, 0.7150178
1246068177000, -0.35643986, 2.6169467, 0.61086524
1246073198000, -0.5653558, 2.8139508, 0.50610185
1246078186000, -0.73364913, 2.9969049, 0.41050145
1246083175000, -0.850019, 3.193909, 0.33505958
1246088204000, -0.9440922, 3.3512068, 0.25442538
1246093192000, -0.9868528, 3.414126, 0.16920967
1246098218000, -0.9737192, 3.4492507, 0.113926366
1246103263000, -0.96852684, 3.4083226, 0.064446285
1246108188000, -0.9300423, 3.3157766, 0.021380283
1246113227000, -0.8539896, 3.1429017, -0.032375857
1246118180000, -0.7476991, 2.8933632, -0.08827003
1246123157000, -0.6282749, 2.5961773, -0.14477506
1246128192000, -0.52656585, 2.2559254, -0.2144137
1246133921000, -0.43188173, 1.8787161, -0.28771752
1246138187000, -0.35216382, 1.67316, -0.36346483
1246143185000, -0.2666427, 1.2568552, -0.39675698
1246148199000, -0.23151793, 0.8765916, -0.4373795
1246153208000, -0.14385876, 0.57635134, -0.473726
1246158156000, -0.06963864, 0.3436117, -0.505491
1246163182000, -0.022602014, 0.16218472, -0.535118
1246168208000, 0.03573562, 0.029626964, -0.56199604
1246173200000, 0.07880162, -0.04153884, -0.5748242
1246178190000, 0.13530666, -0.11026118, -0.5928447
1246183185000, 0.17654006, -0.24495697, -0.60231316
1246188187000, 0.22113322, -0.4560109, -0.57940567
1246193192000, 0.27458394, -0.72143185, -0.5558874
1246198173000, 0.34208453, -0.95386606, -0.49938235
1246204192000, 0.39950588, -1.1246029, -0.39675698
1246208202000, 0.4474588, -1.2302825, -0.2773328
1246213179000, 0.4605924, -1.2556335, -0.115453534
1246218233000, 0.4841107, -1.178359, 0.03848451
1246223199000, 0.49877146, -1.0152581, 0.15424347
1246228202000, 0.48563787, -0.8026769, 0.23609942
1246233187000, 0.47342056, -0.5839872, 0.25778514
1246238197000, 0.45265114, -0.4615087, 0.24953845
1246243190000, 0.4269948, -0.21471913, 0.2275473
1246248201000, 0.3585779, 0.053145275, 0.18692477
1246253201000, 0.29626966, 0.28680122, 0.14294247
1246258383000, 0.23945917, 0.48930305, 0.10140363
1246263188000, 0.20891592, 0.698219, 0.069027774
1246268447000, 0.15974127, 0.8979719, 0.04734206
1246273375000, 0.12186762, 1.112691, 0.053450707
1246278164000, 0.0580322, 1.2767084, 0.034208454
1246283185000, -0.028099801, 1.4086553, 0.01740966
1246288538000, -0.1160644, 1.4165965, 0.014049901
1246293190000, -0.18295415, 1.3381003, 0.020158553
1246298190000, -0.25778514, 1.2287555, 0.014049901
1246303212000, -0.32253686, 1.1438452, 0.018936822
1246308128000, -0.38606682, 1.0885619, 0.01740966
1246313187000, -0.45051312, 1.02717, 0.01282817
1246318173000, -0.5177083, 0.9816604, 0.0076358155
1246323197000, -0.57604593, 0.9239337, 0.015271631
1246328189000, -0.6218608, 0.8695667, 6.1086525E-4
1246333181000, -0.659429, 0.86529064, -0.0076358155
1246338157000, -0.6805039, 0.8756753, -0.01282817
1246343159000, -0.68416905, 0.9242391, -0.009773844
1246348206000, -0.6808093, 1.0045679, 0.0076358155
1246353194000, -0.67164636, 1.1029172, 0.027488936
1246358196000, -0.66156703, 1.1890492, 0.05375614
1246363188000, -0.6453791, 1.219287, 0.06963864
1246368235000, -0.6239988, 1.212262, 0.08277224
1246373191000, -0.5934556, 1.2000448, 0.07147124
1246378187000, -0.5681047, 1.1786644, 0.06872234
1246383169000, -0.5458081, 1.1572843, 0.07819075
1246388206000, -0.5161811, 1.1407908, 0.090713486
1246393191000, -0.49296826, 1.1386528, 0.1020145
1246398218000, -0.4804455, 1.1850786, 0.087964594
1246403228000, -0.5290093, 1.2443326, 0.08735373
1246408254000, -0.6001751, 1.2687671, 0.10323623
1246413159000, -0.6407976, 1.2479976, 0.1160644
1246418179000, -0.64721173, 1.1924089, 0.116980694
1246423181000, -0.61758476, 1.1417072, 0.116980694
1246428191000, -0.600786, 1.1429288, 0.09987647
1246433181000, -0.5849035, 1.1417072, 0.101098195
1246438168000, -0.5684101, 1.1456778, 0.103847094
1246443127000, -0.5161811, 1.1612549, 0.10262536
1246448186000, -0.45753807, 1.180497, 0.101098195
1246453178000, -0.4034765, 1.180497, 0.0983493
1246458976000, -0.33841935, 1.1841623, 0.09285152
1246463122000, -0.2919936, 1.1808025, 0.08032878
1246468189000, -0.27091873, 1.1600331, 0.08093964
1246473170000, -0.25045475, 1.1129965, 0.07849618
1246478190000, -0.23854288, 1.0754282, 0.08277224
1246483160000, -0.25350907, 1.0268645, 0.09132435
1246488200000, -0.27458394, 0.9550878, 0.1151481
1246493162000, -0.2764165, 0.89736104, 0.14294247
1246498170000, -0.2941316, 0.8356637, 0.17470746
1246503278000, -0.29810223, 0.7825184, 0.19272798
1246508194000, -0.31642818, 0.7715228, 0.20830505
1246513223000, -0.3491095, 0.79351395, 0.24312437
1246518201000, -0.3915646, 0.84482664, 0.2751948
1246523209000, -0.42852196, 0.9098838, 0.2968805
1246528961000, -0.47433686, 0.9822713, 0.3200934
1246533166000, -0.52290064, 1.0128145, 0.33475417
1246538171000, -0.5338962, 1.0742066, 0.34880406
1246543186000, -0.57635134, 1.1212431, 0.34880406
1246548201000, -0.6236934, 1.1780536, 0.35246924
1246553284000, -0.6606508, 1.2183707, 0.36651915
1246558220000, -0.700357, 1.2492194, 0.38148534
1246563189000, -0.7324274, 1.2525792, 0.39553526
1246568233000, -0.7324274, 1.2308935, 0.4034765
1246573239000, -0.7275405, 1.1863003, 0.41355577
1246578208000, -0.6795876, 1.1304061, 0.42119157
1246583228000, -0.63041294, 1.0690142, 0.44012842
1246588178000, -0.5671884, 1.006095, 0.44226643
1246593224000, -0.50518554, 0.958753, 0.4382958
1246598323000, -0.4709771, 0.9147707, 0.44226643
1246603311000, -0.42424592, 0.8597928, 0.43066
1246608173000, -0.36254853, 0.82344633, 0.42302418
1246613214000, -0.30634892, 0.7828238, 0.4184427
1246618160000, -0.24648413, 0.7058548, 0.41416663
1246623246000, -0.19547687, 0.61758476, 0.40561453
1246628120000, -0.1591304, 0.5519168, 0.40103304
1246633175000, -0.1328632, 0.42730024, 0.38881573
1246638152000, -0.115453534, 0.33169982, 0.38087448
1246643221000, -0.121256754, 0.2770274, 0.36865717
1246648172000, -0.14905111, 0.22296582, 0.36743546
1246653282000, -0.16676621, 0.19272798, 0.3652974
1246658180000, -0.19394971, 0.15057829, 0.36041048
1246663223000, -0.22449298, 0.13927728, 0.3585779
1246668560000, -0.2556471, 0.1301143, 0.3585779
1246673233000, -0.28527406, 0.106595986, 0.36743546
1246678195000, -0.2968805, 0.12980886, 0.3640757
1246683185000, -0.3213151, 0.15332718, 0.37293324
1246688196000, -0.35918877, 0.17501289, 0.3885103
1246693199000, -0.38545597, 0.21013765, 0.408058
1246698176000, -0.4196644, 0.26939157, 0.42119157
1246703210000, -0.4456262, 0.34422258, 0.44257188
1246708209000, -0.45173484, 0.40744713, 0.4474588
1246713217000, -0.43890667, 0.4560109, 0.44715336
1246718272000, -0.44012842, 0.48349985, 0.44868052
1246723228000, -0.4260785, 0.50915617, 0.44593164
1246728220000, -0.41263947, 0.5015204, 0.44959682
1246733166000, -0.41233405, 0.47647488, 0.45631635
1246738221000, -0.4089743, 0.44257188, 0.45723262
1246743221000, -0.42424592, 0.39767328, 0.45173484
1246748233000, -0.4260785, 0.37110063, 0.45845437
1246753239000, -0.42943826, 0.3652974, 0.47250426
1246758287000, -0.43860126, 0.37018433, 0.47494772
1246763124000, -0.4361578, 0.35735616, 0.48472157
1246768182000, -0.42302418, 0.3885103, 0.49938235
1246773124000, -0.42271876, 0.43982297, 0.51159966
1246778188000, -0.4260785, 0.50701815, 0.50885075
1246783140000, -0.42455134, 0.5513059, 0.49877146
1246788234000, -0.42852196, 0.57543504, 0.47952923
1246793158000, -0.45478916, 0.5907067, 0.46211955
1246798233000, -0.47494772, 0.57604593, 0.44929138
1246803250000, -0.5015204, 0.559858, 0.42638394
1246808191000, -0.50488013, 0.52320606, 0.3933972
1246813192000, -0.50762904, 0.4783075, 0.3839288
1246818270000, -0.50854534, 0.43096542, 0.37048978
1246823158000, -0.5213735, 0.40683624, 0.36193767
1246828225000, -0.528093, 0.3659083, 0.35827246
1246833172000, -0.52870387, 0.3555236, 0.35002577
1246838221000, -0.5421429, 0.3576616, 0.34238997
1246843563000, -0.53969944, 0.3726278, 0.33261612
1246848224000, -0.50915617, 0.40530908, 0.30482176
1246854364000, -0.48563787, 0.41263947, 0.26450464
1246858208000, -0.44532076, 0.40530908, 0.25686884
1246863174000, -0.43554693, 0.3857614, 0.22388211
1246868219000, -0.44073927, 0.3894266, 0.19181168
1246873182000, -0.44990227, 0.41325033, 0.1695151
1246878218000, -0.43982297, 0.42119157, 0.15974127
1246883186000, -0.42638394, 0.4279111, 0.15851954
1246888227000, -0.41722095, 0.4120286, 0.14538592
1246893275000, -0.4166101, 0.39278635, 0.13683382
1246898232000, -0.40133846, 0.39095375, 0.12339478
1246908109000, -0.36560285, 0.37812558, 0.09407325
1246913127000, -0.35369098, 0.3549127, 0.07666359
1246918160000, -0.35308012, 0.3304781, 0.056505036
1246923131000, -0.35094208, 0.30848694, 0.06078109
1246928129000, -0.3472769, 0.28221974, 0.04520403
1246933119000, -0.35277468, 0.25961772, 0.044593163
1246938093000, -0.3555236, 0.25595254, 0.04062254
1246943113000, -0.3399465, 0.28588495, 0.03573562
1246948086000, -0.3222314, 0.32070425, 0.032070424
1246953242000, -0.29779682, 0.3417791, 0.029932396
1246958661000, -0.27030787, 0.32803464, 0.025961773
1246963219000, -0.26816985, 0.29932398, 0.025045475
1246968260000, -0.25870144, 0.28985557, 0.018020526
1246973245000, -0.25961772, 0.29138273, 0.008552114
1246978224000, -0.27550024, 0.28405234, 0.004276057
1246983229000, -0.2843578, 0.27916542, 9.162979E-4
1246988236000, -0.2941316, 0.28252518, 9.162979E-4
1246993224000, -0.3036, 0.28160888, -6.1086525E-4
1246998223000, -0.31337386, 0.29168814, -0.0033597588
1247003256000, -0.3304781, 0.28344148, -0.013439035
1247008280000, -0.32895094, 0.28221974, -0.009468411
1247013214000, -0.34972036, 0.2782491, -0.0125227375
1247018226000, -0.35155296, 0.28619036, -0.01863139
1247023241000, -0.37568212, 0.2779437, -0.018325957
1247028308000, -0.3915646, 0.27458394, -0.017715093
1247033168000, -0.41386122, 0.25625798, -0.016798794
1247038231000, -0.43066, 0.23273966, -0.02107485
1247043226000, -0.4447099, 0.2003638, -0.020463986
1247048243000, -0.45112398, 0.16249016, -0.027183503
1247053263000, -0.4746423, 0.11453723, -0.025045475
1247058161000, -0.4859433, 0.08155051, -0.028710667
1247063229000, -0.48166725, 0.05100725, -0.02687807
1247068176000, -0.49663344, 0.032375857, -0.036651913
1247073216000, -0.5207626, 0.00580322, -0.052839845
1247078118000, -0.5335908, -0.013439035, -0.060170226
1247083213000, -0.54458636, -0.046731193, -0.06841691
1247088126000, -0.5742133, -0.07269296, -0.07727446
1247093227000, -0.6035349, -0.10445796, -0.079107046
1247098184000, -0.6224717, -0.12858713, -0.09743301
1247103208000, -0.66645396, -0.1554652, -0.10873401
1247108215000, -0.6765333, -0.18448131, -0.124311075
1247113188000, -0.6844745, -0.22235495, -0.129198
1247118183000, -0.6780604, -0.25228736, -0.14019357
1247123168000, -0.6774496, -0.29443705, -0.14446963
1247128402000, -0.6750061, -0.33567044, -0.14813483
1247133177000, -0.6533204, -0.33933565, -0.16432275
1247138510000, -0.6337727, -0.34788775, -0.16310102
1247143880000, -0.6200282, -0.34972036, -0.15790866
1247148152000, -0.6114761, -0.34972036, -0.17195857
1247153206000, -0.61758476, -0.33567044, -0.19425514
1247158124000, -0.64660084, -0.30604348, -0.21197024
1247163226000, -0.67073005, -0.31123585, -0.22999077
1247168213000, -0.7021896, -0.37201694, -0.24923302
1247173239000, -0.71776664, -0.41263947, -0.27214047
1247178252000, -0.7498371, -0.44868052, -0.301462
1247183219000, -0.77488256, -0.4700608, -0.32498032
1247188219000, -0.80909103, -0.48655418, -0.35124752
1247193228000, -0.82924956, -0.4905248, -0.36835176
1247198229000, -0.83016586, -0.48441613, -0.37720928
1247203240000, -0.83260936, -0.462425, -0.376293
1247208203000, -0.82863873, -0.43157628, -0.38881573
1247213919000, -0.8368854, -0.42119157, -0.3921755
1247218321000, -0.84299403, -0.42119157, -0.38912117
1247223225000, -0.84788096, -0.4529566, -0.3848451
1247228227000, -0.84635377, -0.5027421, -0.36468655
1247233174000, -0.84482664, -0.55863625, -0.34422258
1247238242000, -0.8191703, -0.5983425, -0.30604348
1247243224000, -0.7987063, -0.6236934, -0.25717425
1247248305000, -0.80573124, -0.67011917, -0.22540927
1247253228000, -0.8173377, -0.70616025, -0.2098322
1247258210000, -0.82344633, -0.7076874, -0.21471913
1247263227000, -0.80909103, -0.6713409, -0.22571471
1247268263000, -0.77854776, -0.61819565, -0.2443461
1247273230000, -0.76052725, -0.56321776, -0.28038713
1247278227000, -0.75625116, -0.5510005, -0.32070425
1247283784000, -0.74128497, -0.54458636, -0.3381139
1247288242000, -0.7556403, -0.5216789, -0.3390302
1247293223000, -0.7788532, -0.47647488, -0.33964106
1247298256000, -0.79534656, -0.42363504, -0.33200526
1247303266000, -0.8371908, -0.3622431, -0.3268129
1247308275000, -0.86529064, -0.2910773, -0.30604348
1247313149000, -0.8881981, -0.25320363, -0.28955013
1247318304000, -0.90224797, -0.1872302, -0.23823744
1247323123000, -0.9254609, -0.12034045, -0.21991149
1247328212000, -0.91965765, -0.0720821, -0.20158553
1247333147000, -0.8790351, -0.0421497, -0.17989981
1247339260000, -0.8304713, -0.04153884, -0.15393804
1247343120000, -0.77121735, -0.026572637, -0.13988814
1247348225000, -0.75991637, 0.026267206, -0.12308934
1247353629000, -0.7287622, 0.0888809, -0.10476339
1247358257000, -0.6927212, 0.10873401, -0.09101892
1247363210000, -0.6747007, 0.12370021, -0.09040806
1247368258000, -0.6646214, 0.14049901, -0.0870483
1247373207000, -0.66431594, 0.19517145, -0.09101892
1247378231000, -0.66248333, 0.28527406, -0.12095132
1247383385000, -0.677755, 0.38240165, -0.13133603
1247388244000, -0.698219, 0.49327368, -0.15760323
1247393475000, -0.7254025, 0.571159, -0.17501289
1247398216000, -0.7644979, 0.59895337, -0.17501289
1247403189000, -0.80756384, 0.59773165, -0.17531833
1247408193000, -0.8368854, 0.59406644, -0.1731803
1247413122000, -0.8246681, 0.59040123, -0.16432275
1247418254000, -0.8185594, 0.57787853, -0.14202617
1247423134000, -0.79412484, 0.5439755, -0.13469578
1247428222000, -0.7828238, 0.4905248, -0.12095132
1247433154000, -0.7644979, 0.40011674, -0.09285152
1247438231000, -0.743423, 0.36377025, -0.056199603
1247443189000, -0.7275405, 0.3622431, -0.034513887
1247448175000, -0.7257079, 0.37904188, -0.03940081
1247453249000, -0.7254025, 0.36713, -0.026267206
1247458193000, -0.7504479, 0.3191771, 6.1086525E-4
1247463191000, -0.76144356, 0.29352075, 0.027488936
1247468210000, -0.75686204, 0.29993483, 0.050701816
1247473207000, -0.73731434, 0.32162055, 0.073303826
1247478187000, -0.72784597, 0.36713, 0.11728613
1247483178000, -0.72509706, 0.44959682, 0.16401732
1247488164000, -0.73273283, 0.5363397, 0.18997909
1247493195000, -0.70952, 0.6291912, 0.2180789
1247498176000, -0.6988298, 0.70188415, 0.2406809
1247503279000, -0.6881397, 0.71593404, 0.22876903
1247508173000, -0.6753115, 0.7098254, 0.21502456
1247513187000, -0.65026605, 0.6603453, 0.19303341
1247518193000, -0.63285637, 0.54458636, 0.15424347
1247523205000, -0.5891795, 0.3622431, 0.07574729
1247528188000, -0.5369505, 0.09040806, -0.029932396
1247533177000, -0.49602258, -0.15607607, -0.118507855
1247538700000, -0.49449542, -0.28619036, -0.17654006
1247543195000, -0.54458636, -0.30634892, -0.24617869
1247548174000, -0.61208695, -0.33567044, -0.2932153
1247553271000, -0.7174612, -0.45448375, -0.30482176
1247558204000, -0.7870999, -0.58001655, -0.2919936
1247563194000, -0.83260936, -0.66675943, -0.28955013
1247568192000, -0.88270026, -0.68661255, -0.31245756
1247573227000, -0.95356065, -0.64904433, -0.3231477
1247578188000, -1.0546589, -0.63804877, -0.33964106
1247583182000, -1.1227703, -0.6918049, -0.37110063
1247588146000, -1.1725558, -0.82924956, -0.39950588
1247593202000, -1.2030991, -0.97494096, -0.4392121
1247598174000, -1.2568552, -1.102001, -0.47036624
1247603214000, -1.287704, -1.1988231, -0.4905248
1247608124000, -1.29198, -1.2305881, -0.49205196
1247613187000, -1.2843442, -1.2635747, -0.4728097
1247618168000, -1.2910637, -1.3063353, -0.4605924
1247623231000, -1.2837334, -1.4489723, -0.4783075
1247628143000, -1.2654073, -1.6303993, -0.49327368
1247633185000, -1.2550226, -1.7577647, -0.4804455
1247638168000, -1.2782356, -1.853976, -0.47158796
1247643260000, -1.3066407, -1.9138408, -0.45540005
1247648207000, -1.3393221, -1.9538525, -0.43951756
1247653257000, -1.3949108, -1.9651535, -0.41599923
1247658187000, -1.4605788, -1.9929478, -0.38973203
1247663231000, -1.53205, -2.0005836, -0.35796702
1247668232000, -1.6169603, -1.9862283, -0.32620203
1247673233000, -1.6584991, -1.9233092, -0.28619036
1247678804000, -1.6792686, -1.8289305, -0.24678956
1247683221000, -1.7085901, -1.7314975, -0.22082779
1247688134000, -1.740966, -1.6694947, -0.18997909
1247693228000, -1.733941, -1.5647314, -0.17165314
1247698160000, -1.7192802, -1.4504995, -0.17837265
1247703216000, -1.7342464, -1.402852, -0.19730948
1247708187000, -1.7629571, -1.3573426, -0.21594086
1247713221000, -1.7702875, -1.3286319, -0.23335053
1247718173000, -1.7696766, -1.3295482, -0.25137106
1247723221000, -1.7767016, -1.3341297, -0.22999077
1247728243000, -1.7721201, -1.319469, -0.21746802
1247733182000, -1.7647897, -1.2812898, -0.19303341
1247739270000, -1.7406605, -1.201572, -0.12492194
1247743189000, -1.6798794, -1.1624765, -0.10476339
1247748229000, -1.6551393, -1.0827587, -0.061086524
1247753248000, -1.6249015, -0.9783007, -0.017715093
1247758275000, -1.6096299, -0.8921687, 0.041233405
1247763183000, -1.5699236, -0.7733554, 0.10751228
1247768191000, -1.5033394, -0.65209866, 0.16249016
1247773192000, -1.4547756, -0.5439755, 0.20922135
1247778189000, -1.432479, -0.5018258, 0.25961772
1247783185000, -1.4266758, -0.5381723, 0.29779682
1247788191000, -1.3793337, -0.53786683, 0.32253686
1247793138000, -1.3271047, -0.50640726, 0.34972036
1247798180000, -1.3048081, -0.45906523, 0.37812558
1247803196000, -1.2977833, -0.4147775, 0.39584067
1247808207000, -1.2968669, -0.30879238, 0.39920044
1247813123000, -1.2938126, -0.1957823, 0.4025602
1247818197000, -1.287093, -0.083383106, 0.40408736
1247823123000, -1.3148874, 0.01160644, 0.40561453
1247828258000, -1.3521502, 0.086132, 0.39858958
1247833146000, -1.3674219, 0.14905111, 0.39645153
1247838205000, -1.3903292, 0.18753563, 0.3885103
1247843126000, -1.4230106, 0.21685717, 0.3817908
1247848177000, -1.4828753, 0.26297748, 0.37690386
1247853180000, -1.5149459, 0.31123585, 0.355829
1247858157000, -1.5528195, 0.3744604, 0.35094208
1247863805000, -1.5903877, 0.40683624, 0.3417791
1247868167000, -1.602605, 0.38453966, 0.3136793
1247873159000, -1.5885551, 0.31031954, 0.28985557
1247878169000, -1.5613716, 0.24587326, 0.27122417
1247883134000, -1.5396858, 0.18081611, 0.267559
1247888170000, -1.5070046, 0.10445796, 0.25809056
1247893166000, -1.455081, -0.009162978, 0.25595254
1247898313000, -1.4117095, -0.08124508, 0.26511553
1247903139000, -1.3747523, -0.11575896, 0.26328292
1247908095000, -1.3610078, -0.21899518, 0.25870144
1247913092000, -1.3319917, -0.2883284, 0.27488935
1247918137000, -1.2986995, -0.33536503, 0.28405234
1247923058000, -1.3148874, -0.38637227, 0.30298916
1247928106000, -1.3570372, -0.43890667, 0.30573806
1247933421000, -1.3927728, -0.47678033, 0.32253686
1247938078000, -1.4187346, -0.4914411, 0.33658674
1247943071000, -1.4358387, -0.46395215, 0.3576616
1247948098000, -1.430341, -0.44409904, 0.3811799
1247953170000, -1.427592, -0.45356745, 0.42485678
1247958187000, -1.4123205, -0.47525316, 0.4578435
1247963200000, -1.3939945, -0.46578476, 0.5015204
1247968174000, -1.3710871, -0.44776422, 0.5589417
1247973227000, -1.3432927, -0.43799037, 0.5748242
1247978189000, -1.321607, -0.41233405, 0.589485
1247983171000, -1.3118331, -0.344528, 0.6243043
1247988170000, -1.3002267, -0.28008172, 0.6291912
1247993199000, -1.2727377, -0.25473082, 0.6087272
1247998170000, -1.2318097, -0.25045475, 0.58093286
1248003611000, -1.2131784, -0.22632557, 0.5519168
1248008193000, -1.1456778, -0.20463985, 0.54092115
1248013190000, -1.1264355, -0.13225232, 0.5170974
1248018175000, -1.0784826, -0.014966198, 0.50732356
1248023204000, -1.0403035, 0.06566802, 0.4746423
1248028191000, -1.0012082, 0.12461651, 0.43585235
1248033171000, -0.98349303, 0.13164146, 0.4083634
1248038169000, -0.9569204, 0.09407325, 0.38545597
1248043192000, -0.9410379, 0.016493361, 0.36102137
1248048164000, -0.9401216, -0.09010262, 0.33628133
1248053215000, -0.956615, -0.18203785, 0.34880406
1248058149000, -0.9569204, -0.2773328, 0.35338554
1248063195000, -0.9663888, -0.34605515, 0.37048978
1248068171000, -0.9682214, -0.3943135, 0.39278635
1248073192000, -0.9789116, -0.42852196, 0.41447207
1248078151000, -0.9636399, -0.46181414, 0.43860126
1248083177000, -0.9477574, -0.4728097, 0.48991394
1248088242000, -0.90133166, -0.48258355, 0.5338962
1248093253000, -0.8689558, -0.4792238, 0.5742133
1248098236000, -0.84696466, -0.4841107, 0.6102544
1248103207000, -0.8362745, -0.48624873, 0.63041294
1248108179000, -0.82863873, -0.47708577, 0.68875057
1248113190000, -0.82527894, -0.4914411, 0.7257079
1248118158000, -0.80939645, -0.49021935, 0.7626653
1248123164000, -0.79381937, -0.49296826, 0.80481493
1248128127000, -0.7809912, -0.46944994, 0.83077675
1248133181000, -0.7275405, -0.47525316, 0.86437434
1248138158000, -0.7067711, -0.49846604, 0.8793405
1248143193000, -0.6808093, -0.52442783, 0.906524
1248148191000, -0.7058548, -0.5739079, 0.9428705
1248153361000, -0.77579886, -0.6621779, 0.9618073
1248158216000, -0.8717047, -0.7648033, 0.9718866
1248163188000, -0.9877691, -0.8585711, 0.9960158
1248168237000, -1.0958922, -0.9117164, 1.0118983
1248173199000, -1.2018774, -0.9224065, 1.024421
1248178191000, -1.2748758, -0.95447695, 1.0403035
1248183170000, -1.3142766, -1.0015136, 1.0635164
1248188838000, -1.2965615, -1.0543534, 1.0897835
1248193225000, -1.2592987, -1.0622946, 1.1200215
1248198231000, -1.2198979, -1.0763446, 1.1264355
1248203283000, -1.1954633, -1.0668762, 1.1478158
1248208248000, -1.1410962, -1.0586295, 1.1814134
1248213229000, -1.0891727, -1.03786, 1.2012665
1248218237000, -1.0134255, -1.0213667, 1.2272283
1248223326000, -0.97158116, -1.0375546, 1.2311989
1248228193000, -0.9410379, -1.0726794, 1.2486086
1248233168000, -0.8927795, -1.1273518, 1.2675453
1248238192000, -0.86315256, -1.162782, 1.2852604
1248243192000, -0.8155051, -1.20371, 1.2950343
1248248198000, -0.7965683, -1.2412782, 1.2977833
1248253249000, -0.7556403, -1.244638, 1.318858
1248258916000, -0.7501425, -1.248914, 1.3515394
1248263219000, -0.72082096, -1.2290609, 1.3784174
1248268233000, -0.700357, -1.2049317, 1.4025466
1248273234000, -0.68203104, -1.1453724, 1.4291192
1248278225000, -0.66920286, -1.0968086, 1.4498887
1248283189000, -0.6554584, -1.042747, 1.4569136
1248288233000, -0.6450737, -0.9981538, 1.464244
1248293143000, -0.6429357, -0.98624194, 1.4590516
1248298227000, -0.6435465, -0.9288206, 1.4538593
1248303206000, -0.63163465, -0.88147855, 1.4785993
1248308310000, -0.6197228, -0.86467975, 1.4966198
1248313120000, -0.61575216, -0.8790351, 1.5088371
1248318284000, -0.6218608, -0.9016371, 1.536937
1248323127000, -0.6404922, -0.93951076, 1.5723672
1248328670000, -0.64660084, -0.95447695, 1.6065756
1248333148000, -0.6200282, -0.929126, 1.6355917
1248338127000, -0.5879578, -0.8689558, 1.6694947
1248343147000, -0.55741453, -0.8072584, 1.6978999
1248348218000, -0.528093, -0.75686204, 1.7259997
1248353319000, -0.49541172, -0.7049385, 1.745242
1248358311000, -0.46883908, -0.6737844, 1.7589865
1248363228000, -0.45662177, -0.63132924, 1.7635679
1248368240000, -0.4474588, -0.5907067, 1.7660115
1248373210000, -0.44684792, -0.5476407, 1.7577647
1248378214000, -0.42271876, -0.48624873, 1.7776178
1248383187000, -0.38606682, -0.3726278, 1.7907515
1248388232000, -0.37904188, -0.3323107, 1.8206838
1248393205000, -0.35063666, -0.26908615, 1.8420641
1248398419000, -0.32895094, -0.21746802, 1.9120082
1248403246000, -0.27580565, -0.1591304, 1.9291124
1248408212000, -0.24648413, -0.106595986, 1.953547
1248413408000, -0.22968534, 9.162979E-4, 1.9850066
1248418270000, -0.22479841, 0.16829337, 2.000889
1248423580000, -0.25137106, 0.312763, 2.0179935
1248428222000, -0.27977628, 0.40408736, 2.05434
1248433149000, -0.3005457, 0.514654, 2.1096232
1248438228000, -0.31703907, 0.636827, 2.129171
1248443155000, -0.33200526, 0.74036866, 2.1591032
1248448218000, -0.31795537, 0.81031275, 2.1777346
1248453323000, -0.29749137, 0.8720101, 2.1673498
1248458268000, -0.3100141, 0.91629785, 2.1432207
1248463241000, -0.3295618, 0.929126, 2.1022928
1248468276000, -0.3539964, 0.88300574, 2.1178699
1248473230000, -0.39187005, 0.81061816, 2.1148155
1248478220000, -0.45478916, 0.75808376, 2.1230621
1248483230000, -0.5161811, 0.7275405, 2.1090124
1248488218000, -0.57971114, 0.7021896, 2.1035144
1248493222000, -0.6151413, 0.65393126, 2.0900755
1248498220000, -0.6618725, 0.62980205, 2.0842721
1248503291000, -0.7031059, 0.6093381, 2.0824397
1248508205000, -0.7312057, 0.6264423, 2.0943515
1248513899000, -0.75655663, 0.6554584, 2.0891593
1248518235000, -0.79137594, 0.68600166, 2.0922134
1248523202000, -0.820392, 0.70921457, 2.0476203
1248528155000, -0.8368854, 0.74372846, 2.0204368
1248533176000, -0.8417723, 0.7663304, 1.9953914
1248538167000, -0.8402451, 0.74464476, 1.9639318
1248543194000, -0.8491027, 0.71868294, 1.9315559
1248548192000, -0.8527679, 0.7131852, 1.9120082
1248553223000, -0.874759, 0.698219, 1.9068159
1248558228000, -0.87689704, 0.6731735, 1.9004018
1248563190000, -0.8713993, 0.68386364, 1.9043725
1248568185000, -0.86590147, 0.6969972, 1.9300288
1248573214000, -0.8793405, 0.68477994, 1.9367483
1248578172000, -0.8872818, 0.6969972, 1.9413297
1248583950000, -0.9282097, 0.70463306, 1.9483547
1248588740000, -0.96486163, 0.70280045, 1.947133
1248593316000, -1.003957, 0.6945538, 1.9413297
1248598209000, -1.0097603, 0.70066243, 1.9291124
1248603416000, -1.0045679, 0.7171558, 1.9101756
1248608317000, -0.98990715, 0.711658, 1.8674151
1248613172000, -0.95294976, 0.7141015, 1.8289305
1248618364000, -0.8949176, 0.7058548, 1.7654005
1248623194000, -0.8210029, 0.68325275, 1.6982054
1248628260000, -0.7687739, 0.5946773, 1.627345
1248633213000, -0.7110472, 0.5112942, 1.5500705
1248638198000, -0.65668017, 0.42424592, 1.4782939
1248643190000, -0.59956425, 0.34972036, 1.3979651
1248648192000, -0.5296202, 0.2968805, 1.3319917
1248653505000, -0.47403142, 0.24770586, 1.2730432
1248658098000, -0.42332962, 0.18112154, 1.210124
1248663095000, -0.36346483, 0.12034045, 1.1615603
1248668122000, -0.32650748, 0.069027774, 1.1154399
1248673461000, -0.2501493, 0.016798794, 1.0784826
1248678116000, -0.18020524, 0.0030543262, 1.0290025
1248683113000, -0.09285152, -0.0125227375, 1.0045679
1248688088000, -0.065973446, -0.0580322, 0.94989544
1248693090000, -0.013744468, -0.10140363, 0.8943067
1248698118000, 0.03481932, -0.129198, 0.8216137
1248703136000, 0.06414085, -0.1554652, 0.76083267
1248708111000, 0.1020145, -0.19425514, 0.69027776
1248713109000, 0.14080444, -0.23335053, 0.6209445
1248718130000, 0.18509217, -0.2846632, 0.5497787
1248723071000, 0.23396139, -0.3659083, 0.4801401
1248728109000, 0.25473082, -0.44623706, 0.40958515
1248733096000, 0.27550024, -0.5207626, 0.33841935
1248738083000, 0.28893927, -0.5671884, 0.2837469
1248743101000, 0.32925636, -0.60048056, 0.23090707
1248748101000, 0.38912117, -0.5992588, 0.17806722
1248753139000, 0.47952923, -0.5867361, 0.13347405
1248758185000, 0.5891795, -0.56077427, 0.074830994
1248763143000, 0.6942484, -0.5015204, 0.03390302
1248768226000, 0.79045963, -0.43860126, -0.004276057
1248773142000, 0.8686504, -0.3998113, -0.050701816
1248778177000, 0.93401295, -0.38148534, -0.087659165
1248783199000, 0.9795224, -0.32559118, -0.10903945
1248788309000, 0.9896017, -0.31306845, -0.14996742
1248793185000, 0.98471475, -0.28893927, -0.17989981
1248798173000, 0.9642508, -0.26939157, -0.1966986
1248803239000, 0.91996306, -0.2660318, -0.22266038
1248808228000, 0.883922, -0.2678644, -0.24953845
1248813186000, 0.8347474, -0.28405234, -0.27305678
1248818182000, 0.7996226, -0.32284227, -0.2968805
1248823197000, 0.75319684, -0.36743546, -0.33444872
1248828189000, 0.7275405, -0.38423425, -0.3717115
1248833167000, 0.7098254, -0.3979787, -0.41325033
1248838141000, 0.7162395, -0.4352415, -0.45753807
1248843196000, 0.72326446, -0.4886922, -0.4990769
1248848190000, 0.7440339, -0.56413406, -0.5421429
1248853193000, 0.77854776, -0.6432411, -0.5876524
1248858152000, 0.82986045, -0.6966918, -0.6365216
1248863154000, 0.86193085, -0.73426, -0.6774496
1248868178000, 0.906524, -0.7770206, -0.72204274
1248873188000, 0.9401216, -0.8145888, -0.7791586
1248878190000, 0.9224065, -0.8378017, -0.8216137
1248883164000, 0.9083566, -0.91782504, -0.8405506
1248888171000, 0.8579602, -0.9963212, -0.88697636
1248893158000, 0.79779, -1.0684034, -0.9080512
1248898172000, 0.75502944, -1.1389582, -0.9260717
1248903089000, 0.7199047, -1.196685, -0.95630956
1248908298000, 0.7199047, -1.2244794, -0.97097033
1248913107000, 0.75228053, -1.2061534, -0.97524637
1248918139000, 0.7663304, -1.1823297, -0.9786061
1248923114000, 0.7984009, -1.1417072, -0.98440933
1248928098000, 0.82863873, -1.1218541, -1.0094548
1248933109000, 0.85918194, -1.1136073, -1.024421
1248938214000, 0.90041536, -1.1184943, -1.0409144
1248943195000, 0.9230174, -1.1053606, -1.0534371
1248948101000, 0.9309586, -1.0564915, -1.0641272
1248953212000, 0.9034697, -0.97524637, -1.0589349
1248958518000, 0.8558222, -0.86070913, -1.0555751
1248963183000, 0.782213, -0.74189585, -1.0852021
1248968187000, 0.70646566, -0.6160576, -1.0940597
1248973196000, 0.63041294, -0.51068336, -1.0619892
1248978776000, 0.55924714, -0.44684792, -0.97494096
1248983184000, 0.51007247, -0.41996986, -0.9407325
1248988183000, 0.49480084, -0.3811799, -0.8720101
1248993181000, 0.46303585, -0.37690386, -0.8002335
1248998212000, 0.45753807, -0.40225476, -0.73364913
1249003285000, 0.49266282, -0.4550946, -0.67011917
1249008224000, 0.53786683, -0.4981606, -0.6224717
1249013192000, 0.6093381, -0.5647449, -0.6084218
1249018185000, 0.6960809, -0.65240407, -0.6081163
1249023194000, 0.7892379, -0.71868294, -0.6420194
1249028192000, 0.8857546, -0.7470882, -0.68600166
1249033177000, 0.977079, -0.7275405, -0.7458665
1249038205000, 1.0403035, -0.69058317, -0.8151997
1249043191000, 1.087951, -0.6197228, -0.84207773
1249048561000, 1.1016954, -0.56107974, -0.8268061
1249053201000, 1.1102476, -0.5122105, -0.7874053
1249058196000, 1.0812315, -0.5018258, -0.73731434
1249063189000, 0.9957104, -0.52106804, -0.6762278
1249068194000, 0.8338311, -0.5421429, -0.6301075
1249073189000, 0.5839872, -0.5580254, -0.6398814
1249078186000, 0.23823744, -0.56779927, -0.61819565
1249083167000, 0.054061573, -0.6056729, -0.5479461
1249088202000, -0.32436943, -0.61086524, -0.47800204
1249093190000, -0.7458665, -0.56505036, -0.37598756
1249098178000, -1.1044444, -0.48533243, -0.3286455
1249103262000, -1.3750577, -0.41722095, -0.32620203
1249108239000, -1.4831808, -0.3866777, -0.30604348
1249113160000, -1.41904, -0.34208453, -0.27580565
1249118195000, -1.2544118, -0.24495697, -0.24831672
1249123142000, -1.0659598, -0.13316862, -0.2452624
1249128188000, -0.8527679, -0.004276057, -0.24373524
1249133133000, -0.6224717, 0.122783914, -0.23640485
1249138802000, -0.37690386, 0.19700404, -0.22235495
1249143121000, -0.16920967, 0.18600847, -0.20799962
1249148175000, 0.010079277, 0.09773844, -0.20463985
1249153230000, 0.16982053, -0.037873644, -0.20555615
1249158213000, 0.28619036, -0.20372356, -0.21227567
1249163141000, 0.34391713, -0.3817908, -0.21563543
1249168251000, 0.34483343, -0.52564955, -0.22999077
1249173160000, 0.3191771, -0.56169057, -0.24129178
1249178225000, 0.2910773, -0.6206391, -0.24281894
1249183180000, 0.2049453, -0.67073005, -0.23823744
1249188227000, 0.111177474, -0.677755, -0.22540927
1249193195000, 0.020463986, -0.6637051, -0.19364429
1249198249000, -0.059864793, -0.6203337, -0.14782938
1249203181000, -0.13103059, -0.5647449, -0.106901415
1249208186000, -0.19394971, -0.52290064, -0.07727446
1249213196000, -0.23243423, -0.49296826, -0.047647487
1249218193000, -0.24831672, -0.47616947, -0.032375857
1249223134000, -0.23487769, -0.44073927, -0.023823744
1249228190000, -0.21135938, -0.3998113, -0.037873644
1249233726000, -0.18997909, -0.36041048, -0.06291912
1249238169000, -0.1695151, -0.35216382, -0.073303826
1249243226000, -0.1282817, -0.3210097, -0.0842994
1249248186000, -0.10048734, -0.27916542, -0.09315695
1249253201000, -0.06169739, -0.22052236, -0.13744467
1249258197000, -0.027488936, -0.17715092, -0.1441642
1249263188000, 0.0061086523, -0.14782938, -0.12308934
1249268247000, 0.05100725, -0.10903945, -0.0870483
1249273205000, 0.087964594, -0.09743301, -0.062308256
1249278189000, 0.09407325, -0.06719518, -0.032375857
1249283174000, 0.094989546, -0.03573562, -0.018325957
1249288168000, 0.099571034, 0.003970624, -3.0543262E-4
1249293202000, 0.064446285, 0.023823744, 0.0070249503
1249298251000, 0.038789943, 0.033292156, 0.011301007
1249303958000, 0.022907447, 0.045814894, 0.028710667
1249308193000, 0.015882496, 0.028405234, 0.039095376
1249313192000, 0.018325957, 0.03176499, 0.036651913
1249318167000, 0.04062254, 0.03268129, 0.050396383
1249323204000, 0.063224554, 0.014660766, 0.06383542
1249328194000, 0.087659165, -0.009162978, 0.08093964
1249333160000, 0.10781772, -0.02565634, 0.081855945
1249338154000, 0.10781772, -0.054061573, 0.08155051
1249343203000, 0.089491755, -0.08277224, 0.08307768
1249348195000, 0.062002823, -0.09101892, 0.083383106
1249353343000, 0.05009095, -0.09743301, 0.09896017
1249358311000, 0.047647487, -0.081855945, 0.10476339
1249363230000, 0.025045475, -0.071776666, 0.10903945
1249368211000, 0.019242255, -0.06719518, 0.10720685
1249373588000, 0.015882496, -0.04917465, 0.11362094
1249378223000, 0.01863139, -0.03726278, 0.1142318
1249383172000, 0.020463986, -0.02443461, 0.10995574
1249388172000, 0.024129177, -0.018325957, 0.10170906
1249393193000, 0.034513887, -0.0067195175, 0.10445796
1249398166000, 0.04642576, 0.004276057, 0.09407325
1249403211000, 0.05497787, 0.0125227375, 0.087964594
1249408124000, 0.046120327, 0.014049901, 0.083383106
1249413187000, 0.03726278, 0.017104227, 0.081855945
1249418138000, 0.020158553, 0.035124753, 0.079107046
1249423206000, 0.004276057, 0.05222898, 0.069027774
1249428125000, -0.0076358155, 0.0693332, 0.080634214
1249433176000, -0.038789943, 0.084910266, 0.08093964
1249438142000, -0.056505036, 0.105374254, 0.08155051
1249443206000, -0.07391469, 0.13041973, 0.08460484
1249448173000, -0.08277224, 0.1423316, 0.074830994
1249453204000, -0.09437868, 0.14660765, 0.07788532
1249458177000, -0.106595986, 0.15088372, 0.0729984
1249463187000, -0.10873401, 0.14874569, 0.07880162
1249468193000, -0.096516706, 0.14385876, 0.079107046
1249473205000, -0.09162979, 0.13683382, 0.07513642
1249478263000, -0.08582657, 0.13988814, 0.07147124
1249483165000, -0.08368854, 0.13255776, 0.06414085
1249489087000, -0.06047566, 0.122783914, 0.06291912
1249493276000, -0.03940081, 0.112704635, 0.053145275
1249498141000, -0.025961773, 0.10781772, 0.05131268
1249503199000, -0.018325957, 0.108123146, 0.036651913
1249508137000, -0.0015271631, 0.09193522, 0.03390302
1249513194000, 0.007941248, 0.11209377, 0.021991149
1249518149000, 0.007330383, 0.118202426, 0.016493361
1249523312000, 0.014966198, 0.111177474, 0.021685716
1249528123000, 0.016798794, 0.113926366, 0.013439035
1249533167000, 0.019547688, 0.112399206, 0.01160644
1249538199000, 0.021685716, 0.12370021, 0.008246681
1249543195000, 0.025350908, 0.14996742, 0.01282817
1249548201000, 0.016493361, 0.15607607, 0.010995574
1249553214000, 0.020463986, 0.15485434, 0.019547688
1249558824000, 0.008857546, 0.17531833, 0.0290161
1249563190000, 0.0125227375, 0.1685988, 0.036957346
1249568250000, 0.013744468, 0.16554448, 0.035124753
1249573237000, 0.011301007, 0.16554448, 0.04550946
1249578225000, 0.00580322, 0.16707164, 0.05955936
1249583215000, 0.006414085, 0.17287487, 0.06505715
1249588232000, -9.162979E-4, 0.17348573, 0.079107046
1249593329000, -0.0030543262, 0.17104226, 0.09101892
1249598232000, -0.0070249503, 0.17256944, 0.099265605
1249603302000, -0.004886922, 0.16920967, 0.103847094
1249608207000, 0.005192355, 0.16646078, 0.106595986
1249613213000, -0.0036651916, 0.15088372, 0.11881329
1249618183000, 0.0061086523, 0.15302174, 0.12736541
1249623185000, 0.01863139, 0.14508049, 0.14172074
1249628490000, 0.025350908, 0.14080444, 0.1328632
1249633167000, 0.02565634, 0.13225232, 0.14477506
1249638188000, 0.015882496, 0.116675265, 0.1386664
1249643218000, 0.027183503, 0.10720685, 0.14172074
1249648205000, 0.04917465, 0.1160644, 0.13439035
1249653292000, 0.047036625, 0.11178834, 0.13744467
1249658290000, 0.05955936, 0.11148291, 0.13591751
1249663223000, 0.06994407, 0.10873401, 0.13255776
1249668192000, 0.069027774, 0.09896017, 0.13347405
1249673168000, 0.06841691, 0.086132, 0.13530666
1249678194000, 0.07666359, 0.07544186, 0.13652839
1249683165000, 0.080634214, 0.07238753, 0.13652839
1249688190000, 0.074830994, 0.06505715, 0.13775012
1249693170000, 0.08460484, 0.05589417, 0.13683382
1249698718000, 0.09437868, 0.04795292, 0.13988814
1249703170000, 0.089491755, 0.028405234, 0.14355333
1249708208000, 0.09285152, 0.018325957, 0.14752395
1249713126000, 0.096516706, 0.011301007, 0.14752395
1249718234000, 0.11209377, 6.1086525E-4, 0.14508049
1249723125000, 0.11789699, -0.008552114, 0.15027285
1249728226000, 0.129198, -0.02107485, 0.14935656
1249733162000, 0.13133603, -0.03481932, 0.1518
1249738164000, 0.13744467, -0.032070424, 0.15241088
1249743153000, 0.15149458, -0.031154128, 0.15271631
1249748179000, 0.14966199, -0.022602014, 0.15485434
1249753187000, 0.15332718, -0.016493361, 0.15943582
1249758199000, 0.14874569, -0.008552114, 0.15699236
1249763179000, 0.14996742, -0.006414085, 0.15515977
1249768255000, 0.14477506, -0.0106901415, 0.14752395
1249773190000, 0.14110987, -0.0015271631, 0.1459968
1249778183000, 0.1414153, -0.0018325958, 0.14813483
1249783187000, 0.13652839, 0.0012217305, 0.14477506
1249788233000, 0.13316862, -0.005192355, 0.14172074
1249793188000, 0.11484267, -0.006414085, 0.13591751
1249798211000, 0.11026118, -0.0143553335, 0.12705997
1249803289000, 0.105374254, -0.0143553335, 0.13194689
1249808219000, 0.100792766, -0.014049901, 0.12583824
1249813299000, 0.09193522, -0.019547688, 0.12308934
1249818228000, 0.086437434, -0.023823744, 0.11575896
1249823134000, 0.06963864, -0.030543262, 0.11728613
1249828224000, 0.060170226, -0.025961773, 0.111177474
1249833177000, 0.057726767, -0.025350908, 0.10354166
1249838244000, 0.03634648, -0.027183503, 0.099571034
1249843206000, 0.03634648, -0.028710667, 0.08827003
1249848381000, 0.017104227, -0.032375857, 0.082161374
1249853295000, 0.013744468, -0.04184427, 0.064446285
1249858273000, 0.010995574, -0.03970624, 0.04795292
1249863232000, -0.005497787, -0.05009095, 0.04184427
1249868222000, -0.009468411, -0.044593163, 0.031154128
1249873235000, -0.005192355, -0.042455133, 0.023823744
1249878210000, -0.016187929, -0.053450707, 0.013439035
1249883920000, -0.029932396, -0.061086524, 0.0125227375
1249888299000, -0.024740042, -0.061086524, 0.0015271631
1249893224000, -0.04520403, -0.065973446, -0.006414085
1249898245000, -0.04917465, -0.06963864, -0.012217305
1249903288000, -0.043066, -0.06994407, -0.0143553335
1249908283000, -0.049480084, -0.06627888, -0.022907447
1249913193000, -0.063224554, -0.07269296, -0.021991149
1249918167000, -0.05467244, -0.062308256, -0.038789943
1249923198000, -0.0571159, -0.06627888, -0.03940081
1249928135000, -0.045814894, -0.06352998, -0.04520403
1249933171000, -0.04734206, -0.06841691, -0.04886922
1249938216000, -0.06047566, -0.07574729, -0.058948494
1249943215000, -0.04642576, -0.06780604, -0.06261369
1249948241000, -0.049480084, -0.062002823, -0.0711658
1249953302000, -0.04795292, -0.06780604, -0.074830994
1249958279000, -0.046120327, -0.06688975, -0.07269296
1249963219000, -0.049480084, -0.06780604, -0.065973446
1249968213000, -0.06078109, -0.06994407, -0.071776666
1249973235000, -0.05955936, -0.06688975, -0.07360926
1249978206000, -0.06627888, -0.06688975, -0.06658431
1249983217000, -0.059864793, -0.06047566, -0.07544186
1249988381000, -0.064751714, -0.059864793, -0.06566802
1249993218000, -0.06078109, -0.04917465, -0.06261369
1249998355000, -0.064751714, -0.042760566, -0.060170226
1250003254000, -0.071776666, -0.03970624, -0.0580322
1250008306000, -0.061391957, -0.01863139, -0.059253927
1250013218000, -0.06780604, -0.022602014, -0.051923547
1250018454000, -0.060170226, -0.022602014, -0.055283304
1250023219000, -0.058948494, -0.014049901, -0.054061573
1250028197000, -0.063224554, -0.01038471, -0.043066
1250033171000, -0.05009095, -0.009773844, -0.043982297
1250038145000, -0.050396383, -0.014966198, -0.040927973
1250043223000, -0.050701816, -0.011911872, -0.035430185
1250048193000, -0.044593163, -0.013744468, -0.028405234
1250053301000, -0.0421497, -0.015271631, -0.026572637
1250058188000, -0.03023783, -0.019547688, -0.02687807
1250063216000, -0.02687807, -0.013744468, -0.026267206
1250068153000, -0.03023783, -0.019547688, -0.012217305
1250073216000, -0.028099801, -0.016798794, -0.008552114
1250078229000, -0.018325957, -0.007941248, -0.0036651916
1250083217000, -0.016798794, -0.0012217305, 9.162979E-4
1250088223000, -0.008246681, -0.0027488936, 0.0021380284
1250093226000, -0.017715093, -0.004886922, 0.008857546
1250098289000, -0.0061086523, 0.011301007, 0.008246681
1250103294000, -0.008857546, 0.014049901, 0.014049901
1250108228000, -0.0106901415, 0.025045475, 0.023823744
1250113215000, -0.018020526, 0.034513887, 0.02321288
1250118234000, -0.01282817, 0.03023783, 0.027794369
1250123220000, -0.01282817, 0.035430185, 0.03023783
1250128223000, -0.007330383, 0.03145956, 0.032375857
1250133168000, -0.009773844, 0.026572637, 0.03940081
1250139332000, -0.01282817, 0.02565634, 0.027183503
1250143219000, -0.009773844, 0.021991149, 0.03726278
1250148288000, -0.018020526, 0.022296581, 0.037873644
1250153320000, -0.005497787, 0.023518313, 0.03176499
1250158307000, -0.01038471, 0.03573562, 0.036957346
1250163216000, -0.007941248, 0.025961773, 0.04428773
1250168211000, 0.0012217305, 0.023823744, 0.03268129
1250173222000, 0.002443461, 0.029626964, 0.04153884
1250178221000, -0.008246681, 0.01740966, 0.043676864
1250183205000, -0.0027488936, 0.022602014, 0.04428773
1250188215000, 0.005497787, 0.03268129, 0.040927973
1250193208000, 0.004886922, 0.022602014, 0.032070424
1250198281000, 0.0061086523, 0.022296581, 0.03634648
1250203188000, 0.008246681, 0.022296581, 0.035124753
1250208205000, 0.007941248, 0.011911872, 0.03390302
1250213124000, 0.013133603, 0.0076358155, 0.034513887
1250218213000, 0.017715093, 0.0076358155, 0.032986723
1250223127000, 0.016493361, 0.0027488936, 0.022907447
1250228189000, 0.004581489, 0.01160644, 0.02565634
1250233131000, 0.0021380284, 0.0033597588, 0.03176499
1250238193000, 0.002443461, 0.004276057, 0.015882496
1250243123000, -0.0027488936, 0.0018325958, 0.008857546
1250248186000, -0.004276057, 0.0018325958, 0.009468411
1250253176000, -0.003970624, -0.0015271631, 0.008246681
1250258207000, -0.010995574, 0.004276057, -0.0018325958
1250263153000, -0.011911872, -3.0543262E-4, 0.0021380284
1250268192000, -0.0290161, 0.0021380284, -0.0021380284
1250273163000, -0.028099801, -0.0106901415, -0.0021380284
1250278189000, -0.02565634, -0.015577064, -0.0012217305
1250283164000, -0.024129177, -0.008857546, -0.0125227375
1250288168000, -0.03756821, -0.015882496, -0.016493361
1250293208000, -0.033292156, -0.022602014, -0.013744468
1250298226000, -0.04062254, -0.03176499, -0.011911872
1250303210000, -0.04062254, -0.027794369, -0.014966198
1250308199000, -0.043982297, -0.040011674, -0.017715093
1250313195000, -0.047036625, -0.03848451, -0.01985312
1250318176000, -0.058643065, -0.03634648, -0.026267206
1250323226000, -0.062002823, -0.036957346, -0.026267206
1250328192000, -0.06414085, -0.02687807, -0.026267206
1250333136000, -0.055588737, -0.027488936, -0.029932396
1250338184000, -0.06261369, -0.020158553, -0.024129177
1250343172000, -0.069027774, -0.026267206, -0.022296581
1250348218000, -0.07147124, -0.024740042, -0.025045475
1250353198000, -0.05955936, -0.029626964, -0.028405234
1250358197000, -0.07422013, -0.01863139, -0.01985312
1250363195000, -0.06536258, -0.01740966, -0.025961773
1250368172000, -0.06169739, -0.018325957, -0.020158553
1250373170000, -0.061391957, -0.017715093, -0.016187929
1250378189000, -0.04184427, -0.015577064, -0.016798794
1250383173000, -0.04734206, -0.02107485, -0.016187929
1250388237000, -0.041233405, -0.023518313, -0.01282817
1250393191000, -0.03481932, -0.026572637, -0.016798794
1250398221000, -0.032070424, -0.021991149, -0.009162978
1250403203000, -0.03848451, -0.029932396, -0.006414085
1250408185000, -0.032070424, -0.028099801, -0.009773844
1250413186000, -0.03634648, -0.02565634, -0.0061086523
1250418172000, -0.03268129, -0.024740042, -9.162979E-4
1250423195000, -0.027488936, -0.017715093, -0.005192355
1250428218000, -0.033292156, -0.015271631, 0.0015271631
1250433170000, -0.02565634, -0.013133603, -0.005497787
1250438167000, -0.030543262, -0.0036651916, 0.008246681
1250443195000, -0.025350908, 0.0021380284, 0.004276057
1250448212000, -0.009468411, 6.1086525E-4, 0.0015271631
1250453199000, -0.01282817, -9.162979E-4, 0.0012217305
1250458186000, -0.015271631, 0.008857546, 0.002443461
1250463187000, -0.018325957, 3.0543262E-4, 0.009468411
1250468173000, -0.008552114, -9.162979E-4, 0.008246681
1250473163000, -0.021380283, 0.0030543262, 0.01038471
1250478154000, -0.016798794, -0.0036651916, 0.0061086523
1250483173000, -0.015882496, -0.007330383, 0.009162978
1250488177000, -0.015271631, -3.0543262E-4, 0.013744468
1250493189000, -0.015882496, 0.015577064, 0.0125227375
1250498178000, -0.017104227, 0.0036651916, 0.0106901415
1250503284000, -0.010079277, 0.0070249503, 0.020158553
1250508252000, -0.015882496, 0.01038471, 0.021380283
1250513222000, -0.0076358155, 0.0018325958, 0.012217305
1250518453000, -0.01863139, 0.0036651916, 0.021380283
1250523168000, -0.014049901, 0.009468411, 0.02565634
1250528541000, -0.018020526, 0.0061086523, 0.021685716
1250533167000, -0.007941248, 0.009468411, 0.016187929
1250538148000, -0.007330383, 0.013133603, 0.018936822
1250543192000, -0.0106901415, 0.015882496, 0.013439035
1250548188000, -0.018936822, 0.014966198, 0.015882496
1250553193000, -0.017715093, 0.01863139, 0.018936822
1250558127000, -0.013439035, 0.0070249503, 0.0106901415
1250563189000, -0.015882496, 0.0027488936, 0.0143553335
1250568140000, -0.01863139, 0.0018325958, 0.010079277
1250573195000, -0.016493361, 0.0033597588, 0.01282817
1250578124000, -0.010995574, 9.162979E-4, 0.0106901415
1250583165000, -0.01863139, 0.014049901, 0.018020526
1250588153000, -0.03359759, -0.002443461, 0.014049901
1250593194000, -0.022907447, -0.0061086523, 0.0143553335
1250598202000, -0.02107485, -0.004581489, 0.01038471
1250603266000, -0.0143553335, -0.0076358155, 0.0061086523
1250608223000, -0.019547688, -0.004886922, 0.008246681
1250613186000, -0.014966198, -0.0070249503, 0.005497787
1250618217000, -0.016798794, -0.0061086523, 0.008246681
1250623226000, -0.024740042, 0.0015271631, 0.008552114
1250628213000, -0.019242255, 0.0061086523, 0.005192355
1250633199000, -0.017715093, 0.010079277, 0.0030543262
1250638261000, -0.026267206, 0.00580322, 0.003970624
1250643242000, -0.032070424, 0.0143553335, 0.008857546
1250648251000, -0.026572637, 0.01282817, 0.0076358155
1250653235000, -0.028710667, 0.008246681, 0.0070249503
1250658230000, -0.030543262, 0.0021380284, 0.0061086523
1250663220000, -0.029321533, 9.162979E-4, 0.0033597588
1250668198000, -0.025350908, 0.0030543262, -6.1086525E-4
1250673204000, -0.029626964, -0.004886922, 0.003970624
1250678223000, -0.027488936, -0.004581489, 0.004886922
1250683201000, -0.027488936, -0.012217305, -9.162979E-4
1250688310000, -0.018325957, -0.015577064, -0.0030543262
1250693222000, -0.01863139, -0.0143553335, 0.002443461
1250698249000, -0.02443461, -0.017104227, 0.0033597588
1250703316000, -0.022907447, -0.014660766, 0.0027488936
1250708284000, -0.024740042, -0.023518313, 0.0070249503
1250713185000, -0.02321288, -0.014660766, 0.002443461
1250718243000, -0.018325957, -0.01160644, 0.0021380284
1250723159000, -0.024740042, -0.006414085, 0.0033597588
1250728222000, -0.023823744, -0.016187929, 0.0027488936
1250733137000, -0.021685716, -0.013744468, 0.004581489
1250738412000, -0.01863139, -0.008246681, 0.0036651916
1250743125000, -0.023823744, -0.005497787, 0.0030543262
1250748218000, -0.024740042, -0.0021380284, 0.010079277
1250753179000, -0.026267206, -0.0021380284, 0.014966198
1250758241000, -0.022296581, -0.002443461, 0.0125227375
1250763148000, -0.022907447, 0.0070249503, 0.01282817
1250768220000, -0.026572637, 0.0033597588, 0.011911872
1250773159000, -0.025045475, 9.162979E-4, 0.008246681
1250778227000, -0.02107485, -9.162979E-4, 0.009773844
1250783180000, -0.020158553, -0.004581489, -3.0543262E-4
1250788219000, -0.02076942, 0.007330383, 0.01160644
1250793203000, -0.030543262, 0.007330383, 0.009468411
1250798202000, -0.021380283, -0.0036651916, 0.006414085
1250803186000, -0.022907447, -0.002443461, 0.0076358155
1250808207000, -0.021991149, 0.0027488936, 9.162979E-4
1250813195000, -0.020463986, -0.005497787, 0.0036651916
