#Rate of rotation around the x y z axes (Angular velocity).
#timestamp(ns),x,y,z(rad/s)
#Datetime: 07/04/2015 13:32:02
##########################################
#Activity: 8 - CSI - Car-Step in - 6s
#Subject ID: 45
#First Name: sub45
#Last Name: sub45
#Age: 26
#Height(cm): 175
#Weight(kg): 92
#Gender: Male
##########################################

@DATA
1123090413000, -0.023518313, 0.010995574, 0.01160644
1123095410000, -0.028405234, 0.009773844, 0.022907447
1123100481000, -0.029321533, 0.019242255, 0.0106901415
1123105405000, -0.029932396, 0.023518313, 0.017104227
1123110391000, -0.029626964, 0.018936822, 0.0125227375
1123115420000, -0.028710667, 0.012217305, 0.020463986
1123120410000, -0.021991149, 0.009468411, 0.0143553335
1123125387000, -0.028099801, 0.016798794, 0.009468411
1123130474000, -0.02687807, 0.016187929, 0.0106901415
1123135428000, -0.028710667, 0.017715093, 0.01282817
1123140402000, -0.03359759, 0.018325957, 0.013133603
1123145520000, -0.029321533, 0.007330383, 0.01160644
1123150490000, -0.03390302, 0.005192355, 0.009468411
1123155410000, -0.018325957, 0.009773844, 0.008857546
1123160401000, -0.020463986, 0.008246681, 0.012217305
1123165481000, -0.027794369, 0.005497787, 0.009468411
1123170427000, -0.03023783, 0.015271631, 0.01160644
1123175400000, -0.024129177, 0.015577064, 0.0070249503
1123180456000, -0.015882496, 0.012217305, 0.012217305
1123185393000, -0.021991149, 0.014966198, 0.006414085
1123190384000, -0.029932396, 0.008552114, 0.009468411
1123195443000, -0.023823744, 0.014660766, 0.014049901
1123200462000, -0.022602014, 0.006414085, 0.013133603
1123205372000, -0.027488936, 0.011911872, 0.008246681
1123210400000, -0.026572637, 0.0015271631, 0.0106901415
1123215424000, -0.02565634, -0.0030543262, 0.011301007
1123220395000, -0.010995574, 0.00580322, 0.011911872
1123225399000, -0.017104227, 0.003970624, 0.013744468
1123230417000, -0.027488936, -0.002443461, 0.009162978
1123235393000, -0.028099801, 0.0021380284, 0.008246681
1123240400000, -0.018325957, 0.0015271631, 0.007330383
1123245457000, -0.014660766, 0.003970624, 0.0015271631
1123250400000, -0.027794369, 9.162979E-4, 0.013133603
1123255394000, -0.020158553, 0.0012217305, 0.0030543262
1123260394000, -0.020463986, 0.004276057, 0.01282817
1123265544000, -0.02107485, 0.0070249503, 0.004276057
1123270390000, -0.02321288, 0.008246681, 0.005497787
1123275385000, -0.025045475, 0.008246681, 0.005497787
1123280455000, -0.014049901, 0.0033597588, 0.0143553335
1123285398000, -0.02076942, -0.0067195175, 0.010995574
1123290392000, -0.013744468, 9.162979E-4, 0.0076358155
1123295472000, -0.011301007, 0.00580322, 0.009773844
1123300399000, -0.020463986, -0.0018325958, 0.006414085
1123305395000, -0.020463986, 6.1086525E-4, 0.004886922
1123310489000, -0.0125227375, 0.0033597588, 0.007330383
1123315418000, -0.023823744, 0.0012217305, 0.008246681
1123320429000, -0.017715093, 0.008552114, 0.00580322
1123325395000, -0.023823744, 0.0067195175, 0.004886922
1123331070000, -0.025350908, 3.0543262E-4, 0.0076358155
1123335408000, -0.024129177, 9.162979E-4, 0.007330383
1123340407000, -0.022296581, 3.0543262E-4, 0.0027488936
1123345419000, -0.015271631, 0.005497787, 3.0543262E-4
1123350475000, -0.028710667, -0.009468411, 9.162979E-4
1123355430000, -0.027488936, 6.1086525E-4, 0.0036651916
1123360410000, -0.014966198, -0.002443461, -6.1086525E-4
1123365476000, -0.011301007, -0.008246681, -0.0018325958
1123370389000, -0.021380283, -0.01038471, 0.0015271631
1123375399000, -0.013439035, -0.008857546, 0.004276057
1123380453000, -0.015577064, -0.010995574, -0.0018325958
1123385407000, -0.016493361, -0.01038471, 0.002443461
1123390394000, -0.01740966, -0.012217305, 0.002443461
1123395437000, -0.014049901, -0.011301007, 0.0033597588
1123400566000, -0.013744468, -0.0125227375, 6.1086525E-4
1123405383000, -0.007330383, -0.00580322, 0.0061086523
1123410378000, -0.014660766, 3.0543262E-4, 0.010079277
1123415401000, -0.018936822, -0.0061086523, 0.0076358155
1123420390000, -0.019242255, -0.0036651916, 0.007941248
1123425387000, -0.024129177, -0.0027488936, 0.013133603
1123430427000, -0.014660766, 0.005192355, 0.014049901
1123435469000, -0.021991149, 0.011301007, 0.013133603
1123440393000, -0.01160644, 0.009162978, 0.004581489
1123445418000, -0.008857546, 0.007330383, 0.013439035
1123450479000, -0.012217305, 0.003970624, 0.011911872
1123455398000, -0.009162978, 0.0067195175, 0.018325957
1123460386000, -0.023518313, 0.013133603, 0.0125227375
1123465476000, -0.011911872, 0.009468411, 0.01160644
1123470901000, -0.007941248, 0.021380283, 0.009468411
1123475415000, -0.0061086523, 0.021991149, 0.0061086523
1123480453000, -0.018020526, 0.017104227, 0.002443461
1123485413000, -0.012217305, 0.008246681, 0.004276057
1123490412000, -0.026267206, 0.013744468, 0.0018325958
1123495434000, -0.021685716, 0.019547688, 0.0015271631
1123500447000, -0.025961773, 0.019242255, -0.0015271631
1123505438000, -0.037873644, 0.021685716, -0.005497787
1123510396000, -0.044898596, 0.029626964, -0.0021380284
1123515412000, -0.047647487, 0.029321533, -0.008857546
1123520365000, -0.043982297, 0.04062254, -0.01160644
1123525381000, -0.061086524, 0.03634648, -0.023823744
1123530423000, -0.056199603, 0.046731193, -0.032070424
1123535395000, -0.059864793, 0.048258353, -0.035430185
1123540394000, -0.06169739, 0.05681047, -0.04062254
1123545418000, -0.058948494, 0.06627888, -0.050396383
1123550399000, -0.06078109, 0.06536258, -0.053450707
1123555390000, -0.057421334, 0.08155051, -0.06047566
1123560382000, -0.05589417, 0.093767814, -0.06872234
1123565548000, -0.057421334, 0.103847094, -0.08368854
1123570390000, -0.056505036, 0.10476339, -0.08246681
1123575379000, -0.04795292, 0.12461651, -0.09407325
1123580442000, -0.064751714, 0.13805555, -0.09682214
1123585393000, -0.05497787, 0.16157386, -0.10445796
1123590401000, -0.05955936, 0.17165314, -0.1142318
1123595405000, -0.0580322, 0.18661933, -0.121256754
1123600396000, -0.05955936, 0.19853121, -0.122478485
1123605370000, -0.055588737, 0.21135938, -0.12064589
1123610403000, -0.053145275, 0.226631, -0.12675454
1123615405000, -0.05222898, 0.25320363, -0.13255776
1123620389000, -0.058948494, 0.269697, -0.13133603
1123625379000, -0.06169739, 0.29626966, -0.13622294
1123630492000, -0.07513642, 0.31673363, -0.13133603
1123635398000, -0.059253927, 0.33536503, -0.12767084
1123640395000, -0.062002823, 0.3481932, -0.12767084
1123645422000, -0.067500606, 0.36377025, -0.1301143
1123650423000, -0.06352998, 0.3717115, -0.12461651
1123656058000, -0.06780604, 0.39736784, -0.12614368
1123660412000, -0.070249505, 0.40317106, -0.124311075
1123665461000, -0.08307768, 0.41996986, -0.11789699
1123670418000, -0.07971791, 0.44135013, -0.11148291
1123675398000, -0.08246681, 0.45051312, -0.10873401
1123680468000, -0.08979719, 0.46609017, -0.10781772
1123685399000, -0.08979719, 0.47891834, -0.11453723
1123690394000, -0.10354166, 0.49632803, -0.10781772
1123695393000, -0.105374254, 0.50823987, -0.10170906
1123700467000, -0.10262536, 0.5198463, -0.10476339
1123705397000, -0.11056661, 0.52778757, -0.095294975
1123710381000, -0.12797627, 0.5296202, -0.10170906
1123715405000, -0.1423316, 0.5326745, -0.09682214
1123720393000, -0.16279559, 0.52442783, -0.09560041
1123726099000, -0.17592919, 0.52015173, -0.09437868
1123730491000, -0.19608775, 0.51923543, -0.09468412
1123735404000, -0.21288654, 0.5174029, -0.0852157
1123740398000, -0.22785273, 0.5296202, -0.0842994
1123745411000, -0.24220806, 0.52473325, -0.08307768
1123750402000, -0.25381452, 0.5360342, -0.07086037
1123755389000, -0.267559, 0.537256, -0.07238753
1123760386000, -0.28069258, 0.54275376, -0.06352998
1123765517000, -0.28893927, 0.5564982, -0.05009095
1123770396000, -0.32070425, 0.5662721, -0.044898596
1123775381000, -0.33841935, 0.57635134, -0.040011674
1123780480000, -0.3652974, 0.573297, -0.030543262
1123785396000, -0.38545597, 0.59620446, -0.014966198
1123790391000, -0.4166101, 0.6065892, -0.0143553335
1123795449000, -0.44409904, 0.6270532, -0.005497787
1123800477000, -0.48197266, 0.6395759, 0.008552114
1123805374000, -0.5109888, 0.6444628, 0.02321288
1123810393000, -0.54702985, 0.6588182, 0.03390302
1123815419000, -0.593761, 0.6722572, 0.05375614
1123820429000, -0.6389651, 0.691194, 0.07086037
1123825383000, -0.67011917, 0.7141015, 0.07941248
1123830435000, -0.7165449, 0.7290677, 0.10293079
1123835377000, -0.75686204, 0.75228053, 0.13103059
1123840387000, -0.81245077, 0.77396625, 0.14172074
1123845386000, -0.8539896, 0.77854776, 0.1695151
1123850379000, -0.9095783, 0.79168135, 0.18845193
1123855425000, -0.9288206, 0.79504114, 0.22266038
1123860366000, -0.96883225, 0.77549344, 0.25228736
1123865600000, -1.0250319, 0.7425067, 0.29077184
1123870408000, -1.0656544, 0.7101309, 0.3222314
1123875395000, -1.0934488, 0.70005155, 0.3662137
1123880381000, -1.1255192, 0.6780604, 0.4083634
1123885394000, -1.1438452, 0.6585127, 0.45845437
1123890401000, -1.1890492, 0.6407976, 0.51007247
1123895406000, -1.2034045, 0.6081163, 0.552833
1123900409000, -1.212873, 0.58368176, 0.60139686
1123905391000, -1.2198979, 0.54275376, 0.655153
1123910397000, -1.2302825, 0.4886922, 0.6973027
1123915403000, -1.2363913, 0.4279111, 0.7623598
1123920391000, -1.2345587, 0.38423425, 0.82863873
1123925374000, -1.246776, 0.3191771, 0.8729264
1123930441000, -1.2541064, 0.26358834, 0.9370673
1123935513000, -1.2843442, 0.21166481, 0.99204516
1123940398000, -1.328021, 0.14630222, 1.040609
1123945427000, -1.350623, 0.10598512, 1.0858129
1123950464000, -1.3643675, 0.01740966, 1.1074986
1123955388000, -1.3680327, -0.04642576, 1.1533136
1123960401000, -1.4077389, -0.09621128, 1.1927143
1123965477000, -1.450805, -0.1386664, 1.2266175
1123970391000, -1.4810427, -0.1731803, 1.25319
1123975376000, -1.4996742, -0.20922135, 1.2730432
1123981170000, -1.4779885, -0.2751948, 1.2904528
1123985396000, -1.3982705, -0.3576616, 1.2791518
1123990392000, -1.3020593, -0.41447207, 1.2635747
1123995406000, -1.1817188, -0.3933972, 1.2574661
1124000477000, -1.0638218, -0.31520647, 1.2641857
1124005414000, -0.96944314, -0.20616703, 1.2669345
1124010405000, -0.895223, -0.08246681, 1.2434162
1124015428000, -0.82863873, 0.043676864, 1.2076806
1124020435000, -0.7440339, 0.16554448, 1.1841623
1124025373000, -0.66706485, 0.3023783, 1.1643091
1124030457000, -0.5842926, 0.41263947, 1.1429288
1124035407000, -0.48502702, 0.4868596, 1.1313224
1124040388000, -0.37384954, 0.50762904, 1.119716
1124045412000, -0.2657264, 0.5305365, 1.1181889
1124051238000, -0.22388211, 0.5222898, 1.1102476
1124055397000, -0.106901415, 0.5207626, 1.1123856
1124060367000, -0.06811147, 0.516792, 1.1209377
1124065481000, 0.004886922, 0.5036584, 1.1255192
1124070385000, 0.09743301, 0.4896085, 1.1484267
1124075396000, 0.17806722, 0.49571714, 1.1667526
1124080389000, 0.2611449, 0.49846604, 1.1933253
1124085409000, 0.36163223, 0.4978552, 1.2318097
1124090377000, 0.4529566, 0.5448918, 1.2498302
1124095405000, 0.5552765, 0.6026186, 1.2760975
1124100377000, 0.6365216, 0.6560693, 1.3090842
1124105395000, 0.72112644, 0.7247916, 1.3106114
1124110353000, 0.79320854, 0.7861836, 1.3109168
1124115402000, 0.84116143, 0.86376345, 1.3109168
1124120553000, 0.86315256, 0.9428705, 1.2819008
1124125418000, 0.883922, 1.0396926, 1.25319
1124130422000, 0.872621, 1.1557571, 1.2495248
1124135398000, 0.8597928, 1.276403, 1.2449434
1124140385000, 0.8335256, 1.3411547, 1.2226468
1124145430000, 0.79626286, 1.4523321, 1.2116512
1124150390000, 0.7693848, 1.575116, 1.180497
1124155385000, 0.72326446, 1.6756034, 1.1499538
1124160368000, 0.675617, 1.7235563, 1.1374311
1124165436000, 0.65393126, 1.7574593, 1.1261301
1124170399000, 0.6432411, 1.8011361, 1.0928379
1124175429000, 0.6398814, 1.8194622, 1.0555751
1124180499000, 0.62949663, 1.8277088, 1.0186177
1124185394000, 0.6056729, 1.8274034, 0.9804387
1124190844000, 0.5852089, 1.8454239, 0.9294315
1124195410000, 0.5580254, 1.8634444, 0.8735373
1124200478000, 0.52778757, 1.8842138, 0.8231409
1124205391000, 0.50488013, 1.8848248, 0.77366084
1124210433000, 0.46609017, 1.8738291, 0.7189884
1124215425000, 0.43371433, 1.8469511, 0.64965516
1124220483000, 0.3933972, 1.7989981, 0.6059783
1124225408000, 0.37323865, 1.7174476, 0.56230146
1124230485000, 0.38453966, 1.6297885, 0.5225952
1124235393000, 0.38087448, 1.5271631, 0.48808134
1124240798000, 0.37934732, 1.416902, 0.44806966
1124245408000, 0.4025602, 1.3625349, 0.4343252
1124250363000, 0.40469822, 1.269378, 0.40439278
1124255386000, 0.40469822, 1.1722504, 0.37384954
1124260361000, 0.4166101, 1.0818423, 0.3539964
1124265469000, 0.4129449, 1.0015136, 0.33200526
1124270359000, 0.41691554, 0.9053023, 0.31581733
1124275404000, 0.3998113, 0.83169305, 0.30665436
1124280465000, 0.37659842, 0.7706065, 0.30482176
1124285394000, 0.35979962, 0.7305948, 0.3023783
1124290395000, 0.33353242, 0.70646566, 0.31215215
1124295410000, 0.2874121, 0.6914995, 0.3213151
1124300471000, 0.24220806, 0.6637051, 0.3304781
1124306215000, 0.2012801, 0.6398814, 0.35063666
1124310395000, 0.15515977, 0.6047566, 0.36132678
1124315366000, 0.11484267, 0.56016344, 0.37232238
1124320388000, 0.07880162, 0.5030475, 0.38698313
1124325399000, 0.04520403, 0.43493605, 0.3998113
1124330407000, 0.029932396, 0.35185838, 0.41355577
1124335398000, 0.02321288, 0.312763, 0.41355577
1124340399000, 0.034513887, 0.22510384, 0.4120286
1124345421000, 0.03573562, 0.13652839, 0.41172317
1124350402000, 0.07452556, 0.069027774, 0.41599923
1124355395000, 0.13316862, 0.04153884, 0.4083634
1124360402000, 0.16737708, 0.039095376, 0.3998113
1124365522000, 0.19272798, 0.044898596, 0.3885103
1124370393000, 0.18845193, 0.008857546, 0.36041048
1124376266000, 0.15882497, -0.057726767, 0.33536503
1124380489000, 0.1151481, -0.17195857, 0.3118467
1124385391000, 0.09132435, -0.2919936, 0.31123585
1124390391000, 0.09285152, -0.4025602, 0.30390546
1124395391000, 0.14202617, -0.45356745, 0.28038713
1124400480000, 0.2180789, -0.4297437, 0.23701571
1124405383000, 0.29718593, -0.3381139, 0.15607607
1124410381000, 0.3735441, -0.2098322, 0.053450707
1124415344000, 0.4260785, -0.08979719, -0.043676864
1124420392000, 0.46303585, -0.011301007, -0.16890424
1124425403000, 0.44623706, 0.03359759, -0.29016098
1124430419000, 0.39370266, 0.05100725, -0.39645153
1124435375000, 0.30634892, 0.049785517, -0.45753807
1124440391000, 0.24862215, 0.118202426, -0.4908302
1124445473000, 0.124005646, 0.20189096, -0.5360342
1124450476000, 0.009773844, 0.24129178, -0.5500842
1124455377000, -0.061391957, 0.19700404, -0.58093286
1124460393000, -0.08032878, 0.06261369, -0.6035349
1124465656000, -0.064446285, -0.090713486, -0.6200282
1124470416000, -0.053145275, -0.17684549, -0.6093381
1124475396000, -0.048258353, -0.17165314, -0.5531385
1124480420000, -0.0580322, -0.0571159, -0.5305365
1124485337000, -0.10323623, -0.009468411, -0.4783075
1124490387000, -0.14752395, -0.12370021, -0.4120286
1124495370000, -0.067500606, -0.23976462, -0.40530908
1124500474000, -0.03390302, -0.40591997, -0.41233405
1124505331000, -0.0067195175, -0.5494733, -0.4120286
1124510383000, 0.032375857, -0.6588182, -0.42424592
1124515429000, 0.076358154, -0.732122, -0.42821655
1124520398000, 0.13530666, -0.77732605, -0.42241332
1124525411000, 0.20097467, -0.8008443, -0.41355577
1124530420000, 0.2452624, -0.8371908, -0.4166101
1124535434000, 0.29718593, -0.8509353, -0.42119157
1124540423000, 0.31612277, -0.8567385, -0.42302418
1124545411000, 0.32742378, -0.86284715, -0.4251622
1124550479000, 0.33200526, -0.8756753, -0.42302418
1124555372000, 0.3463606, -0.8912524, -0.4184427
1124560392000, 0.37782016, -0.8921687, -0.40653083
1124565477000, 0.44684792, -0.8949176, -0.40317106
1124570403000, 0.4746423, -0.90224797, -0.40744713
1124575393000, 0.5103779, -0.91721416, -0.42180246
1124580425000, 0.52778757, -0.9053023, -0.45112398
1124585386000, 0.5195409, -0.89644474, -0.473726
1124590394000, 0.48899764, -0.86651236, -0.5152648
1124595410000, 0.4578435, -0.79381937, -0.5381723
1124600462000, 0.42332962, -0.6936375, -0.5531385
1124605388000, 0.36835176, -0.6072, -0.59223384
1124610386000, 0.2968805, -0.50732356, -0.61208695
1124615418000, 0.2434298, -0.40561453, -0.60048056
1124620404000, 0.21563543, -0.28771752, -0.58001655
1124625404000, 0.17348573, -0.015577064, -0.55680364
1124630426000, 0.042455133, 0.16157386, -0.4999932
1124635440000, -0.13927728, 0.5137377, -0.45845437
1124640392000, -0.2144137, 0.80573124, -0.32253686
1124645461000, -0.30604348, 0.96944314, -0.22449298
1124650479000, -0.35735616, 0.93828905, -0.17501289
1124655430000, -0.37415496, 0.83016586, -0.12217305
1124660366000, -0.34422258, 0.73761976, -0.08979719
1124665483000, -0.30787608, 0.7189884, -0.04886922
1124670390000, -0.2706133, 0.73456544, -0.021991149
1124675384000, -0.2611449, 0.7651087, 0.0012217305
1124680384000, -0.2938262, 0.82711154, 0.06261369
1124685397000, -0.36743546, 0.8689558, 0.11636983
1124690329000, -0.46853364, 0.8549059, 0.1554652
1124695436000, -0.52626044, 0.7761043, 0.19425514
1124701047000, -0.5317582, 0.63591075, 0.22815818
1124705396000, -0.5119051, 0.49327368, 0.258396
1124710388000, -0.47739118, 0.39767328, 0.2666427
1124715402000, -0.441961, 0.3930918, 0.3136793
1124720381000, -0.42913285, 0.38728857, 0.34972036
1124725429000, -0.3848451, 0.36010507, 0.39095375
1124730434000, -0.32406402, 0.33261612, 0.42210788
1124735378000, -0.29016098, 0.2855795, 0.4334089
1124740548000, -0.21288654, 0.21013765, 0.4541783
1124745441000, -0.14569137, 0.13897185, 0.4465425
1124750467000, -0.10170906, 0.11362094, 0.44043383
1124755394000, -0.074830994, 0.11789699, 0.43890667
1124760414000, -0.058948494, 0.09193522, 0.44868052
1124765472000, -0.042455133, 0.05589417, 0.45753807
1124770603000, -0.032986723, -0.014966198, 0.45570546
1124775433000, -0.046120327, -0.0571159, 0.45478916
1124780421000, -0.071776666, -0.13164146, 0.45906523
1124785396000, -0.09254608, -0.2180789, 0.47861293
1124790329000, -0.10995574, -0.33017266, 0.48349985
1124795432000, -0.13469578, -0.46670106, 0.52626044
1124800361000, -0.13805555, -0.6273586, 0.5525276
1124805402000, -0.09560041, -0.7831292, 0.5861252
1124810366000, -0.048258353, -0.9193522, 0.6249151
1124815425000, -0.009162978, -0.98929626, 0.66248333
1124820338000, 0.002443461, -1.0189233, 0.68416905
1124825425000, -0.02107485, -1.0164797, 0.6963864
1124830397000, -0.06261369, -0.9755518, 0.6960809
1124835395000, -0.0888809, -0.9138544, 0.711658
1124840579000, -0.16065755, -0.82741696, 0.70005155
1124845396000, -0.23151793, -0.70707655, 0.6762278
1124850428000, -0.2996294, -0.5540548, 0.6469063
1124855385000, -0.3640757, -0.42638394, 0.61636305
1124860383000, -0.4166101, -0.28313604, 0.58184916
1124865460000, -0.45204028, -0.13439035, 0.5448918
1124870392000, -0.45906523, -0.00580322, 0.5329799
1124875411000, -0.45204028, 0.1160644, 0.505491
1124880405000, -0.419359, 0.23060162, 0.49632803
1124885390000, -0.39767328, 0.27488935, 0.48441613
1124890395000, -0.3839288, 0.29016098, 0.48502702
1124895384000, -0.38545597, 0.269697, 0.48288897
1124900401000, -0.36377025, 0.1994475, 0.4709771
1124905391000, -0.30207285, 0.10048734, 0.47555858
1124910533000, -0.26633725, -0.0018325958, 0.47036624
1124915405000, -0.23609942, -0.08093964, 0.47067168
1124920387000, -0.21655174, -0.11178834, 0.46975538
1124925390000, -0.20769419, -0.11301007, 0.47494772
1124930425000, -0.2134974, -0.09743301, 0.46822822
1124935340000, -0.21624629, -0.04520403, 0.4804455
1124940362000, -0.22449298, 0.03970624, 0.49327368
1124945415000, -0.2284636, 0.13408493, 0.5006041
1124950444000, -0.21930063, 0.23090707, 0.49846604
1124955400000, -0.22632557, 0.3277292, 0.4908302
1124960407000, -0.20891592, 0.408058, 0.48563787
1124965746000, -0.16920967, 0.47219884, 0.464563
1124970406000, -0.12522738, 0.5177083, 0.42943826
1124975399000, -0.10048734, 0.54641896, 0.39064834
1124980455000, -0.07819075, 0.56107974, 0.34330627
1124985418000, -0.07574729, 0.5537493, 0.28893927
1124990399000, -0.05681047, 0.56046885, 0.22388211
1124995414000, -0.06261369, 0.5537493, 0.1695151
1125000477000, -0.049480084, 0.54244834, 0.12339478
1125005379000, -0.034208454, 0.5366451, 0.07666359
1125010387000, -0.039095376, 0.5348125, 0.031154128
1125015409000, -0.051923547, 0.51923543, -0.0125227375
1125020413000, -0.0571159, 0.5128214, -0.04886922
1125025462000, -0.07819075, 0.50426924, -0.057726767
1125030433000, -0.090713486, 0.49877146, -0.07971791
1125035720000, -0.106595986, 0.47647488, -0.099265605
1125040409000, -0.13164146, 0.453262, -0.10048734
1125045399000, -0.17012598, 0.44012842, -0.098043874
1125050458000, -0.19181168, 0.42210788, -0.092240654
1125055387000, -0.21991149, 0.3924809, -0.073303826
1125060882000, -0.23945917, 0.34391713, -0.05497787
1125065465000, -0.26450464, 0.31642818, -0.04337143
1125070543000, -0.29168814, 0.3136793, -0.025350908
1125075413000, -0.32284227, 0.30940324, -0.007330383
1125080418000, -0.35094208, 0.28160888, 0.007941248
1125085563000, -0.37232238, 0.23823744, 0.004276057
1125090403000, -0.4111123, 0.19211712, 0.009468411
1125095446000, -0.44959682, 0.15821409, -0.004886922
1125100409000, -0.4804455, 0.14172074, -0.020463986
1125106431000, -0.5128214, 0.1133155, -0.03940081
1125110393000, -0.5564982, 0.112704635, -0.046731193
1125115402000, -0.57787853, 0.1282817, -0.063224554
1125120375000, -0.6041457, 0.1441642, -0.081855945
1125125415000, -0.6059783, 0.16371189, -0.093767814
1125130405000, -0.63255095, 0.17592919, -0.111177474
1125135440000, -0.66156703, 0.20708331, -0.12522738
1125140392000, -0.6948592, 0.26297748, -0.13744467
1125145454000, -0.7272351, 0.30757064, -0.14782938
1125150374000, -0.75716746, 0.32895094, -0.16035213
1125155394000, -0.83169305, 0.3155119, -0.16768251
1125160390000, -0.9166033, 0.2593123, -0.17440203
1125165444000, -0.9822713, 0.16187929, -0.1853976
1125170384000, -1.054048, 9.162979E-4, -0.19486602
1125175398000, -1.1291844, -0.1572978, -0.21013765
1125180475000, -1.1957687, -0.32559118, -0.22327125
1125185376000, -1.2428054, -0.4709771, -0.22327125
1125190361000, -1.2843442, -0.5946773, -0.22999077
1125195458000, -1.3179418, -0.71868294, -0.24251351
1125200420000, -1.3292428, -0.8555168, -0.25473082
1125205357000, -1.3283265, -0.99021256, -0.27488935
1125210392000, -1.31672, -1.1270463, -0.2843578
1125215415000, -1.3136657, -1.2614367, -0.29840767
1125220405000, -1.319469, -1.3228287, -0.30726522
1125225405000, -1.319469, -1.4327844, -0.32070425
1125230445000, -1.3289373, -1.5308284, -0.32711834
1125235419000, -1.325883, -1.6200147, -0.33261612
1125240377000, -1.3277156, -1.6985108, -0.33414328
1125245421000, -1.3222178, -1.751656, -0.33964106
1125250392000, -1.3359623, -1.822211, -0.35216382
1125255387000, -1.3405437, -1.8869628, -0.3491095
1125260384000, -1.3408492, -1.9138408, -0.33414328
1125265470000, -1.3710871, -1.9281962, -0.33475417
1125270338000, -1.3720033, -1.9117028, -0.31612277
1125275404000, -1.3359623, -1.8719965, -0.3042109
1125280839000, -1.3069462, -1.7993035, -0.28863382
1125285483000, -1.2843442, -1.7351627, -0.27885997
1125290549000, -1.2718215, -1.7033978, -0.2611449
1125295423000, -1.2425, -1.6972891, -0.23732115
1125300373000, -1.246776, -1.7061466, -0.21563543
1125305404000, -1.2452488, -1.6850718, -0.18173242
1125310430000, -1.2211196, -1.5873333, -0.14721853
1125315417000, -1.2009611, -1.5225816, -0.12370021
1125320435000, -1.1835514, -1.3426818, -0.10995574
1125325407000, -1.1939361, -1.135293, -0.081855945
1125330432000, -1.2406673, -0.9260717, -0.054061573
1125335393000, -1.2965615, -0.7315111, -0.01160644
1125340402000, -1.3515394, -0.5543602, 0.032375857
1125345389000, -1.402852, -0.39767328, 0.094989546
1125350477000, -1.4645494, -0.24251351, 0.15760323
1125355403000, -1.527774, -0.13897185, 0.23151793
1125360392000, -1.591304, -0.092240654, 0.3145956
1125365474000, -1.6475036, -0.10903945, 0.3979787
1125370403000, -1.6887369, -0.17531833, 0.45204028
1125375418000, -1.7033978, -0.2910773, 0.5103779
1125380411000, -1.6807957, -0.47036624, 0.52015173
1125385932000, -1.6307048, -0.7855727, 0.5357288
1125390408000, -1.6105462, -1.1554517, 0.52412236
1125395400000, -1.6377298, -1.4498887, 0.50793445
1125400967000, -1.6334536, -1.5699236, 0.4896085
1125405360000, -1.6001616, -1.5241088, 0.47586402
1125410425000, -1.5357152, -1.3976597, 0.43676865
1125415379000, -1.5164729, -1.3161092, 0.37934732
1125420510000, -1.5329664, -1.1566733, 0.30115658
1125425421000, -1.5775595, -1.0189233, 0.26267207
1125430460000, -1.6533068, -0.8713993, 0.19150625
1125435398000, -1.7171422, -0.74097955, 0.11942416
1125440402000, -1.7434094, -0.61758476, 0.06566802
1125445795000, -1.7602082, -0.52687126, 0.03573562
1125450436000, -1.7537941, -0.47678033, 0.0021380284
1125456028000, -1.7895297, -0.46975538, -0.0106901415
1125460399000, -1.8029687, -0.5164866, -0.009773844
1125465397000, -1.7907515, -0.57818395, -0.008552114
1125470401000, -1.8206838, -0.68783426, 0.010995574
1125475383000, -1.89918, -0.8720101, 0.044898596
1125480436000, -1.9715676, -1.1187997, 0.0983493
1125485486000, -2.0167716, -1.3399329, 0.18692477
1125490376000, -1.9935588, -1.4645494, 0.27122417
1125495408000, -1.9077321, -1.5152513, 0.3203988
1125500397000, -1.7919732, -1.4727961, 0.3368922
1125505395000, -1.6896533, -1.3603969, 0.35094208
1125510369000, -1.5940529, -1.2742649, 0.37384954
1125515379000, -1.5100589, -1.103528, 0.37293324
1125520332000, -1.4556919, -0.8872818, 0.35460728
1125525739000, -1.3451253, -0.6899723, 0.269697
1125530385000, -1.2617421, -0.48288897, 0.24495697
1125535406000, -1.2360858, -0.3036, 0.18509217
1125540351000, -1.215011, -0.15332718, 0.12736541
1125545425000, -1.1930199, -0.030848695, 0.093767814
1125550396000, -1.2009611, 3.0543262E-4, 0.06994407
1125555393000, -1.2006557, 0.02687807, 0.07819075
1125560389000, -1.237613, 0.021380283, 0.13194689
1125565490000, -1.2852604, -0.06719518, 0.1881465
1125570397000, -1.2889256, -0.17562376, 0.2782491
1125575392000, -1.318858, -0.24281894, 0.40378192
1125580413000, -1.4049901, -0.27672195, 0.56138515
1125585395000, -1.4862351, -0.2782491, 0.6957755
1125590326000, -1.5741998, -0.2049453, 0.8155051
1125595434000, -1.6282613, -0.06383542, 0.86467975
1125600365000, -1.6832392, 0.105374254, 0.83260936
1125605393000, -1.7537941, 0.3051272, 0.7742717
1125610376000, -1.8121318, 0.40469822, 0.70280045
1125615399000, -1.8457294, 0.5513059, 0.6569856
1125620364000, -1.8726074, 0.63529986, 0.5882632
1125625392000, -1.8536706, 0.6973027, 0.5525276
1125630428000, -1.7974709, 0.8338311, 0.47494772
1125635389000, -1.7489072, 1.0170907, 0.4202753
1125640393000, -1.6985108, 1.2159272, 0.40317106
1125645393000, -1.6377298, 1.3481796, 0.39461896
1125650399000, -1.5919148, 1.350623, 0.3032946
1125655391000, -1.5842791, 1.2513574, 0.26725355
1125660380000, -1.5974126, 1.1206323, 0.2761111
1125665511000, -1.6010778, 1.0067059, 0.28802297
1125670392000, -1.599856, 0.8784242, 0.3005457
1125675526000, -1.5509869, 0.7968737, 0.3145956
1125680521000, -1.4859297, 0.71776664, 0.32406402
1125685411000, -1.4245378, 0.6600399, 0.3286455
1125690394000, -1.4025466, 0.6084218, 0.3191771
1125695396000, -1.4196508, 0.61911196, 0.3182608
1125700462000, -1.4501941, 0.68630713, 0.34269542
1125705390000, -1.4669929, 0.7134906, 0.35827246
1125711012000, -1.5039502, 0.7128797, 0.36957347
1125715421000, -1.5152513, 0.73364913, 0.38637227
1125720400000, -1.5262468, 0.75502944, 0.4016439
1125725385000, -1.5335772, 0.7528914, 0.41263947
1125730422000, -1.5351044, 0.72265357, 0.4071417
1125735365000, -1.5344934, 0.68752885, 0.41355577
1125740381000, -1.5158621, 0.65209866, 0.41722095
1125745418000, -1.5112807, 0.61666846, 0.41508293
1125750464000, -1.4856243, 0.57910025, 0.43035457
1125755360000, -1.4556919, 0.528093, 0.41386122
1125760387000, -1.3921618, 0.46578476, 0.41813725
1125765359000, -1.3552046, 0.3979787, 0.43249258
1125770392000, -1.3249667, 0.3491095, 0.4550946
1125775390000, -1.2895365, 0.30573806, 0.47739118
1125781173000, -1.2696834, 0.27855456, 0.5012149
1125785466000, -1.2721269, 0.22052236, 0.5174029
1125790385000, -1.2751812, 0.19394971, 0.54550266
1125795408000, -1.2534955, 0.13805555, 0.57971114
1125800477000, -1.2348641, 0.0842994, 0.6059783
1125805525000, -1.2250903, 0.030848695, 0.6407976
1125810402000, -1.212262, 3.0543262E-4, 0.657291
1125815391000, -1.2055426, -0.0711658, 0.6969972
1125820400000, -1.215011, -0.18325958, 0.7293731
1125825383000, -1.2272283, -0.34025195, 0.7556403
1125830405000, -1.2513574, -0.46822822, 0.77091193
1125835372000, -1.2632693, -0.5925393, 0.7867944
1125840364000, -1.2550226, -0.6808093, 0.7852673
1125845379000, -1.2452488, -0.7635816, 0.77366084
1125850590000, -1.2479976, -0.8362745, 0.7834347
1125855390000, -1.2388347, -0.90102625, 0.7855727
1125860378000, -1.1976013, -0.9718866, 0.784351
1125865427000, -1.149343, -1.0491611, 0.7883216
1125870382000, -1.104139, -1.1542299, 0.80909103
1125875414000, -1.0809261, -1.2519683, 0.8378017
1125880376000, -1.0619892, -1.3200798, 0.8772025
1125885390000, -1.0198395, -1.3799446, 0.9016371
1125890402000, -0.95294976, -1.4425583, 0.9450085
1125895411000, -0.9025534, -1.5158621, 0.9718866
1125900533000, -0.83169305, -1.6759088, 0.9990701
1125905279000, -0.77213365, -1.7519615, 1.0094548
1125910270000, -0.7440339, -1.8625281, 1.003957
1125915283000, -0.675617, -1.815186, 1.0479393
1125920282000, -0.65484756, -1.5598444, 1.1261301
1125925270000, -0.6010914, -1.2089024, 1.131017
1125930326000, -0.53969944, -0.93401295, 1.094976
1125935285000, -0.54000485, -0.8219192, 1.0671816
1125940279000, -0.59528816, -0.7690793, 1.056186
1125945361000, -0.66523224, -0.6621779, 1.0571023
1125950303000, -0.62858033, -0.50854534, 1.0415252
1125955402000, -0.52931476, -0.44348818, 1.0375546
1125960395000, -0.42363504, -0.4465425, 1.033584
1125965433000, -0.33414328, -0.52564955, 1.0458013
1125970413000, -0.30573806, -0.65148777, 1.0922271
1125975387000, -0.2932153, -0.73884153, 1.1533136
1125980428000, -0.32345316, -0.8081747, 1.1557571
1125985450000, -0.3390302, -0.8060367, 1.1774428
1125990351000, -0.3707952, -0.74189585, 1.1820242
1125995407000, -0.42638394, -0.66981375, 1.1771374
1126000583000, -0.4896085, -0.6038403, 1.1652255
1126005392000, -0.58062744, -0.6010914, 1.1722504
1126010379000, -0.61086524, -0.61544675, 1.1945469
1126015417000, -0.6835582, -0.6365216, 1.2492194
1126020371000, -0.711658, -0.7012733, 1.239751
1126025377000, -0.7122689, -0.75961095, 1.2394456
1126030469000, -0.7012733, -0.84513205, 1.2834278
1126036056000, -0.70524395, -0.91538155, 1.3274102
1126040331000, -0.7324274, -0.9682214, 1.3866642
1126045414000, -0.72234815, -0.958753, 1.416902
1126050475000, -0.7131852, -0.9202685, 1.4737124
1126055408000, -0.68966687, -0.86254174, 1.496009
1126060416000, -0.677755, -0.80909103, 1.4975362
1126065471000, -0.67347896, -0.7644979, 1.5076154
1126070405000, -0.66248333, -0.7244862, 1.5155567
1126075390000, -0.65179324, -0.6759224, 1.5045611
1126080421000, -0.63071835, -0.6246097, 1.5018122
1126085401000, -0.61208695, -0.589485, 1.4969252
1126090382000, -0.5849035, -0.5537493, 1.4999796
1126095424000, -0.5369505, -0.52320606, 1.4871514
1126100468000, -0.50976706, -0.49510628, 1.5103643
1126106058000, -0.47800204, -0.47433686, 1.5457945
1126110395000, -0.4437936, -0.45478916, 1.5604553
1126115384000, -0.4279111, -0.38423425, 1.5735888
1126120393000, -0.40500367, -0.26542094, 1.5845845
1126125374000, -0.37110063, -0.14844026, 1.6206255
1126130466000, -0.33169982, -0.049480084, 1.641395
1126135467000, -0.30818152, 0.060170226, 1.6698002
1126140404000, -0.2874121, 0.14996742, 1.7217237
1126145417000, -0.2657264, 0.28344148, 1.7721201
1126150484000, -0.28802297, 0.38973203, 1.7351627
1126155410000, -0.3213151, 0.4642576, 1.6966782
1126160389000, -0.3576616, 0.49602258, 1.6609426
1126165416000, -0.37751472, 0.5180137, 1.6447546
1126170405000, -0.36102137, 0.5534439, 1.636508
1126176069000, -0.3408628, 0.5626069, 1.638646
1126180409000, -0.2938262, 0.5714644, 1.7116444
1126185337000, -0.2510656, 0.5421429, 1.7098118
1126190408000, -0.18417588, 0.5161811, 1.6975945
1126195398000, -0.122478485, 0.51159966, 1.7223345
1126200464000, -0.06627888, 0.5103779, 1.751656
1126205361000, -0.0106901415, 0.5186246, 1.7892243
1126210394000, 0.0106901415, 0.55680364, 1.8741345
1126215374000, 0.0580322, 0.5555819, 1.8738291
1126220407000, 0.11056661, 0.58062744, 1.8457294
1126225391000, 0.1591304, 0.64599, 1.8423696
1126230405000, 0.20311269, 0.75502944, 1.8374827
1126235411000, 0.19914207, 0.7993172, 1.844813
1126240394000, 0.18600847, 0.83016586, 1.89918
1126245636000, 0.13744467, 0.7993172, 1.8530598
1126250466000, 0.07574729, 0.7641924, 1.8054122
1126255406000, 0.013133603, 0.75594574, 1.7800614
1126260402000, -0.04337143, 0.7648033, 1.7476854
1126265482000, -0.10262536, 0.7834347, 1.7211128
1126270396000, -0.15302174, 0.81183994, 1.6847663
1126275394000, -0.21135938, 0.8491027, 1.645671
1126280474000, -0.25595254, 0.8790351, 1.6157386
1126285489000, -0.27305678, 0.92057395, 1.5787812
1126290397000, -0.3023783, 0.95905846, 1.5537357
1126295383000, -0.32711834, 0.96791595, 1.5268577
1126300393000, -0.3381139, 0.9764681, 1.5088371
1126305393000, -0.34300083, 0.97494096, 1.4865406
1126310413000, -0.37018433, 0.9636399, 1.466382
1126315399000, -0.39828414, 0.9596693, 1.4498887
1126320391000, -0.44593164, 0.93370754, 1.4220943
1126325384000, -0.4636467, 0.8775079, 1.3976597
1126330499000, -0.49663344, 0.8194757, 1.3778065
1126335474000, -0.52656585, 0.7770206, 1.3854424
1126340390000, -0.5665775, 0.66706485, 1.3695599
1126345396000, -0.58062744, 0.64476824, 1.2550226
1126350383000, -0.6398814, 0.6160576, 1.1988231
1126355391000, -0.7128797, 0.58459806, 1.1746938
1126360413000, -0.7629707, 0.5476407, 1.133155
1126365468000, -0.8341365, 0.5149594, 1.1023064
1126370357000, -0.86590147, 0.48502702, 1.0574077
1126375386000, -0.9117164, 0.5039638, 0.9987647
1126380445000, -0.9431759, 0.5488624, 0.9166033
1126385417000, -0.9764681, 0.5870415, 0.86620694
1126390330000, -0.95233893, 0.6026186, 0.8246681
1126395435000, -0.9224065, 0.6041457, 0.80848014
1126400354000, -0.8949176, 0.5213735, 0.84207773
1126405391000, -0.7861836, 0.539394, 0.8081747
1126410377000, -0.7351763, 0.5390886, 0.75441855
1126415405000, -0.6627888, 0.47983465, 0.7174612
1126420360000, -0.54825157, 0.41813725, 0.66950834
1126425380000, -0.4447099, 0.3933972, 0.5821546
1126430435000, -0.36041048, 0.3231477, 0.5354234
1126435398000, -0.2959642, 0.2406809, 0.5045747
1126440521000, -0.23579398, 0.16493362, 0.4718934
1126445392000, -0.1704314, 0.098043874, 0.44959682
1126450614000, -0.10751228, 0.032375857, 0.42852196
1126455397000, -0.042760566, -0.015882496, 0.40775254
1126460376000, 0.027794369, -0.053145275, 0.40317106
1126465514000, 0.09896017, -0.11453723, 0.42210788
1126470329000, 0.21410827, -0.1826487, 0.5180137
1126475381000, 0.3295618, -0.13561209, 0.4260785
1126480436000, 0.35216382, -0.1695151, 0.36193767
1126485384000, 0.42546764, -0.18020524, 0.34269542
1126490342000, 0.50946164, -0.16890424, 0.33108896
1126495413000, 0.5571091, -0.13439035, 0.3213151
1126500558000, 0.65118235, -0.12034045, 0.29352075
1126505392000, 0.7415904, -0.1020145, 0.27885997
1126510399000, 0.83169305, -0.09743301, 0.2519819
1126515402000, 0.9108001, -0.1142318, 0.21991149
1126520399000, 0.9602802, -0.15302174, 0.18570304
1126525381000, 1.0177015, -0.22876903, 0.15699236
1126530450000, 1.0662653, -0.28955013, 0.10415252
1126535393000, 1.104139, -0.3839288, 0.06658431
1126540397000, 1.1099422, -0.46028697, 0.03604105
1126545398000, 1.1429288, -0.5357288, 0.013133603
1126550405000, 1.1695015, -0.6478226, 9.162979E-4
1126555393000, 1.2119566, -0.77182823, 0.027794369
1126560458000, 1.2519683, -0.83077675, 0.007941248
1126565470000, 1.2748758, -0.8546005, -0.043066
1126570585000, 1.2867876, -0.9062186, -0.06811147
1126575381000, 1.3219124, -0.9294315, -0.08002335
1126580414000, 1.3610078, -0.95233893, -0.10934488
1126585391000, 1.3997977, -0.9859365, -0.1142318
1126590399000, 1.4016303, -1.0210613, -0.14110987
1126595460000, 1.3946054, -0.9969321, -0.16401732
1126600491000, 1.3787229, -0.92485, -0.20830505
1126605394000, 1.3374895, -0.86162543, -0.24984388
1126610397000, 1.2779301, -0.81153446, -0.29046643
1126615405000, 1.2000448, -0.78984874, -0.30970868
1126620396000, 1.1258247, -0.8194757, -0.3182608
1126625388000, 1.0396926, -0.81000733, -0.35155296
1126630492000, 0.9804387, -0.7504479, -0.36987892
1126635477000, 0.95325524, -0.68294734, -0.3912592
1126640395000, 0.95264435, -0.62980205, -0.3903429
1126645393000, 1.0012082, -0.56199604, -0.40622538
1126650401000, 1.0387764, -0.49235737, -0.4147775
1126655395000, 1.1026118, -0.4361578, -0.41630468
1126660390000, 1.1588113, -0.38240165, -0.40775254
1126665355000, 1.1859949, -0.35613444, -0.40011674
1126670398000, 1.1917981, -0.3463606, -0.42913285
1126675354000, 1.1936307, -0.3222314, -0.42119157
1126680471000, 1.1691961, -0.29046643, -0.42149702
1126685410000, 1.0968086, -0.2443461, -0.4288274
1126690394000, 1.0137309, -0.22418754, -0.43127087
1126695387000, 0.94959, -0.19547687, -0.43493605
1126700465000, 0.8072584, -0.20555615, -0.45234573
1126705351000, 0.679893, -0.28221974, -0.453262
1126710377000, 0.5742133, -0.3933972, -0.43768495
1126715376000, 0.51068336, -0.49235737, -0.42638394
1126720443000, 0.4615087, -0.5726862, -0.4175264
1126725388000, 0.44318274, -0.634689, -0.41874814
1126730432000, 0.45112398, -0.68325275, -0.40775254
1126735374000, 0.49571714, -0.6759224, -0.41813725
1126740401000, 0.5488624, -0.6453791, -0.4352415
1126745410000, 0.5861252, -0.59742624, -0.45112398
1126750404000, 0.61483586, -0.56291234, -0.4615087
1126755916000, 0.6441574, -0.49174652, -0.46792278
1126760388000, 0.6469063, -0.41355577, -0.48166725
1126765367000, 0.6365216, -0.34300083, -0.48899764
1126770397000, 0.61911196, -0.25534168, -0.5119051
1126775361000, 0.58123827, -0.124005646, -0.5320636
1126780526000, 0.5329799, -0.063224554, -0.5537493
1126785412000, 0.48288897, -0.03726278, -0.5531385
1126790458000, 0.43951756, 0.03573562, -0.5665775
1126795395000, 0.41538838, 0.076358154, -0.6020077
1126800501000, 0.3491095, 0.12186762, -0.6243043
1126805394000, 0.27977628, 0.18081611, -0.6203337
1126810398000, 0.19272798, 0.25289822, -0.605062
1126815411000, 0.086132, 0.29443705, -0.5363397
1126820393000, -0.05589417, 0.376293, -0.46578476
1126825803000, -0.24037547, 0.4709771, -0.40958515
1126830415000, -0.44104472, 0.50671273, -0.3866777
1126835376000, -0.68508536, 0.49357912, -0.38820487
1126840368000, -0.9049969, 0.45906523, -0.42943826
1126845402000, -1.1160508, 0.39553526, -0.4569272
1126850446000, -1.2873985, 0.26358834, -0.42302418
1126855381000, -1.3866642, 0.110872045, -0.3726278
1126860376000, -1.396438, -0.032070424, -0.32650748
1126865459000, -1.3469579, -0.12675454, -0.2678644
1126870381000, -1.2461652, -0.204029, -0.22143865
1126875386000, -1.1221595, -0.24617869, -0.18600847
1126880367000, -0.97402465, -0.25625798, -0.17440203
1126885386000, -0.8491027, -0.25992316, -0.17195857
1126890400000, -0.79351395, -0.25289822, -0.16920967
1126895624000, -0.6783658, -0.2510656, -0.16187929
1126900404000, -0.5665775, -0.23487769, -0.16065755
1126905395000, -0.462425, -0.21319197, -0.15393804
1126910458000, -0.36041048, -0.19272798, -0.16401732
1126915423000, -0.28893927, -0.17898351, -0.17531833
1126920396000, -0.24037547, -0.18448131, -0.22876903
1126925370000, -0.22724187, -0.13775012, -0.30115658
1126930489000, -0.21838433, -0.04642576, -0.34330627
1126935481000, -0.19761491, 0.028405234, -0.3662137
1126940398000, -0.16829337, 0.06627888, -0.3640757
1126945393000, -0.17470746, 0.09132435, -0.37201694
1126950364000, -0.18295415, 0.06811147, -0.36163223
1126955390000, -0.1994475, 0.014966198, -0.3463606
1126960375000, -0.19364429, -0.06261369, -0.32436943
1126965472000, -0.15699236, -0.13041973, -0.2929099
1126970329000, -0.10598512, -0.16371189, -0.21502456
1126975376000, -0.040011674, -0.1957823, -0.15027285
1126980392000, 0.01160644, -0.19608775, -0.13713925
1126985424000, 0.026267206, -0.17806722, -0.1386664
1126990360000, 0.02565634, -0.16401732, -0.15485434
1126995412000, 0.006414085, -0.1600467, -0.183565
1127000444000, -0.014966198, -0.17837265, -0.20066923
1127005385000, -0.05009095, -0.20158553, -0.19547687
1127010405000, -0.07819075, -0.21105394, -0.19547687
1127015433000, -0.08368854, -0.20708331, -0.18753563
1127020370000, -0.11484267, -0.18967366, -0.17989981
1127025396000, -0.14752395, -0.1695151, -0.17928895
1127030457000, -0.1685988, -0.13439035, -0.1695151
1127035487000, -0.19364429, -0.10720685, -0.14813483
1127040328000, -0.21777347, -0.11026118, -0.13225232
1127045516000, -0.22602014, -0.09407325, -0.12186762
1127050366000, -0.24587326, -0.08582657, -0.10415252
1127055390000, -0.25503623, -0.064751714, -0.0852157
1127060379000, -0.26419923, -0.010079277, -0.018325957
1127065468000, -0.21868975, 0.037873644, 0.017715093
1127070333000, -0.1966986, 0.10323623, 0.04550946
1127075378000, -0.19456059, 0.14813483, 0.050701816
1127080471000, -0.18417588, 0.20280726, 0.06536258
1127085402000, -0.16829337, 0.23182335, 0.06505715
1127090386000, -0.17348573, 0.2938262, 0.08735373
1127095374000, -0.14782938, 0.36193767, 0.11759156
1127100467000, -0.12461651, 0.4089743, 0.13622294
1127105406000, -0.10873401, 0.43279803, 0.15302174
1127110407000, -0.106901415, 0.45020768, 0.15241088
1127115413000, -0.0852157, 0.42730024, 0.15607607
1127120392000, -0.079107046, 0.39706242, 0.14935656
1127125382000, -0.06994407, 0.3549127, 0.11911872
1127130437000, -0.061086524, 0.30176744, 0.09712757
1127135398000, -0.046731193, 0.24587326, 0.105374254
1127140383000, -0.024129177, 0.20372356, 0.118507855
1127145424000, 0.017715093, 0.19211712, 0.12064589
1127151140000, 0.055588737, 0.18203785, 0.12370021
1127155370000, 0.069027774, 0.16646078, 0.109650314
1127160402000, 0.081855945, 0.15210545, 0.11301007
1127165467000, 0.103847094, 0.13041973, 0.110872045
1127170380000, 0.0983493, 0.10903945, 0.10934488
1127175398000, 0.10415252, 0.090713486, 0.105068825
1127180539000, 0.098043874, 0.07788532, 0.09987647
1127185411000, 0.09560041, 0.056199603, 0.096516706
1127190397000, 0.09590584, 0.036957346, 0.092240654
1127195411000, 0.07696902, 0.01863139, 0.080634214
1127200401000, 0.056199603, 0.0076358155, 0.0720821
1127205390000, 0.04428773, 9.162979E-4, 0.07238753
1127210417000, 0.025350908, 0.008246681, 0.06658431
1127215374000, 0.0125227375, 0.013744468, 0.059864793
1127220575000, 0.015577064, 0.027183503, 0.052839845
1127225357000, -0.003970624, 0.027488936, 0.057726767
1127230471000, -0.022907447, 0.034208454, 0.042455133
1127235371000, -0.011911872, 0.047036625, 0.05009095
1127240393000, -0.011301007, 0.049480084, 0.044593163
1127245362000, -0.008857546, 0.04917465, 0.04184427
1127250401000, -0.016187929, 0.061086524, 0.04153884
1127255342000, -0.01985312, 0.06047566, 0.039095376
1127260387000, 6.1086525E-4, 0.06536258, 0.035430185
1127265373000, -0.005192355, 0.060170226, 0.030543262
1127270391000, -0.0106901415, 0.06566802, 0.040927973
1127275380000, -0.002443461, 0.06383542, 0.038789943
1127280510000, 0.005192355, 0.077579886, 0.030543262
1127285451000, -0.00580322, 0.084910266, 0.02687807
1127290493000, -0.0021380284, 0.0983493, 0.023823744
1127295400000, -0.0030543262, 0.093767814, 0.029932396
1127300400000, 0.0018325958, 0.10262536, 0.022602014
1127305397000, 3.0543262E-4, 0.10415252, 0.026267206
1127310388000, 0.007941248, 0.1001819, 0.025350908
1127315584000, 0.005497787, 0.089186326, 0.029932396
1127320392000, -0.0012217305, 0.09132435, 0.025045475
1127325406000, -0.0125227375, 0.08582657, 0.027794369
1127330485000, -0.0070249503, 0.06719518, 0.023823744
1127335388000, -0.017104227, 0.06780604, 0.024129177
1127340389000, -0.028099801, 0.056199603, 0.016187929
1127345413000, -0.03481932, 0.061391957, 0.022907447
1127350393000, -0.043066, 0.05222898, 0.019242255
1127355393000, -0.04520403, 0.046120327, 0.015577064
1127360370000, -0.04642576, 0.04550946, 0.014049901
1127365473000, -0.050701816, 0.041233405, 0.0067195175
1127370326000, -0.05100725, 0.034208454, 0.01038471
1127375384000, -0.05497787, 0.03023783, 0.011911872
1127380440000, -0.055588737, 0.028710667, 0.008857546
1127385467000, -0.055283304, 0.021991149, 0.007330383
1127390364000, -0.050701816, 0.027794369, 0.002443461
1127395390000, -0.054367006, 0.03390302, 0.004276057
1127400368000, -0.043066, 0.028099801, 0.007941248
1127406058000, -0.04062254, 0.021991149, 0.008552114
1127410371000, -0.0421497, 0.029932396, 0.010079277
1127415403000, -0.032070424, 0.025045475, 0.011301007
1127420392000, -0.035124753, 0.01038471, 0.0067195175
1127425382000, -0.025045475, 0.01038471, 0.0030543262
1127430411000, -0.027488936, 0.013133603, 0.0070249503
1127435437000, -0.032375857, -0.0012217305, 0.003970624
1127440340000, -0.026267206, -0.004886922, 0.007330383
1127445391000, -0.02107485, -0.0070249503, 0.009162978
1127450359000, -0.021685716, -0.016493361, -0.0018325958
1127455390000, -0.019547688, -0.02443461, -0.0018325958
1127460376000, -0.021991149, -0.02321288, 0.004276057
1127465462000, -0.023823744, -0.026572637, 0.005497787
1127470392000, -0.01863139, -0.024740042, 0.004276057
1127476086000, -0.015577064, -0.033292156, -0.005192355
1127480489000, -0.024129177, -0.03176499, -0.01038471
1127485482000, -0.019242255, -0.033292156, -0.010079277
1127490389000, -0.017715093, -0.036651913, -0.010995574
1127495383000, -0.02565634, -0.035430185, -0.013133603
1127500399000, -0.0290161, -0.039095376, -0.0067195175
1127505392000, -0.03268129, -0.037873644, -0.0030543262
1127510448000, -0.027794369, -0.03176499, -0.0067195175
1127515394000, -0.027488936, -0.034208454, -0.002443461
1127520388000, -0.032375857, -0.03940081, -0.009162978
1127525378000, -0.0290161, -0.04153884, -0.008857546
1127530525000, -0.037873644, -0.03726278, -0.009468411
1127535485000, -0.039095376, -0.044593163, -0.0033597588
1127540396000, -0.040011674, -0.034208454, -0.0030543262
1127545579000, -0.047647487, -0.040011674, -0.0021380284
1127550462000, -0.0571159, -0.040927973, -0.004276057
1127555381000, -0.03756821, -0.036957346, 0.0015271631
1127560375000, -0.05467244, -0.035430185, -0.0027488936
1127565380000, -0.058643065, -0.04062254, 0.0012217305
1127570404000, -0.057421334, -0.036957346, -0.0012217305
1127575374000, -0.052534413, -0.03481932, -0.0012217305
1127580402000, -0.051618114, -0.04428773, -0.0070249503
1127585354000, -0.054367006, -0.040927973, -0.004581489
1127590401000, -0.053450707, -0.042455133, -0.0027488936
1127595356000, -0.05467244, -0.051618114, -0.0076358155
1127600477000, -0.052534413, -0.047647487, -0.004581489
1127605334000, -0.04520403, -0.049785517, -0.0076358155
1127610396000, -0.04642576, -0.053450707, -0.007330383
1127615389000, -0.040927973, -0.047036625, -0.0015271631
1127620405000, -0.04153884, -0.038179077, -0.004581489
1127625384000, -0.036651913, -0.028099801, -0.009773844
1127630485000, -0.028099801, -0.018020526, -0.0070249503
1127635443000, -0.02687807, -0.01160644, -0.009162978
1127640397000, -0.02321288, -0.014660766, -0.013133603
1127645422000, -0.024129177, -0.0012217305, -0.008857546
1127650469000, -0.0143553335, 0.0021380284, -0.0021380284
1127655400000, -0.015271631, -3.0543262E-4, -0.012217305
1127660376000, -0.018020526, -0.0030543262, -0.004276057
1127665513000, -0.0076358155, -9.162979E-4, -0.0027488936
1127670400000, 0.004886922, 0.0015271631, 0.0021380284
1127675420000, 0.007330383, 0.008246681, 0.0027488936
1127680454000, -0.0027488936, 0.016187929, -0.005497787
1127685441000, -0.0030543262, 0.014660766, -0.0027488936
1127690391000, -0.007941248, 0.022907447, -0.0018325958
1127695390000, -0.014660766, 0.022907447, 0.003970624
1127700466000, -0.010995574, 0.02321288, 0.004581489
1127705369000, -0.02443461, 0.026267206, 0.0076358155
1127710377000, -0.019547688, 0.029321533, 0.005192355
1127715411000, -0.026572637, 0.041233405, 0.008552114
1127720395000, -0.027794369, 0.041233405, 0.014966198
1127725381000, -0.0290161, 0.043066, 0.01740966
1127731204000, -0.03359759, 0.051923547, 0.018936822
1127735486000, -0.03940081, 0.043676864, 0.014660766
1127740406000, -0.026267206, 0.043066, 0.015577064
1127745393000, -0.026267206, 0.038789943, 0.01740966
1127750467000, -0.018020526, 0.027183503, 0.015577064
1127755406000, -0.03573562, 0.025045475, 0.022907447
1127760381000, -0.02687807, 0.03604105, 0.01985312
1127765470000, -0.026572637, 0.025045475, 0.011301007
1127770404000, -0.0290161, 0.013744468, 0.008857546
1127775384000, -0.033292156, 0.021380283, 0.012217305
1127780506000, -0.031154128, 0.014049901, 0.016187929
1127785417000, -0.032986723, 0.02321288, 0.013744468
1127790357000, -0.03481932, 0.021685716, 0.016798794
1127795392000, -0.03481932, 0.022602014, 0.020158553
1127801099000, -0.043982297, 0.009468411, 0.01160644
1127805391000, -0.021991149, 0.013744468, 0.015882496
1127810354000, -0.03145956, 0.019547688, 0.018325957
1127815416000, -0.038789943, 0.0067195175, 0.0125227375
1127820335000, -0.02565634, 0.013133603, 0.015577064
1127825386000, -0.03573562, 0.01160644, 0.023518313
1127830436000, -0.032986723, 0.015271631, 0.015882496
1127835517000, -0.0290161, 0.018325957, 0.01985312
1127840347000, -0.03604105, 0.0125227375, 0.021991149
1127845388000, -0.027488936, 0.0106901415, 0.018020526
1127850375000, -0.040011674, 0.006414085, 0.018020526
1127855396000, -0.03848451, 0.0027488936, 0.008552114
1127860421000, -0.029321533, 0.014049901, 0.015271631
1127865441000, -0.036957346, 0.014049901, 0.014660766
1127870559000, -0.029321533, 0.0012217305, 0.007941248
1127875415000, -0.036957346, 0.004886922, 0.009162978
1127880422000, -0.03023783, 0.0012217305, 0.004276057
1127885444000, -0.03023783, -0.004886922, 0.009162978
1127890390000, -0.01740966, -0.004886922, 0.006414085
1127895438000, -0.028405234, -3.0543262E-4, 0.013133603
1127900411000, -0.015577064, 0.0030543262, 0.0070249503
1127905394000, -0.015577064, 0.0018325958, 0.010079277
1127910384000, -0.025350908, 0.009468411, 0.006414085
1127915403000, -0.030848695, 0.013133603, 0.004276057
1127920400000, -0.016798794, 0.013133603, 0.00580322
1127925377000, -0.021991149, 0.021685716, 0.0033597588
1127930445000, -0.02076942, 0.01282817, 0.0033597588
1127935456000, -0.024129177, 0.008552114, 0.008552114
1127940324000, -0.021991149, 0.0027488936, 0.011301007
1127945409000, -0.024740042, 0.0061086523, 0.015271631
1127950357000, -0.02565634, -0.004886922, 0.013133603
1127955392000, -0.024129177, -0.008857546, 0.0033597588
1127960360000, -0.01282817, -0.005497787, 0.01282817
1127965465000, -0.0106901415, -0.0021380284, 0.0143553335
1127970359000, -0.021380283, -0.014049901, 0.009162978
1127975382000, -0.018020526, -0.014660766, 0.014966198
1127980500000, -0.01863139, -0.0067195175, 0.013439035
1127985486000, -0.02076942, -0.0030543262, 0.0070249503
1127990395000, -0.028405234, -0.0076358155, 0.004886922
1127995398000, -0.02687807, -0.0067195175, 9.162979E-4
1128000400000, -0.023518313, -0.011301007, 0.00580322
1128005387000, -0.028099801, -0.014660766, 0.00580322
1128010378000, -0.021685716, -0.010079277, -0.0061086523
1128015387000, -0.021991149, -0.0067195175, 0.0030543262
1128020440000, -0.028099801, -0.02076942, -0.004276057
1128025370000, -0.018325957, -0.028710667, -0.005192355
1128030556000, -0.03023783, -0.022907447, -0.0018325958
1128035424000, -0.016798794, -0.023823744, -0.0030543262
1128040394000, -0.03023783, -0.02565634, -0.0018325958
1128045384000, -0.028710667, -0.029626964, -0.010995574
1128050401000, -0.02321288, -0.02565634, -0.00580322
1128055392000, -0.020158553, -0.01863139, -0.004276057
1128060377000, -0.02107485, -0.024740042, -0.009162978
1128065511000, -0.025045475, -0.01985312, -0.007941248
1128070394000, -0.03176499, -0.020463986, -0.005192355
1128075363000, -0.02107485, -0.016798794, -0.008246681
1128080445000, -0.021380283, -0.013439035, -0.0012217305
1128085470000, -0.03359759, -0.0018325958, -0.01160644
1128090395000, -0.03634648, -0.007941248, -0.004581489
1128095378000, -0.03176499, -0.01282817, -0.0021380284
1128100393000, -0.03176499, -0.008552114, 0.0015271631
1128105391000, -0.030848695, -0.0027488936, -0.0070249503
1128110388000, -0.024740042, 3.0543262E-4, -0.0021380284
1128115429000, -0.028710667, -0.0036651916, -0.0021380284
1128120388000, -0.03145956, 0.004276057, 0.0030543262
1128125376000, -0.027488936, 0.009162978, -0.006414085
1128130585000, -0.024129177, 0.0036651916, -0.0030543262
1128135426000, -0.022296581, -0.004581489, -0.0061086523
1128140396000, -0.03481932, 0.0061086523, 0.003970624
1128145400000, -0.032375857, -9.162979E-4, -0.0030543262
1128150397000, -0.02321288, 0.011911872, 9.162979E-4
1128155368000, -0.029626964, 0.009468411, -9.162979E-4
1128160373000, -0.03481932, 0.0106901415, 0.0030543262
1128165376000, -0.03573562, 0.009162978, 0.0067195175
1128170393000, -0.03634648, 0.0106901415, 0.009773844
1128175367000, -0.025045475, 0.010995574, 0.008246681
1128180408000, -0.025045475, 0.019547688, 0.011301007
1128185345000, -0.01985312, 0.014966198, 0.008246681
1128190393000, -0.033292156, 0.022602014, 0.016187929
1128195375000, -0.03176499, 0.02443461, 0.018325957
1128200397000, -0.035430185, 0.016187929, 0.021380283
1128205357000, -0.04184427, 0.017104227, 0.01038471
1128210381000, -0.03634648, 0.021380283, 0.01282817
1128215364000, -0.03848451, 0.017715093, 0.013133603
1128220393000, -0.027488936, 0.015882496, 0.014660766
1128225384000, -0.027183503, 0.013744468, 0.013744468
1128230523000, -0.025350908, 0.005192355, 0.012217305
1128235405000, -0.025350908, 0.007941248, 0.014049901
1128240390000, -0.02076942, 0.005497787, 0.014049901
1128245418000, -0.024740042, 0.0070249503, 0.014966198
1128250398000, -0.02107485, 0.003970624, 0.018325957
1128255389000, -0.019242255, 0.0015271631, 0.013133603
1128260371000, -0.023823744, 0.00580322, 0.013439035
1128265661000, -0.022907447, 0.006414085, 0.009468411
1128270390000, -0.029932396, 0.01160644, 0.014966198
1128275478000, -0.024740042, 0.0143553335, 0.018020526
1128280499000, -0.029932396, 0.01160644, 0.015271631
1128285597000, -0.024740042, 0.01985312, 0.01863139
1128290391000, -0.02107485, 0.0125227375, 0.02076942
1128295760000, -0.02565634, 0.005192355, 0.01160644
1128300399000, -0.018325957, 0.010079277, 0.0106901415
1128305397000, -0.015577064, 0.017715093, 0.0076358155
1128310379000, -0.014966198, 0.02076942, 0.0143553335
1128315342000, -0.013744468, 0.003970624, 0.003970624
1128320392000, -0.016798794, 0.0067195175, 0.013133603
1128325353000, -0.018936822, 0.0030543262, 0.011301007
1128330500000, -0.023823744, 0.004886922, 0.0076358155
1128335383000, -0.023518313, 0.002443461, 0.008552114
1128340394000, -0.016187929, 0.0067195175, 0.009468411
1128345371000, -0.016187929, 6.1086525E-4, 0.010079277
1128350396000, -0.01740966, 0.005192355, -9.162979E-4
1128355362000, -0.009162978, -0.0012217305, 0.005497787
1128360364000, -0.015577064, 0.004886922, 0.004581489
1128365383000, -0.021991149, 0.0012217305, 0.01282817
1128370393000, -0.01985312, 6.1086525E-4, 0.012217305
1128375360000, -0.023823744, 9.162979E-4, 0.005497787
1128380488000, -0.017715093, 0.007330383, -0.0061086523
1128385414000, -0.023823744, 0.0021380284, 0.004581489
1128390400000, -0.02076942, 0.013744468, 0.004276057
1128395406000, -0.028405234, 0.005192355, 0.005497787
1128400469000, -0.02321288, 0.005192355, 0.005497787
1128405405000, -0.01863139, -0.004581489, 0.0021380284
1128410386000, -0.026572637, -0.0027488936, -0.0015271631
1128415434000, -0.02076942, -0.010079277, 6.1086525E-4
1128420387000, -0.024740042, -0.013133603, 0.003970624
1128425400000, -0.022296581, -0.015882496, 0.0030543262
1128430396000, -0.022296581, -0.018936822, 0.0036651916
1128435408000, -0.030848695, -0.02076942, -9.162979E-4
1128440391000, -0.0290161, -0.015271631, 0.0070249503
1128445399000, -0.025350908, -0.019242255, -0.0012217305
1128450390000, -0.021380283, -0.01740966, 0.002443461
1128455389000, -0.03176499, -0.017104227, 0.0036651916
1128460384000, -0.024129177, -0.018325957, 0.010079277
1128465393000, -0.017715093, -0.01282817, 0.0021380284
1128470391000, -0.028405234, -0.011911872, 3.0543262E-4
1128475420000, -0.02565634, -0.0070249503, 0.009773844
1128480468000, -0.025961773, -0.013439035, 0.011301007
1128485458000, -0.02321288, -0.008246681, 0.009162978
1128490394000, -0.02443461, -0.013133603, 0.011911872
1128495416000, -0.018325957, -0.010079277, 0.009468411
1128500394000, -0.020158553, -0.018325957, 0.011911872
1128505393000, -0.014660766, -0.004581489, 0.004886922
1128510385000, -0.019242255, -0.003970624, 0.011911872
1128515396000, -0.016493361, -0.004581489, 0.004581489
1128520393000, -0.023823744, -0.0033597588, 0.004581489
1128525414000, -0.027794369, 6.1086525E-4, 0.008857546
1128530441000, -0.023823744, -0.00580322, 0.0033597588
1128535417000, -0.018936822, 0.0012217305, 0.005497787
1128540380000, -0.01740966, 0.0027488936, 0.0070249503
1128545440000, -0.029321533, -0.0027488936, 0.006414085
1128550344000, -0.0290161, -0.0030543262, 0.005192355
1128555388000, -0.021991149, 0.008246681, 0.016493361
1128560357000, -0.025350908, -0.008857546, 0.012217305
1128565552000, -0.017104227, 0.004276057, 0.020158553
1128570335000, -0.016493361, 0.009162978, 0.01985312
1128575395000, -0.02107485, 0.018020526, 0.018325957
1128580429000, -0.022296581, 0.015271631, 0.012217305
1128585479000, -0.01985312, 0.026572637, 0.015271631
1128590367000, -0.026572637, 0.031154128, 0.02076942
1128595399000, -0.027794369, 0.03268129, 0.024740042
1128600385000, -0.036651913, 0.02321288, 0.017715093
1128605389000, -0.029321533, 0.029321533, 0.022907447
1128610375000, -0.035124753, 0.033292156, 0.016493361
1128615391000, -0.038789943, 0.019242255, 0.015577064
1128620426000, -0.022602014, 0.024740042, 0.019242255
1128625443000, -0.034208454, 0.029626964, 0.020463986
1128630511000, -0.04153884, 0.022296581, 0.01160644
1128635402000, -0.025961773, 0.02107485, 0.021380283
1128640395000, -0.03390302, 0.013744468, 0.016187929
1128645384000, -0.030543262, 0.021991149, 0.014049901
1128650403000, -0.032986723, 0.015577064, 0.012217305
1128655388000, -0.03268129, 0.008857546, 0.013133603
1128660370000, -0.030543262, 0.013439035, 0.014966198
1128665520000, -0.01863139, 0.02076942, 0.014966198
1128670394000, -0.01740966, 0.025350908, 0.010079277
1128675420000, -0.029321533, 0.018020526, -9.162979E-4
1128680474000, -0.022907447, 0.014966198, 0.005497787
1128685407000, -0.02321288, 0.01863139, 0.01160644
1128690389000, -0.023518313, 0.022296581, 0.015577064
1128695381000, -0.02443461, 0.015882496, 0.010995574
1128700398000, -0.018936822, 0.02565634, 0.01160644
1128705390000, -0.025350908, 0.02565634, 0.009468411
1128710379000, -0.028710667, 0.020158553, 0.004886922
1128715397000, -0.009773844, 0.016798794, 0.008552114
1128720393000, -0.01863139, 0.008857546, 0.010079277
1128725427000, -0.021685716, 0.00580322, 0.0015271631
1128730439000, -0.032070424, -0.0076358155, -3.0543262E-4
1128735404000, -0.015577064, -0.00580322, 0.004276057
1128740427000, -0.01863139, -0.009162978, 0.0033597588
1128745373000, -0.018325957, -0.013133603, 0.0067195175
1128750463000, -0.02107485, -0.0036651916, 0.008552114
1128755343000, -0.013439035, -0.007941248, -9.162979E-4
1128760392000, -0.024740042, -0.004276057, 0.006414085
1128765363000, -0.018325957, -0.009162978, 0.0036651916
1128770391000, -0.02443461, -0.009162978, 0.005497787
1128775410000, -0.03359759, -0.012217305, 0.007330383
1128780474000, -0.02076942, -0.01282817, 0.007330383
1128785389000, -0.02565634, -0.016798794, -6.1086525E-4
1128790406000, -0.025350908, -0.023823744, 0.005192355
1128795364000, -0.018936822, -0.022907447, 0.005497787
