#Rate of rotation around the x y z axes (Angular velocity).
#timestamp(ns),x,y,z(rad/s)
#Datetime: 22/04/2015 16:09:24
##########################################
#Activity: 8 - CSI - Car-Step in - 6s
#Subject ID: 47
#First Name: sub47
#Last Name: sub47
#Age: 21
#Height(cm): 180
#Weight(kg): 85
#Gender: Male
##########################################

@DATA
13001071336000, -0.034513887, -0.004886922, 0.032375857
13001077092000, -0.03481932, -0.01160644, 0.036651913
13001081363000, -0.035124753, -0.015577064, 0.03604105
13001086345000, -0.041233405, -0.018936822, 0.03481932
13001091348000, -0.04062254, -0.0125227375, 0.03268129
13001096657000, -0.03390302, -0.01863139, 0.03848451
13001101347000, -0.03390302, -0.0143553335, 0.03573562
13001106355000, -0.034513887, -0.015577064, 0.043066
13001111322000, -0.03634648, -0.02687807, 0.043982297
13001116356000, -0.030543262, -0.034208454, 0.039095376
13001121316000, -0.0290161, -0.03390302, 0.037873644
13001126309000, -0.024129177, -0.04917465, 0.036651913
13001131316000, -0.023823744, -0.047036625, 0.029932396
13001136313000, -0.03023783, -0.037873644, 0.029626964
13001141289000, -0.022296581, -0.028405234, 0.03176499
13001146316000, -0.022602014, -0.035430185, 0.023823744
13001151346000, -0.024740042, -0.038789943, 0.028099801
13001156327000, -0.017715093, -0.0421497, 0.027183503
13001161352000, -0.025961773, -0.055588737, 0.028099801
13001166519000, -0.03023783, -0.058948494, 0.020463986
13001171309000, -0.026572637, -0.073303826, 0.02107485
13001176308000, -0.032986723, -0.054367006, 0.01985312
13001181314000, -0.029626964, -0.070554934, 0.022602014
13001186303000, -0.018936822, -0.0729984, 0.026267206
13001191289000, -0.007330383, -0.076052725, 0.02687807
13001196287000, -0.008246681, -0.08124508, 0.027183503
13001201323000, -0.014049901, -0.09010262, 0.03268129
13001206322000, -0.01160644, -0.10293079, 0.034513887
13001211308000, -0.015882496, -0.082161374, 0.026572637
13001216324000, -0.016798794, -0.093462385, 0.034208454
13001221309000, -0.019242255, -0.087964594, 0.027488936
13001226300000, -0.013439035, -0.08582657, 0.028710667
13001231319000, -0.005192355, -0.07941248, 0.01985312
13001236280000, -0.021991149, -0.07391469, 0.018325957
13001241288000, -0.029321533, -0.07422013, 0.011301007
13001246324000, -0.021685716, -0.07422013, 0.005192355
13001251308000, -0.028099801, -0.07269296, 0.004886922
13001256315000, -0.027488936, -0.06811147, -0.006414085
13001261339000, -0.034208454, -0.06414085, -0.01863139
13001266321000, -0.04337143, -0.04886922, -0.022296581
13001271312000, -0.054367006, -0.043676864, -0.024740042
13001277065000, -0.060170226, -0.023823744, -0.032375857
13001282110000, -0.070249505, -0.027488936, -0.033292156
13001286318000, -0.07391469, -0.018325957, -0.03359759
13001291293000, -0.09040806, -0.021685716, -0.03176499
13001296331000, -0.09682214, -3.0543262E-4, -0.03756821
13001301310000, -0.08979719, 0.015882496, -0.046120327
13001306328000, -0.10873401, 0.040317107, -0.05375614
13001311418000, -0.11942416, 0.061086524, -0.06505715
13001316373000, -0.13225232, 0.06994407, -0.06811147
13001321306000, -0.14202617, 0.07727446, -0.07391469
13001326295000, -0.1591304, 0.0852157, -0.0842994
13001331313000, -0.17165314, 0.086437434, -0.0842994
13001336311000, -0.17592919, 0.09560041, -0.087964594
13001341297000, -0.16768251, 0.09773844, -0.09407325
13001346330000, -0.17165314, 0.090713486, -0.0983493
13001352071000, -0.1600467, 0.08827003, -0.09040806
13001356316000, -0.14049901, 0.08827003, -0.08979719
13001361380000, -0.13133603, 0.09590584, -0.08246681
13001366388000, -0.111177474, 0.0983493, -0.07666359
13001371304000, -0.10598512, 0.09712757, -0.07391469
13001376297000, -0.09865474, 0.096516706, -0.0711658
13001381316000, -0.10140363, 0.090713486, -0.06872234
13001386311000, -0.09621128, 0.07941248, -0.06841691
13001391294000, -0.09040806, 0.080634214, -0.06780604
13001396394000, -0.09315695, 0.09315695, -0.062002823
13001401300000, -0.103847094, 0.100792766, -0.06078109
13001406308000, -0.105374254, 0.115453534, -0.061391957
13001411372000, -0.098043874, 0.12522738, -0.057421334
13001416373000, -0.11178834, 0.13836098, -0.05131268
13001421648000, -0.0983493, 0.13164146, -0.043066
13001426302000, -0.102319926, 0.1255328, -0.03481932
13001431320000, -0.1020145, 0.12461651, -0.028710667
13001436310000, -0.099571034, 0.10995574, -0.021685716
13001441288000, -0.10170906, 0.10262536, -0.0076358155
13001446314000, -0.10751228, 0.08460484, -0.0076358155
13001451310000, -0.10903945, 0.076052725, 0.012217305
13001456327000, -0.10567969, 0.062002823, 0.010995574
13001461408000, -0.112704635, 0.050701816, 0.010995574
13001466357000, -0.12156218, 0.031154128, 0.017104227
13001471313000, -0.11026118, 0.0125227375, 0.025350908
13001477177000, -0.1133155, 0.0067195175, 0.02687807
13001481311000, -0.11728613, -0.010079277, 0.030543262
13001486308000, -0.11636983, -0.014660766, 0.028405234
13001491436000, -0.11484267, -0.009468411, 0.024129177
13001496358000, -0.12522738, -0.008857546, 0.021685716
13001501308000, -0.11453723, -0.01038471, 0.02687807
13001506292000, -0.124005646, -0.01985312, 0.023823744
13001511395000, -0.12522738, -0.0143553335, 0.029932396
13001516327000, -0.13958271, -0.027183503, 0.029932396
13001521308000, -0.12889257, -0.03145956, 0.03573562
13001526305000, -0.13775012, -0.028710667, 0.038179077
13001531312000, -0.13744467, -0.019242255, 0.036957346
13001536310000, -0.1423316, -0.014660766, 0.037873644
13001541303000, -0.15760323, -0.013133603, 0.04337143
13001546341000, -0.15515977, -0.013133603, 0.043982297
13001551309000, -0.1591304, 0.006414085, 0.053145275
13001556300000, -0.1685988, 0.009162978, 0.051923547
13001561343000, -0.17134771, 0.009162978, 0.044593163
13001566318000, -0.17928895, 0.01282817, 0.056505036
13001571311000, -0.18997909, 0.024740042, 0.053450707
13001576295000, -0.20158553, 0.021991149, 0.062308256
13001581318000, -0.20861048, 0.032375857, 0.061391957
13001586312000, -0.21960606, 0.027794369, 0.06352998
13001591278000, -0.24007004, 0.03359759, 0.055283304
13001596347000, -0.24617869, 0.035430185, 0.05955936
13001601279000, -0.27488935, 0.05681047, 0.061086524
13001606330000, -0.29993483, 0.06505715, 0.061391957
13001611366000, -0.3200934, 0.06811147, 0.058337633
13001616354000, -0.33964106, 0.08124508, 0.06658431
13001621329000, -0.3576616, 0.086437434, 0.070554934
13001626338000, -0.39064834, 0.079107046, 0.0720821
13001631342000, -0.39522982, 0.071776666, 0.080634214
13001636332000, -0.42394048, 0.08552113, 0.09407325
13001641335000, -0.44409904, 0.09162979, 0.09743301
13001646367000, -0.46944994, 0.098043874, 0.1160644
13001651351000, -0.49938235, 0.093462385, 0.13072516
13001656353000, -0.5320636, 0.1001819, 0.1469131
13001661454000, -0.5543602, 0.116675265, 0.1740966
13001666361000, -0.59223384, 0.10354166, 0.18112154
13001671333000, -0.61941737, 0.109650314, 0.20708331
13001677369000, -0.64568454, 0.11301007, 0.24281894
13001681355000, -0.6753115, 0.10751228, 0.2779437
13001686350000, -0.679893, 0.11148291, 0.321926
13001691344000, -0.70738196, 0.1133155, 0.36377025
13001696354000, -0.7309003, 0.1151481, 0.40866885
13001701354000, -0.7648033, 0.108123146, 0.453262
13001706362000, -0.7849618, 0.10445796, 0.5030475
13001711456000, -0.8017606, 0.0852157, 0.5510005
13001716460000, -0.816116, 0.06627888, 0.6041457
13001721350000, -0.8405506, 0.058643065, 0.66431594
13001726350000, -0.8717047, 0.039095376, 0.6936375
13001731351000, -0.88331115, 0.034513887, 0.7644979
13001736331000, -0.92087936, 0.03023783, 0.8249735
13001741336000, -0.94806284, 0.019242255, 0.8921687
13001746420000, -0.99204516, 0.019547688, 0.9599747
13001751358000, -1.0461067, 0.013744468, 1.035722
13001756349000, -1.0983357, 0.016493361, 1.1252137
13001761476000, -1.1450669, 0.024740042, 1.2092078
13001766337000, -1.2009611, 0.03145956, 1.280679
13001771354000, -1.2412782, -0.014660766, 1.346347
13001776347000, -1.2657127, -0.044898596, 1.4291192
13001781348000, -1.2855659, -0.02076942, 1.5115861
13001786349000, -1.3148874, 0.08307768, 1.5940529
13001791331000, -1.3881912, 0.24129178, 1.6911805
13001796339000, -1.4978416, 0.4352415, 1.78617
13001801243000, -1.6129897, 0.6010914, 1.8536706
13001806327000, -1.6832392, 0.76144356, 1.9055941
13001811305000, -1.7012597, 0.9682214, 1.881465
13001816300000, -1.6307048, 1.2840388, 1.817935
13001821285000, -1.4789047, 1.4471397, 1.6988163
13001826283000, -1.3790283, 1.6798794, 1.6410894
13001831309000, -1.210735, 1.7489072, 1.5323554
13001836283000, -1.1007792, 1.6572775, 1.4227052
13001841333000, -1.0125091, 1.4645494, 1.318858
13001846317000, -0.92149025, 1.2483032, 1.2208142
13001851325000, -0.84238315, 1.0742066, 1.138042
13001856346000, -0.7593055, 0.9621128, 1.0742066
13001861317000, -0.6728681, 0.93279123, 1.0201449
13001866349000, -0.57604593, 0.9789116, 0.9605856
13001871342000, -0.49205196, 1.039998, 0.90194255
13001876326000, -0.45051312, 1.0790935, 0.84299403
13001881234000, -0.40133846, 1.0726794, 0.7867944
13001886240000, -0.35094208, 1.0225884, 0.7290677
13001891218000, -0.2782491, 0.97035944, 0.66553766
13001896235000, -0.19761491, 0.9053023, 0.5879578
13001901298000, -0.1337795, 0.8396343, 0.5296202
13001906351000, -0.055588737, 0.77824235, 0.49113566
13001911345000, 0.0290161, 0.73914695, 0.46517387
13001916316000, 0.11759156, 0.6899723, 0.4465425
13001921311000, 0.21746802, 0.6585127, 0.43401974
13001926298000, 0.26419923, 0.6035349, 0.41416663
13001931317000, 0.3576616, 0.54305923, 0.39461896
13001936314000, 0.44623706, 0.47250426, 0.3857614
13001941288000, 0.5381723, 0.42088616, 0.38148534
13001946336000, 0.6252206, 0.36865717, 0.37690386
13001951313000, 0.6960809, 0.3390302, 0.38026363
13001956393000, 0.7669413, 0.33841935, 0.37598756
13001961326000, 0.8197812, 0.3381139, 0.38331795
13001966324000, 0.8567385, 0.3662137, 0.38453966
13001971314000, 0.9056077, 0.41386122, 0.39461896
13001976304000, 0.95172805, 0.4914411, 0.40439278
13001981324000, 0.99173975, 0.58246, 0.41905355
13001986313000, 1.0177015, 0.70829827, 0.42821655
13001991302000, 1.0247264, 0.8145888, 0.43982297
13001996283000, 1.0577132, 0.9279043, 0.44898596
13002001263000, 1.0659598, 1.0476339, 0.45204028
13002006393000, 1.0662653, 1.1661417, 0.45112398
13002011319000, 1.040609, 1.2712106, 0.4392121
13002016324000, 1.0036516, 1.3185526, 0.43004912
13002021310000, 0.95325524, 1.416902, 0.42088616
13002026295000, 0.92179567, 1.4727961, 0.3924809
13002031328000, 0.8445212, 1.4495832, 0.35888332
13002036308000, 0.7602218, 1.3246613, 0.32070425
13002041304000, 0.6942484, 1.0983357, 0.2910773
13002046312000, 0.63407815, 0.82344633, 0.25442538
13002051318000, 0.59528816, 0.57879484, 0.23365596
13002056379000, 0.5290093, 0.39278635, 0.22693644
13002061399000, 0.46853364, 0.29779682, 0.21410827
13002066406000, 0.40744713, 0.2779437, 0.20616703
13002072000000, 0.3381139, 0.31948254, 0.19303341
13002077096000, 0.29016098, 0.40011674, 0.18509217
13002081323000, 0.2657264, 0.52290064, 0.17470746
13002086307000, 0.23060162, 0.6627888, 0.17256944
13002091318000, 0.21624629, 0.8026769, 0.16218472
13002096345000, 0.22510384, 0.91415983, 0.14049901
13002101316000, 0.22540927, 1.0009027, 0.12614368
13002106382000, 0.22082779, 1.0509937, 0.10934488
13002111318000, 0.24648413, 1.0644327, 0.090713486
13002116315000, 0.26542094, 1.0607675, 0.07147124
13002121317000, 0.27916542, 1.0369438, 0.064751714
13002126296000, 0.31123585, 0.9761627, 0.057421334
13002131320000, 0.32498032, 0.8940013, 0.05009095
13002136303000, 0.3491095, 0.79320854, 0.04734206
13002141794000, 0.3680463, 0.6966918, 0.0421497
13002146408000, 0.37873647, 0.61911196, 0.033292156
13002151397000, 0.37995818, 0.55680364, 0.025961773
13002156329000, 0.364992, 0.49938235, 0.023823744
13002161368000, 0.35155296, 0.44257188, 0.017104227
13002166403000, 0.33475417, 0.40194935, 0.008246681
13002171351000, 0.32436943, 0.3594942, -0.0030543262
13002176354000, 0.30268374, 0.37782016, 0.0021380284
13002181351000, 0.2959642, 0.39858958, -0.004276057
13002186347000, 0.3051272, 0.42241332, 0.003970624
13002191345000, 0.32620203, 0.4266894, 0.016493361
13002196448000, 0.3494149, 0.46639562, 0.028710667
13002201247000, 0.36957347, 0.49480084, 0.05222898
13002206419000, 0.35918877, 0.4831944, 0.07452556
13002211589000, 0.35827246, 0.4089743, 0.092240654
13002216352000, 0.33505958, 0.35918877, 0.094989546
13002221352000, 0.30482176, 0.26908615, 0.093462385
13002226354000, 0.19914207, 0.17562376, 0.070249505
13002231339000, 0.06078109, 0.0870483, 0.033292156
13002236332000, -0.08735373, -0.02443461, -0.0061086523
13002241327000, -0.24617869, -0.17654006, -0.043982297
13002246380000, -0.398895, -0.34208453, -0.0870483
13002251350000, -0.5161811, -0.50915617, -0.14569137
13002256357000, -0.5751296, -0.6203337, -0.22999077
13002261362000, -0.6188065, -0.6093381, -0.34574974
13002266349000, -0.64996064, -0.4196644, -0.4578435
13002271336000, -0.6951646, -0.07696902, -0.5900958
13002277161000, -0.77304995, 0.23060162, -0.7449502
13002281349000, -0.8362745, 0.4382958, -0.9049969
13002286310000, -0.8561276, 0.49602258, -1.0326678
13002291289000, -0.8249735, 0.41416663, -1.1215485
13002296366000, -0.75625116, 0.23304509, -1.1255192
13002301311000, -0.6383542, 0.0070249503, -1.0451905
13002306342000, -0.49388456, -0.15302174, -0.9334021
13002311321000, -0.41783184, -0.20677789, -0.77579886
13002316315000, -0.34513888, -0.26511553, -0.6728681
13002321311000, -0.30695978, -0.21777347, -0.46883908
13002327092000, -0.25045475, -0.07880162, -0.2770274
13002331301000, -0.22418754, 0.03573562, -0.12370021
13002336314000, -0.2171626, 0.15607607, -0.03359759
13002341300000, -0.27122417, 0.18325958, 0.008857546
13002346360000, -0.3436117, 0.13958271, 0.03268129
13002351304000, -0.36682457, 0.04734206, 0.03023783
13002356333000, -0.35246924, -0.105068825, 0.035430185
13002361376000, -0.34513888, -0.26328292, 0.05131268
13002366417000, -0.3295618, -0.3924809, 0.03359759
13002371315000, -0.32070425, -0.49480084, 0.0076358155
13002376295000, -0.34025195, -0.5842926, -0.04917465
13002381322000, -0.35063666, -0.6780604, -0.11484267
13002386309000, -0.37873647, -0.75502944, -0.18661933
13002391292000, -0.38545597, -0.7672467, -0.23609942
13002397091000, -0.38545597, -0.73456544, -0.25137106
13002401264000, -0.39095375, -0.7119634, -0.2452624
13002406319000, -0.4147775, -0.6927212, -0.21044308
13002411316000, -0.41783184, -0.6927212, -0.13500121
13002416349000, -0.41416663, -0.68936145, -0.084910266
13002421358000, -0.3817908, -0.65270954, 0.027794369
13002426361000, -0.3481932, -0.73761976, 0.13408493
13002431424000, -0.3023783, -0.95142263, 0.22968534
13002436328000, -0.21899518, -1.1746938, 0.33414328
13002441548000, -0.119729586, -1.3405437, 0.4352415
13002446334000, -0.04184427, -1.455081, 0.5131268
13002451267000, 0.0036651916, -1.5479325, 0.54519725
13002456304000, 0.015271631, -1.5519031, 0.5549711
13002461314000, 0.009773844, -1.6050484, 0.54367006
13002466505000, 0.027488936, -1.6588045, 0.5308419
13002471250000, 0.043066, -1.6123788, 0.5381723
13002476306000, 0.03756821, -1.5012014, 0.53786683
13002481314000, 0.04062254, -1.3970488, 0.52320606
13002486308000, 0.01740966, -1.3176364, 0.52748215
13002491289000, 0.010079277, -1.2177598, 0.54153204
13002496355000, 0.008857546, -1.138042, 0.52412236
13002501299000, -0.022602014, -1.0989466, 0.46761733
13002506316000, -0.051923547, -1.0812315, 0.4810564
13002511402000, -0.06780604, -1.0464121, 0.5030475
13002516336000, -0.08979719, -1.0564915, 0.5002986
13002521308000, -0.11759156, -1.094976, 0.47036624
13002526295000, -0.15424347, -1.1462886, 0.43371433
13002531315000, -0.19425514, -1.1533136, 0.45234573
13002536539000, -0.21624629, -1.16492, 0.4636467
13002541283000, -0.2843578, -1.2040154, 0.45631635
13002546317000, -0.35277468, -1.2461652, 0.44318274
13002551345000, -0.41416663, -1.3096951, 0.37904188
13002556337000, -0.49541172, -1.3005321, 0.40653083
13002561445000, -0.58184916, -1.2647965, 0.4016439
13002566362000, -0.66798115, -1.244027, 0.40378192
13002571336000, -0.7425067, -1.1899655, 0.4111123
13002576337000, -0.806953, -1.0812315, 0.43585235
13002581352000, -0.8784242, -0.96669424, 0.43860126
13002586331000, -0.93279123, -0.8597928, 0.4456262
13002591294000, -0.98349303, -0.78954333, 0.4343252
13002596310000, -1.0317514, -0.76083267, 0.41172317
13002601311000, -1.0574077, -0.73884153, 0.37659842
13002606333000, -1.0855075, -0.7281514, 0.34697145
13002611351000, -1.1108584, -0.7076874, 0.3399465
13002616391000, -1.1111639, -0.7819075, 0.31612277
13002621309000, -1.0772609, -0.8200866, 0.29138273
13002626292000, -1.031446, -0.8368854, 0.2434298
13002631321000, -0.97341377, -0.81092364, 0.19853121
13002636274000, -0.9114109, -0.78038037, 0.14538592
13002641294000, -0.84604836, -0.74097955, 0.092240654
13002646351000, -0.8240572, -0.71929383, 0.04428773
13002652115000, -0.8005389, -0.6979135, 0.0036651916
13002656274000, -0.81397796, -0.70554936, -0.04153884
13002661397000, -0.8164214, -0.6985244, -0.07452556
13002666249000, -0.81092364, -0.6786713, -0.10903945
13002671310000, -0.8145888, -0.68569624, -0.13408493
13002676349000, -0.8332202, -0.7147123, -0.16065755
13002681322000, -0.8536842, -0.7189884, -0.18234327
13002686308000, -0.8793405, -0.7076874, -0.1863139
13002691290000, -0.9098838, -0.66523224, -0.18661933
13002696685000, -0.9462303, -0.61575216, -0.18570304
13002701298000, -0.9831876, -0.55680364, -0.17715092
13002706550000, -1.0219775, -0.52839845, -0.18906279
13002711366000, -1.0467176, -0.52442783, -0.20708331
13002716345000, -1.063211, -0.5540548, -0.22571471
13002722095000, -1.0937542, -0.5644395, -0.26847526
13002726296000, -1.0995574, -0.5561928, -0.2724459
13002731317000, -1.1004738, -0.5403103, -0.27550024
13002736244000, -1.0906999, -0.54275376, -0.27305678
13002741295000, -1.0852021, -0.5702427, -0.28191432
13002746352000, -1.0665708, -0.6105598, -0.2929099
13002751311000, -1.0494665, -0.6221663, -0.30970868
13002756264000, -1.0461067, -0.6239988, -0.31703907
13002761394000, -1.0454959, -0.6020077, -0.310625
13002766250000, -1.0647382, -0.5671884, -0.2874121
13002771312000, -1.094976, -0.539394, -0.2687807
13002776321000, -1.178359, -0.56230146, -0.23548855
13002781334000, -1.2657127, -0.6270532, -0.17348573
13002786294000, -1.3365731, -0.70921457, -0.12034045
13002791958000, -1.4068227, -0.7855727, -0.077579886
13002796384000, -1.4483615, -0.82436264, -0.03604105
13002801303000, -1.4749341, -0.82986045, -0.03359759
13002806327000, -1.4993688, -0.8579602, -0.028099801
13002811320000, -1.5146403, -0.8573494, -0.03573562
13002816306000, -1.5344934, -0.82802784, -0.043982297
13002821270000, -1.541213, -0.7828238, -0.08552113
13002826292000, -1.5085317, -0.7076874, -0.08155051
13002831278000, -1.4563028, -0.65026605, -0.118202426
13002836271000, -1.4434745, -0.6310238, -0.17287487
13002841281000, -1.4318681, -0.6261369, -0.21319197
13002846276000, -1.398576, -0.61758476, -0.2406809
13002851328000, -1.3552046, -0.6160576, -0.25503623
13002856223000, -1.3029755, -0.6065892, -0.28160888
13002861235000, -1.2479976, -0.57757306, -0.27000242
13002866233000, -1.2018774, -0.51159966, -0.2666427
13002871227000, -1.1643091, -0.41813725, -0.26175576
13002876187000, -1.1618657, -0.3463606, -0.23762658
13002881232000, -1.1725558, -0.29138273, -0.21105394
13002886228000, -1.2034045, -0.24923302, -0.18845193
13002891223000, -1.2373075, -0.2443461, -0.1591304
13002896256000, -1.2589933, -0.25595254, -0.1301143
13002901251000, -1.287704, -0.24740042, -0.112704635
13002906232000, -1.3106114, -0.21502456, -0.08399397
13002911325000, -1.3298537, -0.1591304, -0.05589417
13002916309000, -1.3060299, -0.13988814, -0.040927973
13002921314000, -1.278541, -0.1337795, -0.0143553335
13002926325000, -1.2290609, -0.11759156, -0.04520403
13002931318000, -1.2324207, -0.08246681, -0.08277224
13002936302000, -1.2357804, -0.06505715, -0.08735373
13002941289000, -1.2321151, -0.03634648, -0.07147124
13002946402000, -1.2229522, -0.01038471, -0.044593163
13002951321000, -1.2144, 0.013439035, -3.0543262E-4
13002956356000, -1.2217305, 0.023518313, 0.070554934
13002961446000, -1.2241739, 0.011911872, 0.13194689
13002966443000, -1.2092078, -0.015577064, 0.20738874
13002971328000, -1.1795808, -0.070554934, 0.27397305
13002976519000, -1.1527027, -0.15454891, 0.32834008
13002981339000, -1.1047498, -0.25045475, 0.37568212
13002986332000, -1.0369438, -0.3399465, 0.41080686
13002991292000, -0.9621128, -0.41508293, 0.4474588
13002996386000, -0.8961393, -0.48166725, 0.47525316
13003001263000, -0.8561276, -0.50671273, 0.49327368
13003006358000, -0.84849185, -0.5296202, 0.5271767
13003011291000, -0.8374963, -0.56779927, 0.5751296
13003016351000, -0.83077675, -0.64599, 0.63438356
13003021244000, -0.8228355, -0.72326446, 0.6805039
13003026347000, -0.8032878, -0.70707655, 0.68539083
13003031346000, -0.78893244, -0.59986967, 0.68477994
13003036304000, -0.7675522, -0.537256, 0.68630713
13003041321000, -0.73426, -0.5360342, 0.66920286
13003046608000, -0.7031059, -0.53878313, 0.6462954
13003051348000, -0.6722572, -0.58459806, 0.6224717
13003056239000, -0.6585127, -0.54611355, 0.57360244
13003061532000, -0.6805039, -0.49571714, 0.49632803
13003066254000, -0.7486154, -0.4538729, 0.4636467
13003071517000, -0.7959574, -0.39706242, 0.43768495
13003076196000, -0.8362745, -0.32834008, 0.41050145
13003081552000, -0.8900307, -0.27855456, 0.39920044
13003086240000, -0.9224065, -0.21563543, 0.38759398
13003091231000, -0.95386606, -0.14294247, 0.4083634
13003096256000, -0.977079, -0.11484267, 0.43310347
13003101195000, -0.9978484, 0.056199603, 0.41996986
13003106246000, -1.0558805, 0.2049453, 0.408058
13003111211000, -1.108415, 0.29657507, 0.4120286
13003116245000, -1.1502593, 0.37751472, 0.408058
13003121175000, -1.1893547, 0.43279803, 0.41386122
13003126257000, -1.2116512, 0.46486846, 0.41783184
13003131181000, -1.2198979, 0.52656585, 0.42088616
13003136228000, -1.212262, 0.6246097, 0.4129449
13003141276000, -1.2299771, 0.72326446, 0.41172317
13003146347000, -1.2507466, 0.7828238, 0.4373795
13003151754000, -1.2360858, 0.75716746, 0.48991394
13003156344000, -1.2425, 0.6951646, 0.55680364
13003161452000, -1.2308935, 0.62796944, 0.6218608
13003166330000, -1.2318097, 0.5479461, 0.6582073
13003171306000, -1.2318097, 0.408058, 0.6835582
13003176343000, -1.221425, 0.2275473, 0.66645396
13003181348000, -1.2119566, 0.06811147, 0.57879484
13003186350000, -1.273654, -0.10323623, 0.5296202
13003191348000, -1.294118, -0.18967366, 0.516792
13003196363000, -1.3292428, -0.19333886, 0.5335908
13003201334000, -1.3243558, -0.16676621, 0.5497787
13003206354000, -1.325883, -0.1572978, 0.60048056
13003211378000, -1.3176364, -0.21930063, 0.6579019
13003216333000, -1.3197744, -0.27000242, 0.7104363
13003221537000, -1.325883, -0.3115413, 0.74128497
13003226353000, -1.3158038, -0.31215215, 0.7312057
13003231339000, -1.2724323, -0.16310102, 0.6988298
13003236325000, -1.2562444, -0.004581489, 0.70096785
13003241307000, -1.2904528, 0.10048734, 0.71685034
13003246333000, -1.3063353, 0.20433442, 0.711658
13003251350000, -1.3185526, 0.25473082, 0.7189884
13003256337000, -1.353372, 0.26542094, 0.74067414
13003261539000, -1.4110987, 0.27152961, 0.75716746
13003266375000, -1.4602734, 0.30207285, 0.7641924
13003271332000, -1.4654657, 0.30298916, 0.75441855
13003276267000, -1.4584408, 0.30176744, 0.7510588
13003281373000, -1.4724907, 0.24862215, 0.7431176
13003286278000, -1.5222762, 0.20189096, 0.74464476
13003291328000, -1.6032158, 0.14813483, 0.74036866
13003296346000, -1.6707164, 0.12492194, 0.72234815
13003301351000, -1.707063, 0.050701816, 0.70616025
13003306306000, -1.8057177, 0.03848451, 0.6646214
13003311438000, -1.9352211, 0.03573562, 0.6609562
13003316271000, -2.044566, 0.1740966, 0.643852
13003321347000, -2.1572707, 0.27977628, 0.6453791
13003326287000, -2.2644775, 0.35185838, 0.6432411
13003331350000, -2.3667974, 0.39400807, 0.63132924
13003336297000, -2.4599543, 0.48075095, 0.6032294
13003341331000, -2.538756, 0.53023106, 0.58459806
13003346636000, -2.586098, 0.61453044, 0.56596667
13003351347000, -2.620001, 0.6899723, 0.5314528
13003356344000, -2.6868908, 0.68019843, 0.47555858
13003361312000, -2.7299569, 0.6731735, 0.43676865
13003366288000, -2.73576, 0.54244834, 0.4083634
13003371292000, -2.742785, 0.6542367, 0.38637227
13003376280000, -2.7681358, 0.6966918, 0.3753767
13003381323000, -2.771801, 0.61453044, 0.38331795
13003386287000, -2.7290404, 0.57696223, 0.40408736
13003391336000, -2.6667323, 0.58001655, 0.44257188
13003396690000, -2.6166413, 0.6569856, 0.46853364
13003401349000, -2.567161, 0.6918049, 0.48166725
13003406981000, -2.531731, 0.7663304, 0.5207626
13003411363000, -2.4517076, 0.7877107, 0.5305365
13003416307000, -2.4297166, 0.799928, 0.56321776
13003421351000, -2.389705, 0.8359691, 0.5928447
13003426269000, -2.3487768, 0.8735373, 0.6230826
13003431323000, -2.307849, 0.8863655, 0.6582073
13003436242000, -2.2467623, 0.8943067, 0.6759224
13003441393000, -2.200642, 0.9049969, 0.68966687
13003446298000, -2.149024, 0.91629785, 0.7153232
13003451310000, -2.1025982, 0.91629785, 0.74006325
13003456267000, -2.0470095, 0.9089675, 0.75655663
13003461330000, -2.0103576, 0.87598073, 0.7840455
13003466250000, -1.981036, 0.8338311, 0.8020661
13003471310000, -1.9529362, 0.7877107, 0.8197812
13003477758000, -1.9211712, 0.73426, 0.82711154
13003481314000, -1.8790215, 0.698219, 0.84482664
13003486306000, -1.8338175, 0.65240407, 0.8539896
13003491293000, -1.7962493, 0.6310238, 0.86345804
13003496345000, -1.781283, 0.5720753, 0.8698721
13003501303000, -1.7486018, 0.48899764, 0.88117313
13003506328000, -1.7189748, 0.3912592, 0.893085
13003511296000, -1.7143933, 0.29932398, 0.9108001
13003516446000, -1.6957619, 0.2134974, 0.9306532
13003521246000, -1.677436, 0.09682214, 0.94989544
13003526306000, -1.642922, -0.020463986, 0.9786061
13003531246000, -1.6074919, -0.1160644, 1.0064005
13003536310000, -1.5894713, -0.16615535, 1.0253373
13003541293000, -1.5848899, -0.20372356, 1.0555751
13003546668000, -1.5848899, -0.24740042, 1.0842859
13003551268000, -1.5855007, -0.2678644, 1.119716
13003556336000, -1.5961909, -0.28893927, 1.1640037
13003561339000, -1.5836681, -0.2828306, 1.217149
13003566314000, -1.5961909, -0.29932398, 1.2791518
13003571296000, -1.6001616, -0.35735616, 1.346347
13003576332000, -1.577254, -0.3848451, 1.4135422
13003581374000, -1.5769486, -0.3827071, 1.4895949
13003586347000, -1.5891659, -0.33567044, 1.559539
13003591379000, -1.599856, -0.31520647, 1.6658295
13003596368000, -1.5946637, -0.32620203, 1.7208074
13003601245000, -1.5619824, -0.34697145, 1.7993035
13003606375000, -1.5427402, -0.3717115, 1.8493946
13003611329000, -1.5189165, -0.39950588, 1.8915442
13003616418000, -1.457219, -0.40011674, 1.9504927
13003621291000, -1.4257594, -0.43799037, 1.994475
13003626348000, -1.3530666, -0.46700647, 2.0277672
13003631319000, -1.2855659, -0.47616947, 2.0402899
13003636317000, -1.2443326, -0.47891834, 2.0564778
13003641336000, -1.241889, -0.4269948, 2.0427334
13003646365000, -1.2632693, -0.38423425, 2.0390682
13003651361000, -1.3081679, -0.3820962, 2.037541
13003656368000, -1.3622295, -0.37415496, 2.0360138
13003662220000, -1.4034629, -0.35033122, 2.0305161
13003666354000, -1.4514158, -0.31337386, 2.026851
13003671331000, -1.4877623, -0.29229903, 2.0332649
13003677077000, -1.5244142, -0.27397305, 2.0451767
13003681341000, -1.5656476, -0.26297748, 2.0659463
13003686334000, -1.6175711, -0.24129178, 2.0796907
13003691341000, -1.672549, -0.21166481, 2.090381
13003696397000, -1.6911805, -0.14752395, 2.0824397
13003701336000, -1.7235563, -0.07422013, 2.079996
13003706368000, -1.7421877, 0.022296581, 2.0522017
13003711393000, -1.7684549, 0.14508049, 1.999362
13003716336000, -1.8002199, 0.2443461, 1.9572122
13003721348000, -1.829236, 0.2864958, 1.915368
13003726337000, -1.8573358, 0.2843578, 1.8542814
13003731875000, -1.8854356, 0.27397305, 1.7968601
13003736308000, -1.9013181, 0.24862215, 1.7327193
13003741321000, -1.921782, 0.25961772, 1.642922
13003746414000, -1.9504927, 0.31948254, 1.5512923
13003751333000, -1.9785925, 0.39675698, 1.452943
13003756383000, -2.0265455, 0.44318274, 1.353372
13003761394000, -2.051591, 0.47555858, 1.2409728
13003766316000, -2.0781636, 0.4813618, 1.1053606
13003771347000, -2.0992384, 0.4709771, 0.9807441
13003776284000, -2.1056526, 0.4596761, 0.85062987
13003781344000, -2.0922134, 0.410196, 0.7309003
13003786265000, -2.0690005, 0.3747658, 0.6780604
13003791330000, -2.0454822, 0.30207285, 0.57451874
13003796329000, -2.0097466, 0.23793201, 0.46700647
13003802004000, -1.9538525, 0.172264, 0.34269542
13003806248000, -1.8738291, 0.1423316, 0.30085114
13003811321000, -1.8295414, 0.09407325, 0.22235495
13003816272000, -1.7534887, 0.070249505, 0.13836098
13003821289000, -1.6517797, 0.024129177, 0.065973446
13003826282000, -1.5479325, -0.03634648, -0.013133603
13003831312000, -1.3842206, -0.111177474, -0.10170906
13003836275000, -1.1801916, -0.2134974, -0.19120082
13003841326000, -0.95294976, -0.31948254, -0.27214047
13003846294000, -0.7654142, -0.40866885, -0.34238997
13003851337000, -0.62888575, -0.49021935, -0.40866885
13003856317000, -0.50854534, -0.56382865, -0.46700647
13003866294000, -0.34422258, -0.57787853, -0.5739079
13003871657000, -0.25167647, -0.5519168, -0.64996064
13003877078000, -0.16920967, -0.52381694, -0.7110472
13003881323000, -0.08399397, -0.5112942, -0.7987063
13003886244000, -0.011301007, -0.49632803, -0.8390234
13003891320000, 0.02321288, -0.49113566, -0.9053023
13003896317000, 0.099571034, -0.49846604, -0.9550878
13003901348000, 0.19975294, -0.5119051, -0.9841039
13003906243000, 0.3295618, -0.49602258, -1.0161743
13003911351000, 0.4392121, -0.4810564, -1.0711522
13003916255000, 0.50823987, -0.47158796, -1.131017
13003921350000, 0.535118, -0.46211955, -1.16492
13003926328000, 0.58123827, -0.473726, -1.1640037
13003931351000, 0.6478226, -0.5112942, -1.1279627
13003936328000, 0.72387534, -0.58246, -1.0845913
13003941462000, 0.818254, -0.66431594, -1.0363328
13003946395000, 0.93401295, -0.7134906, -0.9786061
13003951347000, 1.0644327, -0.7296785, -0.91507614
13003956411000, 1.174083, -0.7281514, -0.8741482
13003961367000, 1.2409728, -0.69058317, -0.84665924
13003966354000, 1.2745703, -0.6053675, -0.83016586
13003971344000, 1.2971723, -0.5152648, -0.81336707
13003976321000, 1.3084733, -0.39522982, -0.79473567
13003981349000, 1.3179418, -0.33567044, -0.77457714
13003986334000, 1.3622295, -0.22510384, -0.7648033
13003991314000, 1.3869696, -0.12461651, -0.74128497
13003996401000, 1.4474452, -0.061391957, -0.68783426
13004001346000, 1.5167783, -0.077579886, -0.6301075
13004006356000, 1.5748106, -0.122783914, -0.5766568
13004011377000, 1.6245961, -0.15882497, -0.49632803
13004016356000, 1.6823229, -0.15057829, -0.44318274
13004021417000, 1.7534887, -0.1020145, -0.40286562
13004026334000, 1.8185458, -0.040927973, -0.3643811
13004031302000, 1.8726074, -0.008246681, -0.3585779
13004036331000, 1.9046779, 0.004886922, -0.34147367
13004041284000, 1.9043725, 0.018020526, -0.35246924
13004046394000, 1.8777997, 0.0421497, -0.38148534
13004051243000, 1.8442022, 0.05681047, -0.3933972
13004057038000, 1.8191566, 0.101098195, -0.40317106
13004061278000, 1.7806722, 0.18509217, -0.38698313
13004066350000, 1.7779233, 0.22479841, -0.36682457
13004071248000, 1.8258762, 0.20066923, -0.3585779
13004077054000, 1.8961257, 0.1423316, -0.32498032
13004081309000, 1.947133, 0.111177474, -0.312763
13004086349000, 1.9547688, 0.09315695, -0.28619036
13004091382000, 1.9422461, 0.053450707, -0.25809056
13004096387000, 1.9144517, 0.04886922, -0.22876903
13004101320000, 1.8347337, 0.07422013, -0.21746802
13004106377000, 1.74738, 0.15057829, -0.22724187
13004111327000, 1.6566665, 0.27305678, -0.22693644
13004116437000, 1.5653422, 0.42149702, -0.20555615
13004121276000, 1.5155567, 0.45173484, -0.18570304
13004126944000, 1.4969252, 0.3839288, -0.14813483
13004131493000, 1.4746287, 0.32498032, -0.14935656
13004136320000, 1.434617, 0.27152961, -0.15607607
13004141662000, 1.4049901, 0.2321288, -0.15882497
13004146427000, 1.3310753, 0.20280726, -0.16615535
13004151284000, 1.2513574, 0.204029, -0.18051068
13004156342000, 1.1597277, 0.23732115, -0.18936823
13004161305000, 1.0442741, 0.27947086, -0.22266038
13004166351000, 0.9083566, 0.24465153, -0.21410827
13004171302000, 0.8368854, 0.19456059, -0.19456059
13004176342000, 0.75777835, 0.1863139, -0.18112154
13004181352000, 0.68661255, 0.18203785, -0.1731803
13004186329000, 0.6563747, 0.21777347, -0.160963
13004191345000, 0.59650993, 0.23609942, -0.13225232
13004196864000, 0.55680364, 0.23945917, -0.09132435
13004201330000, 0.5030475, 0.23243423, -0.07727446
13004206345000, 0.5027421, 0.2049453, -0.053450707
13004211321000, 0.47433686, 0.16310102, -0.047647487
13004216316000, 0.46975538, 0.129198, -0.019547688
13004221309000, 0.48166725, 0.09285152, 0.0067195175
13004226291000, 0.52564955, 0.035430185, 0.027183503
13004231319000, 0.58001655, -0.0421497, 0.0571159
13004236305000, 0.6178902, -0.15302174, 0.08827003
13004241292000, 0.6771441, -0.25503623, 0.116980694
13004246394000, 0.7339546, -0.3268129, 0.15271631
13004251335000, 0.78801614, -0.37782016, 0.18234327
13004256343000, 0.8206975, -0.43310347, 0.19883664
13004261369000, 0.8732319, -0.47219884, 0.2180789
13004266294000, 0.9016371, -0.48747048, 0.22479841
13004271334000, 0.93462384, -0.47708577, 0.22357668
13004276255000, 0.93126404, -0.45081854, 0.2125811
13004281338000, 0.9080512, -0.37843102, 0.19181168
13004286300000, 0.84940815, -0.2660318, 0.16187929
13004291343000, 0.75900006, -0.15149458, 0.12339478
13004296690000, 0.6273586, -0.03604105, 0.08093964
13004301349000, 0.5164866, 0.02687807, 0.05009095
13004306548000, 0.44348818, 0.044593163, 0.0030543262
13004311317000, 0.38423425, 0.052534413, -0.038789943
13004316636000, 0.35735616, 0.02443461, -0.08979719
13004321310000, 0.36041048, -0.013133603, -0.1423316
13004326368000, 0.3659083, -0.04886922, -0.1572978
13004331282000, 0.40469822, -0.07880162, -0.18081611
13004336305000, 0.43860126, -0.0580322, -0.19700404
13004341310000, 0.4465425, -0.011301007, -0.2049453
13004346320000, 0.44806966, 0.0571159, -0.22052236
13004351357000, 0.4288274, 0.13469578, -0.24281894
13004356365000, 0.36987892, 0.19028452, -0.26267207
13004361341000, 0.32070425, 0.22785273, -0.267559
13004366339000, 0.25625798, 0.24129178, -0.28924468
13004371350000, 0.18478674, 0.22418754, -0.3200934
13004376294000, 0.10354166, 0.21166481, -0.3145956
13004381317000, 0.057726767, 0.17837265, -0.28924468
13004386309000, 0.007330383, 0.1337795, -0.27672195
13004391293000, -0.05222898, 0.0983493, -0.2770274
13004396433000, -0.1020145, 0.043676864, -0.2929099
13004401343000, -0.16310102, 0.00580322, -0.2574797
13004406307000, -0.19425514, -0.007941248, -0.22724187
13004411296000, -0.21380283, -0.0015271631, -0.19822577
13004417131000, -0.2452624, 0.002443461, -0.17959438
13004421245000, -0.28038713, 0.009468411, -0.18570304
13004426292000, -0.28680122, 0.007941248, -0.18936823
13004431254000, -0.28496864, 0.013744468, -0.17654006
13004436313000, -0.26267207, 0.013744468, -0.17256944
13004441452000, -0.24556783, 0.02076942, -0.17287487
13004446316000, -0.22235495, 0.007941248, -0.15699236
13004451287000, -0.18295415, 3.0543262E-4, -0.13713925
13004456307000, -0.15241088, -0.01160644, -0.12583824
13004461311000, -0.124311075, -0.014966198, -0.10995574
13004466298000, -0.113926366, -0.009162978, -0.090713486
13004471411000, -0.10934488, -0.009162978, -0.08857546
13004477015000, -0.109650314, -0.004886922, -0.08246681
13004481321000, -0.096516706, 0.0070249503, -0.08124508
13004486455000, -0.094989546, 0.0036651916, -0.07849618
13004491674000, -0.08552113, 0.011301007, -0.07727446
13004496346000, -0.095294975, 0.0106901415, -0.08368854
13004501565000, -0.1001819, 6.1086525E-4, -0.0870483
13004506303000, -0.10873401, 0.0015271631, -0.08246681
13004511337000, -0.12186762, -0.010079277, -0.081855945
13004516312000, -0.13744467, -0.00580322, -0.09162979
13004521279000, -0.15088372, -0.0033597588, -0.09560041
13004526296000, -0.15607607, 0.002443461, -0.1001819
13004531253000, -0.16218472, -3.0543262E-4, -0.105374254
13004536308000, -0.16829337, -0.015882496, -0.10262536
13004541275000, -0.17562376, -0.040317107, -0.10476339
13004546357000, -0.17837265, -0.059253927, -0.10262536
13004551251000, -0.1872302, -0.093462385, -0.0983493
13004556673000, -0.183565, -0.1255328, -0.09560041
13004561371000, -0.19211712, -0.14782938, -0.095294975
13004566351000, -0.19150625, -0.16676621, -0.09254608
13004571376000, -0.1853976, -0.17562376, -0.09162979
13004576321000, -0.17104226, -0.17898351, -0.09162979
13004581352000, -0.17623462, -0.17867808, -0.0870483
13004586346000, -0.15882497, -0.17134771, -0.09101892
13004591367000, -0.13530666, -0.15515977, -0.09407325
13004596360000, -0.12217305, -0.15149458, -0.09865474
13004601332000, -0.09682214, -0.14080444, -0.09773844
13004606345000, -0.08735373, -0.12736541, -0.09712757
13004611341000, -0.07544186, -0.09621128, -0.1020145
13004616350000, -0.043676864, -0.087659165, -0.101098195
13004621348000, -0.0290161, -0.07696902, -0.094989546
13004626331000, -0.013133603, -0.067500606, -0.09590584
13004631356000, -0.004276057, -0.071776666, -0.09132435
13004636299000, 0.009468411, -0.07452556, -0.086132
13004641349000, 0.018325957, -0.07544186, -0.092240654
13004646403000, 0.02443461, -0.08674286, -0.09560041
13004651385000, 0.03481932, -0.098043874, -0.09621128
13004656240000, 0.02321288, -0.10415252, -0.09896017
13004661361000, 0.02321288, -0.105374254, -0.10445796
13004666238000, 0.020463986, -0.10903945, -0.10415252
13004671332000, 0.007941248, -0.118202426, -0.109650314
13004677054000, 0.007941248, -0.1255328, -0.11362094
13004681337000, 0.0021380284, -0.12186762, -0.1151481
13004686295000, 0.0018325958, -0.13072516, -0.12889257
13004691334000, -0.011301007, -0.14630222, -0.1301143
13004696344000, -0.018020526, -0.15027285, -0.12736541
13004701349000, -0.023518313, -0.15760323, -0.12889257
13004706244000, -0.033292156, -0.1740966, -0.14172074
13004711350000, -0.03573562, -0.1731803, -0.14080444
13004716603000, -0.043982297, -0.1731803, -0.14660765
13004721349000, -0.04550946, -0.17134771, -0.14844026
13004726303000, -0.04337143, -0.15424347, -0.15454891
13004731358000, -0.03940081, -0.14996742, -0.15851954
13004736328000, -0.025961773, -0.13775012, -0.16249016
13004741356000, -0.03023783, -0.118507855, -0.15760323
13004746403000, -0.014966198, -0.103847094, -0.15607607
13004751346000, -0.01160644, -0.0842994, -0.1441642
13004756350000, -0.023823744, -0.07086037, -0.12950343
13004761336000, -0.022296581, -0.054367006, -0.1133155
13004766353000, -0.011301007, -0.035124753, -0.093462385
13004771344000, -0.008857546, -0.021380283, -0.09040806
13004777043000, -0.007330383, -0.021991149, -0.062308256
13004781348000, -0.0061086523, -0.02687807, -0.051618114
13004786348000, -0.0033597588, -0.020463986, -0.03359759
13004791280000, -0.0027488936, -0.024129177, -0.028099801
13004796428000, -0.002443461, -0.030848695, -0.014966198
13004801405000, -0.009468411, -0.041233405, -0.004581489
13004806372000, -0.010079277, -0.04153884, 0.0018325958
13004811380000, -0.009468411, -0.038179077, 0.0067195175
13004816337000, -0.021685716, -0.03726278, 0.014049901
13004821305000, -0.013133603, -0.03023783, 0.017104227
13004826297000, -0.015271631, -0.02565634, 0.01160644
13004831274000, -0.010079277, -0.017104227, 0.01740966
13004836279000, -0.007330383, -0.0021380284, 0.01985312
13004841284000, -0.0033597588, 0.0143553335, 0.021991149
13004846845000, 9.162979E-4, 0.0290161, 0.02565634
13004851274000, -0.0027488936, 0.046120327, 0.022296581
13004856224000, -0.0067195175, 0.052839845, 0.023518313
13004861182000, -0.008552114, 0.058337633, 0.03268129
13004866244000, -3.0543262E-4, 0.061086524, 0.027488936
13004871174000, -0.005192355, 0.05589417, 0.03176499
13004876184000, -0.006414085, 0.054061573, 0.02565634
13004881181000, -0.008857546, 0.049785517, 0.021380283
13004886229000, -0.018936822, 0.039095376, 0.027794369
13004891208000, -0.03023783, 0.025350908, 0.021380283
13004896245000, -0.03726278, 0.014049901, 0.026267206
13004901296000, -0.030848695, 0.01282817, 0.02107485
13004906346000, -0.026267206, 0.007330383, 0.022296581
13004911354000, -0.01740966, 0.009468411, 0.025961773
13004916304000, -0.017104227, 0.013439035, 0.022602014
13004921303000, -0.01160644, 0.024740042, 0.02565634
13004926354000, -0.016493361, 0.028405234, 0.027183503
13004931359000, -0.01863139, 0.04337143, 0.023823744
13004936388000, -0.009773844, 0.05009095, 0.022296581
13004941553000, -0.0018325958, 0.050701816, 0.01740966
13004946386000, -0.011301007, 0.054061573, 0.019547688
13004951309000, 9.162979E-4, 0.06566802, 0.022296581
13004956278000, 0.0033597588, 0.058643065, 0.019242255
13004961323000, 0.0076358155, 0.059253927, 0.019547688
13004966265000, 0.0012217305, 0.06536258, 0.02107485
13004971327000, 0.004581489, 0.06811147, 0.025961773
13004976314000, 0.005192355, 0.06872234, 0.019242255
13004981341000, -9.162979E-4, 0.07819075, 0.022296581
13004986251000, -0.004886922, 0.06414085, 0.019242255
13004991349000, -0.013133603, 0.06352998, 0.025045475
13004996335000, -0.01038471, 0.06291912, 0.017715093
13005001340000, -0.004581489, 0.05589417, 0.013744468
13005006282000, -0.0106901415, 0.06383542, 0.022602014
13005011404000, -0.018020526, 0.060170226, 0.022907447
13005016304000, -0.018325957, 0.04917465, 0.018020526
13005021351000, -0.028710667, 0.045814894, 0.019547688
13005026325000, -0.028405234, 0.04642576, 0.01740966
13005031339000, -0.03176499, 0.034208454, 0.011911872
13005036324000, -0.044593163, 0.040317107, 0.014049901
13005041337000, -0.036651913, 0.03940081, 0.01863139
13005046465000, -0.036651913, 0.03145956, 0.018020526
13005051340000, -0.037873644, 0.038789943, 0.0143553335
13005056695000, -0.028099801, 0.025961773, 0.013439035
13005061396000, -0.027794369, 0.021685716, 0.013439035
13005066313000, -0.030848695, 0.018020526, 0.011911872
13005071338000, -0.028405234, 0.025350908, 0.014049901
13005076919000, -0.022602014, 0.020463986, 0.012217305
13005081350000, -0.014049901, 0.009773844, 0.005497787
13005086240000, -0.016493361, 0.007941248, 0.011911872
13005091370000, -0.014660766, 0.009468411, 0.008246681
13005096304000, -0.010079277, 0.0030543262, 0.007330383
13005101813000, -0.015577064, 9.162979E-4, 0.007941248
13005106241000, -0.011911872, -0.0021380284, 0.014049901
13005111308000, -0.018936822, -0.0018325958, 0.011301007
13005116249000, -0.0070249503, -0.008246681, 0.006414085
13005121312000, -0.013744468, -0.009162978, 0.009162978
13005126333000, -0.014049901, -0.016798794, 0.011911872
13005131327000, -0.024129177, -0.015577064, 0.005192355
13005136428000, -0.01282817, -0.022602014, 0.0030543262
13005141312000, -0.010995574, -0.009773844, 0.0061086523
13005146340000, -0.017104227, -0.027183503, 0.0076358155
13005151316000, -0.025045475, -0.027488936, 0.0070249503
13005156307000, -0.025045475, -0.039095376, 0.013133603
13005161292000, -0.0106901415, -0.027488936, 0.016187929
13005166315000, -0.024740042, -0.03756821, 0.0070249503
13005171923000, -0.028099801, -0.03359759, 0.013744468
13005176292000, -0.023823744, -0.036957346, 0.009162978
13005181310000, -0.023518313, -0.0290161, 0.0076358155
13005186301000, -0.02107485, -0.03390302, 0.015882496
13005191305000, -0.015577064, -0.03176499, 0.009162978
13005196328000, -0.011301007, -0.02687807, 0.014660766
13005201312000, -0.020158553, -0.028710667, 0.0067195175
13005206308000, -0.015577064, -0.02321288, 0.01160644
13005211369000, -0.013133603, -0.025045475, 0.010079277
13005216320000, -0.014966198, -0.022907447, 0.0036651916
13005221309000, -0.010079277, -0.023823744, 0.011911872
13005226293000, -0.015271631, -0.02076942, 0.0021380284
13005231315000, 3.0543262E-4, -0.014966198, 0.0027488936
13005236308000, 0.0030543262, -0.013133603, 0.004581489
13005241348000, 0.0070249503, -0.028405234, 0.019547688
13005246332000, 0.01740966, -0.022907447, 0.011301007
13005251315000, 0.02321288, -0.015271631, 0.004581489
13005256308000, 0.025045475, -0.013133603, 0.006414085
13005261319000, 0.022907447, -0.011301007, 0.008246681
13005266313000, 0.02076942, -0.008246681, 0.015271631
13005271310000, 0.017715093, -0.0036651916, 0.0061086523
13005276297000, 0.008246681, 0.007941248, -0.00580322
13005281313000, -0.010079277, 0.004581489, 3.0543262E-4
13005286309000, -0.015271631, 0.0027488936, 0.005192355
13005291322000, -0.019547688, 0.008246681, 0.007941248
13005296323000, -0.014966198, 0.0106901415, 0.004276057
13005301300000, -0.026572637, 0.007941248, -0.002443461
13005306302000, -0.03023783, 0.004276057, 0.004276057
13005311340000, -0.017104227, 0.0018325958, -0.005192355
13005316313000, -0.022296581, 0.008246681, -0.003970624
13005321308000, -0.022296581, 0.007330383, -0.0125227375
13005326298000, -0.013744468, 0.0061086523, -0.007330383
13005331302000, -0.025045475, 0.011301007, -0.007941248
13005336311000, -0.022907447, 0.011301007, 0.0021380284
13005341706000, -0.027488936, 0.027794369, 0.004276057
13005346318000, -0.034208454, 0.028710667, 0.007941248
13005351531000, -0.03023783, 0.040011674, 0.011911872
13005356304000, -0.042455133, 0.03573562, 0.018325957
13005361292000, -0.043066, 0.03970624, 0.018325957
13005366313000, -0.039095376, 0.04917465, 0.02107485
13005371357000, -0.04550946, 0.040011674, 0.02321288
13005376295000, -0.05497787, 0.04153884, 0.026267206
13005381280000, -0.058337633, 0.043066, 0.027794369
13005386314000, -0.06414085, 0.047036625, 0.022602014
13005391431000, -0.064751714, 0.052534413, 0.028710667
13005396381000, -0.06841691, 0.04550946, 0.026267206
13005401302000, -0.06383542, 0.06078109, 0.027183503
13005406353000, -0.06261369, 0.05009095, 0.0290161
13005411338000, -0.04917465, 0.04550946, 0.02687807
13005416358000, -0.047036625, 0.04062254, 0.034208454
13005421673000, -0.043066, 0.032375857, 0.039095376
13005426896000, -0.03604105, 0.03604105, 0.040011674
13005431298000, -0.03268129, 0.035430185, 0.032375857
13005436310000, -0.032070424, 0.03756821, 0.040011674
13005441351000, -0.03848451, 0.03634648, 0.041233405
13005446328000, -0.032986723, 0.03726278, 0.04153884
13005451248000, -0.038789943, 0.04153884, 0.03359759
13005456305000, -0.043982297, 0.05131268, 0.036957346
13005461453000, -0.05222898, 0.043676864, 0.040927973
13005466309000, -0.056505036, 0.045814894, 0.038179077
13005471281000, -0.05375614, 0.061391957, 0.036957346
13005477076000, -0.038789943, 0.063224554, 0.03940081
13005481317000, -0.051618114, 0.06169739, 0.03573562
13005486306000, -0.05009095, 0.05589417, 0.029932396
13005491337000, -0.05222898, 0.054061573, 0.024129177
13005497013000, -0.042455133, 0.0421497, 0.020463986
13005501315000, -0.043676864, 0.03940081, 0.01985312
13005506307000, -0.03756821, 0.03145956, 0.018020526
13005511326000, -0.035430185, 0.017104227, 0.008552114
13005516308000, -0.035124753, 0.016798794, 0.0067195175
13005521312000, -0.029932396, 0.002443461, 0.005497787
13005526284000, -0.027183503, -0.007330383, -6.1086525E-4
13005531319000, -0.018020526, -0.013439035, -0.00580322
13005536307000, -0.019547688, -0.022602014, -0.0012217305
13005541322000, -0.033292156, -0.029626964, 0.00580322
13005546321000, -0.025045475, -0.025045475, 0.0015271631
13005551315000, -0.027183503, -0.029932396, -3.0543262E-4
13005556306000, -0.01282817, -0.02687807, -0.003970624
13005561381000, -0.021991149, -0.026267206, -0.005192355
13005566745000, -0.01985312, -0.03268129, -0.005192355
13005571318000, -0.028405234, -0.032070424, -0.004886922
13005576282000, -0.01863139, -0.028099801, -0.0070249503
13005581319000, -0.025350908, -0.028405234, -0.0106901415
13005586310000, -0.019547688, -0.029626964, -0.007330383
13005591367000, -0.029626964, -0.02321288, -0.0067195175
13005596312000, -0.026267206, -0.032986723, -0.008857546
13005601319000, -0.015271631, -0.03604105, -0.018325957
13005606308000, -0.022602014, -0.03481932, -0.004276057
13005611409000, -0.01863139, -0.034208454, -0.007330383
13005616292000, -0.020158553, -0.03268129, -0.0030543262
13005621314000, -0.014966198, -0.039095376, -0.009468411
13005626266000, -0.012217305, -0.042760566, -0.0070249503
13005631322000, -0.020463986, -0.03359759, -0.006414085
13005636299000, -0.008857546, -0.030848695, -0.0033597588
13005641355000, -0.004886922, -0.03023783, -0.005497787
13005646368000, -0.009468411, -0.042760566, -0.003970624
13005651354000, -0.0015271631, -0.03848451, 0.002443461
13005656453000, -0.012217305, -0.03359759, 0.007941248
13005661380000, -0.0033597588, -0.036651913, 0.00580322
13005666515000, -0.007941248, -0.03145956, 0.003970624
13005671332000, -0.011301007, -0.030848695, 0.0061086523
13005676287000, -0.0030543262, -0.028710667, 9.162979E-4
13005681343000, -0.013744468, -0.017715093, 0.0067195175
13005686364000, -0.013744468, -0.017104227, 0.007330383
13005691343000, -0.018020526, -0.01863139, 0.005192355
13005696426000, -0.010079277, -0.019547688, 0.011911872
13005701335000, -0.0067195175, -0.015882496, 0.014049901
13005706349000, -0.009773844, -0.016187929, 0.002443461
13005711422000, -0.004276057, -0.01863139, 0.009468411
13005716480000, -0.008552114, -0.014049901, 0.009162978
13005721343000, -0.018325957, -0.015882496, 0.0125227375
13005726293000, -0.017104227, -0.012217305, 0.010995574
13005731317000, -0.016798794, -0.005497787, 0.013744468
13005736311000, -0.011911872, -0.009468411, 0.015577064
13005741322000, -0.019547688, -0.007330383, 0.011301007
13005746327000, -0.015271631, -0.0021380284, 0.014660766
13005751925000, -0.017104227, -0.00580322, 0.01282817
13005756314000, -0.013439035, 0.007941248, 0.013744468
13005761377000, -0.029321533, -0.0021380284, 0.01863139
13005766308000, -0.027183503, 0.00580322, 0.0143553335
13005771311000, -0.027488936, 0.013439035, 0.013439035
13005776291000, -0.020463986, 0.01863139, 0.015577064
13005781317000, -0.019547688, 0.015577064, 0.019547688
13005786417000, -0.030848695, 0.016798794, 0.02321288
13005791336000, -0.030848695, 0.01282817, 0.02565634
13005796360000, -0.029932396, 0.01160644, 0.028710667
13005801282000, -0.031154128, 0.010995574, 0.029932396
13005806276000, -0.036957346, 0.010079277, 0.0290161
13005811291000, -0.035430185, 0.0076358155, 0.027488936
13005816320000, -0.027488936, 0.0125227375, 0.034208454
13005821978000, -0.030543262, 0.015271631, 0.029626964
13005826289000, -0.036957346, 0.008246681, 0.03726278
13005831307000, -0.038789943, 0.01160644, 0.03481932
13005836309000, -0.035430185, 0.011911872, 0.035430185
13005841328000, -0.025961773, 0.014049901, 0.03573562
13005846329000, -0.029932396, 0.011911872, 0.033292156
13005851284000, -0.032375857, 0.0033597588, 0.027488936
13005856312000, -0.033292156, 0.009468411, 0.03481932
13005861350000, -0.036957346, 0.0106901415, 0.029321533
13005866314000, -0.025350908, 0.016798794, 0.027794369
13005871276000, -0.028099801, 0.011301007, 0.024740042
13005876256000, -0.01282817, 0.01160644, 0.023823744
13005881257000, -0.021685716, 0.009468411, 0.0290161
13005886352000, -0.022296581, 0.007941248, 0.018936822
13005891403000, -0.024740042, 0.007330383, 0.01282817
13005896347000, -0.012217305, -9.162979E-4, 0.013133603
13005901379000, -0.01282817, 0.0076358155, 0.021380283
13005906314000, -0.01740966, 0.01160644, 0.012217305
13005911326000, -0.021685716, 0.006414085, 0.01863139
13005916317000, -0.025045475, 0.008246681, 0.01038471
13005921308000, -0.027488936, 0.0027488936, 0.010995574
13005926283000, -0.026267206, -3.0543262E-4, 0.013439035
13005931315000, -0.020463986, 0.0030543262, 0.015271631
13005936306000, -0.027488936, 0.008552114, 0.015882496
13005941318000, -0.029321533, 0.018325957, 0.014049901
13005946359000, -0.03268129, 0.013439035, 0.016493361
13005951282000, -0.020158553, 0.01282817, 0.0143553335
13005956248000, -0.028405234, 0.018936822, 0.015577064
13005961482000, -0.032070424, 0.017104227, 0.01740966
13005966241000, -0.030543262, 0.02107485, 0.02076942
13005971309000, -0.034513887, 0.026572637, 0.022296581
13005976292000, -0.03634648, 0.023823744, 0.027183503
13005981321000, -0.03268129, 0.018020526, 0.022907447
13005986243000, -0.043066, 0.014049901, 0.020158553
13005991312000, -0.025045475, 0.019242255, 0.026572637
13005996336000, -0.029932396, 0.021991149, 0.03481932
13006001318000, -0.026267206, 0.021380283, 0.02321288
13006006276000, -0.026267206, 0.01038471, 0.022907447
13006011317000, -0.029932396, 0.0061086523, 0.027794369
13006016292000, -0.02443461, 0.005192355, 0.022296581
13006021309000, -0.02076942, 0.011301007, 0.027794369
13006026288000, -0.030543262, 0.018936822, 0.01985312
13006031323000, -0.028099801, 0.014966198, 0.025045475
13006036329000, -0.038789943, -6.1086525E-4, 0.01740966
13006041294000, -0.021685716, 0.0033597588, 0.01863139
13006046315000, -0.029626964, 0.007330383, 0.017104227
13006051316000, -0.03023783, 0.0027488936, 0.013439035
13006056297000, -0.029626964, 0.008552114, 0.017104227
13006061326000, -0.032070424, 0.008857546, 0.017104227
13006066305000, -0.029321533, 0.012217305, 0.007941248
13006071335000, -0.021380283, -0.005192355, 0.011301007
13006076261000, -0.028405234, 6.1086525E-4, 0.005497787
13006081326000, -0.02443461, -0.00580322, 0.011911872
13006086240000, -0.017104227, -0.0030543262, 0.0036651916
13006091323000, -0.013439035, 3.0543262E-4, 0.005497787
13006096308000, -0.017104227, -0.008857546, 0.005497787
13006101317000, -0.011911872, -0.013744468, 0.008552114
13006106253000, -0.007330383, -0.015577064, 0.004581489
13006111343000, -0.013439035, -0.009773844, 0.011301007
13006116263000, -0.007330383, -0.018325957, 0.00580322
13006121306000, -0.01160644, -0.022296581, 0.0021380284
13006126291000, -0.011301007, -0.02321288, 0.0036651916
13006131321000, -0.010079277, -0.029321533, 0.01160644
13006136291000, -0.014966198, -0.024129177, 0.011911872
13006141308000, -0.0106901415, -0.032070424, 0.002443461
13006146940000, -0.005192355, -0.018020526, 0.0067195175
13006151316000, -0.015882496, -0.015882496, 0.0067195175
13006156332000, -0.003970624, -0.022602014, 0.009773844
13006161315000, -0.008552114, -0.023823744, 0.013439035
13006166348000, -0.01740966, -0.021991149, 0.0143553335
13006171312000, -0.02107485, -0.030543262, 0.008857546
13006176293000, -0.0076358155, -0.023518313, 0.01282817
13006181381000, -0.010995574, -0.024740042, 0.011911872
13006186310000, -0.021380283, -0.014049901, 0.008246681
13006191342000, -0.018936822, -0.016798794, 0.0070249503
13006196335000, -0.023518313, -0.014966198, 0.0061086523
13006201304000, -0.015882496, -0.008857546, 0.013744468
13006206299000, -0.016798794, -9.162979E-4, 0.0076358155
13006211341000, -0.017715093, -0.008857546, 0.01160644
13006216871000, -0.022907447, -0.004581489, 0.01160644
13006221312000, -0.020463986, -0.004886922, 0.004581489
13006226290000, -0.024740042, -0.004886922, 0.0027488936
13006231314000, -0.022602014, 0.0021380284, 0.002443461
13006236305000, -0.020158553, -0.0070249503, 0.0015271631
13006241304000, -0.026267206, -0.0076358155, 0.007941248
13006246326000, -0.022296581, -0.004581489, 0.0021380284
13006251316000, -0.014966198, -0.0030543262, 0.006414085
13006256306000, -0.013744468, -0.0012217305, 3.0543262E-4
13006261304000, -0.028405234, -0.006414085, 0.0076358155
13006266318000, -0.02076942, -0.0030543262, 3.0543262E-4
13006271306000, -0.010995574, -0.004886922, -0.002443461
13006276262000, -0.009773844, -0.007941248, -0.0070249503
13006281317000, -0.010079277, 0.004276057, 0.005192355
13006286303000, -0.014660766, 0.00580322, 0.013133603
13006291333000, -0.015271631, 0.005192355, 0.003970624
13006296330000, -0.013744468, 0.0070249503, 0.0076358155
13006301300000, -0.021380283, 0.015271631, 0.012217305
13006306300000, -0.016798794, 0.009162978, 0.005497787
13006311287000, -0.016798794, 0.008857546, 0.01160644
13006316319000, -0.016798794, 0.004581489, 0.0076358155
13006321241000, -0.014049901, 0.013744468, 0.010079277
13006326293000, -0.010995574, 0.0018325958, 0.013744468
13006331253000, -0.017104227, 0.0070249503, 0.0125227375
13006336312000, -0.020158553, 0.009773844, 0.010995574
13006341338000, -0.01985312, 0.01038471, 0.009468411
13006346331000, -0.018325957, 0.008552114, 0.003970624
13006351313000, -0.011911872, 0.012217305, 0.010995574
13006356313000, -0.014660766, 0.021991149, 0.01282817
13006361321000, -0.017715093, 0.023518313, 0.015577064
13006366314000, -0.018020526, 0.02107485, 0.019547688
13006371328000, -0.02076942, 0.014660766, 0.016798794
13006376295000, -0.023823744, 0.017104227, 0.011301007
13006381306000, -0.01985312, 0.021685716, 0.0143553335
13006386308000, -0.024740042, 0.017715093, 0.017715093
13006391534000, -0.02321288, 0.018936822, 0.014049901
13006396330000, -0.024129177, 0.01740966, 0.012217305
13006402131000, -0.020158553, 0.01282817, 0.01160644
13006406298000, -0.019242255, 0.02107485, 0.014660766
13006411664000, -0.018020526, 0.020158553, 0.017104227
13006416319000, -0.029321533, 0.011301007, 0.00580322
13006421289000, -0.026267206, 0.008552114, 0.007330383
13006426294000, -0.029932396, 0.010079277, 0.015577064
13006431279000, -0.028710667, 0.0067195175, 0.0143553335
13006436307000, -0.027794369, 0.002443461, 0.008552114
13006441339000, -0.026572637, 0.0027488936, 0.005497787
13006446325000, -0.03756821, -0.003970624, 0.012217305
13006451250000, -0.0290161, -0.0018325958, 0.009773844
13006456304000, -0.025961773, -0.0067195175, 0.009468411
13006461300000, -0.030848695, -0.0067195175, 0.010995574
13006466312000, -0.02687807, -0.004276057, 0.0061086523
13006471775000, -0.02107485, -0.004581489, 0.004886922
13006476302000, -0.023518313, 0.005497787, 0.011301007
13006481255000, -0.030848695, 0.008246681, 0.014049901
13006486307000, -0.032375857, 0.004581489, 0.013744468
13006491334000, -0.023518313, 0.0030543262, 0.007941248
13006496322000, -0.024129177, 0.0021380284, 0.011301007
13006501287000, -0.03481932, 0.0012217305, 0.0076358155
13006506321000, -0.03268129, -6.1086525E-4, 0.007941248
13006511317000, -0.020463986, 0.0036651916, 0.009773844
13006516314000, -0.026572637, 0.004886922, 0.013744468
13006521333000, -0.0290161, 3.0543262E-4, 0.0125227375
13006526294000, -0.013744468, 0.015577064, 0.015882496
13006531323000, -0.018936822, 0.0067195175, 0.012217305
13006536307000, -0.02687807, 0.007330383, 0.008246681
13006541570000, -0.018936822, 0.0067195175, 0.0143553335
13006546324000, -0.02321288, 0.011911872, 0.010995574
13006551314000, -0.02687807, 6.1086525E-4, 0.004581489
13006556305000, -0.024740042, -0.0027488936, 0.012217305
13006561311000, -0.01740966, -0.0027488936, 0.0027488936
13006566314000, -0.01740966, 0.008552114, 0.0027488936
13006571310000, -0.026572637, -0.0021380284, 0.010995574
13006576293000, -0.00580322, -0.0021380284, 0.005192355
13006581322000, -0.022602014, -9.162979E-4, 0.0036651916
13006586310000, -0.021685716, 0.005497787, 0.012217305
13006591308000, -0.016493361, 0.005497787, 0.0061086523
13006596323000, -0.019242255, 0.004276057, 0.006414085
13006601316000, -0.025045475, 0.004276057, 0.004276057
13006606307000, -0.0143553335, -3.0543262E-4, 0.005192355
13006611609000, -0.022296581, 0.002443461, 0.007941248
13006616309000, -0.018325957, 0.0036651916, 0.01038471
13006621309000, -0.017104227, 0.007941248, 0.0033597588
13006626293000, -0.022296581, -6.1086525E-4, 0.0033597588
13006631325000, -0.01985312, 0.005192355, 0.009773844
13006636278000, -0.022907447, 0.007330383, 0.007941248
13006641310000, -0.027183503, 0.0033597588, 0.010995574
13006646283000, -0.02321288, -0.004276057, 0.002443461
13006651320000, -0.023823744, 0.007330383, 0.0125227375
13006656235000, -0.022296581, 0.020463986, 0.016493361
13006661315000, -0.020463986, 0.014966198, 0.0125227375
13006666240000, -0.0290161, 0.009162978, 0.0125227375
13006671311000, -0.026267206, 0.008246681, 0.014049901
13006676263000, -0.024129177, 0.016798794, 0.0143553335
13006681352000, -0.027488936, 0.0125227375, 0.01038471
13006686301000, -0.021685716, 0.01282817, 0.015271631
13006691314000, -0.032070424, 0.016493361, 0.010995574
13006696310000, -0.024740042, 0.011301007, 0.013439035
13006701315000, -0.024129177, 0.014966198, 0.0143553335
13006706318000, -0.026267206, 0.01985312, 0.014049901
13006711337000, -0.029321533, 0.016493361, 0.01038471
13006716328000, -0.030543262, 0.013744468, 0.0106901415
13006721309000, -0.028099801, 0.0076358155, 0.0067195175
13006726278000, -0.026267206, 0.02107485, 0.014966198
13006731318000, -0.036651913, 0.01740966, 0.015577064
13006736291000, -0.034513887, 0.005497787, 0.01160644
13006741293000, -0.027183503, 0.014660766, 0.015882496
13006746678000, -0.01985312, 0.01863139, 0.010995574
13006751317000, -0.027183503, 0.013744468, 0.012217305
13006756299000, -0.020158553, 0.014049901, 0.0076358155
13006761450000, -0.022602014, 0.013133603, 0.015882496
13006766287000, -0.027183503, 0.009773844, 0.013133603
13006771331000, -0.026572637, 0.004886922, 0.009162978
13006776277000, -0.018325957, 0.0036651916, 0.0106901415
