#Rate of rotation around the x y z axes (Angular velocity).
#timestamp(ns),x,y,z(rad/s)
#Datetime: 14/05/2015 16:16:41
##########################################
#Activity: 8 - CSI - Car-Step in - 6s
#Subject ID: 52
#First Name: sub52
#Last Name: sub52
#Age: 20
#Height(cm): 179
#Weight(kg): 79
#Gender: Male
##########################################

@DATA
4770388271000, -0.020463986, -0.02076942, 0.038789943
4770393282000, -0.016187929, -0.014966198, 0.023518313
4770398267000, -0.010079277, -0.008246681, 0.024740042
4770403302000, -0.016187929, -0.0076358155, 0.015577064
4770408273000, -0.007941248, -0.0027488936, 0.019242255
4770413259000, -0.019547688, -0.009773844, 0.011301007
4770418250000, -0.005192355, -0.0027488936, 0.011911872
4770423284000, -0.019242255, -0.0018325958, 0.018325957
4770428263000, -0.020158553, -0.004276057, 0.0061086523
4770433246000, 0.0015271631, -6.1086525E-4, 0.005192355
4770439070000, -0.017104227, -0.005192355, 0.01282817
4770443268000, -0.024740042, -0.015271631, 0.01863139
4770448262000, -0.0018325958, -0.014049901, 0.0106901415
4770454877000, -0.007330383, -0.014049901, 0.014660766
4770458267000, -0.013133603, -0.024129177, 0.008246681
4770463265000, -0.005192355, -0.0290161, 0.012217305
4770468261000, -0.004886922, -0.03023783, 0.017104227
4770473276000, -0.0027488936, -0.031154128, 0.0143553335
4770478265000, -0.006414085, -0.03481932, 0.0125227375
4770483245000, -0.00580322, -0.042455133, 0.017715093
4770488276000, 3.0543262E-4, -0.056505036, 0.017104227
4770493269000, -0.0018325958, -0.05222898, 0.025350908
4770498261000, 0.0012217305, -0.056199603, 0.025045475
4770503295000, -0.0012217305, -0.051923547, 0.027794369
4770508455000, 0.0015271631, -0.04642576, 0.021991149
4770513269000, 0.005192355, -0.06169739, 0.031154128
4770518258000, 0.01038471, -0.07452556, 0.030543262
4770523275000, 0.015882496, -0.058337633, 0.025961773
4770528289000, 0.00580322, -0.06811147, 0.033292156
4770533254000, 0.018020526, -0.06383542, 0.02687807
4770538318000, 0.014049901, -0.070554934, 0.03145956
4770543339000, 0.010079277, -0.06811147, 0.026572637
4770548261000, 0.01985312, -0.057726767, 0.026267206
4770553260000, 0.017715093, -0.07147124, 0.02076942
4770558277000, 0.016798794, -0.07360926, 0.02565634
4770563259000, 0.016187929, -0.064751714, 0.03023783
4770568254000, 0.011301007, -0.071776666, 0.025045475
4770573277000, 0.0015271631, -0.07544186, 0.026572637
4770578410000, 0.004581489, -0.08552113, 0.033292156
4770583245000, 0.011301007, -0.07849618, 0.035124753
4770588294000, 0.012217305, -0.070554934, 0.032986723
4770593254000, 0.0076358155, -0.08032878, 0.034208454
4770598262000, 0.002443461, -0.08552113, 0.038789943
4770603369000, 0.014660766, -0.08399397, 0.040011674
4770608280000, 0.008857546, -0.0842994, 0.03726278
4770613264000, 6.1086525E-4, -0.083383106, 0.037873644
4770618253000, 0.01038471, -0.09193522, 0.03848451
4770623276000, 0.008246681, -0.09437868, 0.040927973
4770628269000, 0.008246681, -0.07880162, 0.04062254
4770633235000, 0.010079277, -0.07971791, 0.038179077
4770638274000, 0.0143553335, -0.07696902, 0.040011674
4770643278000, 0.0143553335, -0.06811147, 0.0421497
4770648231000, 0.016187929, -0.07422013, 0.04520403
4770654885000, 0.020158553, -0.05681047, 0.03604105
4770658279000, 0.028710667, -0.050701816, 0.040927973
4770663260000, 0.018936822, -0.056505036, 0.036957346
4770668242000, 0.016798794, -0.056199603, 0.04153884
4770673242000, 0.015577064, -0.048563786, 0.029321533
4770678267000, 0.0033597588, -0.042455133, 0.016493361
4770683245000, -0.006414085, -0.032375857, 0.02107485
4770688307000, -0.0030543262, -0.029626964, 0.012217305
4770694006000, -0.0033597588, -0.016798794, 0.014049901
4770698270000, -0.013744468, -0.010995574, 0.009468411
4770703306000, -0.01038471, -0.014660766, 0.009162978
4770708240000, -0.021685716, -0.005497787, 0.013744468
4770713264000, -0.014049901, 3.0543262E-4, 0.006414085
4770718275000, -0.01282817, 0.01282817, 0.007941248
4770723268000, -0.024740042, 0.020158553, 0.008552114
4770728322000, -0.024740042, 0.0290161, 0.008857546
4770733243000, -0.0290161, 0.034513887, 0.008857546
4770738267000, -0.03023783, 0.038179077, 0.010079277
4770743271000, -0.02443461, 0.040927973, 0.01160644
4770748261000, -0.02443461, 0.04795292, 0.01160644
4770753259000, -0.018020526, 0.052534413, 0.009468411
4770758272000, -0.02565634, 0.046120327, 0.013133603
4770763986000, -0.03756821, 0.04337143, 0.016493361
4770768260000, -0.03481932, 0.053145275, 0.014660766
4770773278000, -0.033292156, 0.04917465, 0.018936822
4770778266000, -0.03390302, 0.057421334, 0.0106901415
4770783245000, -0.038789943, 0.059253927, 0.004276057
4770788350000, -0.028710667, 0.07269296, 0.004581489
4770793341000, -0.029321533, 0.07880162, 0.0021380284
4770798263000, -0.03848451, 0.07849618, 0.008246681
4770803310000, -0.030848695, 0.0842994, 0.008246681
4770808272000, -0.03145956, 0.09712757, 0.016187929
4770813273000, -0.034208454, 0.105068825, 0.018020526
4770818256000, -0.039095376, 0.10415252, 0.0125227375
4770823290000, -0.04917465, 0.10415252, 0.015271631
4770828265000, -0.06536258, 0.11026118, 0.018936822
4770833843000, -0.06169739, 0.12064589, 0.009468411
4770838326000, -0.073303826, 0.13958271, 0.014049901
4770843271000, -0.07238753, 0.14569137, 0.01282817
4770848260000, -0.063224554, 0.1469131, 0.013744468
4770854868000, -0.069027774, 0.15057829, 0.009773844
4770858324000, -0.06811147, 0.14844026, 0.01282817
4770863279000, -0.06047566, 0.14935656, 0.010995574
4770868256000, -0.06078109, 0.15027285, 0.014660766
4770873275000, -0.0580322, 0.16646078, 0.023518313
4770878265000, -0.05955936, 0.14996742, 0.021685716
4770883247000, -0.05100725, 0.15088372, 0.0290161
4770888313000, -0.058948494, 0.14172074, 0.024129177
4770893298000, -0.060170226, 0.1441642, 0.028710667
4770898261000, -0.061391957, 0.13805555, 0.022296581
4770903490000, -0.05497787, 0.14355333, 0.021685716
4770908279000, -0.06383542, 0.13439035, 0.01985312
4770913271000, -0.06047566, 0.1328632, 0.018936822
4770918252000, -0.064446285, 0.122478485, 0.023823744
4770923273000, -0.06383542, 0.12797627, 0.033292156
4770928272000, -0.06811147, 0.12308934, 0.03481932
4770933245000, -0.08002335, 0.11881329, 0.048563786
4770938299000, -0.08093964, 0.106901415, 0.05467244
4770943262000, -0.081855945, 0.10629055, 0.051923547
4770948261000, -0.084910266, 0.10903945, 0.05589417
4770953256000, -0.092240654, 0.116980694, 0.06047566
4770958245000, -0.108123146, 0.10842858, 0.057421334
4770963265000, -0.102319926, 0.11178834, 0.06414085
4770968251000, -0.089186326, 0.11301007, 0.06414085
4770973251000, -0.101098195, 0.12034045, 0.06291912
4770978268000, -0.10445796, 0.10293079, 0.064446285
4770983248000, -0.10781772, 0.10354166, 0.070249505
4770988359000, -0.11636983, 0.099571034, 0.0720821
4770993361000, -0.122478485, 0.11453723, 0.059864793
4770998270000, -0.13500121, 0.11911872, 0.049785517
4771003246000, -0.14110987, 0.124005646, 0.04184427
4771008276000, -0.13836098, 0.124005646, 0.033292156
4771013264000, -0.15149458, 0.13836098, 0.023823744
4771018254000, -0.13927728, 0.15363261, 0.007330383
4771023301000, -0.12858713, 0.16462818, 0.0036651916
4771028300000, -0.13194689, 0.16890424, -0.016798794
4771033258000, -0.12736541, 0.18295415, -0.024129177
4771038291000, -0.13133603, 0.18906279, -0.04153884
4771043249000, -0.11911872, 0.19914207, -0.047647487
4771048263000, -0.12064589, 0.18600847, -0.053145275
4771053250000, -0.11362094, 0.18936823, -0.06658431
4771058273000, -0.11759156, 0.18600847, -0.06688975
4771063263000, -0.116980694, 0.17867808, -0.073303826
4771068250000, -0.122783914, 0.16523905, -0.07666359
4771073253000, -0.11362094, 0.1572978, -0.07880162
4771078262000, -0.12186762, 0.15027285, -0.089491755
4771083238000, -0.11484267, 0.1414153, -0.087964594
4771088968000, -0.11484267, 0.12705997, -0.09193522
4771093300000, -0.110872045, 0.11789699, -0.095294975
4771098261000, -0.11881329, 0.11362094, -0.10140363
4771103274000, -0.12217305, 0.10751228, -0.112399206
4771108272000, -0.121256754, 0.121256754, -0.12095132
4771113455000, -0.13622294, 0.1142318, -0.12950343
4771118262000, -0.13561209, 0.12308934, -0.14049901
4771123233000, -0.14630222, 0.11484267, -0.14935656
4771128229000, -0.14660765, 0.11881329, -0.15332718
4771133236000, -0.15088372, 0.12034045, -0.16371189
4771138243000, -0.14172074, 0.11728613, -0.16035213
4771143271000, -0.13683382, 0.119729586, -0.16187929
4771148282000, -0.13194689, 0.12064589, -0.15943582
4771153286000, -0.119729586, 0.12370021, -0.15485434
4771158967000, -0.110872045, 0.116675265, -0.14996742
4771163298000, -0.07971791, 0.11301007, -0.14660765
4771168304000, -0.07422013, 0.12308934, -0.13805555
4771173296000, -0.064751714, 0.12461651, -0.12950343
4771178270000, -0.05131268, 0.12064589, -0.12461651
4771183172000, -0.039095376, 0.11148291, -0.11728613
4771188215000, -0.031154128, 0.10476339, -0.10934488
4771193182000, -0.022907447, 0.098043874, -0.09987647
4771198181000, -0.023823744, 0.09712757, -0.087659165
4771203255000, -0.03023783, 0.08368854, -0.08399397
4771208271000, -0.034208454, 0.06872234, -0.07880162
4771213260000, -0.055283304, 0.061086524, -0.070249505
4771218253000, -0.06963864, 0.04795292, -0.07513642
4771223278000, -0.09987647, 0.0421497, -0.08460484
4771228329000, -0.1255328, 0.032986723, -0.08735373
4771233250000, -0.15577064, 0.027794369, -0.094989546
4771238364000, -0.17256944, 0.009468411, -0.10751228
4771243279000, -0.19120082, -0.004581489, -0.11789699
4771248261000, -0.20952678, -0.0076358155, -0.124005646
4771254880000, -0.21685717, -0.0067195175, -0.13469578
4771258274000, -0.22571471, -0.013439035, -0.13683382
4771263262000, -0.22143865, -0.029321533, -0.13836098
4771268248000, -0.21410827, -0.043676864, -0.15485434
4771273241000, -0.2171626, -0.043982297, -0.16035213
4771278271000, -0.21777347, -0.058337633, -0.17104226
4771283249000, -0.204029, -0.06505715, -0.18173242
4771288282000, -0.18784106, -0.077579886, -0.19700404
4771293269000, -0.1826487, -0.086132, -0.20433442
4771298278000, -0.1685988, -0.098043874, -0.21960606
4771303272000, -0.15057829, -0.1020145, -0.23273966
4771308313000, -0.14935656, -0.12308934, -0.25045475
4771313283000, -0.14782938, -0.12889257, -0.26206118
4771318283000, -0.15057829, -0.14508049, -0.27091873
4771323272000, -0.16676621, -0.16920967, -0.27885997
4771328341000, -0.16432275, -0.18600847, -0.2929099
4771333286000, -0.17195857, -0.1957823, -0.29901853
4771338321000, -0.18173242, -0.22052236, -0.30940324
4771343313000, -0.19394971, -0.23548855, -0.321926
4771348308000, -0.22602014, -0.24373524, -0.33964106
4771353302000, -0.24037547, -0.25320363, -0.3494149
4771358315000, -0.24465153, -0.25717425, -0.36102137
4771363287000, -0.2666427, -0.26328292, -0.38637227
4771368274000, -0.2764165, -0.2773328, -0.398895
4771373297000, -0.2864958, -0.28802297, -0.4166101
4771378274000, -0.30634892, -0.31429017, -0.44929138
4771383257000, -0.31642818, -0.34330627, -0.46731192
4771388276000, -0.34025195, -0.3631594, -0.49449542
4771393283000, -0.35094208, -0.38637227, -0.52015173
4771398262000, -0.35369098, -0.40011674, -0.5571091
4771403299000, -0.3539964, -0.41050145, -0.58551437
4771408312000, -0.3390302, -0.43982297, -0.6123924
4771413924000, -0.32162055, -0.47800204, -0.6401868
4771418284000, -0.3042109, -0.5207626, -0.6609562
4771423244000, -0.2919936, -0.56688297, -0.689056
4771428282000, -0.2657264, -0.61911196, -0.7104363
4771433276000, -0.23487769, -0.6646214, -0.7330383
4771438322000, -0.23060162, -0.7125743, -0.754724
4771443293000, -0.226631, -0.7672467, -0.7874053
4771448299000, -0.21105394, -0.7837401, -0.8176431
4771453849000, -0.2171626, -0.82833326, -0.8481864
4771458277000, -0.22327125, -0.84238315, -0.86284715
4771463267000, -0.23854288, -0.8784242, -0.89766645
4771468272000, -0.25137106, -0.90102625, -0.93034774
4771473285000, -0.25411993, -0.91904676, -0.97310835
4771478267000, -0.27672195, -0.9324858, -1.0192287
4771484095000, -0.2929099, -0.93187493, -1.0607675
4771488299000, -0.30848694, -0.9288206, -1.1267409
4771493313000, -0.3359759, -0.9254609, -1.1905763
4771498381000, -0.35094208, -0.92057395, -1.2519683
4771503292000, -0.39706242, -0.9431759, -1.3231341
4771508278000, -0.4352415, -0.9621128, -1.3991868
4771513415000, -0.50243664, -0.9984592, -1.4660766
4771518238000, -0.5653558, -1.0280862, -1.534188
4771523211000, -0.6383542, -1.0522153, -1.5974126
4771528233000, -0.7076874, -1.0784826, -1.643533
4771533247000, -0.7501425, -1.0641272, -1.6927075
4771538235000, -0.77579886, -1.0045679, -1.736079
4771543243000, -0.7959574, -0.9627236, -1.7708983
4771548241000, -0.8011498, -0.88606006, -1.7944167
4771553174000, -0.78893244, -0.8023715, -1.8289305
4771558183000, -0.766025, -0.71959925, -1.8481728
4771563182000, -0.7593055, -0.6291912, -1.8606955
4771568164000, -0.7657196, -0.5375614, -1.8383989
4771573189000, -0.7669413, -0.4804455, -1.7959439
4771578186000, -0.7348709, -0.48258355, -1.7354681
4771583153000, -0.68508536, -0.5815437, -1.6893479
4771588206000, -0.6038403, -0.7510588, -1.6282613
4771593185000, -0.5152648, -0.915687, -1.5696182
4771598174000, -0.42852196, -1.0528263, -1.5140295
4771603234000, -0.33475417, -1.1111639, -1.4514158
4771608172000, -0.23762658, -1.1511755, -1.387275
4771613203000, -0.14263703, -1.2061534, -1.3399329
4771618176000, -0.032375857, -1.2232577, -1.289842
4771623219000, 0.09101892, -1.2168436, -1.2269229
4771628145000, 0.20647246, -1.2092078, -1.1676689
4771633216000, 0.3100141, -1.210124, -1.099252
4771638176000, 0.38545597, -1.2055426, -1.0280862
4771643235000, 0.4569272, -1.1957687, -0.98532563
4771648151000, 0.49296826, -1.2027937, -0.9016371
4771653976000, 0.5558874, -1.2501358, -0.77091193
4771658168000, 0.64660084, -1.2654073, -0.7290677
4771663235000, 0.6719518, -1.3121386, -0.64843345
4771668173000, 0.7281514, -1.3475688, -0.56688297
4771673235000, 0.7761043, -1.3729197, -0.5009095
4771678250000, 0.81092364, -1.3778065, -0.44043383
4771683234000, 0.8695667, -1.3662001, -0.36896262
4771688273000, 0.906524, -1.3451253, -0.30879238
4771693253000, 0.9660834, -1.3109168, -0.23701571
4771698266000, 1.003957, -1.2864822, -0.16768251
4771703259000, 1.044885, -1.2654073, -0.10629055
4771708237000, 1.0806206, -1.2812898, -0.040011674
4771713263000, 1.119716, -1.2788464, 0.02107485
4771718555000, 1.1490375, -1.273654, 0.06963864
4771723239000, 1.1753048, -1.2596041, 0.11178834
4771728316000, 1.201572, -1.2516629, 0.16768251
4771733251000, 1.215011, -1.2455542, 0.21135938
4771739148000, 1.2260065, -1.2342533, 0.25259277
4771743321000, 1.2400564, -1.2266175, 0.28160888
4771748198000, 1.2483032, -1.2137892, 0.32834008
4771753287000, 1.2492194, -1.1899655, 0.37293324
4771758209000, 1.2568552, -1.1685852, 0.41172317
4771763303000, 1.2678508, -1.1386528, 0.4529566
4771768218000, 1.2739595, -1.1093313, 0.49327368
4771773238000, 1.2730432, -1.0934488, 0.5329799
4771778232000, 1.2626585, -1.0656544, 0.57604593
4771783241000, 1.2547172, -1.0464121, 0.6038403
4771788284000, 1.2412782, -1.0192287, 0.6429357
4771793265000, 1.2217305, -1.0021244, 0.68783426
4771798259000, 1.201572, -0.9773844, 0.7189884
4771803234000, 1.1679744, -0.9477574, 0.7470882
4771809085000, 1.1374311, -0.9074403, 0.77518797
4771813294000, 1.1169671, -0.8713993, 0.80573124
4771818249000, 1.0748174, -0.8417723, 0.8240572
4771823270000, 1.0332786, -0.81489426, 0.84879726
4771828265000, 0.99112886, -0.79443026, 0.8564331
4771833243000, 0.93370754, -0.77213365, 0.87598073
4771838307000, 0.8891144, -0.7703011, 0.8765916
4771843300000, 0.8323039, -0.7770206, 0.8784242
4771848263000, 0.79626286, -0.77732605, 0.8735373
4771855144000, 0.73761976, -0.7742717, 0.8668178
4771858227000, 0.63071835, -0.76083267, 0.8573494
4771863260000, 0.59589905, -0.73853606, 0.8384125
4771868246000, 0.5183192, -0.69913524, 0.8078693
4771873207000, 0.45662177, -0.63438356, 0.7809912
4771878314000, 0.41233405, -0.5357288, 0.73761976
4771883261000, 0.39400807, -0.4089743, 0.6966918
4771888260000, 0.3753767, -0.27763826, 0.65270954
4771893379000, 0.3549127, -0.14355333, 0.61575216
4771898262000, 0.355829, -0.015577064, 0.5702427
4771903249000, 0.33200526, 0.10781772, 0.5390886
4771908246000, 0.30573806, 0.22937989, 0.49754974
4771913490000, 0.27122417, 0.3472769, 0.45845437
4771918236000, 0.23701571, 0.44990227, 0.43310347
4771923261000, 0.20586158, 0.5342017, 0.4025602
4771928328000, 0.16982053, 0.59773165, 0.3735441
4771933253000, 0.1441642, 0.6078109, 0.34391713
4771938260000, 0.12980886, 0.605062, 0.34116822
4771943599000, 0.12186762, 0.5412266, 0.30848694
4771948455000, 0.122783914, 0.5140431, 0.30024028
4771953237000, 0.124005646, 0.44135013, 0.28252518
4771958246000, 0.121256754, 0.35796702, 0.26450464
4771963196000, 0.12461651, 0.27580565, 0.24770586
4771968280000, 0.11759156, 0.1957823, 0.24648413
4771973233000, 0.11728613, 0.11881329, 0.24465153
4771978264000, 0.0852157, 0.045814894, 0.25411993
4771983289000, 0.06291912, -0.02687807, 0.27458394
4771988285000, 0.048563786, -0.109650314, 0.30970868
4771993262000, 0.049480084, -0.16462818, 0.34574974
4771998261000, 0.05497787, -0.20158553, 0.38728857
4772003254000, 0.0852157, -0.18173242, 0.42821655
4772008305000, 0.12705997, -0.14538592, 0.47067168
4772013296000, 0.19058995, -0.09865474, 0.5109888
4772018228000, 0.2574797, -0.09162979, 0.54244834
4772023244000, 0.33322698, -0.105068825, 0.5687156
4772028296000, 0.3979787, -0.12736541, 0.61666846
4772033273000, 0.46609017, -0.13530666, 0.66431594
4772038317000, 0.50579643, -0.18051068, 0.6792821
4772043270000, 0.54550266, -0.25961772, 0.70371675
4772048230000, 0.54641896, -0.3631594, 0.71868294
4772053246000, 0.5546656, -0.44593164, 0.7098254
4772058246000, 0.5516113, -0.50793445, 0.68325275
4772064028000, 0.49968776, -0.55924714, 0.6221663
4772068482000, 0.42638394, -0.6068946, 0.552833
4772073291000, 0.3491095, -0.6545421, 0.4654793
4772078538000, 0.31215215, -0.67073005, 0.3903429
4772083230000, 0.2733622, -0.63041294, 0.3399465
4772088262000, 0.2602286, -0.5384777, 0.30848694
4772093264000, 0.2764165, -0.4016439, 0.28069258
4772098258000, 0.33017266, -0.2660318, 0.25717425
4772103246000, 0.40194935, -0.11728613, 0.22815818
4772108273000, 0.48349985, 0.021380283, 0.21563543
4772113264000, 0.5348125, 0.13805555, 0.22449298
4772118257000, 0.5345071, 0.20311269, 0.2501493
4772123256000, 0.5045747, 0.2180789, 0.269697
4772128226000, 0.3924809, 0.21624629, 0.29260445
4772134051000, 0.21685717, 0.16829337, 0.29993483
4772138315000, -0.0067195175, 0.15271631, 0.29535335
4772143274000, -0.118202426, 0.124311075, 0.2883284
4772148273000, -0.33567044, 0.062308256, 0.27366763
4772153272000, -0.5235115, -0.0067195175, 0.2489276
4772158284000, -0.6658431, -0.06078109, 0.23273966
4772163243000, -0.75991637, -0.13194689, 0.19211712
4772168292000, -0.7959574, -0.2919936, 0.12461651
4772178313000, -0.74128497, -0.65668017, -0.038789943
4772183235000, -0.68539083, -0.7443393, -0.09987647
4772188337000, -0.6059783, -0.7987063, -0.15393804
4772193198000, -0.5119051, -0.73823065, -0.19058995
4772198296000, -0.42241332, -0.59131753, -0.2275473
4772203905000, -0.34513888, -0.45662177, -0.29535335
4772208312000, -0.27855456, -0.3118467, -0.37751472
4772213283000, -0.22693644, -0.17287487, -0.43951756
4772218241000, -0.19425514, -0.0076358155, -0.4615087
4772223484000, -0.17989981, 0.11301007, -0.48991394
4772228265000, -0.15760323, 0.1441642, -0.5348125
4772233238000, -0.15699236, 0.19150625, -0.550695
4772238889000, -0.16920967, 0.21685717, -0.59895337
4772243252000, -0.21655174, 0.22418754, -0.61391956
4772248261000, -0.23732115, 0.21777347, -0.6261369
4772254920000, -0.28893927, 0.29077184, -0.6273586
4772258263000, -0.33658674, 0.33933565, -0.6133087
4772263266000, -0.34574974, 0.46761733, -0.6010914
4772268264000, -0.34025195, 0.57940567, -0.5726862
4772273328000, -0.3304781, 0.6792821, -0.5421429
4772278247000, -0.28985557, 0.7287622, -0.50823987
4772283249000, -0.2574797, 0.72784597, -0.4810564
4772288279000, -0.21227567, 0.6789767, -0.46517387
4772293354000, -0.16554448, 0.57971114, -0.4550946
4772298192000, -0.13133603, 0.49632803, -0.45845437
4772303258000, -0.09712757, 0.4373795, -0.46395215
4772308299000, -0.076052725, 0.39187005, -0.46670106
4772313261000, -0.055283304, 0.3717115, -0.4801401
4772318262000, -0.03481932, 0.3549127, -0.49327368
4772323262000, -0.05681047, 0.35460728, -0.4999932
4772328428000, -0.11759156, 0.30543262, -0.50793445
4772333301000, -0.18784106, 0.28160888, -0.5119051
4772338615000, -0.23243423, 0.20433442, -0.5140431
4772343309000, -0.4071417, 0.10293079, -0.5149594
4772348194000, -0.47433686, 0.0018325958, -0.49602258
4772353267000, -0.6206391, -0.076052725, -0.46670106
4772358292000, -0.7309003, -0.09407325, -0.45662177
4772363298000, -0.8032878, -0.09010262, -0.46303585
4772368276000, -0.83658, -0.0870483, -0.4709771
4772373289000, -0.83108217, -0.07941248, -0.49296826
4772378276000, -0.80756384, -0.064751714, -0.5149594
4772383319000, -0.763887, -0.089491755, -0.50701815
4772388525000, -0.71837753, -0.082161374, -0.48380527
4772393296000, -0.6930266, -0.021685716, -0.45723262
4772398294000, -0.6728681, 0.08032878, -0.43401974
4772403280000, -0.63804877, 0.16890424, -0.41233405
4772408312000, -0.59773165, 0.20555615, -0.3753767
4772413295000, -0.56596667, 0.20219639, -0.33200526
4772418250000, -0.5558874, 0.21471913, -0.30115658
4772423899000, -0.55680364, 0.22876903, -0.29718593
4772428261000, -0.5717699, 0.22815818, -0.29993483
4772433277000, -0.59131753, 0.27855456, -0.31581733
4772438365000, -0.61850107, 0.34422258, -0.3481932
4772443259000, -0.64476824, 0.37507126, -0.36468655
4772448266000, -0.6618725, 0.37507126, -0.38698313
4772454843000, -0.6569856, 0.30604348, -0.4083634
4772458400000, -0.6026186, 0.2828306, -0.41630468
4772463195000, -0.58459806, 0.24740042, -0.42943826
4772468246000, -0.56688297, 0.15699236, -0.4364632
4772473340000, -0.5491679, 0.07666359, -0.44593164
4772478265000, -0.5412266, -0.018325957, -0.4343252
4772483305000, -0.528093, -0.058643065, -0.43554693
4772488284000, -0.5326745, -0.08857546, -0.45051312
4772493891000, -0.53969944, -0.087659165, -0.453262
4772498264000, -0.55863625, -0.06383542, -0.4569272
4772503640000, -0.58276546, -0.022602014, -0.4437936
4772508314000, -0.61453044, 0.058643065, -0.4392121
4772513198000, -0.6337727, 0.1853976, -0.44135013
4772518288000, -0.6582073, 0.3191771, -0.4437936
4772523218000, -0.6927212, 0.38087448, -0.4382958
4772528291000, -0.711658, 0.52381694, -0.4288274
4772533264000, -0.7464773, 0.6310238, -0.39400807
4772538310000, -0.77579886, 0.6918049, -0.3576616
4772543206000, -0.8170323, 0.7049385, -0.32925636
4772548299000, -0.852157, 0.675617, -0.3032946
4772553269000, -0.88300574, 0.6178902, -0.2883284
4772558317000, -0.92271197, 0.56199604, -0.301462
4772563724000, -0.93767816, 0.5326745, -0.29779682
4772568285000, -0.9334021, 0.4728097, -0.31490102
4772573301000, -0.90041536, 0.42455134, -0.32620203
4772578266000, -0.86620694, 0.3643811, -0.31887165
4772583362000, -0.82924956, 0.31306845, -0.3277292
4772588316000, -0.79779, 0.2959642, -0.32742378
4772593314000, -0.77640975, 0.29046643, -0.33353242
4772598299000, -0.7629707, 0.29779682, -0.34055737
4772603259000, -0.75625116, 0.31520647, -0.34147367
4772608267000, -0.7486154, 0.34574974, -0.31612277
4772613265000, -0.73731434, 0.36865717, -0.2919936
4772618259000, -0.7452556, 0.37110063, -0.2593123
4772623335000, -0.7470882, 0.36957347, -0.2144137
4772628230000, -0.7480045, 0.35094208, -0.19364429
4772633434000, -0.7452556, 0.3210097, -0.15943582
4772638236000, -0.7315111, 0.28527406, -0.1255328
4772643268000, -0.6969972, 0.27397305, -0.10293079
4772648196000, -0.6792821, 0.2556471, -0.1020145
4772654864000, -0.6423248, 0.16737708, -0.110872045
4772658265000, -0.6273586, 0.13316862, -0.11789699
4772663260000, -0.6230826, 0.050701816, -0.13622294
4772668602000, -0.59956425, -0.016187929, -0.14019357
4772673254000, -0.56230146, -0.08307768, -0.14752395
4772678276000, -0.5045747, -0.13836098, -0.14080444
4772683330000, -0.47983465, -0.19608775, -0.14294247
4772688320000, -0.4642576, -0.25045475, -0.12095132
4772693309000, -0.4578435, -0.3023783, -0.098043874
4772698238000, -0.47219884, -0.36926803, -0.0580322
4772703245000, -0.50243664, -0.4196644, -0.0036651916
4772708222000, -0.5131268, -0.46792278, 0.04428773
4772713258000, -0.54428095, -0.5198463, 0.08093964
4772718234000, -0.56688297, -0.54183745, 0.12217305
4772723239000, -0.5757405, -0.5870415, 0.14202617
4772728293000, -0.57910025, -0.6188065, 0.15149458
4772733285000, -0.5558874, -0.65270954, 0.17531833
4772738303000, -0.5421429, -0.6954701, 0.19272798
4772743315000, -0.51007247, -0.7507534, 0.20555615
4772748996000, -0.50915617, -0.81489426, 0.20250183
4772753290000, -0.4978552, -0.84391034, 0.18692477
4772758315000, -0.47647488, -0.8237518, 0.15363261
4772763299000, -0.44623706, -0.7984009, 0.11178834
4772768299000, -0.41996986, -0.7632761, 0.0711658
4772773225000, -0.4071417, -0.68783426, 0.042455133
4772778270000, -0.40194935, -0.59406644, 0.018020526
4772783288000, -0.40378192, -0.5109888, 0.025045475
4772788321000, -0.39828414, -0.45142943, 0.036651913
4772793200000, -0.4111123, -0.3381139, 0.0421497
4772798287000, -0.44776422, -0.19700404, 0.061391957
4772803201000, -0.50243664, -0.109650314, 0.086132
4772808312000, -0.56413406, -0.07452556, 0.1133155
4772813267000, -0.5842926, -0.026572637, 0.103847094
4772818974000, -0.589485, 0.025350908, 0.079107046
4772823265000, -0.5525276, 0.06261369, 0.056505036
4772828299000, -0.5342017, 0.12034045, 0.0012217305
4772833605000, -0.51251596, 0.102319926, -0.06261369
4772838333000, -0.51159966, 0.06047566, -0.12644911
4772843620000, -0.5647449, -0.013744468, -0.18234327
4772848301000, -0.63316184, -0.09865474, -0.23976462
4772854923000, -0.71593404, -0.16157386, -0.3213151
4772858197000, -0.7965683, -0.121256754, -0.35246924
4772863284000, -0.81397796, -0.004276057, -0.410196
4772868621000, -0.86132, 0.08002335, -0.44929138
4772873406000, -0.8753699, 0.12217305, -0.46578476
4772878274000, -0.8668178, 0.13958271, -0.48991394
4772883356000, -0.84329945, 0.13958271, -0.50701815
4772888898000, -0.8741482, 0.09712757, -0.5039638
4772893313000, -0.9034697, 0.13530666, -0.49938235
4772898303000, -0.97494096, 0.23640485, -0.47952923
4772903260000, -1.0296134, 0.3943135, -0.46089783
4772908233000, -1.0693196, 0.5369505, -0.45204028
4772913259000, -1.0916162, 0.5907067, -0.44318274
4772918624000, -1.1010846, 0.6759224, -0.4654793
4772923298000, -1.1563679, 0.7089091, -0.49235737
4772928300000, -1.1820242, 0.7357872, -0.54061574
4772933282000, -1.2428054, 0.7467828, -0.5571091
4772938278000, -1.3008375, 0.7461719, -0.5644395
4772943293000, -1.3713925, 0.7654142, -0.56291234
4772948243000, -1.4724907, 0.7974846, -0.5647449
4772953290000, -1.5882497, 0.84116143, -0.57757306
4772958469000, -1.6878207, 0.90133166, -0.59650993
4772963304000, -1.7632625, 0.96852684, -0.6365216
4772968275000, -1.822211, 0.98654735, -0.6881397
4772973316000, -1.8658879, 0.9764681, -0.7458665
4772978264000, -1.9004018, 0.9801333, -0.79504114
4772983277000, -1.9343048, 1.0348058, -0.8546005
4772988322000, -1.9553796, 1.065349, -0.8854492
4772993301000, -1.9517145, 1.0763446, -0.8933904
4772998283000, -1.9269744, 1.0824533, -0.8943067
4773003267000, -1.9058995, 1.0464121, -0.90377516
4773008298000, -1.8787161, 0.99112886, -0.8912524
4773013293000, -1.8716911, 0.9673051, -0.8854492
4773018294000, -1.8585575, 0.88361657, -0.87872964
4773023235000, -1.8344283, 0.7535023, -0.870483
4773028270000, -1.8176296, 0.6197228, -0.86406887
4773033317000, -1.8017471, 0.50854534, -0.86834496
4773038271000, -1.78617, 0.3640757, -0.8527679
4773043238000, -1.7666223, 0.20280726, -0.8399397
4773048270000, -1.7415768, 0.057421334, -0.83077675
4773054809000, -1.7418822, -0.13408493, -0.84391034
4773058299000, -1.6905695, -0.18081611, -0.84391034
4773063222000, -1.6594155, -0.26206118, -0.86132
4773068290000, -1.6181821, -0.28160888, -0.91751957
4773073215000, -1.6019942, -0.25961772, -0.9615019
4773078268000, -1.5964963, -0.22571471, -0.999681
4773083281000, -1.5803084, -0.15454891, -1.0192287
4773088316000, -1.5720617, -0.07849618, -1.0067059
4773093288000, -1.539075, -0.022296581, -1.0195341
4773098296000, -1.5238034, 0.03848451, -1.0433578
4773103260000, -1.4957036, 0.06872234, -1.072374
4773108300000, -1.4737124, 0.05222898, -1.1301007
4773113243000, -1.4538593, -0.009468411, -1.1527027
4773118282000, -1.4337007, -0.1142318, -1.2009611
4773123414000, -1.3942999, -0.22999077, -1.2455542
4773128278000, -1.3701707, -0.32162055, -1.2831224
4773133621000, -1.3393221, -0.34269542, -1.312444
4773138292000, -1.319469, -0.31673363, -1.3225232
4773144073000, -1.287093, -0.28252518, -1.3100005
4773148281000, -1.2586879, -0.32284227, -1.2779301
4773153209000, -1.2629639, -0.5122105, -1.2431108
4773158186000, -1.2788464, -0.66767573, -1.2266175
4773163201000, -1.3139712, -0.8927795, -1.2208142
4773168193000, -1.3457361, -1.1539245, -1.2202033
4773173192000, -1.3603969, -1.3784174, -1.2324207
4773178197000, -1.3539828, -1.5488489, -1.2507466
4773183163000, -1.3460416, -1.6881261, -1.2840388
4773188210000, -1.3295482, -1.7189748, -1.2968669
4773193176000, -1.321607, -1.7418822, -1.2980887
4773198181000, -1.3387111, -1.7858646, -1.3136657
4773203220000, -1.3820826, -1.7965547, -1.3353515
4773208222000, -1.4404203, -1.7785342, -1.3494014
4773213615000, -1.4785993, -1.6007724, -1.4001031
4773218198000, -1.6423112, -1.5066991, -1.4126259
4773223234000, -1.720502, -1.3481796, -1.4312572
4773228220000, -1.8365663, -1.2428054, -1.4630222
4773233225000, -1.9462167, -1.1203269, -1.473407
4773238268000, -2.0195205, -0.86406887, -1.4969252
4773243222000, -2.119397, -0.70921457, -1.5476271
4773248221000, -2.1804836, -0.5726862, -1.6187929
4773254962000, -2.2235496, -0.39584067, -1.7061466
4773258312000, -2.270586, -0.34574974, -1.7333301
4773263261000, -2.2815816, -0.25534168, -1.7605137
4773268215000, -2.3212879, -0.16157386, -1.7629571
4773273303000, -2.3561072, -0.052839845, -1.754405
4773278213000, -2.3887885, 0.05009095, -1.7211128
4773283630000, -2.3774874, 0.15882497, -1.6991217
4773288260000, -2.3432791, 0.2519819, -1.6771306
4773293272000, -2.2992969, 0.31948254, -1.6441438
4773298258000, -2.252871, 0.35430184, -1.5974126
4773303253000, -2.2226331, 0.37018433, -1.5344934
4773308246000, -2.2226331, 0.38606682, -1.4996742
4773313266000, -2.2119431, 0.40591997, -1.4236214
4773318246000, -2.1890357, 0.42394048, -1.3435981
4773323276000, -2.1423044, 0.46822822, -1.2589933
4773328199000, -2.0836613, 0.5513059, -1.1670581
4773333303000, -1.992337, 0.68661255, -1.072374
4773338365000, -1.8872682, 0.838718, -0.98471475
4773343266000, -1.7733418, 0.9950995, -0.8958339
4773348287000, -1.6438384, 1.1218541, -0.82741696
4773353229000, -1.5384641, 1.1716396, -0.78984874
4773358311000, -1.4590516, 1.1456778, -0.754724
4773363337000, -1.3790283, 1.0891727, -0.70005155
4773368245000, -1.3118331, 1.024421, -0.6649268
4773373672000, -1.2470814, 0.9877691, -0.63346726
4773378240000, -1.16492, 1.0149527, -0.6105598
4773383320000, -1.07665, 1.0705414, -0.6081163
4773388260000, -0.97219205, 1.1508701, -0.6056729
4773393245000, -0.84665924, 1.1930199, -0.634689
4773398232000, -0.7144069, 1.2272283, -0.67164636
4773403177000, -0.59620446, 1.2144, -0.68630713
4773408176000, -0.5317582, 1.1462886, -0.7315111
4773413184000, -0.44104472, 1.067487, -0.7538077
4773418172000, -0.3820962, 0.9941832, -0.7733554
4773423187000, -0.376293, 0.94714653, -0.75869465
4773428179000, -0.3915646, 0.929126, -0.74281216
4773433256000, -0.43890667, 0.91904676, -0.713796
4773438206000, -0.48991394, 0.9059132, -0.6808093
4773443182000, -0.54000485, 0.9266826, -0.66767573
4773448181000, -0.5705481, 0.9184359, -0.6731735
4773454776000, -0.5513059, 0.8918633, -0.7134906
4773458243000, -0.44409904, 0.86467975, -0.73853606
4773463233000, -0.3915646, 0.7867944, -0.79320854
4773468731000, -0.27152961, 0.67011917, -0.8567385
4773473276000, -0.1695151, 0.5381723, -0.9288206
4773478229000, -0.096516706, 0.41813725, -0.9957104
4773483272000, -0.0720821, 0.3304781, -1.0604621
4773488210000, -0.07238753, 0.2929099, -1.128879
4773493269000, -0.09468412, 0.28955013, -1.2027937
4773498186000, -0.11911872, 0.28130344, -1.2651019
4773503316000, -0.1337795, 0.27580565, -1.3219124
4773508203000, -0.15515977, 0.27183503, -1.357648
4773513268000, -0.16920967, 0.26175576, -1.4355333
4773518308000, -0.17715092, 0.26328292, -1.5103643
4773523258000, -0.17440203, 0.27091873, -1.5968018
4773528232000, -0.2012801, 0.28924468, -1.6899587
4773533323000, -0.20280726, 0.3042109, -1.7773124
4773539016000, -0.20830505, 0.3408628, -1.8634444
4773543307000, -0.22907446, 0.37232238, -1.9440787
4773548273000, -0.22999077, 0.39645153, -2.0118847
4773553307000, -0.2275473, 0.42088616, -2.060143
4773558275000, -0.20861048, 0.43463063, -2.1071796
4773563306000, -0.17531833, 0.43982297, -2.1459696
4773568908000, -0.17837265, 0.42485678, -2.182316
4773573324000, -0.18906279, 0.3817908, -2.2064452
4773578295000, -0.20433442, 0.35185838, -2.2134702
4773583322000, -0.22082779, 0.33261612, -2.218357
4773588281000, -0.23762658, 0.36865717, -2.2064452
4773593264000, -0.2837469, 0.32436943, -2.2153027
4773598260000, -0.30879238, 0.27152961, -2.2244658
4773603243000, -0.3191771, 0.23671028, -2.2262983
4773608643000, -0.3417791, 0.3567453, -2.2595906
4773613260000, -0.38912117, 0.39675698, -2.2748623
4773618245000, -0.40866885, 0.46517387, -2.3160956
4773623275000, -0.4428773, 0.33628133, -2.32984
4773628267000, -0.44501534, 0.27580565, -2.3402247
4773633280000, -0.45875978, 0.19272798, -2.362216
4773638369000, -0.44715336, 0.14996742, -2.3716843
4773643204000, -0.41355577, 0.035430185, -2.377182
4773648263000, -0.36071593, 0.006414085, -2.3561072
4773655279000, -0.28680122, 0.10476339, -2.3402247
4773658259000, -0.19914207, 0.14813483, -2.3341162
4773663265000, -0.16371189, 0.2134974, -2.3270912
4773668203000, -0.1151481, 0.24129178, -2.3047945
4773673236000, -0.09285152, 0.23609942, -2.2904391
4773678230000, -0.10293079, 0.14660765, -2.2589796
4773683342000, -0.11789699, 0.093462385, -2.21683
4773688243000, -0.13683382, 0.06994407, -2.1481075
4773693288000, -0.1600467, 0.06291912, -2.078469
4773698248000, -0.16065755, 0.049785517, -2.0460932
4773703285000, -0.1563815, 0.01160644, -1.9843957
4773708278000, -0.17073683, -0.11301007, -1.9419407
4773713300000, -0.16676621, -0.24617869, -1.9019289
4773718253000, -0.18692477, -0.29626966, -1.890017
4773723277000, -0.22082779, -0.25900686, -1.8686367
4773728201000, -0.25595254, -0.17104226, -1.8600847
4773733327000, -0.28619036, -0.10629055, -1.8231273
4773738285000, -0.31673363, -0.096516706, -1.7993035
4773743263000, -0.32559118, -0.13988814, -1.7580702
4773748268000, -0.3222314, -0.18753563, -1.707063
4773753240000, -0.32162055, -0.20799962, -1.641395
4773758394000, -0.31490102, -0.23396139, -1.575116
4773763302000, -0.30848694, -0.26511553, -1.5066991
4773768262000, -0.2779437, -0.2883284, -1.4456125
4773773229000, -0.24709499, -0.30207285, -1.382999
4773778264000, -0.21044308, -0.30573806, -1.3292428
4773783236000, -0.15607607, -0.3109304, -1.2803736
4773788285000, -0.116980694, -0.30970868, -1.2327261
4773793928000, -0.093767814, -0.31031954, -1.1963795
4773798270000, -0.089186326, -0.301462, -1.1664472
4773803255000, -0.07941248, -0.27183503, -1.1050552
4773808233000, -0.0711658, -0.22999077, -1.0497719
4773813224000, -0.076358154, -0.18234327, -0.9966267
4773818243000, -0.08093964, -0.12370021, -0.9428705
4773823264000, -0.0711658, -0.07819075, -0.8894198
4773828387000, -0.058643065, -0.03268129, -0.83199847
4773833301000, -0.025961773, 0.007941248, -0.7855727
4773838324000, 0.009468411, 0.03634648, -0.7247916
4773843273000, 0.021991149, 0.03176499, -0.6783658
4773848261000, 0.057726767, 0.03940081, -0.61117065
4773854908000, 0.09560041, 0.049785517, -0.5119051
4773858198000, 0.12644911, 0.070249505, -0.48380527
4773863850000, 0.14813483, 0.10140363, -0.41874814
4773868407000, 0.16768251, 0.13316862, -0.36071593
4773873270000, 0.20463985, 0.17806722, -0.29168814
4773878247000, 0.23640485, 0.22296582, -0.21930063
4773883256000, 0.28680122, 0.27214047, -0.1572978
4773888266000, 0.3203988, 0.3304781, -0.098043874
4773893347000, 0.39278635, 0.3643811, -0.026572637
4773898268000, 0.419359, 0.43401974, 0.0070249503
4773903240000, 0.48075095, 0.49296826, 0.06261369
4773908276000, 0.5174029, 0.552833, 0.12034045
4773913259000, 0.5543602, 0.6178902, 0.18051068
4773918241000, 0.605062, 0.6747007, 0.22876903
4773923323000, 0.64965516, 0.7101309, 0.26847526
4773928266000, 0.72082096, 0.7641924, 0.31337386
4773933715000, 0.7846564, 0.8035932, 0.35124752
4773938380000, 0.84971356, 0.870483, 0.39584067
4773943262000, 0.90285885, 0.9633345, 0.4456262
4773948261000, 0.947452, 1.0592403, 0.49449542
4773953267000, 0.979217, 1.1490375, 0.5494733
4773960802000, 1.010982, 1.2660183, 0.655153
4773963288000, 1.0595458, 1.2812898, 0.691194
4773968266000, 1.0800097, 1.2883148, 0.77488256
4773973343000, 1.1221595, 1.3060299, 0.8393288
4773978331000, 1.1560625, 1.2907583, 0.9016371
4773983276000, 1.2018774, 1.258077, 0.9401216
4773988292000, 1.2351695, 1.2363913, 0.97402465
4773993252000, 1.2718215, 1.1795808, 0.98868537
4773998287000, 1.2791518, 1.1065824, 1.0363328
4774003411000, 1.3035865, 0.99265605, 1.056186
4774008207000, 1.3179418, 0.8949176, 1.058324
4774013184000, 1.3264939, 0.84482664, 1.0604621
4774018206000, 1.323745, 0.80573124, 1.047023
4774023169000, 1.3271047, 0.7480045, 1.0424415
4774028163000, 1.3396275, 0.66981375, 1.0262536
4774033177000, 1.3435981, 0.60903263, 1.0079277
4774038208000, 1.357648, 0.591623, 1.0149527
4774043165000, 1.3646729, 0.56779927, 1.0247264
4774048210000, 1.3863586, 0.5412266, 1.0302242
4774053924000, 1.3988814, 0.49266282, 1.0317514
4774058155000, 1.4104879, 0.44623706, 1.035722
4774063176000, 1.4132367, 0.4071417, 1.0494665
4774068193000, 1.4165965, 0.3943135, 1.0616838
4774073204000, 1.3878858, 0.36926803, 1.0772609
4774078153000, 1.3811663, 0.31398472, 1.1053606
4774083155000, 1.3521502, 0.28771752, 1.1307116
4774088211000, 1.3158038, 0.2434298, 1.1371256
4774093150000, 1.2944235, 0.20158553, 1.138042
4774098152000, 1.2599095, 0.160963, 1.1328496
4774103173000, 1.2144, 0.14019357, 1.1291844
4774108147000, 1.1734722, 0.15027285, 1.1487321
4774113155000, 1.112691, 0.16554448, 1.1462886
4774118511000, 1.069625, 0.1872302, 1.1255192
4774123168000, 1.0235047, 0.16340645, 1.0888673
4774128174000, 0.9596693, 0.12889257, 1.0546589
4774133192000, 0.9068295, 0.08674286, 1.024421
4774138173000, 0.8707884, 0.04795292, 1.0067059
4774143226000, 0.83291477, 0.02443461, 0.9978484
4774148183000, 0.81122905, 0.007330383, 0.98654735
4774153231000, 0.79351395, -3.0543262E-4, 0.9599747
4774158165000, 0.75441855, -0.01160644, 0.93859446
4774163159000, 0.7174612, -0.0076358155, 0.929126
4774168184000, 0.68691796, 0.008246681, 0.92087936
4774173160000, 0.64476824, 0.03573562, 0.91874135
4774178143000, 0.5714644, 0.076052725, 0.9236283
4774183171000, 0.48441613, 0.10293079, 0.9315695
4774188464000, 0.44776422, 0.15088372, 0.92149025
4774193170000, 0.3436117, 0.16432275, 0.9092729
4774198116000, 0.30604348, 0.13897185, 0.8546005
4774203179000, 0.22143865, 0.09162979, 0.79259765
4774208116000, 0.10170906, 0.036957346, 0.7131852
4774213168000, -0.004886922, -0.027183503, 0.64996064
4774218136000, -0.10323623, -0.07452556, 0.57848936
4774223172000, -0.18020524, -0.07574729, 0.50335294
4774228131000, -0.20250183, -0.008552114, 0.42546764
4774233167000, -0.20066923, 0.07391469, 0.34483343
4774238177000, -0.12675454, 0.14905111, 0.26053402
4774243165000, -0.0580322, 0.19150625, 0.18570304
4774248166000, -0.014660766, 0.23182335, 0.105374254
4774253229000, 9.162979E-4, 0.25625798, 0.034208454
4774258223000, 0.0125227375, 0.29046643, -0.034513887
4774263184000, 0.00580322, 0.32589662, -0.08002335
4774268179000, -0.007941248, 0.36010507, -0.115453534
4774273189000, -0.0106901415, 0.39706242, -0.124311075
4774278170000, -0.016187929, 0.41233405, -0.1133155
4774283186000, -0.0061086523, 0.42241332, -0.106901415
4774288203000, 0.0027488936, 0.43890667, -0.083383106
4774293185000, -9.162979E-4, 0.42913285, -0.052839845
4774298176000, -0.0027488936, 0.4156938, -0.022602014
4774303185000, -0.004276057, 0.38056904, 0.015577064
4774308178000, -0.011911872, 0.32803464, 0.06261369
4774313182000, -0.037873644, 0.25473082, 0.10140363
4774318163000, -0.046731193, 0.19211712, 0.13439035
4774323169000, -0.055588737, 0.13500121, 0.17256944
4774328305000, -0.076358154, 0.08277224, 0.20555615
4774333319000, -0.06994407, 0.04153884, 0.22204952
4774338306000, -0.079107046, -9.162979E-4, 0.2443461
4774343276000, -0.07788532, -0.02076942, 0.25809056
4774348237000, -0.06963864, -0.03756821, 0.25595254
4774353245000, -0.054061573, -0.04062254, 0.26389378
4774358273000, -0.04886922, -0.05497787, 0.25870144
4774363263000, -0.03756821, -0.056199603, 0.25442538
4774368291000, -0.03176499, -0.059864793, 0.23548855
4774373311000, -0.030543262, -0.051618114, 0.21135938
4774378308000, -0.0290161, -0.04337143, 0.18967366
4774383279000, -0.04153884, -0.04795292, 0.17928895
4774388295000, -0.045814894, -0.040317107, 0.16371189
4774393271000, -0.045814894, -0.03023783, 0.13103059
4774398261000, -0.067500606, -0.018325957, 0.111177474
4774403249000, -0.070554934, -0.013133603, 0.07544186
4774408248000, -0.06994407, 0.007941248, 0.049480084
4774413589000, -0.054367006, 0.028099801, 0.028405234
4774418260000, -0.04062254, 0.043066, 0.0106901415
4774423297000, -0.030848695, 0.04550946, -0.0106901415
4774428309000, 0.0027488936, 0.05375614, -0.017715093
4774433237000, 0.020463986, 0.06291912, -0.029626964
4774438304000, 0.04337143, 0.065973446, -0.03726278
4774443205000, 0.055283304, 0.06719518, -0.03940081
4774448264000, 0.06688975, 0.07147124, -0.022907447
4774455094000, 0.086132, 0.061086524, -0.024740042
4774458277000, 0.0983493, 0.058643065, -0.017104227
4774463259000, 0.1020145, 0.04795292, -0.0106901415
4774468260000, 0.12522738, 0.045814894, -0.005192355
4774473275000, 0.12614368, 0.03848451, 0.00580322
4774478264000, 0.14630222, 0.030543262, 0.02443461
4774483285000, 0.14538592, 0.04153884, 0.034208454
4774488314000, 0.14355333, 0.026267206, 0.038789943
4774493250000, 0.14660765, 0.01863139, 0.047036625
4774498281000, 0.14844026, 0.00580322, 0.058948494
4774503245000, 0.1414153, -0.013133603, 0.06352998
4774508270000, 0.13988814, -0.021380283, 0.064751714
4774513721000, 0.12889257, -0.043982297, 0.07086037
4774518228000, 0.13500121, -0.049785517, 0.07360926
4774523268000, 0.11942416, -0.052534413, 0.076358154
4774528197000, 0.10476339, -0.049480084, 0.07238753
4774533285000, 0.1151481, -0.032070424, 0.0720821
4774538268000, 0.1020145, -0.008552114, 0.076358154
4774543271000, 0.09560041, 0.013744468, 0.07819075
4774548410000, 0.08674286, 0.040317107, 0.07696902
4774553250000, 0.083383106, 0.06505715, 0.07544186
4774558436000, 0.06872234, 0.10445796, 0.07422013
4774563263000, 0.06658431, 0.13500121, 0.065973446
4774568257000, 0.052839845, 0.15454891, 0.06811147
4774573289000, 0.03023783, 0.17501289, 0.05222898
4774578271000, 0.023518313, 0.1881465, 0.06352998
4774583919000, 0.014049901, 0.20708331, 0.05100725
4774588274000, 0.003970624, 0.20799962, 0.044898596
4774593264000, 3.0543262E-4, 0.21044308, 0.042760566
4774598258000, 9.162979E-4, 0.19975294, 0.046120327
4774603231000, 0.0027488936, 0.19456059, 0.05497787
4774608270000, 0.0027488936, 0.2171626, 0.06047566
4774613252000, -0.014966198, 0.22540927, 0.064751714
4774618238000, -0.0076358155, 0.22876903, 0.076358154
4774623275000, -0.0021380284, 0.23396139, 0.084910266
4774628266000, -0.0076358155, 0.2275473, 0.09712757
4774633218000, -0.016493361, 0.21410827, 0.10445796
4774638342000, -0.011301007, 0.20525073, 0.096516706
4774643199000, -0.008857546, 0.2049453, 0.10048734
4774648261000, -0.029932396, 0.20066923, 0.10354166
4774653595000, -0.03359759, 0.19394971, 0.10476339
4774658274000, -0.04153884, 0.1777618, 0.10323623
4774663192000, -0.059253927, 0.16676621, 0.10751228
4774668244000, -0.06688975, 0.16432275, 0.10323623
4774673287000, -0.08277224, 0.15760323, 0.10720685
4774678264000, -0.09437868, 0.14813483, 0.112399206
4774683220000, -0.098043874, 0.13988814, 0.10781772
4774688259000, -0.11636983, 0.13103059, 0.119729586
4774693283000, -0.1337795, 0.121256754, 0.12675454
4774698261000, -0.15760323, 0.11148291, 0.12675454
4774703251000, -0.16982053, 0.09437868, 0.11759156
4774708275000, -0.1740966, 0.06780604, 0.12095132
4774713266000, -0.18478674, 0.05681047, 0.1151481
4774718257000, -0.1994475, 0.036957346, 0.10567969
4774723299000, -0.20219639, 0.03573562, 0.103847094
4774728283000, -0.21471913, 0.023823744, 0.10262536
4774733294000, -0.22021692, 0.02321288, 0.094989546
4774738360000, -0.21868975, 0.01863139, 0.09468412
4774743267000, -0.22418754, 0.029626964, 0.09101892
4774748294000, -0.23243423, 0.021991149, 0.09254608
4774753297000, -0.23671028, 0.01863139, 0.08979719
4774758273000, -0.22724187, 0.009468411, 0.093462385
4774763238000, -0.22266038, 0.004581489, 0.09407325
4774768273000, -0.22449298, 0.008857546, 0.089186326
4774773385000, -0.2302962, -3.0543262E-4, 0.0888809
4774778318000, -0.24007004, -6.1086525E-4, 0.09132435
4774783275000, -0.23915374, -0.012217305, 0.09896017
4774789808000, -0.23548855, -0.03268129, 0.09315695
4774793284000, -0.22418754, -0.03359759, 0.09590584
4774798273000, -0.2284636, -0.03756821, 0.092240654
4774803349000, -0.21899518, -0.042760566, 0.086437434
4774808311000, -0.20647246, -0.04550946, 0.09132435
4774813279000, -0.19211712, -0.03604105, 0.08368854
4774818293000, -0.18387043, -0.043676864, 0.07727446
4774823307000, -0.17837265, -0.03023783, 0.06352998
4774828302000, -0.16493362, -0.0033597588, 0.055283304
4774833302000, -0.16279559, 0.0030543262, 0.05100725
4774839242000, -0.15424347, 0.020158553, 0.04734206
4774843297000, -0.13805555, 0.028099801, 0.043982297
4774848282000, -0.129198, 0.046120327, 0.042760566
4774854693000, -0.115453534, 0.060170226, 0.03726278
4774858305000, -0.10445796, 0.07422013, 0.03756821
4774863296000, -0.0870483, 0.0720821, 0.03756821
4774868290000, -0.070554934, 0.08124508, 0.030848695
4774873397000, -0.06169739, 0.08552113, 0.029932396
4774878266000, -0.045814894, 0.08399397, 0.029932396
4774883279000, -0.04550946, 0.057726767, 0.01160644
4774888353000, -0.03145956, 0.040927973, 0.008857546
4774893233000, -0.026267206, 0.025961773, 0.009468411
4774898295000, -0.024129177, 0.015882496, 0.0067195175
4774903201000, -0.024740042, 0.006414085, -0.0036651916
4774908965000, -0.026572637, -6.1086525E-4, -0.008857546
4774913194000, -0.0143553335, -0.009773844, -0.020158553
4774918284000, -0.013133603, -0.011911872, -0.032986723
4774923242000, -0.008246681, -0.00580322, -0.035124753
4774928297000, -0.012217305, -0.019242255, -0.03726278
4774933275000, -0.0033597588, -0.028405234, -0.03573562
4774938376000, 0.007941248, -0.023518313, -0.036651913
4774943281000, 0.00580322, -0.017715093, -0.042760566
4774948295000, 0.0125227375, -0.014966198, -0.03756821
4774953227000, 0.021380283, -0.010079277, -0.042760566
4774958224000, 0.018020526, -0.0076358155, -0.040317107
4774963523000, 0.030848695, -0.009162978, -0.047647487
4774968243000, 0.033292156, -0.01038471, -0.05222898
4774973515000, 0.03145956, -0.014660766, -0.052839845
4774978493000, 0.045814894, -0.017104227, -0.056199603
4774983373000, 0.047647487, -0.018325957, -0.058643065
4774988271000, 0.0580322, -0.021685716, -0.061391957
4774993476000, 0.05100725, -0.019242255, -0.06078109
4774998297000, 0.06047566, -0.03970624, -0.06078109
4775003271000, 0.06169739, -0.03573562, -0.06627888
4775008302000, 0.0693332, -0.032375857, -0.08002335
4775013198000, 0.06169739, -0.032070424, -0.076052725
4775018290000, 0.06688975, -0.03940081, -0.074830994
4775023292000, 0.060170226, -0.036957346, -0.07391469
4775028294000, 0.05222898, -0.03145956, -0.07544186
4775033306000, 0.052839845, -0.029932396, -0.07147124
4775038392000, 0.038789943, -0.029321533, -0.071776666
4775043297000, 0.033292156, -0.033292156, -0.0720821
4775048287000, 0.025045475, -0.03756821, -0.060170226
4775054584000, 0.021991149, -0.03176499, -0.053450707
4775058263000, 0.009468411, -0.02321288, -0.057726767
4775063304000, -6.1086525E-4, -0.025045475, -0.05131268
4775068240000, -0.0015271631, -0.02565634, -0.05222898
4775073276000, -0.0027488936, -0.018936822, -0.0580322
4775078209000, -0.009468411, -0.014966198, -0.057726767
4775083303000, -0.010079277, -0.02321288, -0.04642576
4775088659000, -0.020158553, -0.016187929, -0.03940081
4775093267000, -0.020158553, -0.020463986, -0.046120327
4775098226000, -0.01863139, -0.020463986, -0.039095376
4775103286000, -0.025350908, -0.024129177, -0.038179077
4775108257000, -0.02565634, -0.027488936, -0.030543262
4775113233000, -0.028405234, -0.03726278, -0.025961773
4775118241000, -0.02687807, -0.03268129, -0.023518313
4775123416000, -0.04337143, -0.03390302, -0.02321288
4775128417000, -0.048563786, -0.033292156, -0.018020526
4775133334000, -0.057421334, -0.032070424, -0.016493361
4775138293000, -0.052839845, -0.0290161, -0.023518313
4775143327000, -0.053450707, -0.02687807, -0.016187929
4775148237000, -0.05497787, -0.020463986, -0.021991149
4775153276000, -0.055588737, -0.021380283, -0.020158553
4775158314000, -0.058643065, -0.02687807, -0.013439035
4775163861000, -0.054367006, -0.032986723, -0.017104227
4775168302000, -0.05497787, -0.027488936, -0.015271631
4775173290000, -0.058337633, -0.029321533, -0.020158553
4775178293000, -0.049480084, -0.026572637, -0.015882496
4775183335000, -0.040011674, -0.028405234, -0.015577064
4775188332000, -0.03848451, -0.03390302, -0.020158553
4775193300000, -0.036651913, -0.029321533, -0.01740966
4775198387000, -0.03604105, -0.028710667, -0.018020526
4775203280000, -0.027794369, -0.036651913, -0.02076942
4775208289000, -0.024129177, -0.037873644, -0.02076942
4775213222000, -0.02565634, -0.03481932, -0.029321533
4775218242000, -0.015271631, -0.03481932, -0.023518313
4775223249000, -0.015577064, -0.03268129, -0.027183503
4775228266000, -0.015271631, -0.041233405, -0.03390302
4775233189000, -6.1086525E-4, -0.04062254, -0.032986723
4775238339000, 0.0061086523, -0.021991149, -0.03268129
4775243199000, 0.016798794, -0.022907447, -0.039095376
4775248300000, 0.027794369, -0.021991149, -0.046731193
4775254820000, 0.033292156, -0.022296581, -0.049785517
4775258314000, 0.030848695, -0.024740042, -0.049785517
4775263234000, 0.047036625, -0.020158553, -0.053450707
4775268281000, 0.042760566, -0.028099801, -0.05375614
4775273386000, 0.060170226, -0.027183503, -0.055283304
4775278375000, 0.06780604, -0.02443461, -0.062308256
4775283330000, 0.059864793, -0.017715093, -0.064751714
4775288313000, 0.0571159, -0.020158553, -0.06627888
4775293314000, 0.070554934, -0.020158553, -0.070249505
4775298316000, 0.06566802, -0.015271631, -0.070554934
4775303403000, 0.064751714, -0.0033597588, -0.07086037
4775308314000, 0.06078109, -0.0070249503, -0.06841691
4775313275000, 0.06261369, -0.0036651916, -0.06811147
4775318316000, 0.059864793, -0.005497787, -0.06505715
4775323304000, 0.059864793, -0.0076358155, -0.06047566
4775328249000, 0.05467244, -9.162979E-4, -0.06047566
4775333346000, 0.053145275, 0.0021380284, -0.06078109
4775338272000, 0.03726278, 0.0015271631, -0.054061573
4775343316000, 0.03940081, 0.0021380284, -0.04886922
4775348298000, 0.038179077, 0.006414085, -0.043066
4775353296000, 0.029626964, 0.009773844, -0.046120327
4775358306000, 0.028405234, 0.006414085, -0.03940081
4775363299000, 0.02076942, 0.02565634, -0.03359759
4775368282000, 0.01863139, 0.02565634, -0.038789943
4775373328000, 0.0027488936, 0.028710667, -0.034208454
4775378257000, 0.006414085, 0.028710667, -0.032375857
4775383328000, -0.010079277, 0.025961773, -0.03481932
4775388338000, -0.009162978, 0.025045475, -0.032070424
4775393364000, -0.005497787, 0.032375857, -0.022907447
4775398292000, -0.021380283, 0.028099801, -0.02076942
4775403300000, -0.02443461, 0.027183503, -0.013133603
4775408298000, -0.031154128, 0.025045475, -0.0070249503
4775413290000, -0.040317107, 0.023823744, -0.0076358155
4775418276000, -0.036957346, 0.018020526, 9.162979E-4
4775423324000, -0.032070424, 0.020463986, 0.009773844
4775428296000, -0.044898596, 0.0070249503, 0.01740966
4775433334000, -0.046731193, 0.00580322, 0.010079277
4775438273000, -0.051923547, 0.004886922, 0.019547688
4775443308000, -0.050701816, -3.0543262E-4, 0.019547688
4775448249000, -0.051923547, 0.009162978, 0.018325957
4775454822000, -0.056505036, -0.005192355, 0.02107485
4775458232000, -0.056199603, -0.005192355, 0.02321288
4775463296000, -0.04886922, 0.006414085, 0.02565634
4775468215000, -0.063224554, -0.0030543262, 0.023823744
4775473383000, -0.047036625, 0.0012217305, 0.025350908
4775478189000, -0.047036625, 0.0070249503, 0.022907447
4775483345000, -0.040317107, 0.005497787, 0.021685716
4775488242000, -0.0421497, 0.015577064, 0.017715093
4775493302000, -0.043676864, 0.009162978, 0.024740042
4775498223000, -0.040317107, 0.017104227, 0.019242255
4775503297000, -0.03390302, 0.025045475, 0.016187929
4775508248000, -0.03970624, 0.02443461, 0.0125227375
4775513293000, -0.03176499, 0.027488936, 0.007330383
4775518281000, -0.02565634, 0.021380283, 0.005497787
4775523364000, -0.025961773, 0.01160644, 0.0061086523
4775528284000, -0.02443461, 0.008552114, -0.004276057
4775533349000, -0.015271631, 0.0143553335, -0.008552114
4775538353000, -0.019547688, 0.012217305, -0.0027488936
4775543308000, -0.013744468, 6.1086525E-4, -0.006414085
4775548464000, -0.0030543262, -0.0061086523, -0.0027488936
4775553294000, -0.0015271631, -3.0543262E-4, -0.0061086523
4775558265000, -0.0070249503, 0.003970624, -0.007330383
4775563304000, -0.015577064, -0.01160644, -0.0067195175
4775568232000, -9.162979E-4, -0.011911872, -0.0030543262
4775573293000, 0.005497787, -0.003970624, -0.0015271631
4775578208000, -0.0018325958, -0.011301007, -0.01038471
4775583285000, 0.0036651916, -0.011911872, -0.011911872
4775588247000, -0.004886922, -0.03390302, -0.002443461
4775593279000, 0.007941248, -0.035124753, 6.1086525E-4
4775598243000, 0.008857546, -0.027488936, -0.008552114
4775603246000, 3.0543262E-4, -0.027183503, -0.0076358155
4775608269000, -0.010079277, -0.03970624, -0.010079277
4775613263000, -0.015882496, -0.039095376, -0.011301007
4775618247000, -0.0106901415, -0.0421497, -0.006414085
4775623321000, -0.01160644, -0.04153884, -0.0030543262
4775628287000, -0.0106901415, -0.03634648, -0.00580322
4775633345000, -0.008552114, -0.038179077, -0.005192355
4775638358000, -0.018020526, -0.03940081, -0.0030543262
4775643298000, -0.020463986, -0.043066, 0.006414085
4775648304000, -0.020158553, -0.034208454, 0.0030543262
4775654713000, -0.024740042, -0.024129177, 0.0036651916
4775658307000, -0.019242255, -0.021380283, 0.00580322
4775663295000, -0.015882496, -0.016187929, 0.0076358155
4775668293000, -0.018020526, -0.006414085, 0.016187929
4775673328000, -0.02443461, -6.1086525E-4, 0.01863139
4775678265000, -0.02107485, 0.0021380284, 0.014966198
4775683316000, -0.019242255, 0.018936822, 0.016187929
4775688323000, -0.02321288, 0.020158553, 0.017715093
4775693293000, -0.01740966, 0.024740042, 0.01282817
4775698302000, -0.027183503, 0.01038471, 0.019547688
4775703243000, -0.02687807, 0.019547688, 0.021991149
4775708303000, -0.03604105, 0.024129177, 0.023823744
4775713293000, -0.03268129, 0.018020526, 0.024740042
4775718245000, -0.03145956, 0.023518313, 0.021380283
4775723279000, -0.032986723, 0.030543262, 0.02565634
4775728265000, -0.042455133, 0.016187929, 0.022907447
4775733261000, -0.040011674, 0.014049901, 0.028405234
4775738278000, -0.03145956, 0.018936822, 0.029932396
4775743261000, -0.03756821, 0.021991149, 0.027488936
4775748263000, -0.041233405, 0.022907447, 0.013439035
4775753240000, -0.040011674, 0.021685716, 0.024129177
4775758271000, -0.041233405, 0.025045475, 0.020158553
4775763264000, -0.03756821, 0.022602014, 0.022602014
4775768242000, -0.032070424, 0.017715093, 0.023823744
4775773280000, -0.03756821, 0.011301007, 0.02076942
4775778265000, -0.027488936, 0.02321288, 0.020158553
4775783252000, -0.03359759, 0.02076942, 0.013744468
4775788288000, -0.023823744, 0.018325957, 0.017715093
4775793239000, -0.032375857, 0.022602014, 0.018325957
4775798262000, -0.035124753, 0.018936822, 0.010995574
4775803214000, -0.01985312, 0.018020526, 0.016187929
4775808274000, -0.023518313, 0.019547688, 0.01282817
4775813219000, -0.01740966, 0.015271631, 0.01740966
4775818240000, -0.019242255, 0.004886922, 0.008857546
4775823264000, -0.016493361, 0.018325957, 0.014966198
4775828270000, -0.015577064, 0.015271631, 0.014966198
4775833251000, -0.022602014, 0.01740966, 0.015882496
4775838274000, -0.028099801, 0.014966198, 0.016187929
4775843625000, -0.03573562, 0.008246681, 0.0070249503
4775848257000, -0.031154128, 0.004886922, 0.009468411
4775854828000, -0.034513887, 0.01038471, 0.0125227375
4775858269000, -0.03848451, 0.0070249503, 0.01282817
4775863265000, -0.05009095, 0.0036651916, 0.008552114
4775868243000, -0.04917465, -0.0027488936, 0.008552114
4775873285000, -0.0421497, 0.0036651916, 0.005497787
4775878265000, -0.040317107, -9.162979E-4, 0.01160644
4775883254000, -0.04153884, -0.02321288, 0.010079277
4775888268000, -0.035430185, -0.023823744, 0.0027488936
4775893304000, -0.035124753, -0.019547688, 0.013439035
4775898296000, -0.041233405, -0.028405234, 0.0143553335
4775903251000, -0.026267206, -0.032986723, 0.018936822
4775908274000, -0.037873644, -0.027183503, 0.01863139
4775913263000, -0.031154128, -0.031154128, 0.02107485
4775918247000, -0.027183503, -0.02076942, 0.031154128
4775923294000, -0.028710667, -0.03940081, 0.03940081
4775928260000, -0.03268129, -0.03573562, 0.036651913
4775933253000, -0.044593163, -0.023823744, 0.03726278
4775938268000, -0.04062254, -0.023518313, 0.03604105
4775943262000, -0.03940081, -0.022602014, 0.032986723
4775948260000, -0.038179077, -0.013133603, 0.03023783
4775953237000, -0.03940081, 0.00580322, 0.025045475
4775958269000, -0.04153884, 0.0125227375, 0.02443461
4775963260000, -0.039095376, 0.0143553335, 0.01740966
4775968239000, -0.042760566, 0.022296581, 0.01985312
4775973299000, -0.04917465, 0.021991149, 0.01863139
4775978261000, -0.04153884, 0.025961773, 0.021991149
4775983287000, -0.03634648, 0.023518313, 0.01038471
4775988282000, -0.022602014, 0.02565634, 0.015577064
4775993295000, -0.023823744, 0.0076358155, 0.017715093
4775998289000, -0.028405234, 0.011301007, 0.011301007
4776003259000, -0.02565634, 0.0076358155, 0.0106901415
4776008271000, -0.017715093, 0.008552114, 0.01282817
4776013265000, -0.027488936, 0.008246681, 0.01282817
4776018214000, -0.025045475, 0.0125227375, 0.019242255
4776023290000, -0.03573562, 0.0018325958, 0.01985312
4776028196000, -0.029932396, 0.0018325958, 0.020463986
4776033253000, -0.024740042, 0.0030543262, 0.018936822
4776038258000, -0.024740042, 0.0021380284, 0.019547688
4776043263000, -0.02565634, 0.004581489, 0.013439035
4776048227000, -0.021380283, 0.008246681, 0.013133603
4776054794000, -0.021991149, 0.0027488936, 0.020158553
4776058263000, -0.029626964, 0.004886922, 0.01985312
4776063263000, -0.03390302, 0.004886922, 0.017104227
4776068259000, -0.021685716, 0.005497787, 0.01863139
4776073293000, -0.021380283, 0.006414085, 0.01740966
4776078290000, -0.032375857, 0.008552114, 0.020158553
4776083290000, -0.029932396, 0.013133603, 0.021380283
4776088279000, -0.029321533, 0.0021380284, 0.011301007
