#Rate of rotation around the x y z axes (Angular velocity).
#timestamp(ns),x,y,z(rad/s)
#Datetime: 22/04/2015 16:07:45
##########################################
#Activity: 8 - CSI - Car-Step in - 6s
#Subject ID: 48
#First Name: sub48
#Last Name: sub48
#Age: 22
#Height(cm): 180
#Weight(kg): 80
#Gender: Male
##########################################

@DATA
12902008654000, -0.03940081, 0.030848695, 0.024129177
12902013629000, -0.042455133, 0.028710667, 0.022907447
12902018616000, -0.040927973, 0.026267206, 0.01863139
12902023591000, -0.042760566, 0.025961773, 0.015882496
12902028626000, -0.026572637, 0.032070424, 0.022602014
12902033617000, -0.036651913, 0.028405234, 0.01863139
12902038603000, -0.03756821, 0.014660766, 0.016187929
12902043687000, -0.029321533, 0.0067195175, 0.014049901
12902048619000, -0.018325957, 0.013133603, 0.020463986
12902053624000, -0.02443461, 0.01282817, 0.015271631
12902058632000, -0.02687807, 0.01038471, 0.011301007
12902063622000, -0.02687807, 0.0061086523, 0.008552114
12902068614000, -0.03176499, 0.0021380284, 0.01160644
12902074122000, -0.028405234, 0.009162978, 0.005497787
12902078654000, -0.021991149, 6.1086525E-4, 0.002443461
12902083618000, -0.029626964, 0.0067195175, 9.162979E-4
12902088615000, -0.019547688, 0.01740966, 0.002443461
12902093643000, -0.024129177, 0.024129177, 3.0543262E-4
12902098623000, -0.022907447, 0.014966198, -0.002443461
12902103630000, -0.024129177, 0.008552114, 0.006414085
12902108685000, -0.021380283, 0.017104227, 0.005497787
12902113629000, -0.03023783, 0.005497787, 0.005192355
12902118614000, -0.0290161, 0.0070249503, -0.0021380284
12902123605000, -0.023823744, 0.002443461, 0.003970624
12902128628000, -0.018020526, 0.010995574, 0.004581489
12902133615000, -0.022907447, -0.007330383, 0.009468411
12902138599000, -0.014660766, 0.0061086523, 0.00580322
12902143992000, -0.017715093, 0.003970624, 0.004886922
12902148619000, -0.010995574, 0.002443461, 0.004276057
12902153607000, -0.014966198, -0.004886922, 0.0106901415
12902158633000, -0.008857546, -0.004276057, 6.1086525E-4
12902163627000, -0.009162978, -0.0027488936, 0.0036651916
12902168625000, -0.009773844, -0.0012217305, 6.1086525E-4
12902173604000, -0.004886922, -0.005192355, 6.1086525E-4
12902178614000, -0.0106901415, -0.009773844, 0.0036651916
12902183618000, -0.0061086523, -0.0061086523, -0.003970624
12902188608000, -0.007941248, 6.1086525E-4, -0.004581489
12902193626000, -0.015271631, -0.005497787, 0.002443461
12902198545000, -0.014966198, 0.005192355, 0.004276057
12902203611000, -0.019242255, 0.005497787, 0.0012217305
12902208580000, -0.019547688, -0.0033597588, 3.0543262E-4
12902213661000, -0.014660766, -0.0027488936, -6.1086525E-4
12902218544000, -0.014660766, -0.00580322, 0.0018325958
12902223610000, -0.02443461, -0.0067195175, 0.004276057
12902228547000, -0.015882496, -0.0070249503, 0.004276057
12902233635000, -0.01160644, -0.0106901415, 0.004886922
12902238784000, -0.01863139, -0.01038471, 0.0076358155
12902243630000, -0.015271631, -0.0061086523, -9.162979E-4
12902248616000, -0.011911872, -0.01038471, 0.0012217305
12902253611000, -0.010995574, -0.0036651916, 0.011911872
12902258612000, -0.018325957, 9.162979E-4, 0.011301007
12902263629000, -0.020463986, -0.002443461, -0.0018325958
12902268599000, -0.020158553, -0.0067195175, 0.009773844
12902273604000, -0.03176499, -0.004886922, 0.013133603
12902278869000, -0.034513887, -0.011301007, 0.0106901415
12902283592000, -0.040011674, -0.007330383, 0.004886922
12902289386000, -0.04520403, 9.162979E-4, 0.015271631
12902293665000, -0.0571159, -0.0036651916, 0.014660766
12902298842000, -0.05467244, -0.0070249503, 0.013133603
12902303611000, -0.055588737, -0.004276057, 0.0143553335
12902308617000, -0.06383542, -0.0012217305, 0.014966198
12902313645000, -0.06383542, -0.01740966, 0.016187929
12902318936000, -0.065973446, -0.013744468, 0.018936822
12902323604000, -0.071776666, -0.023823744, 0.02076942
12902329227000, -0.07238753, -0.02076942, 0.025350908
12902333616000, -0.079107046, -0.024129177, 0.023823744
12902338619000, -0.07422013, -0.026267206, 0.03145956
12902343664000, -0.07666359, -0.029932396, 0.025961773
12902348644000, -0.08002335, -0.04886922, 0.028405234
12902353697000, -0.0720821, -0.06963864, 0.036957346
12902358708000, -0.0729984, -0.08368854, 0.05100725
12902363696000, -0.06505715, -0.086437434, 0.047647487
12902368680000, -0.04153884, -0.07422013, 0.056199603
12902373589000, 0.0012217305, -0.062002823, 0.056505036
12902378614000, 0.009162978, -0.013133603, 0.059864793
12902383614000, 0.029932396, 0.0070249503, 0.043982297
12902388606000, 0.043676864, 0.03573562, 0.019547688
12902393637000, 0.048258353, 0.03359759, 0.013133603
12902399081000, 0.03023783, -0.008246681, 0.01985312
12902403615000, -9.162979E-4, -0.08155051, 0.026267206
12902408628000, -0.03176499, -0.16310102, 0.05681047
12902413624000, -0.062308256, -0.23671028, 0.06169739
12902418619000, -0.0852157, -0.26542094, 0.08246681
12902423969000, -0.093462385, -0.26419923, 0.09743301
12902428623000, -0.10354166, -0.24098633, 0.13041973
12902433860000, -0.102319926, -0.2098322, 0.13652839
12902438671000, -0.10293079, -0.14996742, 0.13652839
12902443605000, -0.11728613, -0.10903945, 0.14721853
12902448621000, -0.14996742, -0.11575896, 0.12980886
12902453613000, -0.19761491, -0.12950343, 0.10842858
12902458599000, -0.26542094, -0.1423316, 0.082161374
12902463626000, -0.3023783, -0.12980886, 0.05009095
12902468755000, -0.31490102, -0.09896017, 0.022296581
12902473598000, -0.29535335, -0.08552113, 0.004886922
12902478611000, -0.28069258, -0.051618114, -0.04153884
12902483618000, -0.26358834, -0.01160644, -0.06872234
12902488602000, -0.23579398, 0.02321288, -0.08979719
12902493619000, -0.22235495, 0.029932396, -0.116980694
12902498624000, -0.21319197, 0.045814894, -0.14049901
12902503621000, -0.20005837, 0.08857546, -0.14385876
12902508720000, -0.18753563, 0.15393804, -0.14752395
12902513609000, -0.19456059, 0.23151793, -0.14049901
12902518872000, -0.20952678, 0.3182608, -0.122783914
12902523632000, -0.23335053, 0.40042216, -0.109650314
12902528971000, -0.24404067, 0.45204028, -0.07971791
12902533586000, -0.2764165, 0.5045747, -0.05589417
12902538716000, -0.32345316, 0.54733527, -0.047647487
12902543645000, -0.33475417, 0.56382865, -0.033292156
12902548655000, -0.35827246, 0.5656612, -0.025961773
12902553668000, -0.37140608, 0.5870415, -0.043066
12902558699000, -0.40775254, 0.61941737, -0.067500606
12902563522000, -0.45570546, 0.6264423, -0.090713486
12902568558000, -0.5030475, 0.61544675, -0.10293079
12902573532000, -0.5296202, 0.5910121, -0.13408493
12902578560000, -0.5644395, 0.5519168, -0.15393804
12902583493000, -0.6218608, 0.48502702, -0.1685988
12902588541000, -0.6609562, 0.40103304, -0.17623462
12902593496000, -0.6960809, 0.39095375, -0.19883664
12902598556000, -0.75228053, 0.4269948, -0.15882497
12902603479000, -0.7699956, 0.31856623, -0.16462818
12902608635000, -0.80756384, 0.17898351, -0.19181168
12902613576000, -0.8512407, 0.105374254, -0.16157386
12902618615000, -0.8732319, 0.13255776, -0.098043874
12902623592000, -0.87872964, 0.1685988, -0.07269296
12902628624000, -0.8680395, 0.1704314, -0.03940081
12902633596000, -0.8258898, 0.1328632, -0.004581489
12902638607000, -0.79259765, 0.16707164, 0.047036625
12902643640000, -0.77549344, 0.20891592, 0.11453723
12902648634000, -0.7480045, 0.17715092, 0.19456059
12902654266000, -0.6973027, 0.09590584, 0.23609942
12902658667000, -0.67073005, 0.03756821, 0.28221974
12902663623000, -0.6588182, 0.02321288, 0.34208453
12902668614000, -0.6429357, 0.032986723, 0.3680463
12902673606000, -0.6310238, 0.030543262, 0.4269948
12902678612000, -0.5876524, 0.012217305, 0.46670106
12902683622000, -0.57940567, -0.013133603, 0.48441613
12902688628000, -0.5696318, -0.0290161, 0.4859433
12902693682000, -0.58001655, -0.027794369, 0.47800204
12902698651000, -0.5665775, -0.01160644, 0.47739118
12902703656000, -0.5531385, 0.02076942, 0.46761733
12902708628000, -0.55955255, 0.060170226, 0.45814893
12902713631000, -0.5714644, 0.077579886, 0.44135013
12902718614000, -0.5662721, 0.1337795, 0.45020768
12902723632000, -0.5448918, 0.14172074, 0.44868052
12902728612000, -0.51923543, 0.16523905, 0.43127087
12902733620000, -0.49449542, 0.183565, 0.4297437
12902738576000, -0.4868596, 0.20586158, 0.43982297
12902743620000, -0.46914452, 0.20341812, 0.43218717
12902748595000, -0.46181414, 0.1441642, 0.41263947
12902753578000, -0.4352415, 0.1151481, 0.38331795
12902758636000, -0.4260785, 0.12736541, 0.35430184
12902763584000, -0.4364632, 0.13561209, 0.33444872
12902768612000, -0.45112398, 0.14752395, 0.3304781
12902773605000, -0.46395215, 0.09254608, 0.32895094
12902778589000, -0.47311515, 0.043066, 0.31398472
12902783590000, -0.5039638, 0.051923547, 0.2938262
12902788587000, -0.54336464, 0.073303826, 0.2855795
12902793877000, -0.5448918, 0.07819075, 0.2837469
12902798609000, -0.5503896, 0.053145275, 0.29932398
12902803545000, -0.5653558, 0.076358154, 0.3182608
12902808582000, -0.5720753, 0.12339478, 0.31764993
12902813533000, -0.57451874, 0.15790866, 0.32559118
12902818540000, -0.55955255, 0.1908954, 0.3323107
12902823543000, -0.55771995, 0.25320363, 0.33567044
12902828543000, -0.5534439, 0.21319197, 0.37201694
12902833530000, -0.535118, 0.14996742, 0.4392121
12902838616000, -0.5122105, 0.18051068, 0.4373795
12902843557000, -0.54428095, 0.22907446, 0.43188173
12902848589000, -0.5882632, 0.25686884, 0.42943826
12902853608000, -0.62796944, 0.23609942, 0.45051312
12902859040000, -0.66828656, 0.18509217, 0.46853364
12902863761000, -0.7128797, 0.16768251, 0.46578476
12902868552000, -0.7684685, 0.16371189, 0.4560109
12902873601000, -0.79443026, 0.18142697, 0.44898596
12902878560000, -0.86132, 0.1994475, 0.42210788
12902883651000, -0.9071349, 0.20311269, 0.40408736
12902888585000, -0.9615019, 0.112399206, 0.4877759
12902893677000, -0.947452, 0.08002335, 0.46853364
12902898552000, -1.0158689, 0.13103059, 0.39858958
12902903645000, -1.1001683, 0.1695151, 0.36163223
12902908600000, -1.1316279, 0.19883664, 0.33017266
12902913656000, -1.1481212, 0.24740042, 0.3109304
12902918651000, -1.1777482, 0.27183503, 0.30634892
12902923600000, -1.2134838, 0.25900686, 0.3109304
12902928629000, -1.2370021, 0.23365596, 0.2837469
12902933628000, -1.2574661, 0.226631, 0.26297748
12902938613000, -1.2632693, 0.24312437, 0.24984388
12902943621000, -1.2800682, 0.24587326, 0.25534168
12902948619000, -1.2803736, 0.23793201, 0.22999077
12902953612000, -1.2687671, 0.269697, 0.20861048
12902958675000, -1.2779301, 0.30940324, 0.18112154
12902963616000, -1.248914, 0.31673363, 0.17867808
12902968614000, -1.2275337, 0.3268129, 0.16157386
12902973594000, -1.183246, 0.3173445, 0.13439035
12902979369000, -1.1478158, 0.31795537, 0.10629055
12902983614000, -1.1258247, 0.3136793, 0.09621128
12902988613000, -1.0995574, 0.3286455, 0.07819075
12902993637000, -1.0934488, 0.35979962, 0.05375614
12902998621000, -1.0754282, 0.39553526, 0.04734206
12903003589000, -1.0790935, 0.41691554, 0.057726767
12903008631000, -1.0693196, 0.44898596, 0.053145275
12903013559000, -1.0711522, 0.47219884, 0.03604105
12903018613000, -1.0940597, 0.46670106, 0.03268129
12903023567000, -1.1078042, 0.44226643, 0.027488936
12903028660000, -1.1322387, 0.42210788, 0.01985312
12903033542000, -1.1319333, 0.40653083, 0.01160644
12903038602000, -1.1432343, 0.38881573, -0.004276057
12903043594000, -1.1392636, 0.37568212, -0.02565634
12903049433000, -1.1355985, 0.34574974, -0.048258353
12903053579000, -1.1426234, 0.36041048, -0.07819075
12903058630000, -1.1453724, 0.3622431, -0.093767814
12903063595000, -1.1505647, 0.36926803, -0.09743301
12903068612000, -1.153619, 0.37965274, -0.10995574
12903073642000, -1.1640037, 0.35277468, -0.118507855
12903078649000, -1.1728612, 0.2669481, -0.122478485
12903083600000, -1.1688906, 0.15088372, -0.119729586
12903088620000, -1.1575897, 0.063224554, -0.112399206
12903093658000, -1.142318, 0.016493361, -0.1328632
12903098624000, -1.1172725, 0.019547688, -0.14202617
12903103619000, -1.1065824, 0.07849618, -0.15271631
12903108638000, -1.069625, 0.17287487, -0.16646078
12903113627000, -1.0317514, 0.25900686, -0.18661933
12903118590000, -0.9990701, 0.33933565, -0.20219639
12903123599000, -0.9624182, 0.41172317, -0.21074851
12903128620000, -0.93676186, 0.49510628, -0.22143865
12903133615000, -0.89888823, 0.59742624, -0.23243423
12903138638000, -0.86132, 0.7110472, -0.25625798
12903144347000, -0.8417723, 0.81092364, -0.2678644
12903148652000, -0.82344633, 0.9095783, -0.26939157
12903153543000, -0.81031275, 0.95233893, -0.2611449
12903158664000, -0.8023715, 1.0259482, -0.23945917
12903163557000, -0.8045095, 1.0983357, -0.23060162
12903168651000, -0.81489426, 1.1563679, -0.19242255
12903173636000, -0.8240572, 1.1982121, -0.14874569
12903178653000, -0.8341365, 1.2501358, -0.09743301
12903183622000, -0.84513205, 1.2999213, -0.0571159
12903188996000, -0.8597928, 1.3451253, -0.011911872
12903193689000, -0.8588765, 1.4056009, 0.009162978
12903198648000, -0.8597928, 1.4165965, 0.03268129
12903203672000, -0.84329945, 1.3903292, 0.051618114
12903208643000, -0.8353582, 1.3130548, 0.0729984
12903213662000, -0.82772243, 1.2458596, 0.084910266
12903218646000, -0.82924956, 1.2406673, 0.11728613
12903223609000, -0.8350528, 1.2223413, 0.15454891
12903228622000, -0.82558435, 1.1701124, 0.172264
12903233619000, -0.8155051, 1.1001683, 0.18692477
12903238614000, -0.80909103, 1.0555751, 0.2049453
12903243637000, -0.80756384, 1.0225884, 0.22143865
12903248608000, -0.79443026, 1.0283916, 0.24312437
12903253613000, -0.79473567, 1.0574077, 0.25809056
12903258635000, -0.79626286, 1.1111639, 0.25534168
12903263627000, -0.79901177, 1.1859949, 0.2574797
12903268614000, -0.79809546, 1.2705997, 0.27091873
12903273607000, -0.8020661, 1.3399329, 0.28863382
12903278611000, -0.8078693, 1.3817772, 0.27916542
12903283625000, -0.8210029, 1.4165965, 0.27091873
12903288602000, -0.85918194, 1.4379768, 0.25686884
12903293637000, -0.9025534, 1.4419475, 0.22907446
12903298552000, -0.9428705, 1.4602734, 0.19761491
12903303613000, -0.9914343, 1.4984524, 0.17562376
12903308650000, -1.065349, 1.5164729, 0.13775012
12903313620000, -1.1459832, 1.5216653, 0.121256754
12903318612000, -1.248914, 1.4899004, 0.1151481
12903323604000, -1.3616186, 1.4040737, 0.113926366
12903328623000, -1.4785993, 1.2983941, 0.124005646
12903333611000, -1.5909985, 1.1670581, 0.15210545
12903338601000, -1.6710218, 1.0167851, 0.17104226
12903343626000, -1.7531832, 0.91507614, 0.21655174
12903348621000, -1.81091, 0.8356637, 0.26847526
12903353616000, -1.858252, 0.8054258, 0.3213151
12903358631000, -1.8823812, 0.7535023, 0.35796702
12903363621000, -1.9089539, 0.67103547, 0.42149702
12903368612000, -1.9190332, 0.5119051, 0.48716503
12903374228000, -1.8567249, 0.27275133, 0.64904433
12903378658000, -1.7482964, 0.16829337, 0.6609562
12903383640000, -1.704925, 0.12186762, 0.61575216
12903388658000, -1.6566665, -0.04337143, 0.6392705
12903393640000, -1.6074919, -0.23457226, 0.6783658
12903398661000, -1.5598444, -0.42577308, 0.7101309
12903403558000, -1.5161675, -0.5207626, 0.752586
12903408654000, -1.4688255, -0.5531385, 0.80573124
12903413549000, -1.4257594, -0.5656612, 0.86467975
12903418649000, -1.3778065, -0.55771995, 0.9456194
12903423590000, -1.3286319, -0.5323691, 1.0173961
12903428660000, -1.2516629, -0.46273044, 1.0760391
12903433561000, -1.1722504, -0.32345316, 1.1343768
12903438616000, -1.0894781, -0.18661933, 1.144456
12903444233000, -1.0360274, -0.07727446, 1.104139
12903448652000, -1.0195341, 0.02565634, 1.047023
12903453637000, -1.0054842, 0.069027774, 0.97585726
12903458684000, -1.0009027, 0.13988814, 0.94225967
12903463597000, -1.0005972, 0.20433442, 0.8698721
12903468659000, -1.0054842, 0.28191432, 0.7996226
12903475585000, -1.0308352, 0.35827246, 0.6914995
12903478621000, -1.0714576, 0.36896262, 0.6621779
12903483664000, -1.0705414, 0.34697145, 0.6035349
12903488613000, -1.0436633, 0.28344148, 0.57451874
12903493698000, -1.0128145, 0.14263703, 0.6243043
12903498694000, -0.93859446, 0.19883664, 0.54550266
12903503609000, -0.9896017, 0.3549127, 0.43279803
12903508631000, -1.0329732, 0.39370266, 0.39064834
12903513969000, -1.0418307, 0.34483343, 0.37598756
12903518615000, -1.0351112, 0.26939157, 0.33475417
12903523594000, -1.0259482, 0.24801129, 0.2910773
12903528650000, -1.0290025, 0.25381452, 0.24281894
12903533648000, -1.065349, 0.24923302, 0.18448131
12903538638000, -1.1209377, 0.2742785, 0.18875736
12903543682000, -1.1756102, 0.25137106, 0.18967366
12903548650000, -1.20371, 0.23060162, 0.20066923
12903553651000, -1.1899655, 0.16584991, 0.21960606
12903558622000, -1.1707232, 0.077579886, 0.258396
12903563633000, -1.1169671, -0.050396383, 0.2910773
12903568614000, -1.0735956, -0.15882497, 0.32345316
12903573598000, -1.0305296, -0.3023783, 0.462425
12903578620000, -0.8912524, -0.23457226, 0.46853364
12903583646000, -0.9049969, -0.053450707, 0.42058071
12903588634000, -0.91904676, 0.0027488936, 0.46700647
12903593722000, -0.87781334, 0.023823744, 0.52106804
12903598639000, -0.8246681, 3.0543262E-4, 0.5684101
12903603638000, -0.76174897, -0.0027488936, 0.6151413
12903608586000, -0.6948592, 0.05009095, 0.66431594
12903613659000, -0.64812803, 0.12064589, 0.65393126
12903618571000, -0.61361414, 0.17440203, 0.65270954
12903623639000, -0.5919284, 0.19792034, 0.6310238
12903628555000, -0.57635134, 0.25870144, 0.68019843
12903633650000, -0.5705481, 0.34605515, 0.6026186
12903638581000, -0.66859204, 0.3857614, 0.5897904
12903643691000, -0.6872234, 0.36835176, 0.602924
12903648705000, -0.711658, 0.36743546, 0.600786
12903653650000, -0.7632761, 0.3680463, 0.6010914
12903658666000, -0.7861836, 0.36377025, 0.58459806
12903663664000, -0.8249735, 0.3659083, 0.5720753
12903668634000, -0.8686504, 0.32284227, 0.57696223
12903673624000, -0.9016371, 0.26267207, 0.5439755
12903679607000, -0.9370673, 0.13500121, 0.52626044
12903683648000, -0.9825767, 0.077579886, 0.52442783
12903688586000, -0.98563105, -0.0076358155, 0.5207626
12903693724000, -1.0048733, -0.08277224, 0.514654
12903698887000, -1.0030408, -0.10934488, 0.5109888
12903703647000, -1.0228939, -0.111177474, 0.50762904
12903708662000, -1.0189233, -0.086132, 0.49388456
12903713657000, -1.0375546, -0.071776666, 0.4990769
12903718635000, -1.0509937, -0.06994407, 0.50976706
12903723651000, -1.0732902, -0.08979719, 0.51007247
12903728663000, -1.0818423, -0.16615535, 0.49357912
12903733651000, -1.0812315, -0.29077184, 0.47067168
12903738644000, -1.0855075, -0.38881573, 0.4615087
12903743662000, -1.0919216, -0.45998153, 0.4605924
12903748638000, -1.0980303, -0.46700647, 0.45906523
12903753616000, -1.0870347, -0.4071417, 0.4868596
12903758659000, -1.047023, -0.22815818, 0.5271767
12903763627000, -1.0781772, -0.16371189, 0.5006041
12903769393000, -1.0748174, -0.24617869, 0.552833
12903773626000, -1.110553, -0.2843578, 0.57940567
12903778628000, -1.1142182, -0.31581733, 0.61941737
12903783621000, -1.1453724, -0.258396, 0.64751714
12903788641000, -1.1835514, -0.13988814, 0.65240407
12903798639000, -1.217149, -0.08735373, 0.6569856
12903803552000, -1.2379184, -0.116675265, 0.63285637
12903808566000, -1.2904528, -0.10170906, 0.62949663
12903813553000, -1.3084733, -0.046731193, 0.6053675
12903818556000, -1.317331, 0.0143553335, 0.5946773
12903823510000, -1.3182472, 0.057421334, 0.5925393
12903828539000, -1.3405437, 0.03634648, 0.6096435
12903833502000, -1.3417655, -0.08032878, 0.60139686
12903838524000, -1.3228287, -0.22174409, 0.627664
12903843554000, -1.3121386, -0.26419923, 0.6444628
12903848546000, -1.3002267, -0.3222314, 0.65301496
12903853532000, -1.2803736, -0.32406402, 0.6597345
12903858586000, -1.2534955, -0.3295618, 0.66767573
12903863542000, -1.2626585, -0.3100141, 0.6939429
12903868551000, -1.2867876, -0.32834008, 0.6988298
12903873540000, -1.2840388, -0.34055737, 0.6835582
12903878641000, -1.3011429, -0.3539964, 0.68233645
12903883656000, -1.3313808, -0.3173445, 0.69058317
12903888639000, -1.3341297, -0.23060162, 0.7021896
12903893654000, -1.3240504, -0.17715092, 0.7012733
12903898657000, -1.3133603, -0.1554652, 0.6789767
12903903599000, -1.2883148, -0.15088372, 0.679893
12903908618000, -1.273654, -0.14630222, 0.6753115
12903913638000, -1.2632693, -0.13775012, 0.6814202
12903918637000, -1.2577715, -0.14996742, 0.6808093
12903923611000, -1.251052, -0.18081611, 0.6640105
12903928653000, -1.2522738, -0.1994475, 0.66523224
12903933614000, -1.2379184, -0.20555615, 0.66889745
12903938644000, -1.2385293, -0.22724187, 0.6637051
12903943667000, -1.2363913, -0.25503623, 0.6441574
12903948672000, -1.2464706, -0.20647246, 0.6542367
12903953978000, -1.2681563, -0.17592919, 0.65179324
12903958593000, -1.2794572, -0.20158553, 0.65209866
12903963559000, -1.273654, -0.1600467, 0.65576386
12903968618000, -1.2873985, -0.122478485, 0.6585127
12903973603000, -1.3154984, -0.10842858, 0.6713409
12903978628000, -1.3497068, -0.096516706, 0.68783426
12903983579000, -1.3658947, -0.0842994, 0.68386364
12903988607000, -1.3949108, -0.038789943, 0.68294734
12903993760000, -1.425454, -0.016187929, 0.6881397
12903998671000, -1.4349225, -6.1086525E-4, 0.6939429
12904003594000, -1.4511104, 0.013439035, 0.70249504
12904008664000, -1.4587462, 0.03145956, 0.7086037
12904013611000, -1.4749341, 0.023823744, 0.71593404
12904018613000, -1.4648548, 0.03604105, 0.72418076
12904023658000, -1.4382823, 0.08460484, 0.7519751
12904028631000, -1.4086553, 0.12492194, 0.782213
12904033641000, -1.3866642, 0.1731803, 0.8191703
12904038624000, -1.3628404, 0.18570304, 0.9071349
12904043680000, -1.3686435, 0.18448131, 0.97341377
12904048696000, -1.3662001, 0.08979719, 1.0345002
12904053610000, -1.3396275, -0.007330383, 1.1050552
12904058999000, -1.3478742, -0.05375614, 1.0928379
12904063621000, -1.3588698, -0.058643065, 1.0952814
12904068614000, -1.3713925, -0.011911872, 1.144456
12904073610000, -1.3723087, 0.0015271631, 1.1563679
12904078624000, -1.3759739, 0.0070249503, 1.1615603
12904083724000, -1.398576, -0.050701816, 1.2110404
12904088582000, -1.4071281, -0.096516706, 1.2021828
12904093812000, -1.4217888, -0.08002335, 1.1753048
12904098548000, -1.4547756, -0.13713925, 1.2092078
12904103612000, -1.4523321, -0.2284636, 1.287093
12904108591000, -1.4181237, -0.2669481, 1.2733486
12904113657000, -1.42973, -0.29077184, 1.2253957
12904118578000, -1.459357, -0.42638394, 1.2366967
12904123658000, -1.421178, -0.7247916, 1.2220359
12904129226000, -1.3625349, -0.7840455, 1.0977248
12904133650000, -1.3539828, -0.93737274, 1.0054842
12904138647000, -1.3219124, -1.0607675, 1.0048733
12904143677000, -1.2745703, -1.3203852, 0.9801333
12904148580000, -1.2608259, -1.2223413, 0.9456194
12904153653000, -1.2241739, -0.97035944, 0.88117313
12904158621000, -1.1618657, -0.80756384, 0.8491027
12904163659000, -1.0781772, -0.6966918, 0.8176431
12904168969000, -1.0115929, -0.7635816, 0.8063421
12904173626000, -0.93645644, -0.5503896, 0.7693848
12904178990000, -0.91996306, -0.2510656, 0.677755
12904183653000, -0.9089675, -0.2519819, 0.64568454
12904188651000, -0.8344419, -0.32834008, 0.5934556
12904193685000, -0.7703011, -0.3659083, 0.5720753
12904198984000, -0.700357, -0.50976706, 0.5216789
12904203654000, -0.61453044, -0.4541783, 0.50671273
12904208651000, -0.5720753, -0.23609942, 0.41813725
12904213660000, -0.57818395, -0.27091873, 0.3827071
12904218652000, -0.5296202, -0.3200934, 0.33750305
12904223650000, -0.45753807, -0.34330627, 0.2919936
12904228658000, -0.40317106, -0.36987892, 0.2434298
12904233648000, -0.3481932, -0.40286562, 0.19028452
12904238660000, -0.26389378, -0.42455134, 0.14966199
12904243661000, -0.21563543, -0.46700647, 0.13591751
12904248647000, -0.13041973, -0.50426924, 0.084910266
12904253642000, -0.04550946, -0.5296202, 0.06047566
12904258670000, 0.01282817, -0.54183745, 0.033292156
12904263648000, 0.054061573, -0.550695, 0.026572637
12904268649000, 0.09896017, -0.56779927, 0.019547688
12904273633000, 0.124311075, -0.54550266, 0.01863139
12904278660000, 0.13805555, -0.5177083, 0.03390302
12904283646000, 0.14080444, -0.4859433, 0.056199603
12904288694000, 0.16340645, -0.46700647, 0.07819075
12904293581000, 0.1685988, -0.47708577, 0.08002335
12904298658000, 0.18661933, -0.4908302, 0.1001819
12904303569000, 0.18081611, -0.5338962, 0.11759156
12904308626000, 0.16982053, -0.5867361, 0.13194689
12904313549000, 0.16126843, -0.65301496, 0.12339478
12904318661000, 0.16493362, -0.6728681, 0.11881329
12904323564000, 0.15027285, -0.70829827, 0.109650314
12904328623000, 0.14508049, -0.7852673, 0.105068825
12904333584000, 0.12797627, -0.8258898, 0.1160644
12904338631000, 0.08857546, -0.9257663, 0.110872045
12904343689000, 0.06688975, -1.0280862, 0.11026118
12904348824000, 0.025045475, -1.112691, 0.112399206
12904353765000, -0.039095376, -1.1969905, 0.12858713
12904358609000, -0.09132435, -1.2223413, 0.14202617
12904363966000, -0.16035213, -1.2186762, 0.16798794
12904368633000, -0.21319197, -1.1847731, 0.19242255
12904373580000, -0.30024028, -1.1462886, 0.20799962
12904378625000, -0.3943135, -1.0705414, 0.20769419
12904384192000, -0.51159966, -0.9746355, 0.19608775
12904388665000, -0.6392705, -0.9104946, 0.19303341
12904393648000, -0.74464476, -0.8741482, 0.17837265
12904398652000, -0.84879726, -0.86590147, 0.18692477
12904403628000, -0.9239337, -0.8750645, 0.21319197
12904408618000, -0.9795224, -0.88117313, 0.23671028
12904413655000, -1.0375546, -0.8359691, 0.25992316
12904418729000, -1.0980303, -0.7696902, 0.2779437
12904423665000, -1.1765264, -0.70371675, 0.28496864
12904428642000, -1.2516629, -0.65301496, 0.30573806
12904433653000, -1.3362677, -0.62980205, 0.32650748
12904438644000, -1.3982705, -0.58062744, 0.33964106
12904443687000, -1.428203, -0.56779927, 0.36896262
12904448646000, -1.4483615, -0.56169057, 0.39736784
12904454171000, -1.4782939, -0.5549711, 0.4596761
12904458648000, -1.4947872, -0.5384777, 0.48747048
12904463654000, -1.4929546, -0.5119051, 0.5335908
12904468640000, -1.5100589, -0.4642576, 0.56382865
12904473639000, -1.5451837, -0.3820962, 0.589485
12904478630000, -1.5787812, -0.29993483, 0.60994893
12904483650000, -1.629483, -0.25411993, 0.6411031
12904488597000, -1.6655241, -0.22876903, 0.68416905
12904493649000, -1.7009543, -0.2275473, 0.7360926
12904498548000, -1.7146988, -0.21563543, 0.766025
12904503618000, -1.7238617, -0.20433442, 0.7993172
12904508582000, -1.7217237, -0.18387043, 0.8390234
12904513624000, -1.6948457, -0.1600467, 0.8720101
12904518562000, -1.675298, -0.14813483, 0.90194255
12904523610000, -1.6740762, -0.12797627, 0.9279043
12904528559000, -1.6701056, -0.10934488, 0.9419542
12904533616000, -1.6722436, -0.06169739, 0.95447695
12904538605000, -1.6789632, -0.025350908, 0.97585726
12904543645000, -1.6786577, -0.004886922, 0.99296147
12904548636000, -1.6722436, 0.03390302, 1.0216721
12904553607000, -1.6728544, 0.051618114, 1.0604621
12904558808000, -1.6667458, 0.06994407, 1.0870347
12904563624000, -1.6597209, 0.101098195, 1.1261301
12904568595000, -1.6694947, 0.10170906, 1.1429288
12904573604000, -1.6615535, 0.09254608, 1.1655309
12904578618000, -1.6389514, 0.056199603, 1.1695015
12904583617000, -1.609019, 0.009468411, 1.1670581
12904588605000, -1.5916094, -0.016493361, 1.2064588
12904593851000, -1.5958854, -0.03268129, 1.2125676
12904598613000, -1.5885551, -0.058643065, 1.2250903
12904603613000, -1.5696182, -0.06688975, 1.2403619
12904608604000, -1.5891659, -0.04795292, 1.2370021
12904613620000, -1.6227635, -0.02687807, 1.2333369
12904618554000, -1.6279559, 0.013133603, 1.1924089
12904623607000, -1.6129897, 0.040927973, 1.1930199
12904628560000, -1.6084082, 0.009162978, 1.1606439
12904633613000, -1.6071864, -0.043066, 1.1582005
12904638608000, -1.6224581, -0.02687807, 1.1374311
12904643726000, -1.6471981, -0.017715093, 1.0806206
12904648630000, -1.6481144, -0.02076942, 1.0458013
12904653611000, -1.6426166, -0.018936822, 1.033584
12904658633000, -1.647809, -0.021380283, 1.028697
12904663626000, -1.6502525, -0.043676864, 1.0170907
12904668587000, -1.6496416, -0.027183503, 0.9981538
12904673609000, -1.6530013, 0.015577064, 0.9718866
12904678652000, -1.641395, 0.008552114, 0.8891144
12904683616000, -1.6065756, -0.004276057, 0.83291477
12904688636000, -1.5916094, -0.01740966, 0.7874053
12904693723000, -1.57084, -0.040011674, 0.77304995
12904698696000, -1.5357152, -0.077579886, 0.74128497
12904703610000, -1.4877623, -0.12003502, 0.70921457
12904708875000, -1.4456125, -0.18692477, 0.6924158
12904713618000, -1.3875804, -0.20799962, 0.6444628
12904718612000, -1.3387111, -0.2312125, 0.5907067
12904723602000, -1.2815952, -0.25381452, 0.5662721
12904728625000, -1.2504412, -0.27152961, 0.56107974
12904733619000, -1.2324207, -0.32559118, 0.5543602
12904738608000, -1.2052372, -0.3747658, 0.5207626
12904743774000, -1.1597277, -0.40225476, 0.5112942
12904748583000, -1.094976, -0.40683624, 0.49388456
12904753571000, -1.0384709, -0.4175264, 0.4908302
12904758607000, -0.9682214, -0.40317106, 0.49632803
12904763574000, -0.90102625, -0.38331795, 0.48716503
12904768592000, -0.82558435, -0.36926803, 0.49693888
12904773584000, -0.7629707, -0.36957347, 0.50243664
12904779239000, -0.7089091, -0.36865717, 0.51343226
12904783596000, -0.64843345, -0.3744604, 0.5180137
12904788601000, -0.58001655, -0.37720928, 0.5225952
12904793574000, -0.50762904, -0.3885103, 0.5308419
12904798605000, -0.4202753, -0.38881573, 0.54061574
12904803538000, -0.34422258, -0.40866885, 0.5830709
12904808544000, -0.23335053, -0.4269948, 0.6246097
12904813523000, -0.14660765, -0.44684792, 0.6420194
12904818525000, -0.05589417, -0.4569272, 0.65301496
12904823518000, 0.039095376, -0.47555858, 0.6630942
12904828538000, 0.08002335, -0.49846604, 0.6627888
12904833506000, 0.15454891, -0.49663344, 0.66431594
12904838525000, 0.22571471, -0.49174652, 0.67164636
12904843509000, 0.30726522, -0.48716503, 0.66523224
12904848612000, 0.39095375, -0.4822781, 0.66737026
12904853541000, 0.46700647, -0.51893, 0.6969972
12904858645000, 0.5635232, -0.52381694, 0.7174612
12904863546000, 0.6239988, -0.56199604, 0.7498371
12904868615000, 0.7128797, -0.5900958, 0.7852673
12904873566000, 0.7892379, -0.6178902, 0.816116
12904878629000, 0.89552844, -0.6209445, 0.8185594
12904883575000, 0.9783007, -0.6401868, 0.85154617
12904888600000, 1.047023, -0.6612616, 0.8848383
12904893685000, 1.1093313, -0.65118235, 0.89552844
12904898723000, 1.1633929, -0.6017023, 0.88697636
12904903636000, 1.2260065, -0.5002986, 0.8552113
12904908643000, 1.2840388, -0.40958515, 0.8374963
12904913635000, 1.3176364, -0.30970868, 0.8151997
12904918785000, 1.3402383, -0.19456059, 0.7849618
12904923624000, 1.3677273, -0.15057829, 0.7510588
12904928652000, 1.3930782, -0.06994407, 0.7339546
12904933637000, 1.4052955, -0.022907447, 0.68630713
12904938650000, 1.412015, -0.009468411, 0.63438356
12904943715000, 1.4236214, -0.035124753, 0.59773165
12904948692000, 1.4236214, -0.062002823, 0.5742133
12904953655000, 1.4312572, -0.08552113, 0.5644395
12904958699000, 1.4376713, -0.115453534, 0.56138515
12904963705000, 1.4446963, -0.13591751, 0.5558874
12904968653000, 1.425454, -0.13927728, 0.5647449
12904973878000, 1.4193454, -0.13744467, 0.56321776
12904978660000, 1.3967434, -0.116675265, 0.54733527
12904983628000, 1.3759739, -0.077579886, 0.52290064
12904988657000, 1.3610078, -0.022602014, 0.5112942
12904993674000, 1.3720033, 0.06627888, 0.52778757
12904998840000, 1.4059063, 0.11362094, 0.49754974
12905003587000, 1.4196508, 0.15332718, 0.47739118
12905008602000, 1.3946054, 0.124311075, 0.42546764
12905013634000, 1.3500122, 0.0888809, 0.344528
12905018634000, 1.2815952, 0.086132, 0.2593123
12905023636000, 1.2147056, 0.11575896, 0.17104226
12905028624000, 1.1838568, 0.20097467, 0.12797627
12905034328000, 1.1618657, 0.29352075, 0.04886922
12905038597000, 1.1484267, 0.3042109, -3.0543262E-4
12905043709000, 1.1242975, 0.26511553, -0.06383542
12905048646000, 1.0705414, 0.22449298, -0.17379116
12905053609000, 1.0054842, 0.21166481, -0.28221974
12905058601000, 0.9477574, 0.23793201, -0.38820487
12905063632000, 0.91354895, 0.25625798, -0.4896085
12905068598000, 0.8897252, 0.2302962, -0.5742133
12905073611000, 0.8689558, 0.15577064, -0.65240407
12905078587000, 0.84299403, 0.030543262, -0.70249504
12905083618000, 0.8173377, -0.124005646, -0.72387534
12905088580000, 0.7968737, -0.28496864, -0.75625116
12905093720000, 0.78954333, -0.44501534, -0.7663304
12905098618000, 0.75869465, -0.5476407, -0.7583892
12905104303000, 0.7257079, -0.5729916, -0.7675522
12905108603000, 0.7165449, -0.49846604, -0.77640975
12905113630000, 0.70005155, -0.38637227, -0.79229224
12905118613000, 0.68203104, -0.32467487, -0.7993172
12905123604000, 0.6432411, -0.19272798, -0.8038987
12905128551000, 0.643852, -0.060170226, -0.79229224
12905133617000, 0.63438356, 0.08399397, -0.7987063
12905138687000, 0.62125, 0.17562376, -0.7742717
12905143662000, 0.605062, 0.22235495, -0.7501425
12905148605000, 0.59406644, 0.23640485, -0.72173727
12905153620000, 0.61911196, 0.21380283, -0.70371675
12905158592000, 0.6478226, 0.16432275, -0.6973027
12905163624000, 0.66859204, 0.09987647, -0.66645396
12905168599000, 0.6750061, 0.0580322, -0.6621779
12905174234000, 0.6881397, 0.0030543262, -0.6600399
12905178589000, 0.7153232, -0.02321288, -0.6569856
12905183616000, 0.7275405, -0.021991149, -0.65240407
12905188607000, 0.7309003, -0.016493361, -0.6783658
12905193700000, 0.74036866, 3.0543262E-4, -0.70432764
12905198698000, 0.74372846, -0.0027488936, -0.7244862
12905203612000, 0.7440339, -0.007941248, -0.7351763
12905208611000, 0.74189585, 0.053145275, -0.745561
12905213625000, 0.7165449, 0.119729586, -0.7675522
12905218547000, 0.7107417, 0.14508049, -0.7892379
12905223611000, 0.70952, 0.15210545, -0.8014552
12905228582000, 0.7324274, 0.1563815, -0.8200866
12905233648000, 0.77304995, 0.13897185, -0.84207773
12905238582000, 0.8142834, 0.11789699, -0.8374963
12905243995000, 0.8555168, 0.10873401, -0.81153446
12905248638000, 0.88270026, 0.10751228, -0.7611381
12905253608000, 0.9077458, 0.06169739, -0.6933321
12905258640000, 0.91721416, -0.00580322, -0.6053675
12905263619000, 0.92149025, -0.07880162, -0.5137377
12905268618000, 0.9263771, -0.15057829, -0.41355577
12905273604000, 0.9443977, -0.21471913, -0.33169982
12905278653000, 0.95814216, -0.26328292, -0.28008172
12905283615000, 0.9822713, -0.28924468, -0.24465153
12905288588000, 0.9947941, -0.27397305, -0.2171626
12905293616000, 0.9984592, -0.22785273, -0.21899518
12905298626000, 0.9950995, -0.1685988, -0.23518312
12905303619000, 1.0005972, -0.095294975, -0.26175576
12905308630000, 0.9593639, -0.004276057, -0.2855795
12905313624000, 0.9263771, 0.083383106, -0.2770274
12905318617000, 0.9034697, 0.11453723, -0.25381452
12905323602000, 0.88697636, 0.15149458, -0.22693644
12905328629000, 0.8781188, 0.16493362, -0.18234327
12905333613000, 0.87109387, 0.14630222, -0.12186762
12905338629000, 0.8707884, 0.08674286, -0.049785517
12905343710000, 0.86345804, 0.03756821, 0.019547688
12905348645000, 0.86345804, -0.008857546, 0.09437868
12905353613000, 0.86101454, -0.036651913, 0.15607607
12905358636000, 0.8576548, -0.043676864, 0.21502456
12905363612000, 0.8536842, -0.08857546, 0.28099802
12905368612000, 0.8356637, -0.09560041, 0.3042109
12905373605000, 0.8206975, -0.043066, 0.29779682
12905378628000, 0.79168135, -0.033292156, 0.28344148
12905383591000, 0.73914695, -0.04153884, 0.2556471
12905388607000, 0.64599, -0.030848695, 0.19486602
12905393672000, 0.48930305, 0.026572637, 0.13591751
12905398622000, 0.31337386, 0.1414153, 0.076052725
12905403546000, 0.11575896, 0.2910773, 0.047036625
12905408602000, -0.06566802, 0.4605924, 0.042760566
12905413574000, -0.25167647, 0.52564955, 0.07086037
12905418618000, -0.41599923, 0.6215554, 0.09590584
12905423601000, -0.48899764, 0.6533204, 0.14721853
12905429191000, -0.59315014, 0.60139686, 0.20525073
12905433598000, -0.64965516, 0.47586402, 0.25809056
12905438604000, -0.6630942, 0.25381452, 0.32925636
12905443687000, -0.61300325, 0.03970624, 0.36254853
12905448618000, -0.56046885, -0.0729984, 0.37843102
12905453954000, -0.4718934, -0.13561209, 0.38759398
12905458599000, -0.37140608, -0.16157386, 0.3912592
12905463840000, -0.3036, -0.17134771, 0.40958515
12905468612000, -0.25411993, -0.13683382, 0.42852196
12905473928000, -0.23182335, -0.08460484, 0.4447099
12905478624000, -0.20616703, -0.013133603, 0.46914452
12905483630000, -0.19028452, 0.05467244, 0.5103779
12905488603000, -0.17898351, 0.13530666, 0.54825157
12905493617000, -0.18692477, 0.20922135, 0.5766568
12905498553000, -0.17654006, 0.26236662, 0.6065892
12905503573000, -0.18509217, 0.27763826, 0.6383542
12905508626000, -0.16646078, 0.2706133, 0.6563747
12905513630000, -0.15607607, 0.26450464, 0.65393126
12905518611000, -0.13133603, 0.21227567, 0.6591236
12905523626000, -0.10720685, 0.14263703, 0.6612616
12905528677000, -0.07544186, 0.09590584, 0.6640105
12905533617000, -0.05131268, 0.09132435, 0.65668017
12905538588000, -0.020158553, 0.10598512, 0.65118235
12905543667000, 0.006414085, 0.12308934, 0.6356053
12905548669000, 0.038789943, 0.111177474, 0.6056729
12905553610000, 0.06688975, 0.11301007, 0.58246
12905558607000, 0.058643065, 0.15088372, 0.5626069
12905563625000, 0.059864793, 0.21991149, 0.5519168
12905568907000, 0.04917465, 0.2929099, 0.54061574
12905573606000, 0.02321288, 0.35246924, 0.53786683
12905578620000, -0.0027488936, 0.40317106, 0.5345071
12905583615000, -0.03970624, 0.43249258, 0.5360342
12905588599000, -0.07391469, 0.4382958, 0.54000485
12905593636000, -0.09621128, 0.43096542, 0.5314528
12905598613000, -0.12003502, 0.36743546, 0.52473325
12905603612000, -0.14202617, 0.22174409, 0.5204572
12905608607000, -0.12492194, 0.106901415, 0.514654
12905613632000, -0.13958271, 0.093462385, 0.5177083
12905618612000, -0.1554652, 0.037873644, 0.5207626
12905623606000, -0.1423316, -0.048563786, 0.5158757
12905628622000, -0.112399206, -0.12614368, 0.50823987
12905633614000, -0.0729984, -0.19150625, 0.49021935
12905638632000, -0.017104227, -0.2144137, 0.4810564
12905643692000, 0.019242255, -0.18325958, 0.46181414
12905648620000, 0.054367006, -0.14508049, 0.44135013
12905653646000, 0.059253927, -0.07880162, 0.41783184
12905658609000, 0.061391957, 0.025961773, 0.38637227
12905663621000, 0.034513887, 0.11209377, 0.34574974
12905668564000, 0.018936822, 0.16340645, 0.31978795
12905673601000, 0.018936822, 0.21777347, 0.28680122
12905678895000, -0.023823744, 0.26083946, 0.2501493
12905683619000, -0.015882496, 0.30909783, 0.22602014
12905688605000, -0.01985312, 0.33292156, 0.19456059
12905693708000, 0.0012217305, 0.3631594, 0.1591304
12905698663000, -6.1086525E-4, 0.37384954, 0.12980886
12905703611000, 0.01160644, 0.3744604, 0.100792766
12905708579000, 0.017715093, 0.37873647, 0.07696902
12905713610000, 0.009773844, 0.3753767, 0.064446285
12905718676000, 0.027488936, 0.364992, 0.034513887
12905723605000, 0.04917465, 0.34116822, 0.011911872
12905728625000, 0.061391957, 0.28680122, -0.027488936
12905733617000, 0.05131268, 0.2773328, -0.035124753
12905738611000, 0.05100725, 0.2660318, -0.062002823
12905743610000, 0.05589417, 0.2406809, -0.086437434
12905748588000, 0.043066, 0.2452624, -0.094989546
12905754175000, 0.051923547, 0.22937989, -0.11178834
12905758608000, 0.044593163, 0.23090707, -0.11881329
12905763581000, 0.043982297, 0.22174409, -0.124311075
12905768589000, 0.04550946, 0.21594086, -0.12889257
12905773586000, 0.04886922, 0.2098322, -0.12370021
12905778591000, 0.03970624, 0.20799962, -0.12186762
12905783609000, 0.0421497, 0.19547687, -0.12186762
12905788669000, 0.0421497, 0.19242255, -0.13072516
12905793589000, 0.056505036, 0.16615535, -0.118202426
12905798593000, 0.06566802, 0.17989981, -0.1142318
12905803622000, 0.06963864, 0.18020524, -0.1020145
12905808603000, 0.082161374, 0.16646078, -0.09682214
12905813621000, 0.0983493, 0.15454891, -0.09162979
12905818615000, 0.11636983, 0.13500121, -0.08582657
12905824201000, 0.12156218, 0.101098195, -0.07391469
12905828626000, 0.14569137, 0.08032878, -0.0711658
12905833620000, 0.15485434, 0.08155051, -0.0720821
12905838622000, 0.14630222, 0.06047566, -0.06963864
12905843652000, 0.15485434, 0.05467244, -0.07391469
12905848704000, 0.16432275, 0.059864793, -0.07849618
12905853546000, 0.17104226, 0.081855945, -0.07880162
12905858601000, 0.17989981, 0.09865474, -0.08857546
12905863571000, 0.18906279, 0.11026118, -0.10170906
12905868618000, 0.19456059, 0.098043874, -0.1160644
12905873622000, 0.1994475, 0.09407325, -0.13622294
12905878640000, 0.20341812, 0.07788532, -0.16218472
12905883604000, 0.226631, 0.060170226, -0.18295415
12905888649000, 0.2415972, 0.03726278, -0.20158553
12905894075000, 0.24740042, 0.01282817, -0.22418754
12905898630000, 0.2657264, -0.027183503, -0.24190263
12905903609000, 0.26847526, -0.04428773, -0.26297748
12905908610000, 0.27458394, -0.08155051, -0.28008172
12905913564000, 0.2751948, -0.122478485, -0.29535335
12905918618000, 0.27214047, -0.15943582, -0.3191771
12905923562000, 0.27397305, -0.19150625, -0.33475417
12905928594000, 0.2519819, -0.20372356, -0.33261612
12905933595000, 0.23426682, -0.2098322, -0.35002577
12905938611000, 0.20769419, -0.22693644, -0.36010507
12905943651000, 0.1695151, -0.22388211, -0.36377025
12905948627000, 0.13897185, -0.19853121, -0.35796702
12905953577000, 0.11575896, -0.17837265, -0.34513888
12905958607000, 0.0870483, -0.14049901, -0.3359759
12905963619000, 0.07238753, -0.12095132, -0.31948254
12905968622000, 0.067500606, -0.0983493, -0.3115413
12905973610000, 0.0711658, -0.056505036, -0.29779682
12905978596000, 0.052534413, -0.04062254, -0.28680122
12905983649000, 0.053145275, -0.029321533, -0.27152961
12905988607000, 0.04062254, -0.013439035, -0.26542094
12905993691000, 0.03390302, -0.021991149, -0.24709499
12905998666000, 0.02107485, -0.02565634, -0.24037547
12906003610000, 0.007330383, -0.02443461, -0.24404067
12906008614000, -0.003970624, -0.03023783, -0.22815818
12906013631000, -0.024129177, -0.046120327, -0.22113322
12906018616000, -0.028099801, -0.060170226, -0.21777347
12906023595000, -0.0580322, -0.062002823, -0.20738874
12906028626000, -0.0711658, -0.06872234, -0.19914207
12906033708000, -0.089186326, -0.079107046, -0.17623462
12906038640000, -0.10995574, -0.07452556, -0.17256944
12906043813000, -0.12705997, -0.063224554, -0.1591304
12906048617000, -0.13561209, -0.050396383, -0.14019357
12906053612000, -0.14263703, -0.04520403, -0.13194689
12906058585000, -0.14569137, -0.014049901, -0.10415252
12906063633000, -0.1423316, -0.006414085, -0.09773844
12906068635000, -0.12950343, 0.019242255, -0.087659165
12906073605000, -0.13530666, 0.02076942, -0.07666359
12906079232000, -0.119729586, 0.03176499, -0.063224554
12906083624000, -0.11789699, 0.043676864, -0.06566802
12906088600000, -0.122783914, 0.033292156, -0.058948494
12906093624000, -0.118202426, 0.036957346, -0.064446285
12906098615000, -0.1255328, 0.013133603, -0.0720821
12906103610000, -0.13530666, 0.010079277, -0.073303826
12906108612000, -0.14385876, 0.026267206, -0.07360926
12906113746000, -0.14660765, 0.008552114, -0.08002335
12906118567000, -0.1600467, 0.009162978, -0.07971791
12906123626000, -0.17165314, 0.0076358155, -0.084910266
12906128555000, -0.16676621, 0.017715093, -0.09193522
12906133631000, -0.18234327, 0.030848695, -0.09010262
12906138664000, -0.17684549, 0.04153884, -0.09437868
12906143623000, -0.16432275, 0.05589417, -0.09407325
12906149245000, -0.16432275, 0.076358154, -0.1020145
12906153620000, -0.14508049, 0.09712757, -0.098043874
12906158853000, -0.118202426, 0.119729586, -0.09987647
12906163600000, -0.11453723, 0.12522738, -0.10598512
12906168937000, -0.08002335, 0.124005646, -0.106901415
12906173627000, -0.06261369, 0.129198, -0.121256754
12906178653000, -0.061391957, 0.14080444, -0.12583824
12906183618000, -0.06627888, 0.1423316, -0.12950343
12906188582000, -0.08979719, 0.13408493, -0.13805555
12906193619000, -0.09437868, 0.12186762, -0.14446963
12906198558000, -0.11148291, 0.112704635, -0.14905111
12906203618000, -0.1151481, 0.106595986, -0.14813483
12906208575000, -0.12492194, 0.082161374, -0.15302174
12906213621000, -0.14049901, 0.07696902, -0.14935656
12906219056000, -0.15454891, 0.070554934, -0.14844026
12906223607000, -0.15668693, 0.062002823, -0.1469131
12906228632000, -0.16279559, 0.056505036, -0.13988814
12906233616000, -0.1863139, 0.05467244, -0.13561209
12906238587000, -0.19181168, 0.044898596, -0.129198
12906243677000, -0.1863139, 0.036957346, -0.122783914
12906248709000, -0.17928895, 0.03604105, -0.11759156
12906253545000, -0.18173242, 0.02321288, -0.12003502
12906258609000, -0.172264, 0.011911872, -0.118202426
12906263553000, -0.16676621, -9.162979E-4, -0.1133155
12906268623000, -0.14844026, -9.162979E-4, -0.10720685
12906273584000, -0.13347405, -0.009162978, -0.10842858
12906278648000, -0.124005646, -0.020158553, -0.101098195
12906283590000, -0.12156218, -0.027488936, -0.10170906
12906288771000, -0.11575896, -0.023823744, -0.09254608
12906293715000, -0.10873401, -0.008857546, -0.09040806
12906298683000, -0.10934488, -0.0070249503, -0.083383106
12906303634000, -0.099571034, -3.0543262E-4, -0.079107046
12906308610000, -0.09621128, 0.021991149, -0.07544186
12906313606000, -0.10567969, 0.040927973, -0.074830994
12906318618000, -0.11148291, 0.048563786, -0.06872234
12906323606000, -0.10354166, 0.06688975, -0.061391957
12906328688000, -0.099265605, 0.071776666, -0.06169739
12906333605000, -0.08979719, 0.083383106, -0.056505036
12906338589000, -0.07391469, 0.09193522, -0.047036625
12906343702000, -0.06169739, 0.099265605, -0.042455133
12906348706000, -0.063224554, 0.1020145, -0.04550946
12906353628000, -0.05681047, 0.09590584, -0.046731193
12906358632000, -0.044593163, 0.09010262, -0.039095376
12906363625000, -0.03848451, 0.08460484, -0.03634648
12906368613000, -0.026572637, 0.0842994, -0.035124753
12906373596000, -0.01740966, 0.07849618, -0.02687807
12906378633000, -0.02565634, 0.08460484, -0.025961773
12906383619000, -0.018325957, 0.06811147, -0.021685716
12906388595000, -0.020463986, 0.06505715, -0.01863139
12906393721000, -0.02687807, 0.06994407, -0.016493361
12906398710000, -0.027183503, 0.07086037, -0.008246681
12906404293000, -0.029932396, 0.076052725, -0.00580322
12906408595000, -0.023518313, 0.08002335, -0.005192355
12906413624000, -0.021685716, 0.08002335, 0.004581489
12906418610000, -0.021685716, 0.07696902, 0.006414085
12906423593000, -0.01038471, 0.07880162, 0.010079277
12906428562000, -0.012217305, 0.08002335, 0.01740966
12906433651000, -0.009162978, 0.06811147, 0.0106901415
12906438613000, -0.004886922, 0.0571159, 0.021685716
12906443742000, 0.005497787, 0.04428773, 0.027183503
12906448639000, 0.0033597588, 0.047647487, 0.021991149
12906453652000, -0.004581489, 0.043982297, 0.029626964
12906458561000, 0.003970624, 0.02565634, 0.031154128
12906463653000, 0.0070249503, 0.014966198, 0.04153884
12906468561000, 0.013744468, 0.006414085, 0.049480084
12906474316000, 0.0125227375, -9.162979E-4, 0.04520403
12906478594000, 0.004276057, -0.0021380284, 0.050701816
12906483657000, 0.015882496, -0.009773844, 0.05589417
12906488629000, 0.008857546, -0.02321288, 0.061086524
12906493741000, 0.008246681, -0.018936822, 0.06658431
12906499045000, 0.01740966, -0.021991149, 0.06780604
12906503648000, 0.009773844, -0.01740966, 0.062002823
12906508825000, 0.004276057, -0.013439035, 0.055283304
12906513654000, 0.017104227, -0.010079277, 0.06566802
12906518969000, 0.013744468, -0.0070249503, 0.07086037
12906523656000, 0.009162978, -0.009773844, 0.06047566
12906528600000, 0.009468411, -0.020463986, 0.058643065
12906533654000, 0.014049901, -0.025045475, 0.056505036
12906538591000, 0.011301007, -0.029321533, 0.04795292
12906544255000, 0.010079277, -0.027183503, 0.046731193
12906548562000, 0.01863139, -0.028710667, 0.041233405
12906553652000, 0.0021380284, -0.03268129, 0.032375857
12906558620000, -0.006414085, -0.03176499, 0.031154128
12906563629000, 0.004581489, -0.022602014, 0.024129177
12906568611000, -0.010995574, -0.031154128, 0.020158553
12906573649000, -0.013744468, -0.032070424, 0.01863139
12906578610000, -0.022602014, -0.038789943, 0.0106901415
12906583650000, -0.031154128, -0.034208454, 0.017104227
12906588640000, -0.037873644, -0.032986723, -3.0543262E-4
12906593757000, -0.036651913, -0.028099801, 0.007330383
12906598682000, -0.04428773, -0.034513887, -0.0021380284
12906603650000, -0.042760566, -0.025350908, -0.0030543262
12906608620000, -0.04642576, -0.027794369, -0.003970624
12906613829000, -0.03848451, -0.029626964, -0.004581489
12906618645000, -0.03268129, -0.03604105, -0.014966198
12906623596000, -0.04184427, -0.03970624, -0.009162978
12906628657000, -0.034513887, -0.03970624, -0.013439035
12906633650000, -0.028405234, -0.042760566, -0.0106901415
12906638668000, -0.028710667, -0.040927973, -0.016798794
12906643748000, -0.02687807, -0.048258353, -0.018020526
12906648754000, -0.025961773, -0.05375614, -0.02687807
12906653645000, -0.021685716, -0.052839845, -0.023823744
12906658638000, -0.021685716, -0.05375614, -0.026572637
12906663649000, -0.020463986, -0.055588737, -0.029932396
12906668647000, -0.015882496, -0.0580322, -0.025961773
12906673596000, -0.019242255, -0.058643065, -0.03176499
12906678651000, -0.008857546, -0.056505036, -0.02443461
12906683551000, -0.014660766, -0.06536258, -0.030543262
12906688608000, -0.0027488936, -0.058337633, -0.027183503
12906693656000, 0.0061086523, -0.05497787, -0.01863139
12906698657000, 0.008552114, -0.074830994, -0.014966198
12906703568000, 0.020158553, -0.074830994, -0.021380283
12906708608000, 0.011301007, -0.06627888, -0.022602014
12906713584000, 0.024129177, -0.06414085, -0.023518313
12906718622000, 0.023518313, -0.061391957, -0.019547688
12906723988000, 0.024740042, -0.06169739, -0.01282817
12906728634000, 0.031154128, -0.07513642, -0.019242255
12906733928000, 0.022602014, -0.04520403, -0.025045475
12906738663000, 0.01038471, -0.032375857, -0.015882496
12906743643000, 0.013439035, -0.029321533, -0.013744468
12906748594000, 0.013133603, -0.01160644, -0.025045475
12906753610000, -0.004581489, -0.023823744, -0.03634648
12906758617000, -0.0030543262, -0.0125227375, -0.030543262
12906763628000, -0.008857546, -0.005192355, -0.03573562
12906768614000, -0.011301007, -0.011301007, -0.029932396
12906773607000, -0.0067195175, -0.014966198, -0.013439035
12906778634000, -0.018325957, -0.027794369, -0.017715093
12906783618000, -0.025045475, -0.0143553335, -0.024740042
12906788641000, -0.04184427, -0.01160644, -0.018325957
12906793703000, -0.04428773, -0.009162978, -0.008857546
12906799337000, -0.04550946, -0.008246681, -0.0061086523
12906803647000, -0.040011674, -0.007941248, -0.0067195175
12906808591000, -0.04550946, -0.009162978, -0.0036651916
12906813622000, -0.04184427, -0.005192355, -0.008552114
12906818612000, -0.04337143, -0.008246681, -0.011911872
12906823615000, -0.046731193, -0.0033597588, -9.162979E-4
12906828669000, -0.043982297, -0.005192355, -0.004581489
12906833618000, -0.03970624, -0.002443461, -0.0015271631
12906838638000, -0.044898596, -0.002443461, -0.0061086523
12906843685000, -0.032070424, -0.0015271631, -0.004886922
12906848647000, -0.032070424, 0.0012217305, -0.008552114
12906853610000, -0.0290161, -0.003970624, -0.0036651916
12906858578000, -0.031154128, 0.0012217305, -0.01160644
12906863626000, -0.02687807, 0.0018325958, -0.01038471
12906868547000, -0.023518313, -0.0030543262, -0.015882496
12906873603000, -0.012217305, -0.002443461, -0.007941248
12906878746000, -0.022907447, -0.01038471, -0.00580322
12906883620000, -0.011301007, -0.021991149, -0.010079277
12906888676000, -0.009773844, -0.0067195175, -0.011911872
12906893678000, -0.013744468, 0.003970624, -0.004581489
12906898678000, -0.01985312, 0.019547688, -0.0036651916
12906903615000, -0.021685716, 0.034208454, -0.014049901
12906908624000, -0.019242255, 0.04184427, -0.01038471
12906913626000, -0.025350908, 0.043066, -0.013133603
12906918728000, -0.01985312, 0.04550946, -0.009468411
12906923596000, -0.0106901415, 0.044898596, -0.0018325958
12906928610000, -0.015882496, 0.046120327, -0.004276057
12906933616000, -0.016187929, 0.040011674, -0.014660766
12906938621000, -0.010079277, 0.03848451, -0.0033597588
12906943707000, -0.025350908, 0.022602014, -0.008246681
12906948668000, -0.021991149, 0.016798794, -0.0033597588
12906953610000, -0.01863139, 0.016187929, -0.010079277
12906958576000, -0.019242255, 0.019547688, -0.0070249503
12906963624000, -0.024129177, 0.012217305, -0.0018325958
12906968546000, -0.036957346, 0.010079277, -0.007330383
12906973601000, -0.023823744, 0.012217305, 0.0033597588
12906978565000, -0.025350908, 0.008857546, -0.0033597588
12906983613000, -0.027794369, 0.01038471, 0.0021380284
12906988616000, -0.043066, 0.0106901415, 0.004581489
12906993709000, -0.042760566, 0.004581489, -3.0543262E-4
12906998625000, -0.03848451, 0.008857546, 6.1086525E-4
12907003610000, -0.03359759, 0.0125227375, 0.0021380284
12907008621000, -0.035430185, 0.0021380284, 3.0543262E-4
12907013621000, -0.037873644, 0.0027488936, 6.1086525E-4
12907018581000, -0.042455133, -0.0012217305, -0.0012217305
12907023605000, -0.03145956, -0.008552114, -6.1086525E-4
12907028615000, -0.024740042, -0.004581489, -9.162979E-4
12907033616000, -0.03604105, -0.007330383, 0.007941248
12907038649000, -0.030543262, -0.008857546, 0.0061086523
12907043678000, -0.03359759, -0.008552114, 0.005497787
12907048679000, -0.028710667, -0.008246681, 0.011301007
12907053609000, -0.041233405, -0.008552114, 0.009773844
12907058636000, -0.027488936, -0.005192355, 0.018936822
12907063618000, -0.027488936, 0.0021380284, 0.014049901
12907068613000, -0.030543262, 0.003970624, 0.01863139
12907073596000, -0.028710667, 0.0030543262, 0.017715093
12907078654000, -0.028710667, -0.004581489, 0.018325957
12907083608000, -0.022907447, 6.1086525E-4, 0.025045475
12907088634000, -0.02687807, 0.0030543262, 0.024740042
12907093683000, -0.023518313, 0.0036651916, 0.0143553335
12907098694000, -0.015271631, 3.0543262E-4, 0.018020526
12907103610000, -0.014966198, -0.0033597588, 0.01160644
12907108606000, -0.010079277, -0.0012217305, 0.004886922
12907113615000, -0.008552114, -0.0070249503, 0.004581489
12907118612000, -0.0143553335, -0.006414085, 0.0027488936
12907123606000, -0.010079277, -0.01038471, 0.008246681
12907128661000, -0.011301007, -0.013439035, 0.003970624
12907133611000, -0.011911872, -0.005192355, 0.015882496
12907138592000, -0.025045475, -0.0012217305, 0.016798794
12907143687000, -0.01985312, -0.014966198, 0.010079277
12907148670000, -0.022907447, -0.009773844, 0.012217305
12907153570000, -0.024129177, -0.009162978, 0.01160644
12907158607000, -0.0290161, -0.008552114, 0.004581489
12907163550000, -0.027488936, -0.0021380284, 0.007330383
12907168613000, -0.022296581, -9.162979E-4, 0.011301007
12907173565000, -0.03023783, -0.0021380284, 0.009468411
12907178639000, -0.021380283, 0.0018325958, 0.014049901
12907183542000, -0.024129177, 0.0018325958, 0.008552114
12907188604000, -0.024740042, -0.002443461, 0.004276057
12907193684000, -0.018325957, 0.0015271631, 0.009468411
12907198626000, -0.020158553, 0.0061086523, 0.010079277
12907203561000, -0.014966198, 0.006414085, -0.0012217305
12907208612000, -0.02076942, 0.002443461, 0.002443461
12907213573000, -0.026572637, 0.005497787, 6.1086525E-4
12907218616000, -0.0290161, 0.007330383, 0.0018325958
12907223596000, -0.017715093, 0.00580322, -0.0033597588
12907228656000, -0.019547688, 0.012217305, 0.0012217305
12907233600000, -0.024129177, 0.0033597588, -0.009468411
12907238609000, -0.022602014, -0.0027488936, -0.010079277
12907243701000, -0.013439035, 0.008857546, -0.01985312
12907248627000, -0.022907447, 0.009162978, -0.020158553
12907253613000, -0.01038471, 0.0143553335, -0.030848695
12907258608000, -0.0027488936, 0.00580322, -0.03756821
12907263609000, -0.006414085, -0.019547688, -0.03145956
12907268615000, 0.009468411, -0.054367006, -0.02321288
12907273771000, 0.014966198, -0.029932396, -0.043982297
12907278659000, 0.00580322, -0.014660766, -0.037873644
12907283603000, 0.020463986, -0.00580322, -0.040317107
12907288618000, 0.018020526, -0.018020526, -0.034208454
12907294028000, 0.011911872, -0.014049901, -0.043066
12907298730000, -0.007330383, 6.1086525E-4, -0.042455133
12907303600000, -0.0143553335, -0.008857546, -0.041233405
12907308607000, -0.003970624, 0.0015271631, -0.038179077
12907313586000, -0.018936822, 0.008857546, -0.043982297
12907318614000, -0.03023783, 0.027183503, -0.03634648
12907323709000, -0.046120327, 0.021685716, -0.034208454
12907328679000, -0.053450707, 0.013439035, -0.030543262
12907333656000, -0.05467244, -0.012217305, -0.019547688
12907338625000, -0.056505036, -0.0036651916, -0.028099801
12907343696000, -0.05222898, -3.0543262E-4, -0.029321533
12907348712000, -0.056199603, -0.0015271631, -0.025045475
12907353545000, -0.05681047, 0.0030543262, -0.02443461
12907358648000, -0.042760566, -0.0018325958, -0.022602014
12907363631000, -0.047647487, -6.1086525E-4, -0.015882496
12907368615000, -0.047647487, 0.0015271631, -0.014049901
12907373570000, -0.056505036, -0.004276057, -0.008552114
12907378655000, -0.04886922, -0.0030543262, -0.01282817
12907383547000, -0.047036625, 0.0070249503, -0.007330383
12907388597000, -0.046120327, -0.0021380284, -0.009468411
12907393672000, -0.05222898, -0.004886922, -0.013744468
12907398709000, -0.03359759, -0.011301007, -0.008552114
12907403543000, -0.03023783, -0.0076358155, -0.009773844
12907408617000, -0.029932396, -0.00580322, -0.0061086523
12907413557000, -0.030543262, -0.009162978, -0.009773844
12907418613000, -0.018936822, -0.00580322, -0.009773844
12907423612000, -0.019242255, -0.0018325958, -0.008246681
12907428645000, -0.017715093, -0.0033597588, -9.162979E-4
12907433595000, -0.0125227375, -0.0036651916, -0.006414085
12907438609000, -0.006414085, -0.0027488936, 0.0021380284
12907443757000, -0.00580322, -0.03481932, 0.0021380284
12907448650000, -0.004886922, -0.018020526, -0.0015271631
12907453630000, 0.0033597588, -0.007330383, 0.004886922
12907458612000, -9.162979E-4, -0.0070249503, -0.0076358155
12907463627000, 0.0036651916, -0.005497787, -0.004581489
12907468616000, 0.0106901415, -0.008552114, -0.010995574
12907473601000, 0.015577064, -0.0070249503, -0.008857546
12907478631000, 0.012217305, -0.006414085, -0.005192355
12907483620000, 0.01038471, -0.008246681, -0.0027488936
12907488581000, 0.016187929, -0.004276057, -0.013744468
12907493712000, 0.019242255, 0.0033597588, -0.015882496
12907498652000, 0.022296581, 0.0012217305, -0.016187929
12907503610000, 0.014660766, -0.0067195175, -0.02076942
12907508567000, 0.018936822, -0.00580322, -0.02687807
12907513626000, 0.01985312, -0.0018325958, -0.03145956
12907518545000, 0.0143553335, -0.005192355, -0.015577064
12907523600000, 0.014049901, -0.024740042, -0.03268129
12907528656000, 0.0067195175, -0.006414085, -0.03756821
12907533616000, 6.1086525E-4, 0.005497787, -0.040011674
12907538597000, 0.0076358155, 0.0067195175, -0.039095376
12907543698000, 0.0106901415, 0.008552114, -0.044898596
12907548688000, -0.004886922, -0.018936822, -0.042455133
12907553611000, -0.0076358155, -0.022907447, -0.043066
12907558676000, -0.0125227375, -9.162979E-4, -0.047647487
12907563624000, -0.014049901, 0.016798794, -0.04428773
12907568832000, -0.022296581, 0.02076942, -0.043066
12907573596000, -0.02443461, 0.019242255, -0.03756821
12907578592000, -0.028710667, 0.021991149, -0.03848451
12907583615000, -0.036957346, -0.007941248, -0.01985312
12907588601000, -0.0290161, -0.013133603, -0.032986723
12907593706000, -0.040011674, -0.0021380284, -0.03726278
12907598598000, -0.03756821, 0.0030543262, -0.034513887
12907603612000, -0.03573562, 0.003970624, -0.026572637
12907608580000, -0.047036625, 0.0067195175, -0.03176499
12907613624000, -0.047647487, 0.002443461, -0.029932396
12907618550000, -0.05681047, -0.006414085, -0.028099801
12907623597000, -0.041233405, -0.007330383, -0.019242255
12907628597000, -0.03604105, -0.034208454, -0.012217305
12907633616000, -0.03268129, -0.021991149, -0.020463986
12907638613000, -0.03268129, -0.002443461, -0.029626964
12907643704000, -0.018020526, 9.162979E-4, -0.02565634
12907648706000, -0.021685716, 0.012217305, -0.01985312
12907653609000, -0.02687807, 0.0030543262, -0.020158553
12907658614000, -0.016493361, 0.0021380284, -0.026572637
12907663616000, -0.011911872, 0.0070249503, -0.019547688
12907668616000, -0.023823744, 0.0030543262, -0.018020526
12907673595000, -0.01985312, 0.0061086523, -0.015577064
12907678699000, -0.0125227375, -3.0543262E-4, -0.01160644
12907683617000, -0.019547688, -0.03481932, -0.010995574
12907688624000, -0.019547688, -0.015577064, -0.016187929
12907693633000, -0.009162978, -0.0015271631, -0.01740966
12907698620000, -0.010079277, 0.007330383, -0.010079277
12907703610000, -0.016493361, 0.0027488936, -0.008246681
12907708606000, -0.023823744, 0.0033597588, -0.008552114
