#Rate of rotation around the x y z axes (Angular velocity).
#timestamp(ns),x,y,z(rad/s)
#Datetime: 15/05/2015 17:38:44
##########################################
#Activity: 8 - CSI - Car-Step in - 6s
#Subject ID: 53
#First Name: sub53
#Last Name: sub53
#Age: 27
#Height(cm): 186
#Weight(kg): 120
#Gender: Male
##########################################

@DATA
1090598469000, -0.28527406, 0.0983493, -0.12705997
1090603478000, -0.2678644, 0.11911872, -0.1432479
1090608473000, -0.25534168, 0.10720685, -0.16462818
1090613468000, -0.24037547, 0.076358154, -0.17470746
1090618466000, -0.23945917, 0.017715093, -0.17928895
1090623497000, -0.25809056, -0.04642576, -0.18325958
1090628509000, -0.25961772, -0.121256754, -0.17928895
1090633498000, -0.26816985, -0.20066923, -0.18295415
1090638481000, -0.28710666, -0.23732115, -0.183565
1090645088000, -0.3036, -0.27458394, -0.19730948
1090648495000, -0.32253686, -0.30024028, -0.20433442
1090653518000, -0.3371976, -0.34055737, -0.20586158
1090658535000, -0.36102137, -0.37720928, -0.2144137
1090663520000, -0.40103304, -0.39858958, -0.23243423
1090668542000, -0.42638394, -0.41416663, -0.25809056
1090673539000, -0.45448375, -0.4092797, -0.27458394
1090678546000, -0.47983465, -0.42119157, -0.29840767
1090683554000, -0.49602258, -0.4266894, -0.3295618
1090688547000, -0.5119051, -0.4392121, -0.3472769
1090693547000, -0.535118, -0.44623706, -0.37323865
1090698553000, -0.55863625, -0.4596761, -0.39767328
1090703539000, -0.55680364, -0.46853364, -0.42730024
1090708532000, -0.5693264, -0.47678033, -0.45356745
1090713540000, -0.57726765, -0.4831944, -0.4810564
1090718585000, -0.589485, -0.47311515, -0.51007247
1090723552000, -0.6188065, -0.4801401, -0.5390886
1090728511000, -0.655153, -0.4831944, -0.5665775
1090733499000, -0.7287622, -0.5204572, -0.59803706
1090738501000, -0.8078693, -0.5354234, -0.61666846
1090743502000, -0.86193085, -0.63407815, -0.64476824
1090748499000, -0.9654725, -0.7293731, -0.6835582
1090753493000, -1.0607675, -0.85062987, -0.7147123
1090758496000, -1.1462886, -0.96577793, -0.7333437
1090764142000, -1.2232577, -1.0720685, -0.76144356
1090768500000, -1.2913691, -1.1630874, -0.77579886
1090773493000, -1.3811663, -1.2748758, -0.7984009
1090778494000, -1.4489723, -1.3814718, -0.8164214
1090783480000, -1.536326, -1.4782939, -0.82650065
1090788503000, -1.6145169, -1.5491543, -0.8402451
1090793483000, -1.6792686, -1.5971072, -0.84574294
1090798482000, -1.7504344, -1.6264287, -0.84116143
1090803481000, -1.8002199, -1.6423112, -0.838718
1090808480000, -1.8234328, -1.6542231, -0.8399397
1090813488000, -1.8420641, -1.6563611, -0.8393288
1090818519000, -1.8304577, -1.6261233, -0.83260936
1090823516000, -1.8185458, -1.5790867, -0.8136725
1090828515000, -1.7959439, -1.5460999, -0.7901542
1090833488000, -1.7715092, -1.5173893, -0.7706065
1090838512000, -1.7531832, -1.4813483, -0.763887
1090845196000, -1.7208074, -1.4404203, -0.7483099
1090848490000, -1.6801848, -1.346347, -0.7302894
1090853526000, -1.6355917, -1.251052, -0.7079928
1090858548000, -1.5625933, -1.1823297, -0.6808093
1090863521000, -1.4746287, -1.1661417, -0.6606508
1090868534000, -1.3952162, -1.1478158, -0.6420194
1090873540000, -1.2901474, -1.1294898, -0.63041294
1090878538000, -1.181108, -1.0922271, -0.6270532
1090883541000, -1.067487, -1.0290025, -0.63224554
1090888544000, -0.97341377, -0.9599747, -0.63132924
1090893540000, -0.89766645, -0.8784242, -0.6249151
1090898533000, -0.8197812, -0.818254, -0.61422503
1090903501000, -0.7510588, -0.79168135, -0.6072
1090908548000, -0.68966687, -0.7812967, -0.5888741
1090913537000, -0.6404922, -0.7861836, -0.59803706
1090918527000, -0.5815437, -0.77854776, -0.6020077
1090923536000, -0.5235115, -0.7742717, -0.6062838
1090928542000, -0.44837508, -0.752586, -0.59620446
1090933530000, -0.36651915, -0.7583892, -0.5815437
1090938541000, -0.32986724, -0.7458665, -0.5873469
1090943537000, -0.23365596, -0.75502944, -0.63346726
1090948505000, -0.13072516, -0.8304713, -0.6731735
1090953525000, -0.08368854, -1.3643675, -0.788627
1090958528000, -0.2434298, -1.5201381, -0.818254
1090963522000, -0.22388211, -1.4156802, -0.7443393
1090968526000, -0.094989546, -1.2174544, -0.68325275
1090973551000, 0.032070424, -1.0225884, -0.65209866
1090978530000, 0.1685988, -0.7788532, -0.6102544
1090983517000, 0.33383787, -0.5357288, -0.5879578
1090988523000, 0.48563787, -0.37690386, -0.6151413
1090993527000, 0.59559363, -0.2706133, -0.6469063
1090998527000, 0.7171558, -0.2678644, -0.6780604
1091003530000, 0.79320854, -0.34513888, -0.72173727
1091008526000, 0.82619524, -0.42119157, -0.7626653
1091013514000, 0.86132, -0.4813618, -0.7791586
1091018524000, 0.88300574, -0.53786683, -0.79809546
1091023530000, 0.90285885, -0.6047566, -0.81245077
1091028525000, 0.9392053, -0.6817256, -0.8194757
1091033525000, 0.9615019, -0.711658, -0.8228355
1091038524000, 0.97585726, -0.7623598, -0.8173377
1091045112000, 0.9825767, -0.8127562, -0.8170323
1091048500000, 1.0005972, -0.84635377, -0.820392
1091053577000, 1.0317514, -0.8744536, -0.80481493
1091058580000, 1.0421361, -0.8927795, -0.79045963
1091063564000, 1.044885, -0.91721416, -0.77396625
1091068588000, 1.0580186, -0.9450085, -0.7498371
1091073587000, 1.0543534, -0.97402465, -0.68752885
1091078568000, 1.0629056, -1.0094548, -0.6606508
1091083574000, 1.0629056, -1.0690142, -0.6215554
1091089296000, 1.0454959, -1.1163563, -0.57818395
1091093588000, 1.0277808, -1.149343, -0.52442783
1091098585000, 1.0070114, -1.1606439, -0.46853364
1091103721000, 1.0015136, -1.1319333, -0.41722095
1091108732000, 0.9987647, -1.1301007, -0.3717115
1091113668000, 1.0082331, -1.1239921, -0.3277292
1091118686000, 1.0076222, -1.1212431, -0.2959642
1091123710000, 0.9963212, -1.1136073, -0.25137106
1091128697000, 1.0005972, -1.1200215, -0.22724187
1091133689000, 0.9947941, -1.1187997, -0.20158553
1091138593000, 0.99173975, -1.1392636, -0.18875736
1091143586000, 0.9941832, -1.1636983, -0.15577064
1091148641000, 0.9947941, -1.1869112, -0.1151481
1091153565000, 0.98899084, -1.2208142, -0.05467244
1091158544000, 0.98563105, -1.2574661, -0.0015271631
1091163520000, 0.97005403, -1.2733486, 0.059253927
1091168541000, 0.9654725, -1.2858714, 0.12675454
1091173519000, 0.9560041, -1.2928963, 0.18509217
1091178520000, 0.9147707, -1.3048081, 0.24465153
1091183531000, 0.8686504, -1.3384057, 0.31581733
1091188523000, 0.7968737, -1.378112, 0.3747658
1091193517000, 0.7431176, -1.4388931, 0.40744713
1091198518000, 0.68752885, -1.5167783, 0.39187005
1091203519000, 0.64873886, -1.6148223, 0.36010507
1091208521000, 0.6053675, -1.7088956, 0.3753767
1091213523000, 0.57696223, -1.8060231, 0.39736784
1091218518000, 0.5766568, -1.8872682, 0.3866777
1091223509000, 0.57940567, -1.9843957, 0.3378085
1091228504000, 0.59040123, -2.0384574, 0.16249016
1091233519000, 0.61727935, -2.159714, 0.14263703
1091238499000, 0.7150178, -2.2339342, 0.12461651
1091245176000, 0.77732605, -2.3112087, 0.15088372
1091248500000, 0.8552113, -2.3790147, 0.12614368
1091253588000, 0.94042706, -2.3991733, 0.15760323
1091258600000, 1.0390818, -2.3371704, 0.16798794
1091263581000, 1.1212431, -2.2278256, 0.14019357
1091268576000, 1.2174544, -2.0998492, 0.10995574
1091273566000, 1.2880094, -1.9581286, 0.118202426
1091278582000, 1.3295482, -1.8197676, 0.106595986
1091283587000, 1.3634512, -1.7217237, 0.12308934
1091288564000, 1.357648, -1.6554449, 0.110872045
1091293578000, 1.3170254, -1.6267341, 0.08277224
1091298607000, 1.2504412, -1.6077974, 0.049480084
1091303574000, 1.1893547, -1.5922203, 0.025961773
1091308581000, 1.1233811, -1.5919148, -0.004581489
1091313569000, 1.0360274, -1.6059648, -0.022907447
1091318595000, 0.93462384, -1.625207, -0.044898596
1091323596000, 0.8536842, -1.6288722, -0.065973446
1091328582000, 0.78038037, -1.6239853, -0.07666359
1091333573000, 0.7602218, -1.6044376, -0.08735373
1091338571000, 0.72204274, -1.582141, -0.10415252
1091343578000, 0.71593404, -1.5543466, -0.10995574
1091348547000, 0.70738196, -1.5289958, -0.11942416
1091353561000, 0.7089091, -1.5042557, -0.12950343
1091358564000, 0.7247916, -1.4569136, -0.13225232
1091363562000, 0.7440339, -1.4150693, -0.11911872
1091368567000, 0.7626653, -1.3729197, -0.10934488
1091373572000, 0.77182823, -1.3344351, -0.0842994
1091378578000, 0.7675522, -1.294118, -0.041233405
1091383556000, 0.75777835, -1.2712106, 0.008857546
1091388560000, 0.73731434, -1.2238685, 0.06994407
1091393567000, 0.68661255, -1.1722504, 0.1142318
1091398559000, 0.64843345, -1.1285735, 0.14813483
1091403564000, 0.5870415, -1.1184943, 0.18142697
1091408562000, 0.51893, -1.1606439, 0.21655174
1091414359000, 0.44348818, -1.2605205, 0.2452624
1091418574000, 0.38240165, -1.4040737, 0.2724459
1091423572000, 0.30940324, -1.4813483, 0.29626966
1091428567000, 0.24953845, -1.6884315, 0.31429017
1091433559000, 0.23273966, -1.9120082, 0.35094208
1091438542000, 0.19761491, -2.1429152, 0.38759398
1091445368000, 0.17684549, -2.3536637, 0.42363504
1091448576000, 0.13469578, -2.5222626, 0.4569272
1091453582000, 0.06719518, -2.6499333, 0.4392121
1091458588000, -0.005497787, -2.6572638, 0.42394048
1091463594000, -0.08399397, -2.6120598, 0.39767328
1091468602000, -0.12217305, -2.5195136, 0.33292156
1091473589000, -0.13194689, -2.3719897, 0.21013765
1091478580000, -0.0711658, -2.1771238, 0.08124508
1091484399000, 0.054061573, -1.9889772, -0.04062254
1091488593000, 0.21197024, -1.9025398, -0.15118915
1091493583000, 0.32620203, -1.990199, -0.22968534
1091498575000, 0.38759398, -2.1600194, -0.31856623
1091503585000, 0.4156938, -2.3377812, -0.43035457
1091508582000, 0.4120286, -2.4871378, -0.5204572
1091513581000, 0.4364632, -2.6105325, -0.53878313
1091518586000, 0.44715336, -2.6068676, -0.50671273
1091523580000, 0.49205196, -2.5995371, -0.5027421
1091528588000, 0.5403103, -2.6762006, -0.54244834
1091533581000, 0.6093381, -2.8548787, -0.6423248
1091538589000, 0.65179324, -3.0662382, -0.7144069
1091543577000, 0.64751714, -3.1645875, -0.7761043
1091548552000, 0.63499445, -3.1364875, -0.80756384
1091553536000, 0.65148777, -3.0369165, -0.77824235
1091558578000, 0.66248333, -2.8475482, -0.745561
1091563567000, 0.6786713, -2.6618452, -0.6881397
1091568574000, 0.6872234, -2.5977044, -0.6075055
1091573574000, 0.5882632, -2.4923303, -0.5757405
1091578570000, 0.4636467, -2.313652, -0.5488624
1091583580000, 0.3652974, -2.1212296, -0.4831944
1091588574000, 0.267559, -1.922393, -0.41080686
1091593563000, 0.16584991, -1.7208074, -0.34880406
1091598572000, 0.0729984, -1.5213599, -0.29168814
1091603566000, -0.0061086523, -1.3069462, -0.23243423
1091608573000, -0.065973446, -1.10139, -0.19486602
1091613579000, -0.12064589, -0.8921687, -0.1432479
1091618574000, -0.15607607, -0.7098254, -0.10598512
1091623563000, -0.1872302, -0.627664, -0.09101892
1091628576000, -0.19914207, -0.48502702, -0.050701816
1091633572000, -0.22266038, -0.39706242, -0.023518313
1091638557000, -0.24007004, -0.33567044, 0.008246681
1091645356000, -0.22999077, -0.26297748, 0.043982297
1091648633000, -0.22785273, -0.20922135, 0.07574729
1091653615000, -0.2098322, -0.18020524, 0.111177474
1091658609000, -0.20463985, -0.1731803, 0.119729586
1091663619000, -0.18325958, -0.17348573, 0.13469578
1091668614000, -0.13958271, -0.19425514, 0.14294247
1091673615000, -0.105068825, -0.22266038, 0.12858713
1091678631000, -0.070554934, -0.27000242, 0.09285152
1091683614000, -0.03023783, -0.34116822, 0.053450707
1091688608000, 0.02687807, -0.42424592, 0.002443461
1091693626000, 0.0870483, -0.52198434, -0.058643065
1091698631000, 0.1572978, -0.62980205, -0.10934488
1091703613000, 0.22724187, -0.7654142, -0.14630222
1091708602000, 0.28588495, -0.90224797, -0.18936823
1091713613000, 0.3390302, -1.031446, -0.23396139
1091718615000, 0.3735441, -1.0821478, -0.27183503
1091723608000, 0.42058071, -1.2012665, -0.29626966
1091728613000, 0.43096542, -1.319469, -0.33475417
1091733610000, 0.44348818, -1.4205672, -0.36132678
1091739469000, 0.45142943, -1.5219707, -0.38515055
1091743616000, 0.44532076, -1.6120734, -0.4098906
1091748577000, 0.41813725, -1.6872098, -0.43035457
1091753588000, 0.35735616, -1.7507398, -0.44318274
1091758595000, 0.30726522, -1.767844, -0.46120325
1091763601000, 0.23304509, -1.74738, -0.4709771
1091768594000, 0.13347405, -1.6939293, -0.47800204
1091773589000, 0.052839845, -1.5894713, -0.4783075
1091778589000, -0.046731193, -1.4370605, -0.48258355
1091783591000, -0.1572978, -1.246776, -0.49327368
1091788599000, -0.25625798, -1.0473285, -0.5131268
1091793602000, -0.35308012, -0.8503244, -0.54428095
1091798594000, -0.46028697, -0.68111473, -0.5907067
1091803580000, -0.5537493, -0.5815437, -0.66156703
1091809254000, -0.64873886, -0.5503896, -0.7458665
1091813607000, -0.7528914, -0.58246, -0.8368854
1091818593000, -0.8350528, -0.625526, -0.94225967
1091823602000, -0.890947, -0.7128797, -0.9954049
1091828665000, -1.0024298, -0.83169305, -1.1090258
1091833570000, -1.1166617, -0.9941832, -1.212262
1091838569000, -1.2272283, -1.1362094, -1.3038919
1091845468000, -1.3289373, -1.244638, -1.3756685
1091848870000, -1.4132367, -1.2901474, -1.4150693
1091853564000, -1.4767667, -1.3643675, -1.4263704
1091858953000, -1.4908166, -1.5121969, -1.4117095
1091863573000, -1.4807373, -1.6013832, -1.3720033
1091868921000, -1.5329664, -1.6939293, -1.3271047
1091873615000, -1.6539177, -1.7635679, -1.2825116
1091878629000, -1.8677205, -1.8945986, -1.2492194
1091883623000, -2.1248949, -2.096184, -1.2754866
1091888564000, -2.4559836, -2.2696698, -1.3826935
1091893615000, -2.7210991, -2.3625214, -1.4459181
1091898536000, -2.843883, -2.207056, -1.3243558
1091903625000, -2.879619, -1.9187278, -1.2425
1091908566000, -2.8735101, -1.7577647, -1.2840388
1091913607000, -2.8478537, -1.5812247, -1.2962561
1091918584000, -2.8487701, -1.4654657, -1.2852604
1091923608000, -2.8612928, -1.2299771, -1.2449434
1091928594000, -2.8753426, -1.0302242, -1.1768318
1091933609000, -2.8893926, -0.8549059, -1.0870347
1091938611000, -2.9104674, -0.7244862, -0.9673051
1091943610000, -2.9309313, -0.6899723, -0.82344633
1091948581000, -2.9923234, -0.6918049, -0.6936375
1091953561000, -3.0289752, -0.72418076, -0.58093286
1091958563000, -3.0317242, -0.7996226, -0.453262
1091963564000, -3.0250046, -0.8396343, -0.35216382
1091968559000, -3.0250046, -0.86590147, -0.31490102
1091973568000, -3.0433307, -0.8979719, -0.31948254
1091978559000, -3.0292807, -1.0088439, -0.35308012
1091983569000, -3.0317242, -1.1646146, -0.44684792
1091988561000, -3.0185907, -1.3246613, -0.5702427
1091993558000, -2.9684997, -1.4535538, -0.7293731
1091998610000, -2.8744264, -1.5610662, -0.91232723
1092003568000, -2.7467556, -1.7119498, -1.0778717
1092008561000, -2.5928175, -1.9007072, -1.2220359
1092013559000, -2.4190264, -1.9663752, -1.3072516
1092018575000, -2.3451116, -2.0204368, -1.3384057
1092023564000, -2.218968, -1.9990565, -1.3478742
1092028554000, -2.1090124, -1.933083, -1.3176364
1092033558000, -2.01219, -1.8854356, -1.2452488
1092038556000, -1.9456058, -1.8738291, -1.1294898
1092045347000, -1.9333885, -1.9144517, -0.999681
1092048536000, -1.9431623, -2.0182989, -0.86590147
1092053578000, -1.9746219, -2.1416936, -0.72204274
1092058575000, -1.9978348, -2.2666154, -0.593761
1092063572000, -2.0433443, -2.3915374, -0.47616947
1092068598000, -2.0796907, -2.4572055, -0.37782016
1092073576000, -2.1025982, -2.468812, -0.2874121
1092078566000, -2.0836613, -2.4452937, -0.21319197
1092083583000, -2.021964, -2.425746, -0.15974127
1092088580000, -1.9297233, -2.413834, -0.12156218
1092093564000, -1.8469511, -2.4104743, -0.08124508
1092098577000, -1.7479908, -2.413834, -0.054367006
1092103552000, -1.6459764, -2.355191, -0.046731193
1092108584000, -1.5537357, -2.237294, -0.043676864
1092113532000, -1.5106697, -2.1594086, -0.04734206
1092118582000, -1.4969252, -1.9871446, -0.057726767
1092123510000, -1.4746287, -1.8102992, -0.065973446
1092128576000, -1.4633276, -1.6643023, -0.0852157
1092133560000, -1.4495832, -1.5448782, -0.092240654
1092138587000, -1.4431691, -1.4669929, -0.09896017
1092143561000, -1.4214834, -1.3952162, -0.10567969
1092148555000, -1.3888022, -1.3313808, -0.13041973
1092153564000, -1.3332134, -1.2864822, -0.15760323
1092158603000, -1.2797627, -1.2586879, -0.1881465
1092163632000, -1.2110404, -1.2483032, -0.22510384
1092168607000, -1.1453724, -1.2400564, -0.258396
1092173568000, -1.0720685, -1.2232577, -0.28955013
1092178604000, -1.0027353, -1.2232577, -0.32345316
1092183588000, -0.9416488, -1.2626585, -0.3549127
1092188604000, -0.8872818, -1.3179418, -0.39553526
1092193731000, -0.80970186, -1.3854424, -0.43218717
1092198614000, -0.72295904, -1.4737124, -0.46944994
1092204610000, -0.64873886, -1.5451837, -0.50243664
1092208606000, -0.5723807, -1.5745052, -0.52412236
1092213558000, -0.5006041, -1.6007724, -0.5314528
1092218594000, -0.47067168, -1.5919148, -0.5403103
1092223556000, -0.39645153, -1.5641204, -0.54825157
1092228601000, -0.30787608, -1.5155567, -0.5204572
1092233577000, -0.21013765, -1.4697418, -0.49602258
1092238595000, -0.12217305, -1.3988814, -0.4605924
1092245499000, -0.04337143, -1.3185526, -0.42577308
1092248571000, 0.022602014, -1.2144, -0.38240165
1092253620000, 0.081855945, -1.094976, -0.3408628
1092258585000, 0.15057829, -0.9859365, -0.30757064
1092263605000, 0.20799962, -0.88453287, -0.2706133
1092268560000, 0.269697, -0.77213365, -0.23426682
1092273587000, 0.31520647, -0.65026605, -0.19150625
1092278571000, 0.37018433, -0.5045747, -0.16615535
1092283616000, 0.40439278, -0.35002577, -0.1469131
1092288562000, 0.44043383, -0.17745635, -0.13439035
1092293607000, 0.4633413, -0.012217305, -0.13744467
1092298562000, 0.4896085, 0.1432479, -0.14752395
1092303618000, 0.5183192, 0.30604348, -0.1432479
1092308571000, 0.5363397, 0.40194935, -0.14202617
1092313638000, 0.5510005, 0.5757405, -0.13439035
1092318590000, 0.5757405, 0.75319684, -0.11728613
1092323643000, 0.60994893, 0.91690874, -0.09560041
1092328577000, 0.65668017, 1.054048, -0.045814894
1092333615000, 0.68661255, 1.1456778, -0.019547688
1092338571000, 0.72295904, 1.2165382, 0.011301007
1092343619000, 0.75655663, 1.2742649, 0.043676864
1092348547000, 0.79381937, 1.3243558, 0.06047566
1092353563000, 0.82253003, 1.3799446, 0.09162979
1092358564000, 0.86132, 1.4056009, 0.11148291
1092363561000, 0.89675015, 1.4144585, 0.14721853
1092368545000, 0.93615097, 1.3805555, 0.18845193
1092373578000, 0.9825767, 1.3399329, 0.24373524
1092378559000, 1.0076222, 1.2709051, 0.31795537
1092383561000, 1.0247264, 1.1621711, 0.3857614
1092388559000, 1.0360274, 1.0690142, 0.453262
1092393564000, 1.0268645, 0.9868528, 0.514654
1092398572000, 1.0152581, 0.95630956, 0.57726765
1092403562000, 0.98563105, 0.95142263, 0.6270532
1092408572000, 0.95111716, 0.96883225, 0.6536258
1092413561000, 0.9221011, 1.0195341, 0.6948592
1092418568000, 0.8738427, 1.0720685, 0.7263188
1092423545000, 0.8359691, 1.1218541, 0.75686204
1092428567000, 0.7968737, 1.1624765, 0.7593055
1092433556000, 0.74189585, 1.185384, 0.75747293
1092438564000, 0.6927212, 1.1695015, 0.7742717
1092445326000, 0.6649268, 1.1246029, 0.7690793
1092448537000, 0.6160576, 1.1078042, 0.77182823
1092453618000, 0.5720753, 1.1068878, 0.7870999
1092458685000, 0.50701815, 1.0885619, 0.79198676
1092463594000, 0.43371433, 1.0464121, 0.8078693
1092468607000, 0.35246924, 0.98440933, 0.83260936
1092473616000, 0.28130344, 0.91690874, 0.8552113
1092478617000, 0.2275473, 0.84971356, 0.88361657
1092483603000, 0.16157386, 0.8164214, 0.8854492
1092488609000, 0.10476339, 0.7987063, 0.90285885
1092494170000, 0.07391469, 0.8045095, 0.92087936
1092498620000, 0.042455133, 0.81000733, 0.93279123
1092503610000, 0.016493361, 0.8216137, 0.94225967
1092508603000, -0.016798794, 0.8555168, 0.945314
1092513563000, -0.027794369, 0.872621, 0.95233893
1092518617000, -0.047036625, 0.87598073, 0.9456194
1092523560000, -0.0842994, 0.8668178, 0.93126404
1092528631000, -0.099571034, 0.8582657, 0.8970556
1092533566000, -0.10598512, 0.8240572, 0.86315256
1092538587000, -0.10781772, 0.7861836, 0.81122905
1092543564000, -0.115453534, 0.73823065, 0.75594574
1092548586000, -0.121256754, 0.6936375, 0.6988298
1092553603000, -0.12797627, 0.68416905, 0.6575964
1092558618000, -0.14935656, 0.65576386, 0.6062838
1092563571000, -0.16737708, 0.6432411, 0.5653558
1092568608000, -0.18142697, 0.64873886, 0.54000485
1092573602000, -0.2125811, 0.66981375, 0.52015173
1092578595000, -0.24709499, 0.7122689, 0.49846604
1092583713000, -0.27977628, 0.75869465, 0.48991394
1092588609000, -0.31978795, 0.8017606, 0.48502702
1092593828000, -0.36774087, 0.838718, 0.4886922
1092598601000, -0.3866777, 0.8707884, 0.49480084
1092603944000, -0.41172317, 0.91446525, 0.4981606
1092608575000, -0.40194935, 0.93431836, 0.49174652
1092614001000, -0.39675698, 0.99296147, 0.49480084
1092618596000, -0.37293324, 1.0076222, 0.49846604
1092623586000, -0.3652974, 1.0320568, 0.50732356
1092628604000, -0.34300083, 1.0070114, 0.4905248
1092633581000, -0.32345316, 1.0033462, 0.46853364
1092638588000, -0.3032946, 0.98624194, 0.43860126
1092643604000, -0.26939157, 0.9798279, 0.3915646
1092648570000, -0.22510384, 0.9767735, 0.35613444
1092653576000, -0.17104226, 0.99112886, 0.32375857
1092658622000, -0.10751228, 1.0225884, 0.3032946
1092663585000, -0.08582657, 1.0803152, 0.2657264
1092668600000, -0.092240654, 1.1270463, 0.22785273
1092673574000, -0.17073683, 1.1814134, 0.16920967
1092678579000, -0.3173445, 1.2272283, 0.11148291
1092683613000, -0.44959682, 1.2812898, 0.080634214
1092688611000, -0.5546656, 1.3552046, 0.06261369
1092693605000, -0.6056729, 1.4437801, 0.07391469
1092698593000, -0.6395759, 1.4905112, 0.10415252
1092703654000, -0.6545421, 1.5476271, 0.16401732
1092708614000, -0.6603453, 1.5552629, 0.20311269
1092713615000, -0.6462954, 1.5076154, 0.28221974
1092718593000, -0.6310238, 1.393689, 0.34574974
1092723587000, -0.5900958, 1.2571607, 0.35521814
1092728620000, -0.5726862, 1.1215485, 0.28344148
1092733617000, -0.58062744, 0.9859365, 0.14905111
1092738592000, -0.61361414, 0.88117313, -0.026572637
1092743598000, -0.70829827, 0.838718, -0.27030787
1092748559000, -0.8323039, 0.874759, -0.52534413
1092753585000, -0.97219205, 0.9309586, -0.75441855
1092758596000, -1.0968086, 0.96883225, -0.92057395
1092763599000, -1.1716396, 0.9239337, -1.0186177
1092768589000, -1.1841623, 0.77518797, -1.0512991
1092773599000, -1.1523973, 0.56230146, -1.0433578
1092778594000, -1.0512991, 0.3491095, -1.0183123
1092783701000, -0.93401295, 0.1826487, -0.97433007
1092788590000, -0.84513205, 0.07574729, -0.9049969
1092793598000, -0.784351, 0.035124753, -0.8228355
1092798602000, -0.77640975, 0.027794369, -0.7324274
1092803595000, -0.8023715, 0.05375614, -0.68630713
1092808600000, -0.82711154, 0.14752395, -0.6114761
1092813604000, -0.8915578, 0.25992316, -0.56077427
1092819197000, -0.9602802, 0.3567453, -0.50640726
1092823600000, -1.0088439, 0.45998153, -0.47739118
1092828599000, -1.0662653, 0.55924714, -0.45234573
1092833594000, -1.1209377, 0.65148777, -0.4361578
1092838618000, -1.1722504, 0.7257079, -0.4334089
1092845123000, -1.2040154, 0.76052725, -0.43951756
1092848553000, -1.2232577, 0.77579886, -0.43035457
1092853637000, -1.2263119, 0.754724, -0.43157628
1092858583000, -1.2043208, 0.7351763, -0.4288274
1092863586000, -1.1713341, 0.6942484, -0.4279111
1092868572000, -1.1191051, 0.70188415, -0.42424592
1092873624000, -1.0781772, 0.57940567, -0.4392121
1092878570000, -1.0091494, 0.46883908, -0.46211955
1092883594000, -0.9673051, 0.37598756, -0.4831944
1092888562000, -0.9462303, 0.29046643, -0.50426924
1092893628000, -0.9254609, 0.22785273, -0.5128214
1092898564000, -0.9288206, 0.20677789, -0.51159966
1092903608000, -0.9419542, 0.1685988, -0.5039638
1092908577000, -0.96944314, 0.14874569, -0.5006041
1092913611000, -1.0213667, 0.15271631, -0.5027421
1092918572000, -1.0665708, 0.160963, -0.50426924
1092923601000, -1.142318, 0.1957823, -0.52015173
1092928561000, -1.210735, 0.2507602, -0.5421429
1092933572000, -1.2718215, 0.3222314, -0.5552765
1092938571000, -1.3093897, 0.3827071, -0.5757405
1092943622000, -1.3387111, 0.4202753, -0.59956425
1092948547000, -1.38025, 0.4474588, -0.63438356
1092953596000, -1.4144585, 0.4831944, -0.67164636
1092959133000, -1.4712689, 0.46700647, -0.72326446
1092963591000, -1.5131133, 0.41416663, -0.7654142
1092968731000, -1.5351044, 0.31490102, -0.79534656
1092973601000, -1.5583172, 0.19486602, -0.8127562
1092978922000, -1.5800029, 0.060170226, -0.81092364
1092983606000, -1.5968018, -0.044898596, -0.8008443
1092988935000, -1.6022996, -0.12064589, -0.7800749
1092993587000, -1.5922203, -0.14538592, -0.763887
1092998970000, -1.5842791, -0.118507855, -0.7296785
1093003581000, -1.6074919, -0.12370021, -0.7156286
1093009033000, -1.6081028, -0.15485434, -0.6973027
1093013622000, -1.6059648, -0.098043874, -0.6881397
1093018604000, -1.6197093, -0.04153884, -0.6750061
1093023608000, -1.6426166, -0.004886922, -0.6640105
1093028619000, -1.6316211, 0.027183503, -0.66828656
1093033601000, -1.6334536, 0.06383542, -0.68600166
1093038572000, -1.6475036, 0.08552113, -0.7165449
1093045112000, -1.6636915, 0.19028452, -0.7333437
1093048580000, -1.6936239, 0.27458394, -0.77396625
1093053621000, -1.7400496, 0.27885997, -0.8396343
1093058552000, -1.7803668, 0.25473082, -0.8888089
1093063600000, -1.7922786, 0.23762658, -0.93187493
1093068598000, -1.7751744, 0.22602014, -0.9477574
1093073571000, -1.7574593, 0.22266038, -0.947452
1093078597000, -1.7492126, 0.21838433, -0.9126327
1093083617000, -1.7537941, 0.1908954, -0.8921687
1093088580000, -1.7779233, 0.12461651, -0.87598073
1093093594000, -1.8008307, 0.064446285, -0.850019
1093098599000, -1.783421, -0.05467244, -0.8341365
1093103613000, -1.7476854, -0.13500121, -0.79168135
1093108747000, -1.6966782, -0.1704314, -0.7244862
1093113593000, -1.6352862, -0.24678956, -0.63071835
1093118594000, -1.5531249, -0.30390546, -0.5329799
1093123607000, -1.4892895, -0.3417791, -0.44898596
1093128626000, -1.4425583, -0.36132678, -0.37812558
1093133598000, -1.409877, -0.37232238, -0.3378085
1093138598000, -1.3927728, -0.41172317, -0.30879238
1093144244000, -1.3695599, -0.4783075, -0.3200934
1093148580000, -1.3573426, -0.5439755, -0.32162055
1093153597000, -1.3655893, -0.591623, -0.3210097
1093158594000, -1.389413, -0.59650993, -0.30085114
1093163596000, -1.4373659, -0.59803706, -0.28221974
1093168598000, -1.4837917, -0.5925393, -0.24220806
1093173593000, -1.527774, -0.5702427, -0.21288654
1093178744000, -1.582141, -0.6249151, -0.14721853
1093183598000, -1.6224581, -0.69913524, -0.108123146
1093188580000, -1.6536123, -0.70371675, -0.093462385
1093193597000, -1.6948457, -0.70952, -0.07452556
1093198609000, -1.7067575, -0.75502944, -0.045814894
1093203589000, -1.7461584, -0.79381937, -0.03176499
1093208607000, -1.7638733, -0.8323039, -0.014660766
1093213593000, -1.7492126, -0.84116143, 0.004886922
1093218604000, -1.7088956, -0.8176431, 0.026267206
1093223593000, -1.6600263, -0.81122905, 0.05589417
1093228602000, -1.6087136, -0.7959574, 0.071776666
1093233594000, -1.5506815, -0.7654142, 0.092240654
1093238595000, -1.4920384, -0.7305948, 0.09560041
1093245102000, -1.4553864, -0.6805039, 0.10323623
1093248582000, -1.434617, -0.61941737, 0.115453534
1093253579000, -1.4395039, -0.5815437, 0.12614368
1093258580000, -1.4480561, -0.5296202, 0.15302174
1093263589000, -1.4495832, -0.50488013, 0.1740966
1093268610000, -1.4431691, -0.514654, 0.18875736
1093273562000, -1.4538593, -0.5317582, 0.21685717
1093278596000, -1.452943, -0.5516113, 0.23182335
1093283534000, -1.4556919, -0.573297, 0.25778514
1093288619000, -1.4501941, -0.5861252, 0.28221974
1093293584000, -1.4706581, -0.6105598, 0.28710666
1093298602000, -1.4795157, -0.6264423, 0.29840767
1093303561000, -1.493871, -0.6383542, 0.30726522
1093308620000, -1.4932601, -0.6291912, 0.31642818
1093313576000, -1.4990633, -0.6133087, 0.31978795
1093318609000, -1.4798211, -0.5693264, 0.30970868
1093323575000, -1.4504995, -0.50579643, 0.28802297
1093328587000, -1.4010195, -0.40011674, 0.27091873
1093333573000, -1.3582588, -0.27488935, 0.24984388
1093338767000, -1.3063353, -0.15118915, 0.23090707
1093343648000, -1.258077, -0.047036625, 0.19333886
1093348639000, -1.1972959, 0.03634648, 0.16798794
1093353570000, -1.1591167, 0.1414153, 0.13530666
1093358831000, -1.1087204, 0.21471913, 0.10781772
1093363625000, -1.0644327, 0.26908615, 0.0852157
1093368901000, -1.0341948, 0.3200934, 0.052534413
1093373656000, -1.0015136, 0.37415496, 0.016187929
1093378954000, -0.9416488, 0.41447207, -0.029321533
1093383642000, -0.8900307, 0.44409904, -0.07880162
1093388581000, -0.8258898, 0.45020768, -0.111177474
1093393666000, -0.7858781, 0.45540005, -0.17531833
1093398557000, -0.689056, 0.46211955, -0.22937989
1093403542000, -0.61819565, 0.4615087, -0.26908615
1093408514000, -0.528093, 0.46120325, -0.3005457
1093413537000, -0.44684792, 0.48991394, -0.32986724
1093418446000, -0.37782016, 0.5143485, -0.34238997
1093423465000, -0.2874121, 0.535118, -0.35124752
1093428445000, -0.21563543, 0.55833083, -0.34300083
1093433455000, -0.18509217, 0.5748242, -0.34269542
1093438439000, -0.1328632, 0.56779927, -0.32375857
1093443463000, -0.0983493, 0.54458636, -0.30970868
1093448439000, -0.08246681, 0.5311473, -0.3036
1093453594000, -0.045814894, 0.5122105, -0.29260445
1093458526000, -0.022907447, 0.49205196, -0.2855795
1093463514000, 0.0067195175, 0.45020768, -0.2779437
1093468512000, 0.036957346, 0.41080686, -0.2764165
1093473533000, 0.06566802, 0.3549127, -0.25350907
1093478519000, 0.06719518, 0.27580565, -0.22999077
1093483516000, 0.052839845, 0.24465153, -0.18081611
1093488529000, 0.046120327, 0.1872302, -0.14935656
1093493530000, 0.0070249503, 0.11881329, -0.092240654
1093498551000, -0.04917465, 0.07147124, -0.028405234
1093503554000, -0.10903945, 0.07452556, 0.028099801
1093508522000, -0.18875736, 0.09285152, 0.06811147
1093513510000, -0.2678644, 0.14630222, 0.100792766
1093518537000, -0.35277468, 0.20250183, 0.10934488
1093523533000, -0.42730024, 0.27214047, 0.11911872
1093528517000, -0.48838675, 0.34972036, 0.13255776
1093533520000, -0.52656585, 0.4016439, 0.1282817
1093538953000, -0.5534439, 0.4578435, 0.11942416
1093543527000, -0.5635232, 0.5177083, 0.094989546
1093548510000, -0.5546656, 0.55833083, 0.073303826
1093553554000, -0.514654, 0.59620446, 0.053145275
1093558557000, -0.4636467, 0.6420194, 0.024740042
1093563564000, -0.40225476, 0.6737844, -0.003970624
1093568565000, -0.3436117, 0.70554936, -0.03481932
1093573585000, -0.2742785, 0.73853606, -0.05955936
1093578553000, -0.21471913, 0.77488256, -0.076052725
1093583545000, -0.16432275, 0.7892379, -0.08368854
1093588568000, -0.1441642, 0.8170323, -0.08368854
1093593558000, -0.11759156, 0.8396343, -0.08093964
1093598562000, -0.115453534, 0.84879726, -0.06169739
1093603547000, -0.14172074, 0.8533788, -0.03634648
1093608524000, -0.19608775, 0.8576548, 9.162979E-4
1093613542000, -0.27305678, 0.86437434, 0.047647487
1093618700000, -0.3390302, 0.86406887, 0.08277224
1093623566000, -0.40561453, 0.85918194, 0.124005646
1093628672000, -0.4841107, 0.8393288, 0.14538592
1093633562000, -0.5564982, 0.8054258, 0.17348573
1093638677000, -0.6041457, 0.7837401, 0.1881465
1093645412000, -0.6585127, 0.75991637, 0.19364429
1093648661000, -0.6792821, 0.7305948, 0.19272798
1093653569000, -0.68233645, 0.71593404, 0.17806722
1093658501000, -0.6560693, 0.6930266, 0.160963
1093663460000, -0.61727935, 0.66706485, 0.13408493
1093668500000, -0.5537493, 0.6356053, 0.11789699
1093673467000, -0.49510628, 0.6026186, 0.099571034
1093678478000, -0.40194935, 0.58459806, 0.093462385
1093683482000, -0.37507126, 0.5497787, 0.09162979
1093688431000, -0.3051272, 0.5170974, 0.09010262
1093693426000, -0.258396, 0.4877759, 0.09865474
1093698411000, -0.22510384, 0.45478916, 0.118507855
1093703412000, -0.20708331, 0.4120286, 0.14477506
1093708410000, -0.2049453, 0.36254853, 0.17073683
1093713412000, -0.21288654, 0.31398472, 0.19456059
1093718410000, -0.22815818, 0.258396, 0.21044308
1093723411000, -0.25778514, 0.23732115, 0.22052236
1093728410000, -0.3023783, 0.21410827, 0.2180789
1093733411000, -0.3304781, 0.19242255, 0.2284636
1093738408000, -0.34666604, 0.15149458, 0.22540927
1093743412000, -0.37415496, 0.08674286, 0.21868975
1093748411000, -0.39736784, 0.00580322, 0.19547687
1093753492000, -0.40622538, -0.07788532, 0.16218472
1093758499000, -0.4016439, -0.16615535, 0.13805555
1093763492000, -0.39278635, -0.24098633, 0.108123146
1093768530000, -0.36346483, -0.30115658, 0.087964594
1093773540000, -0.34116822, -0.3387248, 0.0720821
1093778535000, -0.33292156, -0.33322698, 0.0693332
1093783748000, -0.3304781, -0.3231477, 0.07727446
1093788530000, -0.30787608, -0.312763, 0.08582657
1093793742000, -0.2959642, -0.26542094, 0.12186762
1093798537000, -0.28802297, -0.21319197, 0.15210545
1093803839000, -0.26175576, -0.17684549, 0.18417588
1093808535000, -0.23671028, -0.14446963, 0.21960606
1093813892000, -0.20677789, -0.1423316, 0.23915374
1093818528000, -0.18112154, -0.16584991, 0.25411993
1093823543000, -0.15393804, -0.20341812, 0.25167647
1093828581000, -0.14385876, -0.24251351, 0.24129178
1093833520000, -0.12980886, -0.27397305, 0.22602014
1093838535000, -0.14752395, -0.32375857, 0.20555615
1093845150000, -0.15027285, -0.38820487, 0.1872302
1093848498000, -0.15454891, -0.44990227, 0.17287487
1093853553000, -0.15851954, -0.52320606, 0.1563815
1093858551000, -0.1685988, -0.59315014, 0.14752395
1093864111000, -0.1685988, -0.6386596, 0.13958271
1093868560000, -0.16279559, -0.65057147, 0.13103059
1093873568000, -0.160963, -0.6401868, 0.13225232
1093878549000, -0.15790866, -0.63255095, 0.12461651
1093883541000, -0.15882497, -0.6087272, 0.129198
1093888560000, -0.15424347, -0.5821546, 0.122783914
1093893562000, -0.14660765, -0.5561928, 0.12308934
1093898552000, -0.13500121, -0.52839845, 0.10903945
1093903548000, -0.14019357, -0.5021312, 0.09865474
1093908531000, -0.14202617, -0.48197266, 0.08277224
1093913558000, -0.13408493, -0.45845437, 0.06872234
1093918558000, -0.12095132, -0.44348818, 0.058948494
1093923547000, -0.10323623, -0.40775254, 0.05681047
1093928537000, -0.07513642, -0.3744604, 0.06291912
1093933517000, -0.04550946, -0.3454443, 0.07422013
1093938560000, -0.012217305, -0.3100141, 0.093767814
1093943560000, 0.03359759, -0.27488935, 0.13072516
1093948511000, 0.07574729, -0.26175576, 0.14660765
1093953557000, 0.102319926, -0.26358834, 0.1853976
1093958560000, 0.13622294, -0.2657264, 0.21135938
1093963551000, 0.14630222, -0.28313604, 0.2321288
1093968563000, 0.16157386, -0.28619036, 0.2507602
1093973558000, 0.14385876, -0.29810223, 0.258396
1093978543000, 0.11209377, -0.30726522, 0.2602286
1093983560000, 0.102319926, -0.30818152, 0.25137106
1093988564000, 0.063224554, -0.3118467, 0.24129178
1093993558000, 0.020158553, -0.31337386, 0.22785273
1093998556000, -0.038789943, -0.3042109, 0.22510384
1094003561000, -0.081855945, -0.2837469, 0.22937989
1094008545000, -0.116675265, -0.25778514, 0.23487769
1094013551000, -0.14049901, -0.23060162, 0.23915374
1094018528000, -0.15943582, -0.21746802, 0.25870144
1094023566000, -0.15607607, -0.22785273, 0.2761111
1094028526000, -0.1518, -0.2507602, 0.301462
1094033566000, -0.1386664, -0.27488935, 0.3203988
1094038533000, -0.13164146, -0.30085114, 0.34238997
1094045153000, -0.13316862, -0.3118467, 0.37720928
1094048557000, -0.14569137, -0.31764993, 0.398895
1094053581000, -0.16035213, -0.30909783, 0.41386122
1094058637000, -0.17501289, -0.29443705, 0.44135013
1094063708000, -0.17837265, -0.269697, 0.47250426
1094068630000, -0.19853121, -0.23273966, 0.50701815
1094073730000, -0.22235495, -0.21044308, 0.5467244
1094078564000, -0.23793201, -0.19914207, 0.5644395
1094083586000, -0.23732115, -0.19486602, 0.59986967
1094088561000, -0.23090707, -0.21777347, 0.6411031
1094093565000, -0.23060162, -0.28588495, 0.68477994
1094098738000, -0.21930063, -0.36560285, 0.72784597
1094103584000, -0.19394971, -0.44959682, 0.7724391
1094108942000, -0.17379116, -0.50579643, 0.78954333
1094113572000, -0.14446963, -0.5109888, 0.7996226
1094118921000, -0.109650314, -0.48899764, 0.81306165
1094123583000, -0.08460484, -0.44868052, 0.8185594
1094128990000, -0.06383542, -0.398895, 0.79137594
1094133565000, -0.035124753, -0.3408628, 0.75991637
1094138561000, -0.017715093, -0.2706133, 0.72051555
1094143583000, -0.01160644, -0.2180789, 0.6768387
1094148544000, 0.009162978, -0.19242255, 0.63132924
1094153665000, 0.032986723, -0.20311269, 0.602924
1094158525000, 0.038789943, -0.24556783, 0.5842926
1094163564000, 0.035430185, -0.2843578, 0.57787853
1094168533000, 0.03726278, -0.28619036, 0.57696223
1094173559000, 0.02443461, -0.28680122, 0.59498274
1094178533000, 0.013439035, -0.29443705, 0.61911196
1094183561000, 0.0143553335, -0.31673363, 0.65148777
1094188528000, 0.008246681, -0.32925636, 0.6908886
1094193565000, -0.018020526, -0.32895094, 0.73548174
1094198540000, -0.03390302, -0.32986724, 0.7779369
1094203553000, -0.040011674, -0.30268374, 0.82863873
1094208567000, -0.03756821, -0.2779437, 0.87017757
1094213560000, -0.01863139, -0.25625798, 0.93523467
1094218554000, 0.013439035, -0.23548855, 0.981355
1094223594000, 0.04917465, -0.23793201, 1.0543534
1094228565000, 0.09315695, -0.2406809, 1.0977248
1094233545000, 0.12339478, -0.24923302, 1.1462886
1094238558000, 0.13041973, -0.24281894, 1.1572843
1094245099000, 0.12858713, -0.22449298, 1.1640037
1094248537000, 0.10842858, -0.1853976, 1.1270463
1094253594000, 0.086132, -0.1142318, 1.0705414
1094258577000, 0.08155051, -0.03940081, 1.0036516
1094263613000, 0.08246681, 0.02565634, 0.9398162
1094268604000, 0.0888809, 0.0421497, 0.87781334
1094273594000, 0.10140363, 0.076052725, 0.850019
1094278595000, 0.10415252, 0.08857546, 0.7984009
1094283607000, 0.10934488, 0.09315695, 0.7492262
1094288614000, 0.101098195, 0.076358154, 0.713796
1094293599000, 0.07788532, 0.053145275, 0.689056
1094298598000, 0.06047566, 0.03176499, 0.68111473
1094303577000, 0.03848451, 0.025961773, 0.6976081
1094308618000, 0.0143553335, 0.03756821, 0.72356987
1094313602000, 0.0012217305, 0.06658431, 0.7489208
1094318632000, -0.014049901, 0.109650314, 0.8038987
1094323595000, -0.04337143, 0.17928895, 0.83199847
1094328527000, -0.070249505, 0.26633725, 0.87689704
1094333576000, -0.11301007, 0.34574974, 0.9257663
1094338594000, -0.14813483, 0.41996986, 0.9804387
1094343548000, -0.20586158, 0.48166725, 1.0290025
1094348560000, -0.2434298, 0.5317582, 1.0751228
1094353506000, -0.29260445, 0.55741453, 1.1032226
1094358582000, -0.3286455, 0.5873469, 1.1325442
1094363574000, -0.3848451, 0.6178902, 1.1481212
1094368608000, -0.44226643, 0.6301075, 1.1490375
1094373562000, -0.46517387, 0.65209866, 1.1365148
1094378599000, -0.5180137, 0.66767573, 1.1175779
1094383584000, -0.5662721, 0.66767573, 1.0839803
1094388594000, -0.6087272, 0.66523224, 1.044885
1094393569000, -0.6478226, 0.6545421, 0.98471475
1094398638000, -0.6750061, 0.6374379, 0.91904676
1094403568000, -0.70280045, 0.61361414, 0.8381071
1094408600000, -0.7076874, 0.5714644, 0.75900006
1094413581000, -0.6963864, 0.5354234, 0.691194
1094418600000, -0.6743952, 0.4914411, 0.63194007
1094423557000, -0.66767573, 0.46700647, 0.60903263
1094428599000, -0.64751714, 0.44501534, 0.5888741
1094433570000, -0.62796944, 0.40439278, 0.59620446
1094438607000, -0.6059783, 0.36865717, 0.60139686
1094444538000, -0.5891795, 0.35033122, 0.6075055
1094448568000, -0.59803706, 0.3472769, 0.61575216
1094453565000, -0.59650993, 0.3811799, 0.61819565
1094458595000, -0.6291912, 0.42943826, 0.59986967
1094463566000, -0.64904433, 0.46120325, 0.58459806
1094468619000, -0.6948592, 0.52381694, 0.56688297
1094473570000, -0.7128797, 0.57635134, 0.52503866
1094478749000, -0.7504479, 0.6206391, 0.47983465
1094483585000, -0.768163, 0.6469063, 0.4288274
1094488586000, -0.7629707, 0.67164636, 0.35430184
1094493586000, -0.75747293, 0.6805039, 0.26542094
1094498665000, -0.71593404, 0.6597345, 0.16615535
1094503684000, -0.6600399, 0.63316184, 0.074830994
1094508614000, -0.602924, 0.6053675, 0.017715093
1094514533000, -0.5458081, 0.5897904, -0.035124753
1094518573000, -0.48380527, 0.5552765, -0.083383106
1094523718000, -0.42852196, 0.50579643, -0.12950343
1094528564000, -0.38515055, 0.47433686, -0.15790866
1094533667000, -0.32986724, 0.43371433, -0.17898351
1094538619000, -0.2941316, 0.4184427, -0.19883664
1094543692000, -0.27000242, 0.42546764, -0.20708331
1094548657000, -0.2574797, 0.44898596, -0.21899518
1094553704000, -0.25045475, 0.45142943, -0.22418754
1094558751000, -0.23335053, 0.464563, -0.23060162
1094563431000, -0.23151793, 0.47158796, -0.22388211
1094568417000, -0.2180789, 0.50426924, -0.22143865
1094573407000, -0.19242255, 0.5375614, -0.21105394
1094578421000, -0.18936823, 0.56291234, -0.21288654
1094583899000, -0.20097467, 0.56046885, -0.22632557
1094588418000, -0.20861048, 0.5342017, -0.25320363
1094593711000, -0.22571471, 0.47586402, -0.2779437
1094598418000, -0.23335053, 0.40317106, -0.30757064
1094603411000, -0.23701571, 0.3313944, -0.31337386
1094608462000, -0.21533, 0.25900686, -0.33933565
1094613422000, -0.20708331, 0.19333886, -0.34513888
1094618460000, -0.20616703, 0.13988814, -0.34972036
1094623421000, -0.19456059, 0.095294975, -0.34238997
1094628455000, -0.17837265, 0.029626964, -0.3304781
1094633427000, -0.160963, -0.02565634, -0.30604348
1094638467000, -0.1328632, -0.08093964, -0.27214047
1094643448000, -0.1020145, -0.12980886, -0.2501493
1094648445000, -0.048563786, -0.18478674, -0.2275473
1094653488000, 0.0036651916, -0.24953845, -0.21594086
1094658569000, 0.05681047, -0.27672195, -0.19608775
1094663552000, 0.112399206, -0.3484986, -0.18784106
1094668549000, 0.14874569, -0.41722095, -0.16584991
1094673542000, 0.20677789, -0.48655418, -0.14813483
1094678569000, 0.25717425, -0.5513059, -0.12736541
1094683549000, 0.32284227, -0.61361414, -0.10751228
1094688562000, 0.37568212, -0.65484756, -0.08277224
1094693561000, 0.41172317, -0.6881397, -0.04917465
1094698541000, 0.44532076, -0.711658, -0.021685716
1094703602000, 0.46731192, -0.732122, 0.016798794
1094708574000, 0.5002986, -0.7504479, 0.05589417
1094713559000, 0.5412266, -0.7690793, 0.079107046
1094718555000, 0.58184916, -0.7834347, 0.11056661
1094723569000, 0.59315014, -0.79504114, 0.14294247
1094728581000, 0.6252206, -0.81397796, 0.16279559
1094733574000, 0.6478226, -0.8035932, 0.18509217
1094738558000, 0.6640105, -0.78954333, 0.2003638
1094743560000, 0.6600399, -0.7696902, 0.2144137
1094748526000, 0.6545421, -0.75716746, 0.22479841
1094753561000, 0.65209866, -0.73792523, 0.23090707
1094758560000, 0.63529986, -0.72265357, 0.23304509
1094763558000, 0.6267477, -0.6963864, 0.23426682
1094768542000, 0.61208695, -0.6921103, 0.23182335
1094773568000, 0.6084218, -0.69027776, 0.22204952
1094778559000, 0.6072, -0.7244862, 0.21502456
1094783558000, 0.62125, -0.75441855, 0.20586158
1094788557000, 0.6395759, -0.8081747, 0.20677789
1094793559000, 0.6649268, -0.86070913, 0.21197024
1094798556000, 0.6908886, -0.9202685, 0.21624629
1094803557000, 0.71959925, -0.97310835, 0.22632557
1094808559000, 0.7510588, -1.031446, 0.23884831
1094813563000, 0.77763146, -1.0961977, 0.24953845
1094818557000, 0.79901177, -1.1487321, 0.2669481
1094823559000, 0.8188649, -1.183246, 0.27550024
1094828561000, 0.8246681, -1.207986, 0.28680122
1094833553000, 0.7987063, -1.2296717, 0.29993483
1094839218000, 0.7825184, -1.1695015, 0.29749137
1094845358000, 0.75625116, -1.0729848, 0.29535335
1094848534000, 0.7293731, -0.93218035, 0.29718593
1094853563000, 0.7141015, -0.8567385, 0.28710666
1094858549000, 0.68844515, -0.7144069, 0.28252518
1094863578000, 0.6753115, -0.5852089, 0.27763826
1094868546000, 0.6740898, -0.47158796, 0.2846632
1094873589000, 0.6783658, -0.4071417, 0.29565877
1094878525000, 0.6792821, -0.3933972, 0.28619036
1094883553000, 0.66859204, -0.419359, 0.30207285
1094888527000, 0.6640105, -0.46181414, 0.32436943
1094893577000, 0.66156703, -0.5225952, 0.3313944
1094898528000, 0.6575964, -0.59315014, 0.32834008
1094903561000, 0.64934975, -0.6478226, 0.32498032
1094908546000, 0.6356053, -0.70402217, 0.31337386
1094913577000, 0.6356053, -0.7150178, 0.28771752
1094918554000, 0.61269784, -0.68691796, 0.27366763
1094923565000, 0.59650993, -0.65087694, 0.25534168
1094928551000, 0.5647449, -0.58062744, 0.24220806
1094933578000, 0.5375614, -0.48563787, 0.22999077
1094938546000, 0.5143485, -0.38881573, 0.22296582
1094943603000, 0.49021935, -0.3023783, 0.20616703
1094948504000, 0.47586402, -0.22113322, 0.18967366
1094953568000, 0.45631635, -0.18081611, 0.18600847
1094958569000, 0.441961, -0.10934488, 0.17531833
1094963590000, 0.4364632, -0.042455133, 0.17806722
1094968579000, 0.4343252, 0.017104227, 0.18906279
1094973595000, 0.4352415, 0.064446285, 0.17745635
1094979228000, 0.45845437, 0.11056661, 0.17012598
1094983591000, 0.49632803, 0.16157386, 0.16920967
1094988774000, 0.5039638, 0.19822577, 0.16279559
1094993588000, 0.5204572, 0.22999077, 0.13836098
1094998939000, 0.5363397, 0.2724459, 0.11453723
1095003591000, 0.5510005, 0.30024028, 0.08735373
1095008932000, 0.5723807, 0.31856623, 0.064446285
1095013588000, 0.58001655, 0.3368922, 0.036651913
1095018971000, 0.59437186, 0.32986724, 0.027488936
1095023573000, 0.5891795, 0.30543262, 0.015271631
1095028587000, 0.5644395, 0.24770586, -0.004581489
1095033585000, 0.5305365, 0.19547687, -0.02687807
1095038573000, 0.48899764, 0.12308934, -0.043066
1095045454000, 0.4288274, 0.03573562, -0.06352998
1095048577000, 0.33933565, -0.06078109, -0.0842994
1095053614000, 0.2602286, -0.09162979, -0.1160644
1095058552000, 0.16462818, -0.15668693, -0.13775012
1095063590000, 0.12095132, -0.21197024, -0.16554448
1095068553000, 0.04734206, -0.22113322, -0.20830505
1095073605000, -0.02443461, -0.21868975, -0.24801129
1095078547000, -0.06811147, -0.21105394, -0.2660318
1095083595000, -0.11789699, -0.18509217, -0.27885997
1095088557000, -0.14538592, -0.15515977, -0.28221974
1095093570000, -0.16829337, -0.099265605, -0.2782491
1095098583000, -0.18509217, -0.039095376, -0.2687807
1095103613000, -0.20586158, 0.008246681, -0.258396
1095108583000, -0.21533, 0.06169739, -0.22357668
1095113591000, -0.2275473, 0.099265605, -0.2003638
1095118599000, -0.2415972, 0.122783914, -0.16401732
1095123608000, -0.24740042, 0.12522738, -0.116980694
1095128588000, -0.2501493, 0.09865474, -0.076358154
1095133590000, -0.24281894, 0.07849618, -0.028099801
1095138599000, -0.23823744, 0.055588737, 0.020158553
1095143611000, -0.22021692, 0.019547688, 0.07147124
1095148572000, -0.2098322, 9.162979E-4, 0.11881329
1095153590000, -0.1966986, -0.036651913, 0.1459968
1095158585000, -0.19639318, -0.062002823, 0.18784106
1095163568000, -0.19120082, -0.08857546, 0.2321288
1095168597000, -0.18692477, -0.113926366, 0.26267207
1095173585000, -0.18295415, -0.14935656, 0.28527406
1095178584000, -0.17562376, -0.16249016, 0.29352075
1095183583000, -0.160963, -0.16554448, 0.30298916
1095188628000, -0.14477506, -0.16249016, 0.3145956
1095193597000, -0.1301143, -0.15332718, 0.30451632
1095198630000, -0.10445796, -0.13408493, 0.30482176
1095203588000, -0.087964594, -0.122783914, 0.30543262
1095208587000, -0.05955936, -0.11484267, 0.2959642
1095213594000, -0.03604105, -0.07819075, 0.2864958
1095218588000, -0.032070424, -0.05009095, 0.28619036
1095223590000, -0.008857546, -0.022602014, 0.26633725
1095228588000, 0.0036651916, 0.021991149, 0.2510656
1095234103000, 0.019547688, 0.09743301, 0.2452624
1095238587000, 0.03634648, 0.16340645, 0.23548855
1095244961000, 0.06261369, 0.23335053, 0.23365596
1095248563000, 0.06658431, 0.26297748, 0.22876903
1095253583000, 0.06047566, 0.31856623, 0.2312125
1095258611000, 0.06291912, 0.344528, 0.22052236
1095263618000, 0.05681047, 0.355829, 0.20952678
1095268604000, 0.03634648, 0.35002577, 0.19730948
1095273576000, 0.024129177, 0.34238997, 0.19181168
1095278571000, 0.010995574, 0.31948254, 0.17745635
1095283594000, -0.0061086523, 0.2864958, 0.16218472
1095288608000, -0.007330383, 0.2510656, 0.15851954
1095293544000, -0.01863139, 0.22693644, 0.15363261
1095298587000, -0.040317107, 0.19272798, 0.14721853
1095303533000, -0.050396383, 0.15974127, 0.13225232
1095308800000, -0.06352998, 0.12492194, 0.12003502
1095313645000, -0.06627888, 0.041233405, 0.12034045
1095318790000, -0.07391469, -0.08399397, 0.11148291
1095323715000, -0.0888809, -0.20433442, 0.09010262
1095328709000, -0.0852157, -0.35185838, 0.08032878
1095333961000, -0.10293079, -0.5006041, 0.06627888
1095338757000, -0.13041973, -0.59864795, 0.062308256
1095343656000, -0.19150625, -0.6579019, 0.055588737
1095348636000, -0.23640485, -0.6713409, 0.07544186
1095353742000, -0.27885997, -0.66248333, 0.09101892
1095358446000, -0.3005457, -0.6001751, 0.106901415
1095363432000, -0.31887165, -0.49480084, 0.13316862
1095368424000, -0.3182608, -0.36254853, 0.15302174
1095373443000, -0.32070425, -0.20463985, 0.17470746
1095378427000, -0.2968805, -0.06078109, 0.18020524
1095383425000, -0.2742785, 0.08124508, 0.17562376
1095388429000, -0.23640485, 0.20525073, 0.16371189
1095393426000, -0.20097467, 0.3036, 0.14966199
1095398428000, -0.17104226, 0.38453966, 0.12980886
1095403484000, -0.14752395, 0.4364632, 0.10629055
1095408492000, -0.11942416, 0.47616947, 0.0729984
1095413484000, -0.10293079, 0.49968776, 0.036957346
1095418490000, -0.07849618, 0.49571714, -0.0021380284
1095423483000, -0.059864793, 0.46670106, -0.043066
1095428489000, -0.03390302, 0.41508293, -0.07788532
1095433485000, -0.025350908, 0.35155296, -0.115453534
1095438498000, -0.006414085, 0.2941316, -0.14782938
1095445205000, -0.007330383, 0.2556471, -0.16126843
1095448496000, -0.008857546, 0.1685988, -0.160963
1095453569000, 0.01160644, 0.08827003, -0.15027285
1095458576000, 0.015271631, 0.0106901415, -0.14294247
1095463565000, 0.016493361, -0.06658431, -0.1301143
1095468556000, 0.026572637, -0.12736541, -0.11178834
1095473575000, 0.02321288, -0.17806722, -0.07880162
1095478545000, 0.025961773, -0.21868975, -0.050396383
1095483572000, 0.024129177, -0.26908615, -0.03359759
1095488514000, 0.021380283, -0.29046643, -0.029321533
1095493570000, 0.025961773, -0.34300083, -0.017104227
1095498526000, 0.02107485, -0.38881573, -0.016493361
1095503570000, 0.028710667, -0.37568212, -0.020158553
1095508527000, 0.040927973, -0.33505958, -0.02321288
1095513572000, 0.051618114, -0.2764165, -0.013439035
1095518538000, 0.05681047, -0.19608775, -0.002443461
1095523574000, 0.03848451, -0.13958271, 0.03481932
1095528539000, 6.1086525E-4, -0.12980886, 0.058643065
1095533573000, -0.044898596, -0.14721853, 0.06658431
1095538551000, -0.09040806, -0.17104226, 0.06994407
1095543566000, -0.11942416, -0.18845193, 0.07971791
1095548535000, -0.13041973, -0.2180789, 0.07849618
1095553556000, -0.119729586, -0.22540927, 0.06566802
1095558565000, -0.119729586, -0.21777347, 0.059864793
1095563559000, -0.09743301, -0.19517145, 0.049480084
1095568544000, -0.090713486, -0.15943582, 0.042455133
1095573556000, -0.06169739, -0.12308934, 0.027794369
1095578542000, -0.03940081, -0.092240654, 0.015577064
1095583556000, -0.01985312, -0.06505715, 0.014049901
1095588534000, -0.007941248, -0.036651913, 0.0027488936
1095593553000, 0.015271631, -0.017715093, -0.021380283
1095598530000, 0.032070424, 0.0125227375, -0.034208454
1095603561000, 0.041233405, 0.03023783, -0.05009095
1095608544000, 0.04917465, 0.040011674, -0.055588737
1095613562000, 0.0580322, 0.057726767, -0.07147124
1095618562000, 0.057421334, 0.07849618, -0.09101892
1095623555000, 0.07422013, 0.08460484, -0.09896017
1095628680000, 0.07727446, 0.09285152, -0.11056661
1095633559000, 0.07391469, 0.0693332, -0.12003502
1095638777000, 0.07147124, 0.0421497, -0.12980886
1095645342000, 0.07422013, 0.032375857, -0.13561209
1095648844000, 0.069027774, -0.0290161, -0.1459968
1095653571000, 0.06047566, -0.045814894, -0.14630222
1095658954000, 0.054061573, -0.07727446, -0.15454891
1095663570000, 0.05681047, -0.10903945, -0.15363261
1095668569000, 0.04550946, -0.14019357, -0.15118915
1095673571000, 0.045814894, -0.15454891, -0.15882497
1095678540000, 0.03726278, -0.15210545, -0.14782938
1095683572000, 0.037873644, -0.13255776, -0.13439035
1095688520000, 0.039095376, -0.11026118, -0.1301143
1095693579000, 0.03634648, -0.07941248, -0.11453723
1095698523000, 0.03604105, -0.052534413, -0.10873401
1095703576000, 0.04642576, -0.023518313, -0.098043874
1095708524000, 0.043066, -0.003970624, -0.086132
1095713576000, 0.056505036, 0.022907447, -0.065973446
1095718524000, 0.070554934, 0.03573562, -0.04734206
1095723562000, 0.05497787, 0.048258353, -0.03970624
1095728529000, 0.04153884, 0.05497787, -0.018325957
1095733559000, 0.03634648, 0.07238753, -0.010079277
1095738534000, 0.025350908, 0.06963864, -0.010079277
1095743575000, 0.025045475, 0.073303826, 0.007330383
1095748532000, 0.013133603, 0.08277224, 0.01863139
1095753590000, 0.004886922, 0.08857546, 0.03023783
1095758604000, -0.006414085, 0.089186326, 0.038179077
1095763588000, -0.014660766, 0.09193522, 0.043982297
1095768584000, -0.027183503, 0.09407325, 0.05681047
1095773589000, -0.04337143, 0.08552113, 0.06383542
1095778589000, -0.047647487, 0.09010262, 0.07513642
1095783578000, -0.06963864, 0.08155051, 0.08307768
1095788586000, -0.07880162, 0.08399397, 0.0852157
1095793587000, -0.08674286, 0.07727446, 0.098043874
1095798570000, -0.09407325, 0.06841691, 0.10598512
1095803583000, -0.099571034, 0.065973446, 0.106595986
1095808582000, -0.1001819, 0.04917465, 0.1001819
1095813589000, -0.112704635, 0.02687807, 0.10170906
1095818584000, -0.11636983, 0.0018325958, 0.10842858
1095823589000, -0.112704635, -0.0067195175, 0.106901415
1095828586000, -0.10751228, -0.015577064, 0.10842858
1095833589000, -0.11362094, -0.014660766, 0.109650314
1095838586000, -0.12644911, -0.019242255, 0.11911872
1095845457000, -0.1282817, -0.011301007, 0.116675265
1095848559000, -0.12797627, 0.009773844, 0.12522738
1095853590000, -0.1423316, -3.0543262E-4, 0.13225232
1095858590000, -0.1386664, -0.006414085, 0.13561209
1095863573000, -0.1414153, -0.0143553335, 0.14110987
1095868605000, -0.15699236, -0.022296581, 0.14263703
1095873596000, -0.16371189, -0.02443461, 0.14049901
1095878598000, -0.16371189, -0.015271631, 0.13133603
1095883595000, -0.16126843, -0.02076942, 0.13652839
1095888603000, -0.16462818, -0.05100725, 0.14660765
1095893584000, -0.17440203, -0.06047566, 0.14508049
1095898589000, -0.18325958, -0.07727446, 0.14355333
1095903580000, -0.1957823, -0.103847094, 0.13622294
1095908598000, -0.19486602, -0.12217305, 0.13408493
1095913601000, -0.18112154, -0.15210545, 0.12889257
1095918600000, -0.17959438, -0.16249016, 0.11026118
1095923548000, -0.13225232, -0.16890424, 0.095294975
1095928578000, -0.10598512, -0.16401732, 0.077579886
1095933555000, -0.07147124, -0.14966199, 0.0729984
1095938595000, -0.050701816, -0.11911872, 0.07147124
1095943556000, -0.038789943, -0.095294975, 0.0571159
1095948549000, -0.02321288, -0.07788532, 0.048258353
1095953577000, -0.022907447, -0.0711658, 0.06169739
1095958595000, -0.027794369, -0.08460484, 0.06505715
1095963575000, -0.045814894, -0.1142318, 0.074830994
1095968596000, -0.043066, -0.1459968, 0.07513642
1095973561000, -0.060170226, -0.1563815, 0.082161374
1095978587000, -0.07727446, -0.19242255, 0.095294975
1095983570000, -0.074830994, -0.22693644, 0.09621128
1095988594000, -0.06872234, -0.23976462, 0.087964594
1095993567000, -0.07269296, -0.25992316, 0.098043874
1095998594000, -0.06811147, -0.26267207, 0.09773844
1096003558000, -0.062308256, -0.24770586, 0.095294975
1096008573000, -0.059253927, -0.20525073, 0.095294975
1096013572000, -0.048563786, -0.160963, 0.09315695
1096018579000, -0.04153884, -0.11362094, 0.09040806
1096023590000, -0.0421497, -0.06047566, 0.08399397
1096028591000, -0.03848451, -0.009162978, 0.092240654
1096033646000, -0.03970624, 0.014966198, 0.0870483
1096038597000, -0.040317107, 0.059864793, 0.089186326
1096045547000, -0.045814894, 0.07360926, 0.089186326
1096048558000, -0.045814894, 0.077579886, 0.087964594
1096053577000, -0.05100725, 0.076358154, 0.0842994
1096058598000, -0.04184427, 0.06719518, 0.079107046
1096063572000, -0.03756821, 0.05589417, 0.06841691
1096068591000, -0.04184427, 0.0421497, 0.06505715
1096073573000, -0.03970624, 0.010995574, 0.053145275
1096078592000, -0.03268129, -0.004276057, 0.05375614
1096083613000, -0.03756821, -0.020158553, 0.04520403
1096088589000, -0.019242255, -0.03145956, 0.043676864
1096093588000, -0.024129177, -0.040317107, 0.034208454
1096098589000, -0.023823744, -0.028099801, 0.02107485
1096103590000, -0.021380283, -0.023518313, 0.022296581
1096108590000, -0.021380283, -0.025350908, 0.012217305
1096113592000, -0.029321533, -0.015271631, 0.004886922
1096118590000, -0.01863139, -0.00580322, 0.0067195175
1096123588000, -0.016493361, 0.0143553335, 0.0012217305
1096128873000, -0.017104227, 0.013133603, 0.0012217305
1096133600000, -0.022296581, 0.014660766, 0.0033597588
1096138552000, -0.017715093, 0.02443461, -0.0021380284
1096143611000, -0.024129177, 0.027794369, 0.0018325958
1096148553000, -0.030848695, 0.033292156, 0.0061086523
1096153554000, -0.042455133, 0.03634648, 0.009162978
1096158588000, -0.048563786, 0.043066, 0.009773844
1096163592000, -0.042760566, 0.05497787, 0.02076942
1096168593000, -0.06505715, 0.070554934, 0.024740042
1096173590000, -0.050396383, 0.07238753, 0.034513887
1096178589000, -0.058643065, 0.084910266, 0.034513887
1096183593000, -0.0580322, 0.09712757, 0.04184427
1096188552000, -0.06261369, 0.086437434, 0.03970624
1096193595000, -0.06414085, 0.093462385, 0.03970624
1096198589000, -0.06169739, 0.09437868, 0.046120327
1096203584000, -0.06658431, 0.09468412, 0.04337143
1096208651000, -0.056505036, 0.100792766, 0.039095376
1096213657000, -0.05681047, 0.09865474, 0.043982297
1096218897000, -0.048563786, 0.10354166, 0.03145956
1096223608000, -0.051923547, 0.10293079, 0.027183503
1096228936000, -0.04337143, 0.10842858, 0.022602014
1096234220000, -0.03848451, 0.087659165, 0.02443461
1096239202000, -0.03970624, 0.06811147, 0.022602014
1096245194000, -0.032986723, 0.06169739, 0.026267206
1096249304000, -0.034208454, 0.04734206, 0.021991149
1096253829000, -0.03756821, 0.04886922, 0.022907447
1096258593000, -0.02687807, 0.04917465, 0.027794369
1096263759000, -0.028099801, 0.02443461, 0.035124753
1096268540000, -0.029626964, 0.020158553, 0.029321533
1096273591000, -0.03573562, 0.009162978, 0.036651913
1096279013000, -0.024740042, -3.0543262E-4, 0.035430185
1096283601000, -0.027488936, 0.0036651916, 0.030543262
1096289010000, -0.029932396, 0.0018325958, 0.023823744
1096294110000, -0.02687807, 0.003970624, 0.023823744
1096298949000, -0.01985312, 0.008552114, 0.01740966
