#Rate of rotation around the x y z axes (Angular velocity).
#timestamp(ns),x,y,z(rad/s)
#Datetime: 15/05/2015 17:43:24
##########################################
#Activity: 8 - CSI - Car-Step in - 6s
#Subject ID: 53
#First Name: sub53
#Last Name: sub53
#Age: 27
#Height(cm): 186
#Weight(kg): 120
#Gender: Male
##########################################

@DATA
1369334253000, 0.048563786, 0.3481932, -0.10751228
1369339295000, 0.029321533, 0.32803464, -0.14110987
1369344283000, 0.0021380284, 0.30482176, -0.16401732
1369349257000, -0.027488936, 0.29718593, -0.18081611
1369354305000, -0.0711658, 0.29657507, -0.1853976
1369359332000, -0.11728613, 0.3115413, -0.183565
1369364870000, -0.14752395, 0.3399465, -0.17806722
1369369265000, -0.17989981, 0.35002577, -0.17379116
1369374333000, -0.18845193, 0.37384954, -0.15057829
1369379273000, -0.20861048, 0.3930918, -0.14966199
1369384259000, -0.20830505, 0.42302418, -0.13194689
1369389293000, -0.20616703, 0.43249258, -0.12461651
1369394358000, -0.20189096, 0.43890667, -0.11759156
1369399338000, -0.1957823, 0.43463063, -0.116980694
1369404289000, -0.1695151, 0.41447207, -0.113926366
1369409346000, -0.14477506, 0.38637227, -0.10598512
1369414370000, -0.12614368, 0.36163223, -0.09865474
1369419256000, -0.11453723, 0.32925636, -0.09468412
1369424337000, -0.1020145, 0.2947425, -0.099265605
1369429271000, -0.103847094, 0.2519819, -0.089491755
1369434547000, -0.090713486, 0.21960606, -0.089186326
1369439289000, -0.0888809, 0.19822577, -0.08368854
1369444270000, -0.086132, 0.17562376, -0.08032878
1369449253000, -0.093462385, 0.15668693, -0.0711658
1369454327000, -0.099571034, 0.14813483, -0.06627888
1369459386000, -0.11301007, 0.13897185, -0.06505715
1369464267000, -0.12736541, 0.12797627, -0.056505036
1369469258000, -0.13897185, 0.116980694, -0.051923547
1369474982000, -0.1469131, 0.09010262, -0.032986723
1369479276000, -0.15668693, 0.0852157, -0.031154128
1369484263000, -0.14905111, 0.058337633, -0.0061086523
1369489292000, -0.13652839, 0.02687807, 0.01038471
1369494271000, -0.111177474, 0.025961773, 0.03023783
1369499257000, -0.07391469, 0.022296581, 0.047647487
1369504720000, -0.048258353, 0.03481932, 0.05955936
1369509329000, -0.032375857, 0.04184427, 0.07696902
1369514264000, -0.0143553335, 0.044593163, 0.100792766
1369519257000, 0.00580322, 0.034208454, 0.112704635
1369524311000, 0.014966198, 0.016187929, 0.11484267
1369529268000, 0.027183503, 0.0036651916, 0.12644911
1369534256000, 0.03145956, -0.013133603, 0.12705997
1369539286000, 0.043066, -0.015271631, 0.12217305
1369544267000, 0.04520403, -3.0543262E-4, 0.11942416
1369549256000, 0.035430185, 0.008552114, 0.116675265
1369554305000, 0.032986723, 0.020158553, 0.10720685
1369559377000, 0.01863139, 0.03176499, 0.094989546
1369564257000, -0.010079277, 0.04337143, 0.09101892
1369569248000, -0.012217305, 0.056199603, 0.0842994
1369574414000, -0.03359759, 0.052839845, 0.07422013
1369579274000, -0.071776666, 0.029626964, 0.05222898
1369584257000, -0.10445796, 0.004886922, 0.034513887
1369589290000, -0.13652839, -0.021685716, 0.011911872
1369594266000, -0.17073683, -0.06047566, -0.007941248
1369599262000, -0.19425514, -0.07452556, -0.02321288
1369604305000, -0.21197024, -0.07788532, -0.031154128
1369609340000, -0.21838433, -0.084910266, -0.034208454
1369614267000, -0.22510384, -0.07880162, -0.04062254
1369619246000, -0.22204952, -0.08582657, -0.039095376
1369624323000, -0.22174409, -0.105374254, -0.040317107
1369629271000, -0.19364429, -0.10262536, -0.039095376
1369634278000, -0.16798794, -0.09896017, -0.03481932
1369639287000, -0.14355333, -0.07666359, -0.021380283
1369644275000, -0.11453723, -0.064446285, -0.017715093
1369649256000, -0.06291912, -0.069027774, -0.0070249503
1369654298000, -0.0021380284, -0.122783914, -0.007330383
1369659300000, -0.040011674, -0.18845193, -0.02107485
1369664260000, -0.112704635, -0.21044308, -0.0290161
1369669263000, -0.13072516, -0.23945917, -0.028405234
1369674964000, -0.13622294, -0.23151793, -0.037873644
1369679266000, -0.11636983, -0.22693644, -0.03268129
1369684253000, -0.108123146, -0.22082779, -0.033292156
1369689980000, -0.100792766, -0.23426682, -0.033292156
1369694280000, -0.10262536, -0.258396, -0.037873644
1369699281000, -0.08307768, -0.2666427, -0.038179077
1369704344000, -0.06994407, -0.28893927, -0.035124753
1369709337000, -0.052534413, -0.2929099, -0.04062254
1369714280000, -0.04734206, -0.3005457, -0.040011674
1369719256000, -0.05222898, -0.30604348, -0.045814894
1369724331000, -0.040317107, -0.2968805, -0.046120327
1369729289000, -0.03481932, -0.29077184, -0.04795292
1369734266000, -0.035430185, -0.29657507, -0.043066
1369739299000, -0.03176499, -0.3051272, -0.04062254
1369744277000, -0.018936822, -0.3051272, -0.043676864
1369749259000, -0.01740966, -0.32436943, -0.03176499
1369754295000, -0.0061086523, -0.3368922, -0.02076942
1369760225000, 0.00580322, -0.3222314, -0.004276057
1369764266000, 0.0076358155, -0.31948254, 0.003970624
1369769258000, 0.0067195175, -0.3109304, 0.011911872
1369774320000, 0.022296581, -0.30207285, 0.026572637
1369779265000, 0.019242255, -0.2959642, 0.021380283
1369784264000, 0.030543262, -0.29016098, 0.025350908
1369789286000, 0.028099801, -0.2828306, 0.025350908
1369794294000, 0.0290161, -0.2938262, 0.014966198
1369799259000, 0.025961773, -0.29840767, -0.0021380284
1369804316000, 0.007330383, -0.3115413, -0.0027488936
1369809386000, 0.0106901415, -0.3155119, -0.014049901
1369814259000, 0.010079277, -0.31490102, -0.022907447
1369819257000, 0.009162978, -0.31581733, -0.03604105
1369824365000, 0.01160644, -0.31764993, -0.047647487
1369829455000, 0.002443461, -0.3277292, -0.058337633
1369834266000, 0.0027488936, -0.3222314, -0.07147124
1369839295000, -0.011301007, -0.31856623, -0.07513642
1369844269000, -0.019547688, -0.32284227, -0.084910266
1369849259000, -0.016493361, -0.3203988, -0.08032878
1369854307000, -0.027488936, -0.33353242, -0.09040806
1369859328000, -0.021685716, -0.33628133, -0.09407325
1369864261000, -0.018325957, -0.3567453, -0.10323623
1369869252000, -0.015271631, -0.38423425, -0.10293079
1369876000000, -0.017715093, -0.4343252, -0.11362094
1369879275000, 0.008246681, -0.44837508, -0.106901415
1369884257000, 0.017715093, -0.47616947, -0.112399206
1369889278000, 0.028405234, -0.52778757, -0.118507855
1369894262000, 0.058948494, -0.56413406, -0.1151481
1369899415000, 0.056199603, -0.55863625, -0.10934488
1369904313000, 0.06688975, -0.5500842, -0.10567969
1369909365000, 0.064751714, -0.5338962, -0.10567969
1369914285000, 0.07727446, -0.51923543, -0.10720685
1369919317000, 0.08032878, -0.49327368, -0.121256754
1369924430000, 0.09193522, -0.48991394, -0.14385876
1369929309000, 0.08460484, -0.5198463, -0.124005646
1369934371000, 0.0888809, -0.5448918, -0.10323623
1369939326000, 0.08674286, -0.5684101, -0.089186326
1369944322000, 0.09101892, -0.57940567, -0.077579886
1369949277000, 0.08460484, -0.58368176, -0.061391957
1369954240000, 0.07422013, -0.5821546, -0.055588737
1369959277000, 0.074830994, -0.5849035, -0.056199603
1369964241000, 0.08674286, -0.600786, -0.053145275
1369969227000, 0.10415252, -0.6093381, -0.042455133
1369974309000, 0.124005646, -0.61208695, -0.045814894
1369979205000, 0.14569137, -0.6038403, -0.04642576
1369984216000, 0.17073683, -0.59712076, -0.047647487
1369989249000, 0.19211712, -0.5830709, -0.056505036
1369994231000, 0.20769419, -0.57360244, -0.044898596
1369999236000, 0.2144137, -0.56077427, -0.037873644
1370004221000, 0.22204952, -0.54458636, -0.019547688
1370009249000, 0.22937989, -0.5290093, -3.0543262E-4
1370014576000, 0.21960606, -0.5170974, 0.01282817
1370019200000, 0.21288654, -0.5323691, 0.01863139
1370024236000, 0.18509217, -0.55863625, 0.011911872
1370029191000, 0.16187929, -0.5900958, 0.00580322
1370034214000, 0.12797627, -0.6383542, -0.002443461
1370039222000, 0.082161374, -0.6844745, -0.025350908
1370044202000, 0.051923547, -0.7287622, -0.032375857
1370049197000, 0.0061086523, -0.7443393, -0.04428773
1370054230000, -0.028405234, -0.7535023, -0.04520403
1370059274000, -0.03970624, -0.7244862, -0.036957346
1370064223000, -0.04428773, -0.68508536, -0.03145956
1370069227000, -0.04337143, -0.65118235, -0.015882496
1370074516000, -0.04153884, -0.63224554, -0.0076358155
1370079242000, -0.02687807, -0.63438356, -0.0027488936
1370084632000, -0.0036651916, -0.63804877, 0.0027488936
1370089214000, 0.009773844, -0.6469063, -0.011301007
1370094181000, 0.010079277, -0.68477994, -0.055588737
1370099172000, -0.0106901415, -0.6783658, -0.043676864
1370104190000, -0.026572637, -0.6105598, 0.008246681
1370109236000, -0.03390302, -0.53023106, 0.013744468
1370114168000, -0.016187929, -0.5164866, -0.0021380284
1370119172000, 0.040011674, -0.55741453, -0.021991149
1370124202000, 0.0729984, -0.6221663, -0.05589417
1370129168000, 0.09712757, -0.68844515, -0.09773844
1370134172000, 0.1328632, -0.7425067, -0.1301143
1370139188000, 0.15027285, -0.77488256, -0.16615535
1370144169000, 0.15393804, -0.7791586, -0.1966986
1370149168000, 0.12950343, -0.7669413, -0.20341812
1370154219000, 0.1142318, -0.7180721, -0.21044308
1370159177000, 0.08399397, -0.65118235, -0.21563543
1370164168000, 0.05131268, -0.5882632, -0.21746802
1370169164000, 0.03390302, -0.5494733, -0.22357668
1370174201000, 0.05222898, -0.52595496, -0.23976462
1370179173000, 0.09162979, -0.5170974, -0.24465153
1370184165000, 0.11881329, -0.5015204, -0.26358834
1370189203000, 0.122478485, -0.48258355, -0.29229903
1370194176000, 0.13775012, -0.42180246, -0.3323107
1370199170000, 0.1414153, -0.3417791, -0.41416663
1370204293000, 0.12889257, -0.2678644, -0.5039638
1370209327000, 0.11178834, -0.2049453, -0.6249151
1370214260000, 0.08368854, -0.17440203, -0.73456544
1370219251000, 0.07696902, -0.18600847, -0.82894415
1370224602000, 0.089491755, -0.19425514, -0.8775079
1370229279000, 0.12095132, -0.22449298, -0.9071349
1370234253000, 0.19730948, -0.26236662, -0.9728029
1370239282000, 0.30482176, -0.2565634, -1.0036516
1370244261000, 0.38423425, -0.24648413, -1.0045679
1370249259000, 0.4529566, -0.22296582, -0.97433007
1370254284000, 0.48258355, -0.19914207, -0.95203346
1370259363000, 0.49174652, -0.16615535, -0.9236283
1370264297000, 0.46211955, -0.10720685, -0.8677341
1370269297000, 0.41386122, -0.096516706, -0.7892379
1370274949000, 0.33628133, -0.042760566, -0.6704246
1370279290000, 0.27214047, -0.028099801, -0.6310238
1370284298000, 0.2648101, 0.014049901, -0.5458081
1370289324000, 0.25411993, 0.04520403, -0.44806966
1370294308000, 0.27275133, 0.09896017, -0.3454443
1370299306000, 0.29168814, 0.079107046, -0.28985557
1370304382000, 0.32070425, 0.054367006, -0.22785273
1370309331000, 0.3277292, 0.024129177, -0.16126843
1370314305000, 0.34788775, -0.019547688, -0.12370021
1370319311000, 0.34269542, -0.038789943, -0.105374254
1370324318000, 0.3549127, -0.040011674, -0.071776666
1370329264000, 0.3387248, -0.032375857, -0.032986723
1370334257000, 0.31795537, -0.032070424, 0.0027488936
1370340241000, 0.29352075, -0.040927973, 0.029321533
1370344267000, 0.31031954, -0.04734206, 0.04428773
1370349257000, 0.310625, -0.018020526, 0.05497787
1370354364000, 0.312763, -0.028099801, 0.083383106
1370359350000, 0.3136793, -0.025045475, 0.09682214
1370364311000, 0.3100141, -0.0076358155, 0.11911872
1370369301000, 0.28344148, -0.024129177, 0.13469578
1370374356000, 0.23182335, -0.035124753, 0.16340645
1370379298000, 0.19364429, -0.09040806, 0.20799962
1370384295000, 0.15485434, -0.10567969, 0.22724187
1370389333000, 0.122478485, -0.105068825, 0.25503623
1370394317000, 0.09621128, -0.14080444, 0.28405234
1370399308000, 0.053450707, -0.17073683, 0.31031954
1370404298000, 0.01282817, -0.18325958, 0.31978795
1370410270000, -0.02565634, -0.18600847, 0.34025195
1370414303000, -0.046120327, -0.17654006, 0.355829
1370419299000, -0.04917465, -0.14813483, 0.36285394
1370424343000, -0.07391469, -0.1459968, 0.35155296
1370429305000, -0.081855945, -0.1328632, 0.34330627
1370434307000, -0.08460484, -0.12980886, 0.33841935
1370439340000, -0.101098195, -0.1386664, 0.34116822
1370444303000, -0.1255328, -0.11942416, 0.34208453
1370449298000, -0.14172074, -0.09743301, 0.3387248
1370454316000, -0.14752395, -0.08857546, 0.33292156
1370459443000, -0.16920967, -0.059253927, 0.32620203
1370464362000, -0.17348573, -0.027794369, 0.33658674
1370469285000, -0.17531833, 0.0067195175, 0.3323107
1370474996000, -0.16065755, 0.030848695, 0.33383787
1370479572000, -0.1459968, 0.045814894, 0.32559118
1370484331000, -0.10629055, 0.062002823, 0.29138273
1370489303000, -0.056505036, 0.09193522, 0.24587326
1370494250000, 9.162979E-4, 0.14385876, 0.18967366
1370499267000, 0.080634214, 0.22479841, 0.11911872
1370504237000, 0.18753563, 0.32925636, 0.043982297
1370509217000, 0.28130344, 0.43127087, -0.029932396
1370514203000, 0.38820487, 0.54275376, -0.102319926
1370519197000, 0.4914411, 0.6420194, -0.18142697
1370524213000, 0.5934556, 0.7370089, -0.2501493
1370529184000, 0.7107417, 0.84391034, -0.32070425
1370534177000, 0.8136725, 0.95233893, -0.37507126
1370539243000, 0.9294315, 1.0064005, -0.44073927
1370544188000, 1.0567969, 1.1157454, -0.46670106
1370549197000, 1.1136073, 1.244638, -0.5027421
1370554306000, 1.2012665, 1.3246613, -0.52870387
1370559318000, 1.303281, 1.3955216, -0.54336464
1370564258000, 1.4230106, 1.4856243, -0.56138515
1370569245000, 1.5060883, 1.53205, -0.55924714
1370574314000, 1.5760323, 1.5992452, -0.5354234
1370579267000, 1.6481144, 1.6496416, -0.5131268
1370584253000, 1.7140878, 1.7235563, -0.49571714
1370589281000, 1.7666223, 1.7794504, -0.5030475
1370594266000, 1.8212948, 1.8154916, -0.51343226
1370599264000, 1.8646661, 1.8619173, -0.50885075
1370604293000, 1.8930714, 1.9101756, -0.5015204
1370609321000, 1.9165897, 1.9920316, -0.4841107
1370614256000, 1.9410243, 2.0720549, -0.46639562
1370619297000, 1.9498819, 2.112983, -0.44776422
1370624328000, 1.967597, 2.1426098, -0.42424592
1370629264000, 2.0112739, 2.1716259, -0.41355577
1370634253000, 2.046704, 2.2333233, -0.38240165
1370639281000, 2.07572, 2.2626448, -0.3436117
1370644271000, 2.132836, 2.3521366, -0.32803464
1370649253000, 2.17804, 2.4538457, -0.29352075
1370654301000, 2.2907448, 2.5390613, -0.27366763
1370659317000, 2.4040601, 2.5967882, -0.2666427
1370664257000, 2.533869, 2.6462681, -0.25992316
1370669256000, 2.6343563, 2.6395488, -0.27855456
1370675073000, 2.7409523, 2.6337454, -0.3387248
1370679264000, 2.784629, 2.6392434, -0.4810564
1370684273000, 2.7553077, 2.5583036, -0.7089091
1370689288000, 2.702468, 2.43216, -0.9575313
1370694273000, 2.627026, 2.3499987, -1.1701124
1370699254000, 2.495079, 2.3051, -1.3500122
1370704292000, 2.3603833, 2.225382, -1.4486669
1370709320000, 2.2385156, 2.087632, -1.4718798
1370714263000, 2.0818288, 1.9895881, -1.5005904
1370719249000, 1.8668042, 1.8894062, -1.5482379
1370724303000, 1.6475036, 1.7088956, -1.5222762
1370729263000, 1.5021176, 1.6194037, -1.4501941
1370734899000, 1.3988814, 1.6533068, -1.3881912
1370739288000, 1.3652838, 1.6694947, -1.3292428
1370744266000, 1.3762794, 1.6841555, -1.3057245
1370749250000, 1.4095715, 1.6194037, -1.3109168
1370754298000, 1.4761559, 1.5351044, -1.3946054
1370759332000, 1.5128077, 1.5088371, -1.5558738
1370764258000, 1.4865406, 1.5158621, -1.7626517
1370769245000, 1.4159856, 1.5351044, -2.019215
1370774304000, 1.3234396, 1.5668694, -2.3906212
1370779263000, 1.2702943, 1.6215417, -2.665205
1370784265000, 1.1472049, 1.6523905, -2.8322768
1370789286000, 0.9993755, 1.6572775, -2.8686233
1370794266000, 0.8368854, 1.6077974, -2.8680124
1370799253000, 0.7079928, 1.6514742, -2.8393016
1370804668000, 0.5036584, 1.7922786, -2.7580566
1370809315000, 0.34972036, 1.9529362, -2.6963592
1370814256000, 0.30268374, 2.1096232, -2.6841419
1370819248000, 0.33261612, 2.2834144, -2.6713138
1370824321000, 0.42058071, 2.4874432, -2.6273315
1370829254000, 0.5036584, 2.6746736, -2.5546384
1370834253000, 0.6001751, 2.770274, -2.4788911
1370839280000, 0.68386364, 2.9321532, -2.4291058
1370844267000, 0.72356987, 3.0769281, -2.314874
1370849253000, 0.7788532, 3.1923819, -2.2101104
1370854305000, 0.79443026, 3.2947018, -2.111761
1370859304000, 0.7861836, 3.3502905, -2.0378466
1370864257000, 0.7510588, 3.3741143, -1.994475
1370869255000, 0.6750061, 3.364035, -1.9834795
1370875559000, 0.5992588, 3.2656856, -1.9895881
1370879272000, 0.49388456, 3.225674, -1.9950858
1370884295000, 0.46517387, 3.1471777, -2.0076087
1370889277000, 0.42302418, 3.058297, -2.0073032
1370894307000, 0.4156938, 2.966056, -2.0048597
1370899259000, 0.44257188, 2.8744264, -1.9761491
1370904340000, 0.51068336, 2.7821858, -1.9495764
1370909303000, 0.591623, 2.7052166, -1.9181169
1370914306000, 0.66798115, 2.63344, -1.9010127
1370919229000, 0.75136423, 2.5885415, -1.8692477
1370924353000, 0.79809546, 2.5607471, -1.8536706
1370929258000, 0.8509353, 2.5610526, -1.8481728
1370934298000, 0.8686504, 2.565634, -1.8521434
1370939276000, 0.86467975, 2.5821273, -1.8555032
1370944444000, 0.86467975, 2.6245825, -1.881465
1370949267000, 0.84299403, 2.6392434, -1.9028453
1370954338000, 0.82527894, 2.6859746, -1.9364429
1370959340000, 0.8194757, 2.7107146, -1.9526308
1370964299000, 0.8045095, 2.7528641, -1.9700404
1370969303000, 0.81000733, 2.7925704, -1.9721785
1370974380000, 0.82619524, 2.830444, -1.967597
1370979287000, 0.84391034, 2.866485, -1.9645426
1370984293000, 0.86437434, 2.886949, -1.947133
1370989303000, 0.88514376, 2.9208522, -1.9370537
1370994308000, 0.91599244, 2.9529226, -1.9193386
1370999439000, 0.94989544, 2.997821, -1.9080375
1371004327000, 0.97585726, 3.0127873, -1.8945986
1371009321000, 1.0122037, 3.0170634, -1.8912388
1371014305000, 1.0317514, 3.0060678, -1.8939877
1371019647000, 1.071763, 2.960253, -1.9071213
1371024312000, 1.1016954, 2.948952, -1.9251418
1371029244000, 1.0824533, 2.9428434, -1.9416351
1371034253000, 1.0528263, 2.9174924, -1.9346102
1371039265000, 1.0341948, 2.8744264, -1.928807
1371044265000, 1.0015136, 2.842356, -1.9104811
1371049244000, 0.96852684, 2.8160887, -1.8979583
1371054292000, 0.9505063, 2.796541, -1.8924606
1371060145000, 0.9440922, 2.808453, -1.8897116
1371064263000, 0.9257663, 2.8341093, -1.8933768
1371069262000, 0.88789266, 2.86282, -1.8979583
1371074285000, 0.86162543, 2.857933, -1.92392
1371079267000, 0.8258898, 2.8102856, -1.9547688
1371084285000, 0.80573124, 2.7601945, -1.9981402
1371089279000, 0.77579886, 2.6945267, -2.0314324
1371094273000, 0.75808376, 2.6465738, -2.0638082
1371099308000, 0.68752885, 2.617863, -2.0803015
1371104227000, 0.6010914, 2.5821273, -2.0879374
1371109274000, 0.50426924, 2.543032, -2.0925188
1371114195000, 0.39950588, 2.5146267, -2.0781636
1371119179000, 0.312763, 2.4898868, -2.0503693
1371124204000, 0.22021692, 2.4807239, -2.0305161
1371129533000, 0.16035213, 2.4538457, -2.0018053
1371134176000, 0.09132435, 2.4443772, -1.9969184
1371139222000, 0.059864793, 2.3872614, -1.990199
1371144222000, -0.0070249503, 2.3448062, -1.9428569
1371149181000, -0.08399397, 2.2907448, -1.9123137
1371154292000, -0.1518, 2.2088888, -1.8753563
1371159305000, -0.2180789, 2.0943515, -1.831374
1371164818000, -0.2724459, 1.956296, -1.7913623
1371169262000, -0.33261612, 1.8387043, -1.7357736
1371174334000, -0.37659842, 1.7290541, -1.6716328
1371179266000, -0.41050145, 1.6056592, -1.5971072
1371184263000, -0.4615087, 1.4446963, -1.5213599
1371189261000, -0.52564955, 1.2608259, -1.4425583
1371194313000, -0.6197228, 1.0714576, -1.3775011
1371199328000, -0.7156286, 0.87964594, -1.2904528
1371204273000, -0.8081747, 0.7150178, -1.2217305
1371209405000, -0.8762862, 0.55680364, -1.1539245
1371214300000, -0.9239337, 0.42638394, -1.0845913
1371219249000, -0.9810496, 0.28252518, -1.0403035
1371224311000, -1.0351112, 0.11636983, -0.99296147
1371229270000, -1.099252, 0.027183503, -0.97402465
1371234527000, -1.1438452, -0.23579398, -0.93492925
1371239288000, -1.2696834, -0.32375857, -0.9184359
1371244285000, -1.2980887, -0.43890667, -0.895223
1371249298000, -1.3768903, -0.5308419, -0.87781334
1371254302000, -1.4660766, -0.6068946, -0.8698721
1371259381000, -1.5720617, -0.65270954, -0.86467975
1371264234000, -1.677436, -0.68019843, -0.8668178
1371269298000, -1.790446, -0.68966687, -0.8729264
1371274789000, -1.8912388, -0.6945538, -0.88208944
1371279287000, -2.0054705, -0.7110472, -0.8717047
1371284545000, -2.068695, -0.7272351, -0.852157
1371289340000, -2.13925, -0.74189585, -0.8399397
1371294288000, -2.189952, -0.75716746, -0.8142834
1371299299000, -2.1994202, -0.7696902, -0.7687739
1371304342000, -2.1862867, -0.7837401, -0.70707655
1371309342000, -2.147802, -0.79779, -0.65270954
1371314370000, -2.0971005, -0.81000733, -0.5705481
1371319309000, -2.0231857, -0.8051204, -0.47800204
1371324273000, -1.9462167, -0.8210029, -0.38728857
1371329309000, -1.8500054, -0.8481864, -0.3436117
1371334234000, -1.7935003, -0.87598073, -0.2452624
1371339322000, -1.6777414, -0.88606006, -0.15332718
1371344245000, -1.539075, -0.8680395, -0.043676864
1371349281000, -1.4040737, -0.84421575, 0.058643065
1371354267000, -1.276403, -0.84116143, 0.14080444
1371359435000, -1.1453724, -0.8573494, 0.19883664
1371364301000, -1.0262536, -0.88514376, 0.23823744
1371369292000, -0.91324353, -0.9147707, 0.29352075
1371374309000, -0.8045095, -0.9309586, 0.3484986
1371379301000, -0.68569624, -0.9300423, 0.39736784
1371384358000, -0.57910025, -0.8881981, 0.4550946
1371389334000, -0.47158796, -0.850019, 0.4981606
1371394305000, -0.38728857, -0.8194757, 0.52778757
1371399300000, -0.28527406, -0.78801614, 0.57451874
1371404332000, -0.20341812, -0.77824235, 0.59864795
1371409395000, -0.12614368, -0.7669413, 0.6218608
1371414378000, -0.09162979, -0.7507534, 0.64751714
1371419838000, -0.07941248, -0.7348709, 0.67164636
1371424357000, -0.08307768, -0.72692966, 0.6933321
1371429301000, -0.1020145, -0.7128797, 0.70829827
1371434300000, -0.112399206, -0.69913524, 0.743423
1371439334000, -0.12736541, -0.6881397, 0.7644979
1371444302000, -0.14294247, -0.6618725, 0.7831292
1371449291000, -0.14874569, -0.63132924, 0.8029824
1371454392000, -0.16493362, -0.5852089, 0.8402451
1371459404000, -0.172264, -0.516792, 0.8741482
1371464417000, -0.18203785, -0.4382958, 0.9114109
1371469297000, -0.19822577, -0.3539964, 0.95569867
1371474668000, -0.24281894, -0.3023783, 0.99387777
1371479296000, -0.3023783, -0.20708331, 1.0268645
1371484297000, -0.34238997, -0.064751714, 1.0442741
1371490051000, -0.35277468, 0.14446963, 1.0051788
1371494310000, -0.28771752, 0.3921755, 0.91996306
1371499293000, -0.16340645, 0.6646214, 0.784351
1371504332000, -0.023823744, 0.8155051, 0.5852089
1371509353000, 0.13622294, 0.78954333, 0.3387248
1371514426000, 0.24312437, 0.55863625, 0.06811147
1371519255000, 0.27580565, 0.39920044, -0.19761491
1371524342000, 0.24953845, 0.07880162, -0.3979787
1371529232000, 0.21319197, -0.07513642, -0.45448375
1371534301000, 0.13164146, 0.096516706, -0.4550946
1371539256000, 0.090713486, 0.49571714, -0.35369098
1371544308000, 0.086437434, 0.9963212, -0.22876903
1371549233000, 0.069027774, 1.5366315, -0.057421334
1371554343000, -0.029932396, 2.0631974, 0.113926366
1371559863000, -0.15851954, 2.4666739, 0.25686884
1371564387000, -0.30665436, 2.742785, 0.3390302
1371569265000, -0.46944994, 2.8545732, 0.3747658
1371574351000, -0.63438356, 2.812118, 0.35216382
1371579268000, -0.7556403, 2.7064385, 0.30390546
1371584299000, -0.7852673, 2.5555549, 0.21197024
1371589262000, -0.73945236, 2.2363777, 0.10323623
1371594312000, -0.6426302, 1.7146988, 0.0106901415
1371599237000, -0.5006041, 1.0619892, -0.09407325
1371604317000, -0.3933972, 0.40469822, -0.17745635
1371609308000, -0.3491095, -0.16523905, -0.2452624
1371614301000, -0.3662137, -0.57604593, -0.2959642
1371619282000, -0.3820962, -0.75411314, -0.30024028
1371624365000, -0.38056904, -0.98807454, -0.3051272
1371629307000, -0.376293, -1.1362094, -0.32162055
1371634291000, -0.3549127, -1.2095132, -0.3662137
1371639353000, -0.33353242, -1.2938126, -0.47647488
1371644300000, -0.31642818, -1.3435981, -0.60048056
1371649300000, -0.31337386, -1.3552046, -0.73945236
1371654342000, -0.31764993, -1.3060299, -0.88056225
1371659355000, -0.31520647, -1.1991285, -1.0118983
1371664295000, -0.29871312, -1.0494665, -1.1169671
1371669297000, -0.2742785, -0.90133166, -1.1856894
1371674679000, -0.22388211, -0.7684685, -1.2104294
1371679308000, -0.14538592, -0.66889745, -1.2156218
1371684289000, -0.057421334, -0.59528816, -1.1585059
1371689344000, 0.08246681, -0.539394, -1.067487
1371694295000, 0.2443461, -0.49510628, -1.0027353
1371699303000, 0.35735616, -0.4382958, -0.9419542
1371704332000, 0.41630468, -0.36193767, -0.86193085
1371709492000, 0.46181414, -0.28863382, -0.795652
1371714304000, 0.4908302, -0.17898351, -0.71868294
1371719294000, 0.49693888, -0.1001819, -0.65484756
1371724344000, 0.5021312, 0.038789943, -0.627664
1371729266000, 0.5012149, 0.19058995, -0.5656612
1371734251000, 0.49357912, 0.33933565, -0.50640726
1371739287000, 0.50732356, 0.47861293, -0.47952923
1371744886000, 0.50579643, 0.6197228, -0.43951756
1371749255000, 0.5204572, 0.788627, -0.4089743
1371754291000, 0.5363397, 0.9654725, -0.39095375
1371759314000, 0.54183745, 1.1371256, -0.376293
1371764262000, 0.5742133, 1.3154984, -0.36560285
1371769255000, 0.61086524, 1.496009, -0.34880406
1371774287000, 0.65026605, 1.6594155, -0.35094208
1371779374000, 0.6936375, 1.7959439, -0.3463606
1371784256000, 0.7440339, 1.9682078, -0.32742378
1371789286000, 0.77763146, 2.1633792, -0.3036
1371794293000, 0.8145888, 2.3215933, -0.29901853
1371799297000, 0.8741482, 2.4016168, -0.30726522
1371804409000, 0.926988, 2.3961189, -0.30207285
1371809313000, 0.9569204, 2.3243423, -0.3222314
1371814879000, 0.990518, 2.2467623, -0.34422258
1371819296000, 1.0219775, 2.198504, -0.36560285
1371824328000, 1.0238101, 2.101682, -0.41783184
1371829298000, 1.0231993, 1.9963076, -0.49296826
1371834233000, 0.9984592, 1.8680259, -0.5708536
1371839341000, 0.9407325, 1.7101172, -0.63194007
1371844243000, 0.87689704, 1.4602734, -0.6765333
1371849299000, 0.82344633, 1.1230757, -0.73853606
1371854255000, 0.79076505, 0.75228053, -0.7968737
1371859365000, 0.7883216, 0.398895, -0.8527679
1371864296000, 0.78984874, 0.08307768, -0.8885035
1371869289000, 0.7892379, -0.18478674, -0.89919364
1371874795000, 0.7828238, -0.4266894, -0.8888089
1371879294000, 0.7651087, -0.5849035, -0.84788096
1371884712000, 0.73426, -0.6563747, -0.78038037
1371889341000, 0.752586, -0.6768387, -0.72418076
1371894308000, 0.81000733, -0.66431594, -0.6704246
1371899296000, 0.84635377, -0.6301075, -0.6407976
1371904331000, 0.8885035, -0.5729916, -0.60903263
1371909343000, 0.9007208, -0.516792, -0.5626069
1371914417000, 0.9129381, -0.43982297, -0.5342017
1371919298000, 0.9263771, -0.39858958, -0.54244834
1371924367000, 0.93431836, -0.29901853, -0.52320606
1371929276000, 0.947452, -0.23151793, -0.5497787
1371934302000, 0.95478237, -0.18417588, -0.5717699
1371939331000, 0.945314, -0.118507855, -0.5864306
1371944306000, 0.93615097, -0.029321533, -0.59437186
1371949288000, 0.9120218, 0.047647487, -0.6084218
1371954527000, 0.89461213, 0.087964594, -0.6084218
1371959430000, 0.8512407, 0.082161374, -0.6078109
1371964328000, 0.8020661, 0.015882496, -0.6032294
1371969292000, 0.74372846, -0.09254608, -0.6261369
1371974351000, 0.66950834, -0.23884831, -0.6273586
1371979282000, 0.6188065, -0.40042216, -0.64812803
1371984296000, 0.5687156, -0.56688297, -0.6606508
1371989275000, 0.50640726, -0.72418076, -0.68966687
1371994306000, 0.44623706, -0.89675015, -0.689056
1371999232000, 0.42058071, -1.0369438, -0.6881397
1372004328000, 0.41080686, -1.176221, -0.6554584
1372009309000, 0.41996986, -1.2617421, -0.6243043
1372014300000, 0.43585235, -1.2852604, -0.61453044
1372019267000, 0.4428773, -1.3048081, -0.60048056
1372024378000, 0.45204028, -1.2617421, -0.57757306
1372029280000, 0.46883908, -1.1826351, -0.5830709
1372034294000, 0.47586402, -1.0442741, -0.59131753
1372039310000, 0.47311515, -0.90224797, -0.57848936
1372044301000, 0.45753807, -0.786489, -0.5555819
1372049303000, 0.4392121, -0.6609562, -0.5656612
1372054336000, 0.42149702, -0.5305365, -0.5537493
1372059394000, 0.3933972, -0.42332962, -0.5015204
1372064317000, 0.3717115, -0.31642818, -0.45753807
1372070205000, 0.33841935, -0.23945917, -0.41783184
1372074976000, 0.31795537, -0.17806722, -0.38515055
1372079290000, 0.30207285, -0.19914207, -0.33841935
1372084312000, 0.29352075, -0.2510656, -0.31703907
1372089250000, 0.3023783, -0.35185838, -0.30482176
1372094324000, 0.30024028, -0.46089783, -0.29749137
1372099260000, 0.28344148, -0.5360342, -0.30818152
1372104245000, 0.2666427, -0.6273586, -0.26542094
1372109192000, 0.24587326, -0.65179324, -0.25045475
1372114182000, 0.23793201, -0.7171558, -0.24953845
1372119166000, 0.21838433, -0.7666359, -0.2489276
1372124224000, 0.2302962, -0.7809912, -0.23945917
1372129173000, 0.22113322, -0.7831292, -0.23151793
1372134177000, 0.22449298, -0.7086037, -0.21319197
1372139507000, 0.20677789, -0.56016344, -0.16890424
1372144201000, 0.1881465, -0.38148534, -0.14355333
1372149166000, 0.17348573, -0.21594086, -0.102319926
1372154229000, 0.16768251, -0.1301143, -0.07666359
1372159217000, 0.17562376, -0.09773844, -0.042455133
1372164204000, 0.18753563, -0.089186326, -0.009162978
1372169179000, 0.2171626, -0.053145275, 0.025961773
1372174359000, 0.2510656, 0.025350908, 0.058337633
1372179310000, 0.29168814, 0.096516706, 0.0842994
1372184294000, 0.31764993, 0.14569137, 0.09712757
1372189349000, 0.34055737, 0.19853121, 0.10140363
1372194303000, 0.3313944, 0.24312437, 0.11148291
1372199319000, 0.3323107, 0.29352075, 0.1255328
1372204340000, 0.32589662, 0.35246924, 0.13072516
1372210072000, 0.30940324, 0.39492437, 0.15424347
1372214296000, 0.3115413, 0.4111123, 0.1685988
1372219297000, 0.30268374, 0.4801401, 0.2049453
1372224350000, 0.2855795, 0.54336464, 0.23701571
1372229277000, 0.25289822, 0.50518554, 0.21991149
1372234264000, 0.22204952, 0.41722095, 0.20647246
1372239284000, 0.183565, 0.35308012, 0.20219639
1372244272000, 0.12308934, 0.36468655, 0.19883664
1372249256000, 0.055283304, 0.39003745, 0.1826487
1372254328000, 0.020463986, 0.4129449, 0.14935656
1372259411000, 0.0012217305, 0.4071417, 0.11026118
1372264390000, 0.003970624, 0.37598756, 0.058643065
1372269297000, 0.026572637, 0.29779682, 0.003970624
1372274387000, 0.0571159, 0.20708331, -0.053145275
1372279422000, 0.092240654, 0.13622294, -0.10445796
1372284253000, 0.12461651, 0.09285152, -0.16737708
1372289294000, 0.13561209, 0.06566802, -0.22815818
1372294267000, 0.14905111, 0.03023783, -0.28893927
1372299298000, 0.15271631, 0.0036651916, -0.34147367
1372304308000, 0.15821409, -0.0143553335, -0.38087448
1372309384000, 0.17592919, -0.018020526, -0.42455134
1372314277000, 0.18997909, -0.012217305, -0.4361578
1372319290000, 0.22876903, 0.016493361, -0.46517387
1372324312000, 0.24923302, 0.033292156, -0.47525316
1372329279000, 0.27458394, 0.03726278, -0.48472157
1372334299000, 0.29138273, 0.0421497, -0.48441613
1372339298000, 0.30757064, 0.04550946, -0.464563
1372344246000, 0.33505958, 0.050396383, -0.4334089
1372349257000, 0.36010507, 0.02687807, -0.4156938
1372354200000, 0.42119157, -0.013133603, -0.3921755
1372359210000, 0.50915617, -0.04337143, -0.37873647
1372364180000, 0.5821546, -0.0870483, -0.36743546
1372369175000, 0.6386596, -0.12644911, -0.36957347
1372374184000, 0.70005155, -0.1685988, -0.3640757
1372379181000, 0.7528914, -0.2134974, -0.36957347
1372384170000, 0.7987063, -0.25289822, -0.3811799
1372389209000, 0.82741696, -0.2678644, -0.3915646
1372394167000, 0.83108217, -0.27122417, -0.3998113
1372399179000, 0.8414669, -0.26083946, -0.4089743
1372404288000, 0.84635377, -0.23915374, -0.41874814
1372409325000, 0.83658, -0.20005837, -0.4334089
1372414276000, 0.8258898, -0.14477506, -0.4428773
1372419254000, 0.81245077, -0.086132, -0.44012842
1372424296000, 0.78038037, -0.031154128, -0.43951756
1372429286000, 0.7476991, 0.0106901415, -0.44348818
1372434287000, 0.6994407, 0.05375614, -0.419359
1372439289000, 0.6603453, 0.093462385, -0.39645153
1372444360000, 0.6224717, 0.12797627, -0.37415496
1372449256000, 0.59559363, 0.15515977, -0.35460728
1372454285000, 0.5729916, 0.17898351, -0.33292156
1372459335000, 0.57360244, 0.16646078, -0.32436943
1372464952000, 0.57360244, 0.15088372, -0.3191771
1372469257000, 0.5885687, 0.12736541, -0.32406402
1372475188000, 0.61941737, 0.100792766, -0.32925636
1372479259000, 0.6426302, 0.071776666, -0.33567044
1372484251000, 0.65668017, 0.04886922, -0.33536503
1372489296000, 0.67164636, 0.016187929, -0.3399465
1372494388000, 0.700357, 0.009773844, -0.33017266
1372499365000, 0.7290677, 0.009773844, -0.3295618
1372504283000, 0.75625116, -0.011911872, -0.32375857
1372509375000, 0.77366084, -0.021685716, -0.29871312
1372514359000, 0.8240572, -0.023518313, -0.28069258
1372519249000, 0.8686504, -0.029626964, -0.24678956
1372524293000, 0.88300574, -0.04520403, -0.21624629
1372529255000, 0.9114109, -0.0571159, -0.17287487
1372534840000, 0.9410379, -0.07544186, -0.13927728
1372539287000, 0.98746365, -0.09682214, -0.08674286
1372544265000, 1.0207558, -0.10934488, -0.03634648
1372549252000, 1.0635164, -0.12950343, 0.005192355
1372554292000, 1.097114, -0.15088372, 0.032070424
1372559345000, 1.1398746, -0.15943582, 0.06414085
1372564314000, 1.1710287, -0.1853976, 0.086132
1372569255000, 1.183246, -0.21991149, 0.108123146
1372574306000, 1.2012665, -0.23151793, 0.122783914
1372579256000, 1.2189816, -0.23548855, 0.14202617
1372584258000, 1.2311989, -0.23976462, 0.16035213
1372589283000, 1.2461652, -0.2434298, 0.16829337
1372594267000, 1.2635747, -0.24617869, 0.1704314
1372599253000, 1.2773192, -0.24190263, 0.17287487
1372604606000, 1.2840388, -0.24648413, 0.17654006
1372609354000, 1.3118331, -0.25289822, 0.17165314
1372614297000, 1.312444, -0.2733622, 0.17104226
1372619262000, 1.3234396, -0.3032946, 0.1695151
1372624302000, 1.3454307, -0.31581733, 0.16646078
1372629238000, 1.3637567, -0.33017266, 0.16982053
1372634252000, 1.3955216, -0.36468655, 0.1554652
1372639258000, 1.4220943, -0.41263947, 0.15271631
1372644265000, 1.4391985, -0.44409904, 0.1441642
1372649228000, 1.4566082, -0.4822781, 0.13744467
1372654276000, 1.4688255, -0.5109888, 0.11911872
1372659351000, 1.4758505, -0.52656585, 0.11148291
1372664330000, 1.466382, -0.5494733, 0.10293079
1372669253000, 1.4798211, -0.5699373, 0.0852157
1372675761000, 1.4871514, -0.58184916, 0.06780604
1372679273000, 1.4923438, -0.56199604, 0.044898596
1372684254000, 1.4880677, -0.5503896, 0.03634648
1372689381000, 1.493871, -0.5458081, 0.023518313
1372694264000, 1.4862351, -0.5323691, 0.016493361
1372699256000, 1.4776831, -0.5195409, 0.012217305
1372704279000, 1.4758505, -0.5161811, 0.01863139
1372709467000, 1.4862351, -0.50823987, 0.02321288
1372714279000, 1.498147, -0.50885075, 0.018325957
1372719251000, 1.5054774, -0.50671273, 0.017715093
1372724299000, 1.5063937, -0.49235737, 0.03145956
1372729266000, 1.5189165, -0.48166725, 0.036651913
1372734255000, 1.5271631, -0.50762904, 0.04520403
1372739397000, 1.559539, -0.548557, 0.071776666
1372744274000, 1.5806139, -0.59437186, 0.087964594
1372749295000, 1.6120734, -0.6420194, 0.09468412
1372754357000, 1.6490307, -0.6921103, 0.115453534
1372759282000, 1.700038, -0.7351763, 0.13164146
1372764258000, 1.7415768, -0.79198676, 0.15118915
1372769599000, 1.783421, -0.8078693, 0.17073683
1372774312000, 1.8454239, -0.8078693, 0.17623462
1372779240000, 1.8952094, -0.8060367, 0.18173242
1372784252000, 1.9190332, -0.8206975, 0.18784106
1372789837000, 1.9230038, -0.8142834, 0.172264
1372794263000, 1.9275852, -0.79290307, 0.18020524
1372799252000, 1.917506, -0.7244862, 0.17012598
1372804280000, 1.9248364, -0.5815437, 0.15699236
1372809326000, 1.9214766, -0.45448375, 0.14049901
1372814305000, 1.9172006, -0.29260445, 0.12003502
1372819248000, 1.9004018, -0.10842858, 0.07788532
1372824328000, 1.8558086, 0.07666359, 0.051923547
1372829265000, 1.7837266, 0.21166481, 0.027794369
1372834251000, 1.6902641, 0.24312437, 0.0027488936
1372839288000, 1.5897768, 0.18906279, 0.020463986
1372844264000, 1.4679092, 0.04795292, 0.03726278
1372849256000, 1.3875804, -0.13805555, 0.05497787
1372854278000, 1.3387111, -0.28252518, 0.04153884
1372860162000, 1.3319917, -0.30085114, -0.005192355
1372864253000, 1.3087788, -0.21319197, -0.076052725
1372869250000, 1.255328, -0.09773844, -0.15118915
1372875132000, 1.1691961, -0.037873644, -0.21044308
1372879262000, 1.1010846, -0.049785517, -0.25503623
1372884255000, 1.0558805, -0.11789699, -0.28069258
1372889290000, 1.0140363, -0.17745635, -0.2947425
1372894269000, 0.9630291, -0.19822577, -0.3042109
1372899254000, 0.92179567, -0.18203785, -0.31612277
1372904282000, 0.8237518, -0.15241088, -0.33964106
1372909410000, 0.70066243, -0.1414153, -0.36987892
1372914341000, 0.5925393, -0.13836098, -0.4083634
1372919251000, 0.5323691, -0.1695151, -0.4578435
1372924300000, 0.46028697, -0.20189096, -0.51251596
1372929577000, 0.4111123, -0.25350907, -0.57543504
1372934249000, 0.34422258, -0.30207285, -0.6270532
1372939293000, 0.2932153, -0.37140608, -0.6640105
1372944238000, 0.24312437, -0.43463063, -0.68569624
1372949255000, 0.21533, -0.4813618, -0.6924158
1372954280000, 0.19517145, -0.5198463, -0.68966687
1372959384000, 0.17531833, -0.52687126, -0.68508536
1372964317000, 0.17104226, -0.5158757, -0.6747007
1372969247000, 0.18051068, -0.4792238, -0.66889745
1372974260000, 0.2003638, -0.4288274, -0.6444628
1372979266000, 0.21624629, -0.37690386, -0.6105598
1372984225000, 0.23548855, -0.33964106, -0.56596667
1372989292000, 0.23365596, -0.32162055, -0.5329799
1372994248000, 0.2302962, -0.29871312, -0.5128214
1372999258000, 0.22602014, -0.28099802, -0.48747048
1373004308000, 0.20341812, -0.2657264, -0.4578435
1373009310000, 0.1777618, -0.23426682, -0.42058071
1373014266000, 0.15790866, -0.22571471, -0.39187005
1373019253000, 0.1469131, -0.2098322, -0.36254853
1373024287000, 0.1255328, -0.19730948, -0.33292156
1373029265000, 0.12064589, -0.19517145, -0.30176744
1373034256000, 0.1142318, -0.17287487, -0.27030787
1373039282000, 0.09773844, -0.16126843, -0.23243423
1373044270000, 0.095294975, -0.15302174, -0.19303341
1373049262000, 0.09682214, -0.14263703, -0.1572978
1373054664000, 0.10995574, -0.11575896, -0.11301007
1373059314000, 0.10598512, -0.0983493, -0.069027774
1373064288000, 0.102319926, -0.067500606, -0.033292156
1373069309000, 0.09407325, -0.03023783, -0.0027488936
1373074940000, 0.084910266, 0.008552114, 0.030543262
1373079428000, 0.07269296, 0.046731193, 0.04337143
1373084244000, 0.04550946, 0.06261369, 0.06383542
1373089340000, 0.029321533, 0.10567969, 0.08246681
1373094245000, 0.0067195175, 0.14263703, 0.087659165
1373099326000, -0.015271631, 0.17165314, 0.11942416
1373104258000, -0.05222898, 0.20799962, 0.15363261
1373109200000, -0.08552113, 0.22021692, 0.17531833
1373114524000, -0.11148291, 0.23793201, 0.21044308
1373119200000, -0.1423316, 0.258396, 0.25289822
1373124199000, -0.17501289, 0.29077184, 0.2883284
1373129204000, -0.21624629, 0.31520647, 0.33567044
1373134185000, -0.2302962, 0.33841935, 0.38026363
1373139236000, -0.24617869, 0.38087448, 0.42485678
1373144188000, -0.27091873, 0.42058071, 0.48624873
1373149286000, -0.28955013, 0.44409904, 0.52290064
1373154214000, -0.29565877, 0.4718934, 0.5708536
1373159236000, -0.30634892, 0.4841107, 0.6062838
1373164201000, -0.30940324, 0.48502702, 0.63132924
1373169287000, -0.31520647, 0.49174652, 0.6374379
1373174366000, -0.33292156, 0.49510628, 0.65209866
1373179297000, -0.35185838, 0.49602258, 0.65270954
1373184879000, -0.37140608, 0.48075095, 0.64965516
1373189334000, -0.38698313, 0.4654793, 0.6401868
1373194319000, -0.3915646, 0.45142943, 0.6258314
1373199296000, -0.4266894, 0.41783184, 0.61483586
1373204342000, -0.48502702, 0.3839288, 0.600786
1373209444000, -0.5103779, 0.36163223, 0.5900958
1373214399000, -0.53786683, 0.32284227, 0.5720753
1373219256000, -0.5503896, 0.3042109, 0.5708536
1373224353000, -0.5488624, 0.29138273, 0.5757405
1373229301000, -0.5299256, 0.2724459, 0.58093286
1373234296000, -0.50885075, 0.25686884, 0.59315014
1373239331000, -0.48472157, 0.23945917, 0.6068946
1373244304000, -0.45937067, 0.21471913, 0.6105598
1373249292000, -0.44012842, 0.17867808, 0.6230826
1373254825000, -0.42577308, 0.15851954, 0.62796944
1373259341000, -0.41141775, 0.14844026, 0.6230826
1373264300000, -0.42485678, 0.15241088, 0.60994893
1373269295000, -0.44043383, 0.15882497, 0.589485
1373274968000, -0.44501534, 0.18448131, 0.56107974
1373279301000, -0.44440445, 0.21502456, 0.53878313
1373284295000, -0.44318274, 0.22968534, 0.51068336
1373289322000, -0.43371433, 0.24923302, 0.4972443
1373294321000, -0.4370741, 0.2657264, 0.4896085
1373299275000, -0.43463063, 0.27000242, 0.47311515
1373304339000, -0.4364632, 0.2593123, 0.46700647
1373309358000, -0.4352415, 0.2434298, 0.45753807
1373314376000, -0.41508293, 0.22266038, 0.45662177
1373319284000, -0.40225476, 0.21471913, 0.45020768
1373324476000, -0.38728857, 0.2134974, 0.43004912
1373329269000, -0.3866777, 0.22693644, 0.42149702
1373334300000, -0.39706242, 0.22907446, 0.40042216
1373339281000, -0.42455134, 0.22021692, 0.3680463
1373344309000, -0.4605924, 0.21135938, 0.32742378
1373349236000, -0.47311515, 0.20189096, 0.28619036
1373354336000, -0.46944994, 0.22418754, 0.23762658
1373359246000, -0.46273044, 0.25717425, 0.1957823
1373364266000, -0.46211955, 0.28008172, 0.14294247
1373369252000, -0.4456262, 0.29718593, 0.09896017
1373374283000, -0.43768495, 0.32467487, 0.058337633
1373379313000, -0.43127087, 0.34513888, 0.030848695
1373384295000, -0.43982297, 0.3472769, 0.004276057
1373389304000, -0.44532076, 0.33322698, -0.032986723
1373394326000, -0.46761733, 0.31642818, -0.064446285
1373399292000, -0.4868596, 0.28069258, -0.09682214
1373404368000, -0.4999932, 0.2144137, -0.12889257
1373409335000, -0.4914411, 0.15271631, -0.17104226
1373414314000, -0.47403142, 0.1020145, -0.18661933
1373419277000, -0.45845437, 0.071776666, -0.21319197
1373424324000, -0.44440445, 0.05955936, -0.22418754
1373429346000, -0.4465425, 0.04795292, -0.24037547
1373434299000, -0.44501534, 0.026267206, -0.26328292
1373439649000, -0.46211955, 0.02443461, -0.2837469
1373444300000, -0.46731192, 0.0106901415, -0.30634892
1373449542000, -0.46609017, -6.1086525E-4, -0.3191771
1373454324000, -0.4560109, -0.018020526, -0.32986724
1373459376000, -0.45540005, -0.069027774, -0.34391713
1373464400000, -0.42485678, -0.12308934, -0.3454443
1373469236000, -0.39370266, -0.19425514, -0.3622431
1373474272000, -0.3631594, -0.2434298, -0.38148534
1373479274000, -0.3277292, -0.2660318, -0.40103304
1373484253000, -0.31520647, -0.28802297, -0.41386122
1373489301000, -0.28191432, -0.2855795, -0.4538729
1373494272000, -0.25870144, -0.28191432, -0.48899764
1373499272000, -0.25625798, -0.27947086, -0.52748215
1373504277000, -0.24495697, -0.28802297, -0.56382865
1373510266000, -0.24709499, -0.30970868, -0.6151413
1373514257000, -0.24495697, -0.36896262, -0.6273586
1373519267000, -0.24617869, -0.453262, -0.64843345
1373524295000, -0.22937989, -0.52656585, -0.6966918
1373529285000, -0.21227567, -0.5861252, -0.7287622
1373534258000, -0.22082779, -0.6414085, -0.7443393
1373539288000, -0.22357668, -0.68111473, -0.7654142
1373544284000, -0.24037547, -0.7012733, -0.7648033
1373549258000, -0.27275133, -0.73914695, -0.77213365
1373554295000, -0.29901853, -0.77946407, -0.76144356
1373559393000, -0.3051272, -0.829555, -0.74189585
1373564370000, -0.28008172, -0.870483, -0.74128497
1373569254000, -0.25350907, -0.8912524, -0.75869465
1373574330000, -0.24129178, -0.91629785, -0.77182823
1373579793000, -0.2275473, -0.93554014, -0.7501425
1373584295000, -0.2180789, -0.9272934, -0.7452556
1373589339000, -0.2171626, -0.9101892, -0.7367035
1373594278000, -0.226631, -0.90469146, -0.7128797
1373599302000, -0.24831672, -0.9104946, -0.7012733
1373604343000, -0.26542094, -0.9184359, -0.70371675
1373609414000, -0.29626966, -0.93462384, -0.7079928
1373614374000, -0.34391713, -0.97402465, -0.70524395
1373619304000, -0.38545597, -1.0167851, -0.70005155
1373624311000, -0.41783184, -1.0729848, -0.70371675
1373629314000, -0.44043383, -1.1548407, -0.67073005
1373634295000, -0.46211955, -1.2049317, -0.6310238
1373639347000, -0.48655418, -1.2293663, -0.59895337
1373644299000, -0.5155703, -1.2409728, -0.5561928
1373649421000, -0.50732356, -1.2342533, -0.49541172
1373654336000, -0.48747048, -1.2095132, -0.43890667
1373659420000, -0.46914452, -1.169807, -0.3735441
1373664384000, -0.42180246, -1.108415, -0.3323107
1373669300000, -0.36865717, -1.0403035, -0.2950479
1373674914000, -0.30818152, -0.9691377, -0.26816985
1373679304000, -0.25778514, -0.9388999, -0.26053402
1373684378000, -0.24373524, -0.8863655, -0.23671028
1373689333000, -0.20341812, -0.8341365, -0.21868975
1373694337000, -0.16829337, -0.77182823, -0.2003638
1373699300000, -0.12308934, -0.7199047, -0.17562376
1373704313000, -0.081855945, -0.6945538, -0.15760323
1373709371000, -0.015882496, -0.700357, -0.12522738
1373714311000, 0.022296581, -0.72204274, -0.0983493
1373719301000, 0.05681047, -0.74128497, -0.06261369
1373724260000, 0.09010262, -0.7495316, -0.02565634
1373729297000, 0.09101892, -0.7107417, 0.002443461
1373734249000, 0.098043874, -0.64812803, 0.042455133
1373739343000, 0.09040806, -0.5919284, 0.089491755
1373744261000, 0.1020145, -0.52839845, 0.1386664
1373749293000, 0.092240654, -0.47067168, 0.17562376
1373754315000, 0.10354166, -0.419359, 0.21838433
1373759454000, 0.1151481, -0.3494149, 0.26053402
1373765068000, 0.118202426, -0.29810223, 0.28008172
1373769290000, 0.12950343, -0.21563543, 0.29901853
1373774328000, 0.14263703, -0.17379116, 0.3210097
1373779300000, 0.15760323, -0.08032878, 0.32436943
1373784297000, 0.18692477, 3.0543262E-4, 0.33322698
1373789336000, 0.2125811, 0.07880162, 0.33628133
1373794299000, 0.24556783, 0.111177474, 0.33414328
1373799298000, 0.27855456, 0.1001819, 0.32467487
1373804336000, 0.31612277, 0.03359759, 0.3036
1373809404000, 0.32986724, -0.049785517, 0.28527406
1373814438000, 0.3368922, -0.1600467, 0.2556471
1373819291000, 0.35888332, -0.2657264, 0.23335053
1373824344000, 0.36377025, -0.3662137, 0.21105394
1373829301000, 0.36285394, -0.44776422, 0.17654006
1373834983000, 0.36560285, -0.50243664, 0.15241088
1373839320000, 0.36743546, -0.52564955, 0.14874569
1373844323000, 0.37751472, -0.4978552, 0.13469578
1373849290000, 0.3744604, -0.46822822, 0.11148291
1373854333000, 0.36957347, -0.41355577, 0.0888809
1373859472000, 0.34788775, -0.3857614, 0.06719518
1373864350000, 0.33108896, -0.37110063, 0.053450707
1373869342000, 0.29260445, -0.36713, 0.043982297
1373875103000, 0.2648101, -0.36468655, 0.04153884
1373879250000, 0.23579398, -0.36010507, 0.040927973
1373884297000, 0.22602014, -0.36163223, 0.043982297
1373889270000, 0.19517145, -0.37659842, 0.039095376
1373894269000, 0.18112154, -0.39553526, 0.036957346
1373899231000, 0.14844026, -0.41141775, 0.044593163
1373904314000, 0.112399206, -0.43493605, 0.05589417
1373909331000, 0.056505036, -0.48930305, 0.054367006
1373914382000, 0.0143553335, -0.51007247, 0.062002823
1373919269000, -0.040317107, -0.535118, 0.06994407
1373924290000, -0.08552113, -0.54092115, 0.06627888
1373929286000, -0.108123146, -0.5555819, 0.059864793
1373934298000, -0.13164146, -0.56016344, 0.06169739
1373939294000, -0.15790866, -0.5549711, 0.050396383
1373944280000, -0.14966199, -0.54061574, 0.049480084
1373949555000, -0.14263703, -0.4990769, 0.044593163
1373954373000, -0.14202617, -0.45998153, 0.04520403
1373959347000, -0.12980886, -0.36835176, 0.04734206
1373964392000, -0.1160644, -0.27916542, 0.055283304
1373969274000, -0.08827003, -0.21777347, 0.06566802
1373974525000, -0.079107046, -0.021685716, 0.0693332
1373979297000, -0.040011674, 0.04795292, 0.06841691
1373984293000, -0.02443461, 0.18203785, 0.06566802
1373989305000, 9.162979E-4, 0.2910773, 0.0842994
1373994347000, 0.028710667, 0.37110063, 0.08552113
1373999340000, 0.03756821, 0.42058071, 0.0983493
1374004327000, 0.051923547, 0.42913285, 0.11148291
1374009411000, 0.055588737, 0.4025602, 0.12064589
1374014315000, 0.061391957, 0.3549127, 0.13652839
1374019354000, 0.05100725, 0.27091873, 0.15149458
1374024365000, 0.032070424, 0.17867808, 0.17684549
1374029428000, 0.027183503, 0.0842994, 0.18967366
1374034264000, 0.025961773, 0.016798794, 0.21685717
1374039279000, 0.015882496, -0.05009095, 0.23579398
1374044285000, 0.019242255, -0.1133155, 0.2434298
1374049298000, 0.014049901, -0.15027285, 0.25289822
1374054336000, 0.0106901415, -0.18295415, 0.25320363
1374059354000, 0.029626964, -0.20066923, 0.25778514
1374064318000, 0.024129177, -0.17562376, 0.2602286
1374069278000, 0.016187929, -0.16279559, 0.25381452
1374075224000, 0.020463986, -0.07513642, 0.23151793
1374079357000, -0.0036651916, -0.045814894, 0.22266038
1374084243000, -0.009468411, 0.0033597588, 0.20005837
1374089323000, -0.029321533, 0.04734206, 0.17715092
1374094326000, -0.076052725, 0.060170226, 0.17287487
1374099288000, -0.08979719, 0.07269296, 0.16462818
1374104295000, -0.11301007, 0.064446285, 0.15607607
1374109400000, -0.12217305, 0.056199603, 0.14752395
1374114302000, -0.1328632, 0.030543262, 0.1441642
1374119293000, -0.12461651, 0.016187929, 0.14996742
1374124343000, -0.1142318, 0.009162978, 0.13988814
1374129301000, -0.09040806, -3.0543262E-4, 0.13958271
1374134288000, -0.07544186, -0.002443461, 0.1282817
1374139302000, -0.06261369, -0.0030543262, 0.112704635
1374144742000, -0.064751714, 0.028405234, 0.10170906
1374149268000, -0.0720821, 0.070554934, 0.0729984
1374154441000, -0.0720821, 0.14263703, 0.06291912
1374159305000, -0.0983493, 0.20677789, 0.05497787
1374164270000, -0.11636983, 0.24312437, 0.064446285
1374169253000, -0.115453534, 0.32467487, 0.06872234
1374174331000, -0.13652839, 0.36682457, 0.07971791
1374179247000, -0.16249016, 0.38240165, 0.106595986
1374184289000, -0.16768251, 0.3631594, 0.13713925
1374189251000, -0.16035213, 0.3051272, 0.1740966
1374194294000, -0.14660765, 0.22602014, 0.20647246
1374199232000, -0.13500121, 0.15302174, 0.24190263
1374204225000, -0.11728613, 0.10903945, 0.2751948
1374209205000, -0.086132, 0.0888809, 0.30176744
1374214203000, -0.05009095, 0.07269296, 0.32284227
1374219184000, -0.010995574, 0.07727446, 0.34513888
1374224227000, 0.02687807, 0.09010262, 0.36560285
1374229187000, 0.049785517, 0.089491755, 0.38423425
1374234202000, 0.083383106, 0.11026118, 0.39522982
1374239225000, 0.10873401, 0.14110987, 0.39614612
1374244202000, 0.14294247, 0.18203785, 0.410196
1374249193000, 0.15790866, 0.24098633, 0.4196644
1374254252000, 0.1872302, 0.31520647, 0.42149702
1374259219000, 0.21685717, 0.35277468, 0.4184427
1374264296000, 0.2284636, 0.46120325, 0.41630468
1374269280000, 0.23609942, 0.5549711, 0.40591997
1374275065000, 0.23823744, 0.66767573, 0.4120286
1374279289000, 0.21166481, 0.6795876, 0.4147775
1374284294000, 0.21655174, 0.691194, 0.42241332
1374289316000, 0.18936823, 0.6704246, 0.43188173
1374294304000, 0.16554448, 0.605062, 0.43982297
1374299330000, 0.1459968, 0.52503866, 0.43310347
1374304351000, 0.112704635, 0.44043383, 0.43554693
1374309545000, 0.096516706, 0.37507126, 0.4361578
1374314373000, 0.0888809, 0.34422258, 0.43249258
1374319235000, 0.08155051, 0.35002577, 0.43096542
1374324322000, 0.089186326, 0.39003745, 0.45173484
1374329240000, 0.110872045, 0.46975538, 0.4718934
1374334292000, 0.14019357, 0.5525276, 0.4990769
1374339303000, 0.15332718, 0.6209445, 0.5299256
1374344307000, 0.1777618, 0.6429357, 0.5458081
1374349275000, 0.19333886, 0.6282749, 0.55955255
1374354352000, 0.2003638, 0.5946773, 0.57787853
1374359395000, 0.2125811, 0.55741453, 0.57787853
1374364304000, 0.20708331, 0.5320636, 0.5766568
1374369252000, 0.20280726, 0.4914411, 0.5635232
1374374283000, 0.18142697, 0.4560109, 0.5525276
1374379267000, 0.16768251, 0.4288274, 0.5329799
1374384251000, 0.13164146, 0.38973203, 0.5128214
1374389283000, 0.09437868, 0.3921755, 0.49296826
1374394276000, 0.06078109, 0.3912592, 0.46120325
1374399257000, 0.02443461, 0.39828414, 0.4202753
1374404307000, -6.1086525E-4, 0.40011674, 0.37904188
1374409378000, -0.022296581, 0.42210788, 0.3371976
1374414362000, -0.015882496, 0.4831944, 0.28680122
1374419253000, -0.05375614, 0.5555819, 0.23732115
1374424285000, -0.07941248, 0.6249151, 0.18997909
1374429263000, -0.10415252, 0.69974613, 0.15424347
1374434252000, -0.1328632, 0.7476991, 0.12644911
1374439271000, -0.12644911, 0.7629707, 0.124311075
1374444267000, -0.10567969, 0.7318166, 0.09010262
1374449255000, -0.083383106, 0.655153, 0.035124753
1374454309000, -0.10720685, 0.53786683, 0.02565634
1374459423000, -0.1142318, 0.46028697, 0.05375614
1374464336000, -0.06047566, 0.3118467, 0.0580322
1374469255000, -0.0012217305, 0.13775012, 0.113926366
1374474962000, 0.12644911, -0.1863139, 0.17348573
1374479262000, 0.30909783, -0.27214047, 0.19517145
1374484258000, 0.35735616, -0.35155296, 0.21930063
1374489282000, 0.4089743, -0.2742785, 0.21746802
1374494245000, 0.321926, -0.13255776, 0.20372356
1374499254000, 0.19181168, -0.0076358155, 0.17440203
1374504305000, 0.10140363, 0.09040806, 0.16218472
1374509430000, 0.06780604, 0.1863139, 0.129198
1374514310000, 0.058948494, 0.26328292, 0.11453723
1374519251000, 0.0571159, 0.3115413, 0.105374254
1374524299000, 0.082161374, 0.33292156, 0.10048734
1374529260000, 0.0888809, 0.30909783, 0.09101892
1374534255000, 0.13255776, 0.23793201, 0.086132
1374539278000, 0.18692477, 0.13500121, 0.093462385
1374544273000, 0.24770586, 0.040927973, 0.10262536
1374549255000, 0.32070425, -0.05955936, 0.105068825
1374554306000, 0.3857614, -0.09621128, 0.111177474
1374559397000, 0.45845437, -0.16646078, 0.122478485
1374564312000, 0.4981606, -0.17470746, 0.12583824
1374569254000, 0.5195409, -0.12858713, 0.1469131
1374574298000, 0.55741453, -0.0125227375, 0.17623462
1374579256000, 0.5558874, 0.110872045, 0.19303341
1374584250000, 0.52870387, 0.21288654, 0.20616703
1374589279000, 0.5140431, 0.2724459, 0.21288654
1374594266000, 0.48472157, 0.2932153, 0.2171626
1374599268000, 0.45051312, 0.2565634, 0.20677789
1374604279000, 0.41172317, 0.19547687, 0.18234327
1374609419000, 0.37965274, 0.13225232, 0.17684549
1374614304000, 0.3576616, 0.08399397, 0.1740966
1374619244000, 0.32986724, 0.05131268, 0.17989981
1374624300000, 0.3136793, 0.026267206, 0.19853121
1374629248000, 0.32589662, 0.006414085, 0.22479841
1374634251000, 0.34208453, -0.01160644, 0.26358834
1374639247000, 0.3454443, -0.050701816, 0.30482176
1374644288000, 0.36468655, -0.065973446, 0.35705075
1374649233000, 0.36926803, -0.07452556, 0.40225476
1374654287000, 0.35246924, -0.07574729, 0.44012842
1374659357000, 0.33505958, -0.065973446, 0.45448375
1374664324000, 0.28985557, -0.03726278, 0.48288897
1374669297000, 0.23335053, 0.0027488936, 0.4822781
1374674956000, 0.17562376, 0.070249505, 0.44409904
1374679284000, 0.07880162, 0.07696902, 0.41691554
1374684254000, 0.056199603, 0.0870483, 0.34147367
1374689285000, 0.0106901415, 0.06078109, 0.2321288
1374694283000, -0.02107485, 0.07422013, 0.14294247
1374699262000, -0.06047566, 0.09162979, 0.043066
1374704290000, -0.093462385, 0.0983493, -0.046731193
1374709331000, -0.13713925, 0.13561209, -0.12614368
1374714368000, -0.18784106, 0.14966199, -0.19150625
1374719255000, -0.24251351, 0.14355333, -0.2510656
1374724290000, -0.27183503, 0.08124508, -0.3036
1374729293000, -0.29077184, 0.024129177, -0.34666604
1374734255000, -0.3371976, -0.009773844, -0.36163223
1374739288000, -0.3640757, -0.022907447, -0.36743546
1374744353000, -0.41233405, -0.026572637, -0.3839288
1374749254000, -0.44012842, -0.025961773, -0.4098906
1374754280000, -0.48930305, 0.022296581, -0.4465425
1374759438000, -0.52839845, 0.013133603, -0.44898596
1374764298000, -0.5671884, -0.0076358155, -0.410196
1374769252000, -0.56230146, -0.039095376, -0.38362336
1374774290000, -0.54183745, -0.05375614, -0.37048978
1374779265000, -0.552833, -0.05009095, -0.4166101
1374784248000, -0.5891795, -0.1282817, -0.39187005
1374789280000, -0.5696318, -0.23335053, -0.32253686
1374794316000, -0.5183192, -0.31490102, -0.2751948
1374799256000, -0.46853364, -0.376293, -0.21533
1374804278000, -0.4089743, -0.41050145, -0.15149458
1374809440000, -0.34513888, -0.44929138, -0.10140363
1374814297000, -0.30604348, -0.49846604, -0.04795292
1374819254000, -0.2773328, -0.50854534, 0.0067195175
1374824285000, -0.22815818, -0.4810564, 0.057726767
1374829268000, -0.17806722, -0.42913285, 0.100792766
1374834252000, -0.10170906, -0.32742378, 0.11942416
1374839286000, -0.04917465, -0.19486602, 0.14446963
1374844277000, 0.025961773, -0.030543262, 0.15699236
1374849255000, 0.09621128, 0.044593163, 0.16829337
1374854288000, 0.12858713, 0.15241088, 0.16432275
1374859436000, 0.1872302, 0.20647246, 0.15424347
1374864288000, 0.21655174, 0.26419923, 0.15363261
1374869254000, 0.23945917, 0.29077184, 0.17654006
1374874921000, 0.2593123, 0.2959642, 0.22388211
1374879261000, 0.27183503, 0.27183503, 0.25320363
1374884233000, 0.2947425, 0.22266038, 0.30543262
1374889278000, 0.3295618, 0.13316862, 0.38087448
1374894259000, 0.35827246, 0.043676864, 0.44440445
1374899294000, 0.3933972, -0.06383542, 0.50610185
1374904273000, 0.4071417, -0.14966199, 0.54641896
1374909384000, 0.4175264, -0.22876903, 0.5934556
1374914283000, 0.40653083, -0.2773328, 0.6221663
1374919289000, 0.39553526, -0.29840767, 0.63621616
1374924268000, 0.37782016, -0.29840767, 0.6404922
1374929296000, 0.34269542, -0.2947425, 0.6417139
1374934301000, 0.29779682, -0.2761111, 0.625526
1374939313000, 0.26511553, -0.24587326, 0.6044512
1374944324000, 0.23762658, -0.20158553, 0.57910025
1374949295000, 0.21197024, -0.16798794, 0.54519725
1374954350000, 0.19486602, -0.115453534, 0.52626044
1374959439000, 0.16157386, -0.06261369, 0.4636467
1374964412000, 0.13439035, -0.03390302, 0.4083634
1374969291000, 0.10598512, -0.017715093, 0.3472769
1374974343000, 0.08399397, -0.009468411, 0.26816985
1374979297000, 0.04153884, -0.004276057, 0.19486602
1374984297000, -0.005497787, -0.0067195175, 0.12950343
1374989325000, -0.042760566, -0.0018325958, 0.070249505
1374994367000, -0.093462385, 9.162979E-4, 0.015271631
1374999294000, -0.13988814, -0.015577064, -0.03481932
1375004348000, -0.17531833, -0.04153884, -0.07452556
1375009361000, -0.19792034, -0.050396383, -0.10323623
1375014382000, -0.22602014, -0.06963864, -0.12095132
1375019273000, -0.2321288, -0.07574729, -0.13988814
1375024348000, -0.23579398, -0.08582657, -0.1518
1375029295000, -0.23793201, -0.0842994, -0.16218472
