#Rate of rotation around the x y z axes (Angular velocity).
#timestamp(ns),x,y,z(rad/s)
#Datetime: 02/04/2015 17:38:27
##########################################
#Activity: 8 - CSI - Car-Step in - 6s
#Subject ID: 42
#First Name: sub42
#Last Name: sub42
#Age: 22
#Height(cm): 173
#Weight(kg): 73
#Gender: Male
##########################################

@DATA
1276219183000, -0.0070249503, -0.025961773, 0.010995574
1276224111000, -0.0021380284, -0.03176499, 0.012217305
1276229166000, -0.008552114, -0.027488936, 0.022907447
1276234141000, -6.1086525E-4, -0.02107485, 0.018325957
1276239192000, -0.0015271631, -0.027488936, 0.01160644
1276244098000, -0.013744468, -0.021991149, 0.0143553335
1276249186000, -0.005497787, -0.018936822, 0.015271631
1276254147000, -6.1086525E-4, -0.024129177, 0.010079277
1276259208000, -9.162979E-4, -0.02076942, 0.009162978
1276264205000, -0.003970624, -0.025961773, 0.0076358155
1276269215000, -0.0143553335, -0.03145956, 0.011911872
1276274203000, -0.016493361, -0.03573562, 0.012217305
1276279848000, -0.028710667, -0.04520403, 6.1086525E-4
1276284233000, -0.018936822, -0.044593163, 9.162979E-4
1276289207000, -0.024740042, -0.041233405, 0.004276057
1276294204000, -0.018325957, -0.04550946, 3.0543262E-4
1276299136000, -0.027794369, -0.029321533, -0.004276057
1276304303000, -0.020158553, -0.020158553, 0.0012217305
1276309200000, -0.013744468, -0.030543262, -0.009468411
1276314208000, -0.012217305, -0.03023783, 0.0106901415
1276319232000, -0.014966198, -0.034208454, 0.013439035
1276324206000, -0.0143553335, -0.028710667, 0.020463986
1276329198000, -0.027183503, -0.03023783, 0.02565634
1276334203000, -0.032070424, -0.0290161, 0.02443461
1276339198000, -0.04184427, -0.032986723, 0.023823744
1276344202000, -0.045814894, -0.025045475, 0.024740042
1276349400000, -0.057421334, -0.01160644, 0.019547688
1276354219000, -0.05681047, 0.0012217305, 0.02076942
1276359205000, -0.058337633, 6.1086525E-4, 0.020463986
1276364213000, -0.059253927, 0.012217305, 0.026572637
1276369212000, -0.06047566, 0.005497787, 0.029626964
1276374215000, -0.06383542, 0.015577064, 0.026572637
1276379167000, -0.06291912, 0.022602014, 0.02565634
1276384198000, -0.05100725, 0.021685716, 0.03390302
1276389152000, -0.050701816, 0.027488936, 0.024129177
1276394205000, -0.04642576, 0.026572637, 0.022296581
1276399127000, -0.03359759, 0.028710667, 0.01863139
1276404155000, -0.040011674, 0.03848451, 0.020463986
1276409096000, -0.03481932, 0.028099801, 0.017104227
1276414170000, -0.04642576, 0.033292156, 0.014049901
1276419657000, -0.029626964, 0.038179077, 0.010995574
1276424171000, -0.03359759, 0.046731193, 0.013439035
1276429166000, -0.03145956, 0.040317107, 0.006414085
1276434144000, -0.030543262, 0.047647487, 0.016798794
1276439178000, -0.028710667, 0.049480084, 0.015577064
1276444169000, -0.032375857, 0.056199603, 0.015577064
1276449155000, -0.043982297, 0.048258353, 0.01863139
1276454182000, -0.040011674, 0.03634648, 0.025961773
1276459199000, -0.04184427, 0.030543262, 0.02443461
1276464182000, -0.044593163, 0.03756821, 0.020158553
1276469245000, -0.04795292, 0.02443461, 0.029321533
1276474203000, -0.061391957, 0.03359759, 0.023518313
1276479200000, -0.059253927, 0.03726278, 0.024740042
1276484186000, -0.06383542, 0.04184427, 0.025045475
1276489184000, -0.06505715, 0.039095376, 0.024129177
1276494197000, -0.061086524, 0.050701816, 0.02107485
1276499138000, -0.06261369, 0.06688975, 0.022602014
1276504198000, -0.0580322, 0.069027774, 0.022602014
1276509200000, -0.050396383, 0.080634214, 0.023518313
1276514168000, -0.045814894, 0.0729984, 0.015882496
1276519265000, -0.04917465, 0.07819075, 0.021380283
1276524145000, -0.03604105, 0.0711658, 0.01282817
1276529198000, -0.032070424, 0.07391469, 0.01740966
1276534919000, -0.02687807, 0.06872234, 0.01985312
1276539213000, -0.03176499, 0.06658431, 0.026267206
1276544096000, -0.016187929, 0.055588737, 0.02321288
1276549185000, -0.010079277, 0.055283304, 0.015882496
1276554132000, -0.007941248, 0.043676864, 0.022907447
1276559205000, -0.019242255, 0.041233405, 0.02687807
1276564191000, -0.019242255, 0.04062254, 0.016798794
1276569237000, -0.009773844, 0.043066, 0.014966198
1276574176000, -0.011911872, 0.03756821, 0.015577064
1276579201000, -0.028405234, 0.037873644, 0.01863139
1276584175000, -0.03481932, 0.029932396, 0.023823744
1276589208000, -0.048563786, 0.029626964, 0.02443461
1276594428000, -0.046731193, 0.055588737, 0.01740966
1276599140000, -0.03848451, 0.058948494, 0.009468411
1276604951000, -0.029321533, 0.063224554, 0.01282817
1276609203000, -0.03390302, 0.069027774, 0.011301007
1276614110000, -0.023823744, 0.073303826, 0.009773844
1276619229000, -0.021991149, 0.083383106, 0.007330383
1276624101000, -0.017104227, 0.09132435, 0.005497787
1276629203000, -0.011911872, 0.09193522, 0.010079277
1276634114000, -0.008857546, 0.09560041, 0.020463986
1276639206000, -0.004581489, 0.09010262, 0.02565634
1276644128000, 0.007941248, 0.08857546, 0.027794369
1276649184000, 0.019242255, 0.077579886, 0.0290161
1276654209000, 0.020463986, 0.07574729, 0.035124753
1276659198000, 0.035430185, 0.07880162, 0.036957346
1276664156000, 0.050396383, 0.08399397, 0.030848695
1276669333000, 0.048563786, 0.07941248, 0.027183503
1276674487000, 0.052839845, 0.06078109, 0.02076942
1276679206000, 0.05497787, 0.06261369, 0.022907447
1276684208000, 0.027794369, 0.06047566, 0.01863139
1276689204000, 0.027183503, 0.07269296, 0.016798794
1276694208000, 0.014049901, 0.08002335, 0.010079277
1276699156000, 0.013744468, 0.084910266, 0.007330383
1276704273000, 6.1086525E-4, 0.09773844, 0.0125227375
1276709202000, -0.017715093, 0.11209377, 0.01985312
1276714197000, -0.03390302, 0.11148291, 0.02687807
1276719223000, -0.06352998, 0.09162979, 0.029932396
1276724220000, -0.10598512, 0.055283304, 0.03848451
1276729197000, -0.13072516, 0.040011674, 0.044898596
1276734157000, -0.15210545, 0.030848695, 0.04428773
1276739175000, -0.17134771, 0.025961773, 0.044593163
1276744350000, -0.17989981, 0.035430185, 0.043982297
1276749140000, -0.18784106, 0.048563786, 0.052839845
1276754204000, -0.17623462, 0.06841691, 0.056199603
1276759167000, -0.15943582, 0.073303826, 0.062002823
1276764166000, -0.15454891, 0.08857546, 0.064751714
1276769178000, -0.118202426, 0.116675265, 0.0693332
1276774170000, -0.10873401, 0.13591751, 0.06780604
1276779129000, -0.07574729, 0.17837265, 0.06688975
1276784152000, -0.055283304, 0.19700404, 0.044593163
1276789107000, -0.032375857, 0.21594086, 0.015271631
1276794204000, 0.0061086523, 0.22052236, -0.0036651916
1276799118000, 0.04734206, 0.23243423, -0.03390302
1276804267000, 0.064446285, 0.2666427, -0.040011674
1276809126000, 0.06841691, 0.2864958, -0.04734206
1276814213000, 0.07422013, 0.30482176, -0.06261369
1276819232000, 0.07941248, 0.3286455, -0.060170226
1276824203000, 0.08399397, 0.35796702, -0.06780604
1276829096000, 0.06780604, 0.37782016, -0.07238753
1276834202000, 0.038179077, 0.40500367, -0.07941248
1276839106000, 0.01863139, 0.40103304, -0.08979719
1276844197000, -0.022907447, 0.40133846, -0.095294975
1276849113000, -0.055588737, 0.39767328, -0.09865474
1276854235000, -0.10842858, 0.3717115, -0.09437868
1276859097000, -0.12003502, 0.35185838, -0.09407325
1276864231000, -0.15607607, 0.34269542, -0.090713486
1276869155000, -0.19181168, 0.32436943, -0.09132435
1276874199000, -0.23457226, 0.3173445, -0.08735373
1276879136000, -0.2574797, 0.31398472, -0.07574729
1276884204000, -0.28680122, 0.32834008, -0.059253927
1276889187000, -0.30970868, 0.33933565, -0.050701816
1276894197000, -0.33475417, 0.3594942, -0.029932396
1276899153000, -0.3567453, 0.36774087, -0.015882496
1276904233000, -0.37904188, 0.37201694, 0.008857546
1276909193000, -0.38912117, 0.37201694, 0.03573562
1276914195000, -0.40744713, 0.36865717, 0.053450707
1276919215000, -0.42760566, 0.36193767, 0.08460484
1276924166000, -0.45112398, 0.35155296, 0.12034045
1276929948000, -0.46670106, 0.3203988, 0.14813483
1276934150000, -0.48380527, 0.30024028, 0.18387043
1276939137000, -0.48899764, 0.2556471, 0.21838433
1276944119000, -0.49968776, 0.20677789, 0.26145032
1276949142000, -0.5039638, 0.17562376, 0.30482176
1276954139000, -0.50579643, 0.13316862, 0.3213151
1276959132000, -0.5137377, 0.08124508, 0.3643811
1276964130000, -0.52626044, 0.025045475, 0.4007276
1276969133000, -0.5366451, -0.008857546, 0.44501534
1276974180000, -0.5375614, -0.025350908, 0.48441613
1276979176000, -0.5510005, -0.03604105, 0.5323691
1276984154000, -0.54825157, -0.021685716, 0.5653558
1276989146000, -0.5626069, -0.025350908, 0.5864306
1277004103000, -0.5815437, 0.014049901, 0.623388
1277009197000, -0.6169739, 0.022602014, 0.61727935
1277014111000, -0.6450737, 0.030543262, 0.61086524
1277019216000, -0.6728681, 0.02443461, 0.5983425
1277024103000, -0.69913524, 0.031154128, 0.58276546
1277029167000, -0.72509706, 0.03023783, 0.57360244
1277034144000, -0.73731434, 0.035124753, 0.5708536
1277039204000, -0.7492262, 0.03848451, 0.5696318
1277044150000, -0.754724, 0.06505715, 0.5671884
1277049183000, -0.75900006, 0.0842994, 0.5580254
1277054239000, -0.7654142, 0.10751228, 0.5546656
1277059202000, -0.75747293, 0.1469131, 0.54611355
1277064155000, -0.7675522, 0.1881465, 0.54183745
1277069215000, -0.7690793, 0.23976462, 0.52687126
1277074213000, -0.7602218, 0.30024028, 0.52503866
1277079201000, -0.7703011, 0.3491095, 0.5045747
1277084309000, -0.77488256, 0.39675698, 0.48808134
1277089202000, -0.7825184, 0.42424592, 0.4642576
1277094461000, -0.7910705, 0.44959682, 0.45234573
1277099143000, -0.7974846, 0.4642576, 0.43493605
1277104183000, -0.795652, 0.46792278, 0.419359
1277109202000, -0.7797695, 0.4804455, 0.4089743
1277114181000, -0.7507534, 0.50518554, 0.3903429
1277119306000, -0.7144069, 0.548557, 0.36682457
1277124109000, -0.65270954, 0.5729916, 0.32986724
1277129201000, -0.5867361, 0.59681535, 0.29260445
1277134123000, -0.50579643, 0.6395759, 0.27580565
1277139168000, -0.45142943, 0.65118235, 0.25259277
1277144127000, -0.40408736, 0.6389651, 0.23060162
1277149170000, -0.36041048, 0.6044512, 0.21624629
1277154192000, -0.33536503, 0.5885687, 0.19608775
1277159165000, -0.28344148, 0.5699373, 0.19211712
1277164182000, -0.25381452, 0.55833083, 0.19242255
1277169252000, -0.22113322, 0.5311473, 0.19150625
1277174181000, -0.18203785, 0.50762904, 0.19272798
1277179197000, -0.13988814, 0.48472157, 0.19333886
1277184206000, -0.07880162, 0.47067168, 0.1853976
1277189206000, -0.021991149, 0.44715336, 0.17898351
1277194219000, 0.027794369, 0.41630468, 0.17012598
1277199157000, 0.089186326, 0.398895, 0.14966199
1277204308000, 0.14874569, 0.3753767, 0.13744467
1277209299000, 0.2144137, 0.3631594, 0.10873401
1277214191000, 0.28252518, 0.3472769, 0.09682214
1277219193000, 0.35460728, 0.3491095, 0.06994407
1277224173000, 0.43463063, 0.34513888, 0.051618114
1277229371000, 0.5137377, 0.35460728, 0.041233405
1277234149000, 0.5928447, 0.35827246, 0.027794369
1277239151000, 0.66889745, 0.37232238, 0.0143553335
1277244172000, 0.7254025, 0.36987892, -0.009162978
1277249536000, 0.79443026, 0.355829, -0.019242255
1277254857000, 0.8542951, 0.34666604, -0.032070424
1277259171000, 0.88453287, 0.33353242, -0.050701816
1277264189000, 0.92087936, 0.31795537, -0.061391957
1277269154000, 0.9443977, 0.29046643, -0.087659165
1277274168000, 0.9801333, 0.25961772, -0.11911872
1277279214000, 1.0091494, 0.18753563, -0.14080444
1277284157000, 1.0228939, 0.12064589, -0.16890424
1277289269000, 0.9944886, 0.021685716, -0.18936823
1277294162000, 0.9728029, -0.06658431, -0.20433442
1277299121000, 0.915687, -0.16798794, -0.20922135
1277304207000, 0.8536842, -0.26419923, -0.20738874
1277309241000, 0.7901542, -0.36896262, -0.20861048
1277314183000, 0.752586, -0.4541783, -0.20463985
1277319143000, 0.74006325, -0.5131268, -0.19883664
1277324663000, 0.7275405, -0.5534439, -0.2049453
1277329117000, 0.71685034, -0.56688297, -0.20158553
1277334158000, 0.6988298, -0.5338962, -0.19883664
1277339175000, 0.6817256, -0.45142943, -0.19761491
1277344151000, 0.6765333, -0.39461896, -0.19608775
1277349202000, 0.66920286, -0.28924468, -0.18784106
1277354247000, 0.6826419, -0.2049453, -0.18661933
1277359171000, 0.70432764, -0.15821409, -0.17073683
1277364186000, 0.732122, -0.122783914, -0.16371189
1277369227000, 0.7516697, -0.09132435, -0.15668693
1277374124000, 0.7473936, -0.07788532, -0.14813483
1277379149000, 0.73884153, -0.07391469, -0.13683382
1277384121000, 0.7257079, -0.079107046, -0.121256754
1277389156000, 0.68477994, -0.087659165, -0.09896017
1277394639000, 0.6246097, -0.13958271, -0.095294975
1277399146000, 0.51923543, -0.20647246, -0.10140363
1277404197000, 0.41538838, -0.27550024, -0.14080444
1277409166000, 0.3268129, -0.33200526, -0.15882497
1277414174000, 0.25045475, -0.35430184, -0.17348573
1277419246000, 0.1863139, -0.32406402, -0.17562376
1277424160000, 0.15057829, -0.23304509, -0.19608775
1277429165000, 0.15302174, -0.084910266, -0.21105394
1277434216000, 0.17256944, 0.10751228, -0.21868975
1277439175000, 0.19150625, 0.32711834, -0.22999077
1277444445000, 0.17440203, 0.48472157, -0.24831672
1277449152000, 0.14446963, 0.5525276, -0.25717425
1277454178000, 0.113926366, 0.6630942, -0.28985557
1277459164000, 0.0421497, 0.6603453, -0.27366763
1277464239000, 0.013744468, 0.56596667, -0.24037547
1277469170000, 0.042455133, 0.4560109, -0.21074851
1277474147000, 0.08002335, 0.39003745, -0.19364429
1277479159000, 0.1432479, 0.37812558, -0.17531833
1277484156000, 0.18692477, 0.35918877, -0.14172074
1277489181000, 0.22327125, 0.3323107, -0.11728613
1277494165000, 0.21777347, 0.27488935, -0.13316862
1277499145000, 0.18478674, 0.22418754, -0.16035213
1277504204000, 0.15057829, 0.18295415, -0.17623462
1277509164000, 0.12095132, 0.1554652, -0.183565
1277514197000, 0.094989546, 0.12614368, -0.17104226
1277519167000, 0.08124508, 0.09590584, -0.13897185
1277524174000, 0.07360926, 0.043982297, -0.09285152
1277529150000, 0.076358154, 0.043982297, -0.042760566
1277534146000, 0.11148291, -0.01038471, 0.0143553335
1277539175000, 0.17104226, -0.022907447, 0.086437434
1277544163000, 0.22082779, 0.0076358155, 0.11789699
1277549116000, 0.22968534, 0.03940081, 0.17501289
1277554252000, 0.23579398, 0.073303826, 0.21380283
1277559159000, 0.2098322, 0.07819075, 0.25411993
1277564201000, 0.17745635, 0.025961773, 0.29565877
1277569162000, 0.13988814, -0.07360926, 0.33628133
1277574169000, 0.122783914, -0.19364429, 0.3848451
1277579843000, 0.13072516, -0.33414328, 0.4297437
1277584154000, 0.15515977, -0.49632803, 0.4654793
1277589118000, 0.20525073, -0.643852, 0.48075095
1277594165000, 0.26236662, -0.6914995, 0.46822822
1277599131000, 0.29229903, -0.63194007, 0.48075095
1277604171000, 0.2770274, -0.5384777, 0.49235737
1277609203000, 0.23304509, -0.46700647, 0.5225952
1277614203000, 0.19914207, -0.39187005, 0.5476407
1277619163000, 0.15302174, -0.28588495, 0.5861252
1277624180000, 0.13622294, -0.160963, 0.6426302
1277629160000, 0.12797627, -0.08979719, 0.70463306
1277634151000, 0.14538592, -0.054367006, 0.74464476
1277639148000, 0.15699236, -0.052534413, 0.7870999
1277644163000, 0.15790866, -0.122478485, 0.7993172
1277649892000, 0.18020524, -0.3136793, 0.8604037
1277654178000, 0.19120082, -0.37690386, 0.87781334
1277659157000, 0.19150625, -0.45753807, 0.90041536
1277664160000, 0.18478674, -0.53878313, 0.9108001
1277669284000, 0.1591304, -0.61819565, 0.9117164
1277674146000, 0.14782938, -0.68508536, 0.89827734
1277679173000, 0.10995574, -0.7174612, 0.8750645
1277684128000, 0.09010262, -0.7076874, 0.8368854
1277689176000, 0.036957346, -0.6719518, 0.80878556
1277694097000, -0.019547688, -0.68783426, 0.7535023
1277699151000, -0.08002335, -0.7556403, 0.6976081
1277704221000, -0.1142318, -0.8188649, 0.63591075
1277709166000, -0.15882497, -0.8594874, 0.58368176
1277714091000, -0.2180789, -0.91599244, 0.54061574
1277719287000, -0.27763826, -0.98868537, 0.49510628
1277724129000, -0.32650748, -1.0644327, 0.45570546
1277729166000, -0.35888332, -1.1368202, 0.4120286
1277734121000, -0.36835176, -1.1615603, 0.3640757
1277739172000, -0.37659842, -1.1921035, 0.3313944
1277744146000, -0.3830125, -1.2250903, 0.3191771
1277749143000, -0.37048978, -1.2663237, 0.30390546
1277754252000, -0.3313944, -1.3197744, 0.28771752
1277759165000, -0.30665436, -1.3884968, 0.2761111
1277764186000, -0.2874121, -1.4333953, 0.27366763
1277769192000, -0.27550024, -1.4266758, 0.27550024
1277774126000, -0.26236662, -1.3713925, 0.2773328
1277779166000, -0.26297748, -1.2669345, 0.2660318
1277784505000, -0.28252518, -1.1252137, 0.2443461
1277789333000, -0.2910773, -0.98532563, 0.23976462
1277794099000, -0.30726522, -0.8491027, 0.21563543
1277799147000, -0.31948254, -0.7318166, 0.19761491
1277804176000, -0.31673363, -0.6356053, 0.172264
1277809165000, -0.31703907, -0.53786683, 0.15027285
1277814115000, -0.30482176, -0.45814893, 0.10720685
1277819205000, -0.2779437, -0.39584067, 0.06963864
1277824173000, -0.25809056, -0.3643811, 0.026572637
1277829164000, -0.27214047, -0.3885103, -0.016187929
1277834153000, -0.25137106, -0.42149702, -0.04520403
1277839165000, -0.24098633, -0.48655418, -0.05100725
1277844167000, -0.22785273, -0.5510005, -0.0571159
1277849146000, -0.19517145, -0.6062838, -0.063224554
1277854182000, -0.16340645, -0.63499445, -0.065973446
1277859101000, -0.13500121, -0.6646214, -0.07452556
1277864189000, -0.08857546, -0.66798115, -0.079107046
1277869207000, -0.059864793, -0.66675943, -0.0888809
1277874204000, -0.051923547, -0.6640105, -0.095294975
1277879097000, -0.05131268, -0.6740898, -0.1001819
1277884196000, -0.03573562, -0.6969972, -0.10323623
1277889235000, -0.04184427, -0.7110472, -0.10293079
1277894198000, -0.05467244, -0.7293731, -0.09560041
1277899154000, -0.08032878, -0.743423, -0.09040806
1277904951000, -0.106595986, -0.7461719, -0.099265605
1277909190000, -0.13072516, -0.7330383, -0.11209377
1277914163000, -0.15668693, -0.713796, -0.13652839
1277919222000, -0.18203785, -0.66828656, -0.12644911
1277924166000, -0.20952678, -0.63591075, -0.1459968
1277929176000, -0.22357668, -0.61269784, -0.16798794
1277934150000, -0.23518312, -0.6072, -0.19120082
1277939182000, -0.23640485, -0.6105598, -0.20219639
1277944161000, -0.23335053, -0.62796944, -0.2134974
1277949150000, -0.22235495, -0.61300325, -0.20311269
1277954173000, -0.19517145, -0.5815437, -0.19883664
1277959127000, -0.16310102, -0.53878313, -0.19425514
1277964127000, -0.116980694, -0.5018258, -0.1853976
1277969218000, -0.08674286, -0.47036624, -0.18387043
1277974938000, -0.053145275, -0.45814893, -0.18295415
1277979139000, -0.04734206, -0.46303585, -0.1731803
1277984132000, -0.054367006, -0.44012842, -0.13927728
1277989139000, -0.08307768, -0.44684792, -0.13530666
1277994132000, -0.12675454, -0.47739118, -0.13713925
1277999148000, -0.18661933, -0.4813618, -0.13713925
1278004056000, -0.2751948, -0.47403142, -0.118507855
1278009084000, -0.3717115, -0.44012842, -0.090713486
1278014078000, -0.4746423, -0.37690386, -0.050701816
1278019117000, -0.5635232, -0.27977628, -0.025350908
1278024082000, -0.6768387, -0.1572978, 0.008552114
1278029082000, -0.7831292, -0.09590584, 0.02107485
1278034093000, -0.8927795, 0.015882496, 0.021991149
1278039100000, -0.9407325, 0.09285152, 0.030543262
1278044253000, -1.0073168, 0.11881329, 0.0067195175
1278049072000, -1.042747, 0.09315695, -0.034208454
1278054163000, -1.0564915, 0.045814894, -0.07849618
1278059166000, -1.0607675, -0.02687807, -0.13133603
1278064151000, -1.0418307, -0.09743301, -0.18478674
1278069181000, -1.0180069, -0.15851954, -0.21930063
1278074151000, -1.0198395, -0.15821409, -0.24037547
1278079574000, -1.033584, -0.17745635, -0.23426682
1278084121000, -1.0595458, -0.19425514, -0.22540927
1278089180000, -1.0687088, -0.21471913, -0.21685717
1278094092000, -1.056186, -0.28130344, -0.19792034
1278099142000, -1.0497719, -0.38759398, -0.1872302
1278104231000, -1.0128145, -0.52778757, -0.17989981
1278109157000, -0.95172805, -0.61850107, -0.18203785
1278114514000, -0.90041536, -0.60231316, -0.19242255
1278119176000, -0.8558222, -0.5714644, -0.226631
1278124115000, -0.81245077, -0.52870387, -0.24984388
1278129167000, -0.7724391, -0.49480084, -0.26725355
1278134120000, -0.7171558, -0.38759398, -0.27214047
1278139177000, -0.6835582, -0.25259277, -0.27885997
1278144095000, -0.65057147, -0.11759156, -0.28985557
1278149261000, -0.6203337, 0.022296581, -0.29779682
1278154155000, -0.6081163, 0.15974127, -0.29932398
1278159162000, -0.5861252, 0.29993483, -0.28893927
1278164093000, -0.59528816, 0.42485678, -0.28985557
1278169175000, -0.6010914, 0.50701815, -0.2611449
1278174107000, -0.6200282, 0.573297, -0.24129178
1278179160000, -0.6417139, 0.61269784, -0.21135938
1278184159000, -0.66737026, 0.60048056, -0.20463985
1278189171000, -0.7131852, 0.56382865, -0.19456059
1278194155000, -0.786489, 0.4896085, -0.18509217
1278199136000, -0.86406887, 0.37720928, -0.18325958
1278204236000, -0.9398162, 0.23823744, -0.20158553
1278209166000, -1.0195341, 0.10354166, -0.2171626
1278214155000, -1.0919216, -0.018020526, -0.23732115
1278219584000, -1.1548407, -0.1151481, -0.26633725
1278224167000, -1.2113458, -0.2003638, -0.3115413
1278229279000, -1.244027, -0.24678956, -0.35705075
1278234156000, -1.273654, -0.3213151, -0.36713
1278239132000, -1.289842, -0.39645153, -0.39828414
1278244166000, -1.2944235, -0.49266282, -0.4260785
1278249143000, -1.2647965, -0.56169057, -0.4541783
1278254193000, -1.2476922, -0.6081163, -0.4633413
1278259123000, -1.2134838, -0.6151413, -0.46639562
1278264862000, -1.1963795, -0.5739079, -0.4364632
1278269201000, -1.2183707, -0.52870387, -0.40408736
1278274167000, -1.2412782, -0.5140431, -0.3454443
1278279129000, -1.2760975, -0.5421429, -0.2678644
1278284142000, -1.3072516, -0.6151413, -0.19120082
1278289543000, -1.2993103, -0.68691796, -0.12186762
1278294206000, -1.2968669, -0.73761976, -0.029626964
1278299445000, -1.2928963, -0.7883216, 0.05375614
1278304225000, -1.2968669, -0.81122905, 0.13744467
1278309154000, -1.2932017, -0.75136423, 0.19150625
1278314207000, -1.3002267, -0.643852, 0.21930063
1278319353000, -1.3060299, -0.49541172, 0.22693644
1278324208000, -1.2950343, -0.3277292, 0.22815818
1278329096000, -1.323745, -0.25625798, 0.21624629
1278334778000, -1.3414601, -0.15821409, 0.17745635
1278339106000, -1.3674219, -0.17104226, 0.16218472
1278344201000, -1.3704761, -0.24984388, 0.12614368
1278349117000, -1.3374895, -0.34972036, 0.08307768
1278354182000, -1.2705997, -0.37323865, 0.070554934
1278359136000, -1.1936307, -0.2929099, 0.053145275
1278364162000, -1.106277, -0.13316862, 0.041233405
1278369181000, -1.0519099, 0.0693332, 0.035124753
1278374164000, -1.0253373, 0.3213151, 0.03573562
1278379164000, -1.0012082, 0.62125, 0.051618114
1278384137000, -0.9941832, 0.9477574, 0.093462385
1278389173000, -1.0027353, 1.2611313, 0.16829337
1278394162000, -1.0512991, 1.5088371, 0.27366763
1278399139000, -1.1261301, 1.6490307, 0.41386122
1278404632000, -1.2315043, 1.6557503, 0.5174029
1278409164000, -1.3264939, 1.5525141, 0.6310238
1278414092000, -1.3744467, 1.2928963, 0.7171558
1278419181000, -1.3747523, 0.84757555, 0.7629707
1278424097000, -1.3374895, 0.59437186, 0.75625116
1278429166000, -1.310306, 0.129198, 0.74097955
1278434107000, -1.2873985, -0.16371189, 0.6743952
1278439173000, -1.3017539, -0.30573806, 0.62125
1278444116000, -1.382999, -0.3472769, 0.5928447
1278449146000, -1.4581354, -0.3408628, 0.58032197
1278454202000, -1.5512923, -0.3643811, 0.54733527
1278459169000, -1.6487253, -0.5213735, 0.50823987
1278464121000, -1.7033978, -0.8206975, 0.4538729
1278469191000, -1.690875, -1.1218541, 0.3744604
1278474171000, -1.6096299, -1.269378, 0.30543262
1278479164000, -1.4990633, -1.2608259, 0.23732115
1278484117000, -1.4019357, -1.1508701, 0.19639318
1278489171000, -1.3274102, -0.97433007, 0.1740966
1278494187000, -1.2959507, -0.7654142, 0.18203785
1278499142000, -1.2391402, -0.50885075, 0.23426682
1278504242000, -1.1869112, -0.22021692, 0.28680122
1278509166000, -1.1255192, 0.07452556, 0.33475417
1278514155000, -1.0803152, 0.3417791, 0.3576616
1278519188000, -1.0445796, 0.53969944, 0.36835176
1278524173000, -1.0372492, 0.61575216, 0.3680463
1278529162000, -0.9947941, 0.65209866, 0.37598756
1278534147000, -0.96852684, 0.6035349, 0.36102137
1278539168000, -0.915687, 0.591623, 0.30818152
1278544168000, -0.88331115, 0.54733527, 0.27855456
1278549144000, -0.8536842, 0.49266282, 0.2666427
1278554413000, -0.85062987, 0.43860126, 0.2275473
1278559200000, -0.86926126, 0.40683624, 0.21319197
1278564201000, -0.91415983, 0.36377025, 0.18906279
1278569199000, -0.9324858, 0.34972036, 0.16829337
1278574201000, -0.93951076, 0.35338554, 0.172264
1278579194000, -0.9306532, 0.34605515, 0.15027285
1278584153000, -0.95447695, 0.33353242, 0.11301007
1278589834000, -1.010982, 0.29443705, 0.090713486
1278594164000, -1.0812315, 0.23793201, 0.06536258
1278599121000, -1.1624765, 0.16737708, 0.052534413
1278604193000, -1.2315043, 0.10934488, 0.040317107
1278609112000, -1.3090842, 0.04734206, 0.038789943
1278614167000, -1.3643675, -0.0021380284, 0.026572637
1278619156000, -1.3842206, -0.06627888, 0.013439035
1278624166000, -1.3881912, -0.10262536, 0.00580322
1278629120000, -1.3790283, -0.17867808, 0.0015271631
1278634149000, -1.3683381, -0.25350907, -0.02076942
1278639166000, -1.3744467, -0.31490102, -0.016493361
1278644163000, -1.4077389, -0.39003745, -0.01740966
1278649166000, -1.4178182, -0.46120325, -0.0021380284
1278654240000, -1.4184291, -0.5131268, 0.02565634
1278659800000, -1.4184291, -0.5510005, 0.071776666
1278664165000, -1.4043792, -0.5671884, 0.1282817
1278669184000, -1.4004086, -0.5687156, 0.17348573
1278674166000, -1.382388, -0.55741453, 0.20891592
1278679162000, -1.3625349, -0.52656585, 0.23273966
1278684144000, -1.3277156, -0.45478916, 0.25595254
1278689177000, -1.303281, -0.37690386, 0.27122417
1278694192000, -1.2632693, -0.3051272, 0.29535335
1278699141000, -1.2217305, -0.22174409, 0.31490102
1278704182000, -1.1441506, -0.09987647, 0.32925636
1278709166000, -1.0619892, 0.019547688, 0.32650748
1278714162000, -0.9950995, 0.11148291, 0.30298916
1278719153000, -0.93492925, 0.15821409, 0.2843578
1278724130000, -0.87017757, 0.24556783, 0.27305678
1278729660000, -0.84604836, 0.35735616, 0.24281894
1278734116000, -0.80481493, 0.37110063, 0.23335053
1278739175000, -0.8014552, 0.38515055, 0.21777347
1278744093000, -0.795652, 0.37507126, 0.2049453
1278749159000, -0.79320854, 0.36926803, 0.19364429
1278754215000, -0.8344419, 0.3463606, 0.17959438
1278759165000, -0.86559606, 0.31948254, 0.17348573
1278764381000, -0.90010995, 0.29260445, 0.18325958
1278769186000, -0.9398162, 0.26542094, 0.17531833
1278774201000, -0.9868528, 0.21319197, 0.15149458
1278779203000, -1.033584, 0.1731803, 0.12644911
1278784117000, -1.0946705, 0.12583824, 0.09743301
1278789175000, -1.1371256, 0.0711658, 0.06994407
1278794134000, -1.1575897, 0.026572637, 0.04642576
1278799382000, -1.1520919, 0.0036651916, 0.025961773
1278804187000, -1.1218541, -0.002443461, 0.015271631
1278809167000, -1.1239921, 0.008246681, -0.024129177
1278814162000, -1.1954633, -0.020158553, -0.067500606
1278819179000, -1.3191634, -0.0580322, -0.09712757
1278824174000, -1.4205672, -0.14508049, -0.10934488
1278829162000, -1.4547756, -0.22602014, -0.119729586
1278834147000, -1.5054774, -0.3005457, -0.12217305
1278839170000, -1.5164729, -0.32498032, -0.1301143
1278844167000, -1.5381587, -0.32620203, -0.13347405
1278849145000, -1.5705346, -0.29932398, -0.14110987
1278854224000, -1.5961909, -0.24617869, -0.13072516
1278859200000, -1.6395624, -0.17256944, -0.12034045
1278864202000, -1.6875153, -0.118202426, -0.12492194
1278869157000, -1.7223345, -0.059864793, -0.1328632
1278874209000, -1.7547104, -0.034208454, -0.14721853
1278879096000, -1.7767016, -0.0067195175, -0.15882497
1278884148000, -1.7828102, 0.03268129, -0.183565
1278889108000, -1.8023579, 0.09407325, -0.20311269
1278894168000, -1.7821994, 0.14569137, -0.22357668
1278899170000, -1.7547104, 0.16584991, -0.24495697
1278904181000, -1.7345519, 0.1591304, -0.26725355
1278909135000, -1.7330247, 0.13500121, -0.27000242
1278914163000, -1.7434094, 0.077579886, -0.27152961
1278919226000, -1.749518, 0.032986723, -0.267559
1278924203000, -1.745242, -0.03970624, -0.2666427
1278929178000, -1.7446312, -0.105068825, -0.25259277
1278934145000, -1.7528778, -0.16035213, -0.24831672
1278939143000, -1.7760907, -0.21624629, -0.24404067
1278944167000, -1.8072448, -0.25992316, -0.23915374
1278949146000, -1.8191566, -0.27947086, -0.2302962
1278954180000, -1.8145752, -0.3100141, -0.2134974
1278959107000, -1.7999145, -0.37568212, -0.19364429
1278964133000, -1.788308, -0.44868052, -0.17134771
1278969165000, -1.7486018, -0.48502702, -0.15393804
1278974127000, -1.7290541, -0.47769663, -0.14294247
1278979152000, -1.709201, -0.4447099, -0.13469578
1278984831000, -1.6997325, -0.4092797, -0.13744467
1278989141000, -1.6734654, -0.38087448, -0.14660765
1278994153000, -1.6190983, -0.39920044, -0.13622294
1278999148000, -1.5415184, -0.42424592, -0.12950343
1279004087000, -1.4645494, -0.45020768, -0.10323623
1279009095000, -1.3924674, -0.45662177, -0.08002335
1279014081000, -1.3243558, -0.44257188, -0.0580322
1279019136000, -1.2620476, -0.3848451, -0.047647487
1279024082000, -1.2318097, -0.3042109, -0.015577064
1279029082000, -1.1624765, -0.22693644, 0.036651913
1279034093000, -1.0781772, -0.1957823, 0.06872234
1279039083000, -0.9728029, -0.20311269, 0.11026118
1279044081000, -0.86284715, -0.2519819, 0.15363261
1279049064000, -0.73731434, -0.35124752, 0.20219639
1279054734000, -0.6032294, -0.44348818, 0.25411993
1279059170000, -0.47952923, -0.54367006, 0.28955013
1279064160000, -0.36651915, -0.6398814, 0.31306845
1279069188000, -0.25137106, -0.72143185, 0.32284227
1279074162000, -0.17379116, -0.79259765, 0.33322698
1279079169000, -0.09101892, -0.8622363, 0.32620203
1279084130000, -0.016493361, -0.9166033, 0.3408628
1279089175000, 0.06352998, -0.9388999, 0.3622431
1279094102000, 0.15943582, -0.93951076, 0.3924809
1279099153000, 0.26389378, -0.9126327, 0.41416663
1279104134000, 0.36377025, -0.89980453, 0.43554693
1279109157000, 0.45631635, -0.8900307, 0.44409904
1279114096000, 0.52473325, -0.8903361, 0.4343252
1279119213000, 0.54428095, -0.91415983, 0.43096542
1279124362000, 0.5439755, -0.9682214, 0.42088616
1279129168000, 0.50335294, -1.0253373, 0.42180246
1279134173000, 0.44073927, -1.0619892, 0.43035457
1279139210000, 0.32711834, -1.0830641, 0.42424592
1279144130000, 0.19547687, -1.0806206, 0.40683624
1279149209000, 0.08552113, -1.0338894, 0.37690386
1279154243000, -0.028710667, -0.9624182, 0.34574974
1279159281000, -0.14721853, -0.89552844, 0.2770274
1279164222000, -0.27916542, -0.8384125, 0.20219639
1279169221000, -0.41599923, -0.7987063, 0.12950343
1279174224000, -0.5729916, -0.7657196, 0.063224554
1279179235000, -0.7180721, -0.7467828, 0.008246681
1279184166000, -0.86834496, -0.7452556, -0.027794369
1279189132000, -1.0128145, -0.745561, -0.04917465
1279194153000, -1.1685852, -0.7339546, -0.05467244
1279199152000, -1.2907583, -0.7089091, -0.05467244
1279204119000, -1.3848315, -0.6469063, -0.02687807
1279209083000, -1.4471397, -0.63255095, 0.0070249503
1279214085000, -1.459968, -0.6230826, 0.02107485
1279219115000, -1.459357, -0.61911196, 0.05222898
1279224083000, -1.4450017, -0.6093381, 0.07819075
1279229102000, -1.4437801, -0.58276546, 0.105068825
1279234132000, -1.4630222, -0.54519725, 0.13988814
1279239096000, -1.4721853, -0.49632803, 0.17989981
1279244108000, -1.4914275, -0.4474588, 0.23701571
1279249084000, -1.4782939, -0.42363504, 0.31520647
1279254108000, -1.4743233, -0.4184427, 0.40408736
1279259101000, -1.4498887, -0.40439278, 0.49602258
1279264105000, -1.412015, -0.3662137, 0.5946773
1279269126000, -1.378112, -0.32742378, 0.66767573
1279274144000, -1.3158038, -0.2687807, 0.7104363
1279279072000, -1.3127494, -0.22418754, 0.75411314
1279284141000, -1.3185526, -0.16676621, 0.80573124
1279289058000, -1.2886202, -0.13072516, 0.86498517
1279294106000, -1.2473868, -0.12064589, 0.9398162
1279299054000, -1.1655309, -0.10781772, 1.0491611
1279304256000, -1.1074986, -0.1151481, 1.1936307
1279309636000, -1.0763446, -0.122783914, 1.3347405
1279314201000, -1.0387764, -0.13927728, 1.4556919
1279319142000, -1.0183123, -0.14569137, 1.525636
1279324204000, -0.977079, -0.13439035, 1.6554449
1279329125000, -0.95630956, -0.16646078, 1.774869
1279334201000, -0.91538155, -0.25625798, 1.8933768
1279339142000, -0.83658, -0.34513888, 2.0335703
1279344203000, -0.73884153, -0.43768495, 2.1923954
1279349181000, -0.6398814, -0.5403103, 2.345417
1279354287000, -0.49113566, -0.57818395, 2.4718661
1279359188000, -0.3921755, -0.5705481, 2.5708263
1279364193000, -0.33536503, -0.52290064, 2.6032023
1279369227000, -0.31429017, -0.43310347, 2.6239717
1279374216000, -0.34208453, -0.34788775, 2.627026
1279380185000, -0.38515055, -0.17989981, 2.6426032
1279384190000, -0.4382958, 0.004581489, 2.6667323
1279389106000, -0.4868596, 0.14263703, 2.6697865
1279394208000, -0.52595496, 0.2406809, 2.652377
1279399127000, -0.52503866, 0.27916542, 2.5998425
1279404240000, -0.52656585, 0.26847526, 2.5561657
1279409104000, -0.54825157, 0.25686884, 2.506991
1279414202000, -0.55863625, 0.1957823, 2.5085182
1279419217000, -0.5830709, 0.14782938, 2.5014932
1279424208000, -0.60903263, 0.061086524, 2.488665
1279429224000, -0.64568454, 0.01985312, 2.4810293
1279434151000, -0.6795876, 0.011911872, 2.463314
1279439169000, -0.70280045, -0.027794369, 2.4236078
1279444159000, -0.70646566, -0.02565634, 2.3530529
1279449524000, -0.713796, 0.027794369, 2.3188446
1279454220000, -0.77824235, 0.018325957, 2.2815816
1279459169000, -0.8784242, -0.008552114, 2.2379048
1279464165000, -0.9673051, -0.0870483, 2.201253
1279469185000, -1.0464121, -0.21868975, 2.1679606
1279474170000, -1.0638218, -0.36254853, 2.1539109
1279479162000, -1.0601566, -0.56016344, 2.1087067
1279484153000, -1.0082331, -0.64996064, 2.0518963
1279489178000, -0.95478237, -0.72234815, 1.9376645
1279494183000, -0.9636399, -0.7687739, 1.7873917
1279499190000, -0.98654735, -0.7305948, 1.6530013
1279504141000, -1.0268645, -0.63804877, 1.5546521
1279509211000, -1.0662653, -0.5897904, 1.4880677
1279514139000, -1.0690142, -0.5354234, 1.459357
1279519180000, -1.0671816, -0.55771995, 1.4187346
1279524148000, -1.0390818, -0.5928447, 1.4037683
1279529167000, -1.02717, -0.64843345, 1.3826935
1279534113000, -1.010982, -0.69058317, 1.3738359
1279539175000, -0.9816604, -0.64934975, 1.416902
1279544098000, -0.9221011, -0.6169739, 1.4471397
1279549214000, -0.90408057, -0.57696223, 1.4624114
1279554145000, -0.90316427, -0.5174029, 1.4428637
1279559205000, -0.906524, -0.43799037, 1.3860532
1279564127000, -0.9315695, -0.2733622, 1.3585643
1279569213000, -0.95172805, -0.17012598, 1.3426818
1279574293000, -0.96669424, -0.10293079, 1.3100005
1279579203000, -0.9841039, -0.07574729, 1.2724323
1279584150000, -0.99296147, -0.06352998, 1.2406673
1279589176000, -0.98990715, -0.069027774, 1.1976013
1279594162000, -0.9914343, -0.07574729, 1.1078042
1279599171000, -0.9795224, -0.10476339, 1.0167851
1279604182000, -0.9605856, -0.14874569, 0.89736104
1279609163000, -0.95722586, -0.16126843, 0.8396343
1279614146000, -0.95203346, -0.1554652, 0.71685034
1279619175000, -0.93554014, -0.15454891, 0.6065892
1279624108000, -0.91874135, -0.13561209, 0.46944994
1279629166000, -0.8686504, -0.10720685, 0.3576616
1279634798000, -0.8151997, -0.080634214, 0.25350907
1279639174000, -0.74281216, -0.054061573, 0.1441642
1279644484000, -0.67011917, -0.047036625, 0.073303826
1279649169000, -0.5555819, -0.06505715, 0.023823744
1279654214000, -0.4364632, -0.10629055, -0.023518313
1279659168000, -0.32589662, -0.1600467, -0.082161374
1279664381000, -0.20891592, -0.2098322, -0.15332718
1279669257000, -0.10567969, -0.2489276, -0.20586158
1279674152000, -0.027183503, -0.24495697, -0.26419923
1279679161000, 0.028099801, -0.24312437, -0.33536503
1279684154000, 0.04886922, -0.24373524, -0.38912117
1279689163000, 0.032986723, -0.24312437, -0.44501534
1279694099000, 0.018020526, -0.22021692, -0.5030475
1279699160000, 0.02687807, -0.15088372, -0.5534439
1279704891000, 0.054061573, -0.08032878, -0.5876524
1279709159000, 0.13072516, -0.04153884, -0.59956425
1279714093000, 0.16401732, 0.01863139, -0.6133087
1279719151000, 0.2415972, 0.051618114, -0.62949663
1279724169000, 0.30970868, 0.048563786, -0.6542367
1279729166000, 0.37873647, 0.015271631, -0.66859204
1279734152000, 0.43004912, -0.009468411, -0.6780604
1279739171000, 0.464563, -0.037873644, -0.68386364
1279744163000, 0.4813618, -0.062308256, -0.68600166
1279749205000, 0.5045747, -0.005192355, -0.66798115
1279754185000, 0.5009095, 0.04550946, -0.677755
1279759162000, 0.5158757, 0.116980694, -0.68416905
1279764162000, 0.5467244, 0.22479841, -0.6753115
1279769147000, 0.54702985, 0.33414328, -0.6582073
1279774561000, 0.5543602, 0.47219884, -0.6249151
1279779159000, 0.5717699, 0.6252206, -0.5717699
1279784144000, 0.6020077, 0.75747293, -0.5174029
1279789173000, 0.66248333, 0.87995136, -0.45540005
1279794165000, 0.75900006, 0.9599747, -0.38912117
1279799171000, 0.86193085, 1.0173961, -0.33322698
1279804189000, 0.9660834, 1.0256428, -0.2883284
1279809164000, 1.0622946, 1.0296134, -0.26419923
1279814157000, 1.1145236, 1.0219775, -0.21533
1279819150000, 1.2198979, 1.0097603, -0.17440203
1279824177000, 1.3151928, 0.9816604, -0.1414153
1279829092000, 1.3967434, 0.95386606, -0.10751228
1279834147000, 1.4220943, 0.9285152, -0.0842994
1279839137000, 1.4223998, 0.9764681, -0.055283304
1279844212000, 1.3848315, 1.0855075, -0.03634648
1279849180000, 1.3435981, 1.2131784, -0.026572637
1279854183000, 1.3066407, 1.2935071, -0.004581489
1279859182000, 1.2699889, 1.3255776, 0.013744468
1279864157000, 1.221425, 1.3338243, 0.018020526
1279869135000, 1.1588113, 1.3161092, 0.027794369
1279874175000, 1.1209377, 1.2965615, 0.028405234
1279879153000, 1.1279627, 1.2281445, 0.05681047
1279884146000, 1.1560625, 1.1273518, 0.09896017
1279889164000, 1.1896601, 0.9663888, 0.13316862
1279894165000, 1.2287555, 0.7620544, 0.17898351
1279899185000, 1.2522738, 0.54183745, 0.21105394
1279904179000, 1.2385293, 0.43860126, 0.22785273
1279909098000, 1.2208142, 0.24007004, 0.23365596
1279914163000, 1.1716396, 0.105068825, 0.22876903
1279919157000, 1.0769554, 0.03145956, 0.21227567
1279924169000, 0.96761054, 0.018020526, 0.19364429
1279929099000, 0.82741696, 0.06047566, 0.17531833
1279934144000, 0.7101309, 0.19700404, 0.1572978
1279939110000, 0.591623, 0.36743546, 0.1591304
1279944162000, 0.48716503, 0.5015204, 0.16615535
1279949149000, 0.38362336, 0.49449542, 0.19364429
1279954178000, 0.28955013, 0.3830125, 0.19425514
1279959796000, 0.21960606, 0.19639318, 0.1695151
1279964121000, 0.16432275, 0.038789943, 0.1469131
1279969137000, 0.12736541, -0.06078109, 0.11636983
1279974134000, 0.13958271, -0.09773844, 0.093462385
1279979122000, 0.18845193, -0.122783914, 0.058337633
1279984141000, 0.27458394, -0.13744467, 0.014049901
1279989136000, 0.38148534, -0.1966986, -0.04520403
1279994296000, 0.50732356, -0.25870144, -0.11911872
1279999126000, 0.634689, -0.28893927, -0.2049453
1280004063000, 0.70952, -0.36102137, -0.2510656
1280009084000, 0.72082096, -0.408058, -0.33933565
1280014101000, 0.72051555, -0.41630468, -0.4184427
1280019114000, 0.65668017, -0.40866885, -0.49388456
1280024082000, 0.56321776, -0.41386122, -0.5491679
1280029354000, 0.46670106, -0.4373795, -0.57787853
1280034127000, 0.39614612, -0.48533243, -0.5891795
1280039080000, 0.32986724, -0.56230146, -0.59223384
1280044080000, 0.29749137, -0.64660084, -0.59131753
1280049063000, 0.2733622, -0.8035932, -0.59742624
1280054192000, 0.26847526, -1.0225884, -0.5919284
1280059166000, 0.28038713, -1.2070698, -0.5653558
1280064166000, 0.2929099, -1.3154984, -0.54061574
1280069195000, 0.28710666, -1.3515394, -0.5299256
1280074164000, 0.27885997, -1.3368785, -0.5369505
1280079162000, 0.24098633, -1.3121386, -0.5580254
1280084137000, 0.19914207, -1.3106114, -0.59406644
1280089175000, 0.18112154, -1.3356569, -0.63407815
1280094155000, 0.18875736, -1.3799446, -0.6979135
1280099663000, 0.22266038, -1.4202617, -0.79443026
1280104132000, 0.23518312, -1.4312572, -0.84238315
1280109192000, 0.2452624, -1.428203, -0.91813046
1280114179000, 0.27152961, -1.4031575, -0.9285152
1280119186000, 0.27550024, -1.3735305, -0.8555168
1280124100000, 0.2950479, -1.3020593, -0.73426
1280129169000, 0.2779437, -1.2803736, -0.5891795
1280134133000, 0.27030787, -1.328021, -0.43279803
1280139179000, 0.28985557, -1.4046847, -0.2929099
1280144137000, 0.32436943, -1.4859297, -0.14630222
1280149192000, 0.35216382, -1.4926492, -0.029932396
1280154175000, 0.3539964, -1.4611896, 0.020463986
1280159168000, 0.32253686, -1.4511104, 0.04062254
1280164188000, 0.29352075, -1.4144585, 0.06872234
1280169353000, 0.25045475, -1.3475688, 0.06414085
1280174102000, 0.21930063, -1.2437216, 0.08460484
1280179161000, 0.13530666, -1.1276573, 0.11178834
1280184119000, 0.027183503, -1.0268645, 0.14110987
1280189168000, -0.07391469, -0.91324353, 0.17165314
1280194099000, -0.21044308, -0.86070913, 0.20647246
1280199184000, -0.34391713, -0.71868294, 0.21533
1280204154000, -0.40591997, -0.5522222, 0.23823744
1280209166000, -0.52290064, -0.3549127, 0.25625798
1280214121000, -0.61666846, -0.1386664, 0.26328292
1280219162000, -0.69027776, 0.069027774, 0.24220806
1280224180000, -0.766025, 0.22113322, 0.1863139
1280229165000, -0.82650065, 0.32406402, 0.108123146
1280234148000, -0.86559606, 0.39522982, 0.039095376
1280239176000, -0.90133166, 0.44135013, 6.1086525E-4
1280244168000, -0.90285885, 0.46822822, -0.03359759
1280249165000, -0.8695667, 0.46670106, -0.036957346
1280254200000, -0.83108217, 0.40317106, -0.047036625
1280259168000, -0.77274454, 0.32070425, -0.025350908
1280264168000, -0.6936375, 0.25686884, -0.002443461
1280269213000, -0.63713247, 0.2125811, 0.033292156
1280274177000, -0.58551437, 0.19883664, 0.036651913
1280279162000, -0.5546656, 0.16065755, 0.035430185
1280284143000, -0.5207626, 0.060170226, 0.034513887
1280289171000, -0.46639562, -0.043066, 0.03726278
1280294203000, -0.4202753, -0.13316862, 0.020158553
1280299156000, -0.40744713, -0.15668693, 0.015882496
1280304236000, -0.42271876, -0.17715092, 0.024740042
1280309159000, -0.4615087, -0.14782938, 0.037873644
1280314202000, -0.5332854, -0.13164146, 0.06872234
1280319175000, -0.5842926, -0.14630222, 0.108123146
1280324208000, -0.6032294, -0.18661933, 0.12736541
1280329125000, -0.5928447, -0.25350907, 0.15118915
1280334198000, -0.5500842, -0.3371976, 0.16615535
1280339093000, -0.49510628, -0.4288274, 0.17531833
1280344199000, -0.42638394, -0.52564955, 0.16065755
1280349126000, -0.36743546, -0.61544675, 0.13988814
1280354998000, -0.2968805, -0.70096785, 0.10354166
1280359096000, -0.21960606, -0.7742717, 0.082161374
1280364196000, -0.1695151, -0.8231409, 0.062308256
1280369181000, -0.13347405, -0.84238315, 0.03634648
1280374207000, -0.10598512, -0.8167268, 0.03145956
1280379153000, -0.09621128, -0.7651087, 0.012217305
1280384182000, -0.106595986, -0.68203104, 0.0021380284
1280389257000, -0.12797627, -0.6053675, -0.02321288
1280394207000, -0.17379116, -0.573297, -0.06536258
1280399184000, -0.20922135, -0.48899764, -0.07971791
1280404184000, -0.2321288, -0.42424592, -0.10720685
1280409165000, -0.2657264, -0.344528, -0.13103059
1280414153000, -0.29260445, -0.26267207, -0.16768251
1280419155000, -0.33078352, -0.17348573, -0.1966986
1280424727000, -0.3735441, -0.04642576, -0.22876903
1280429142000, -0.45662177, 0.062308256, -0.27275133
1280434148000, -0.52198434, 0.06291912, -0.32284227
1280439142000, -0.5308419, -0.0067195175, -0.3622431
1280444164000, -0.5412266, 6.1086525E-4, -0.3827071
1280449160000, -0.58001655, 0.06719518, -0.36132678
1280454196000, -0.63224554, 0.13133603, -0.32834008
1280459121000, -0.6933321, 0.20219639, -0.2950479
1280464159000, -0.73426, 0.25595254, -0.28191432
1280469156000, -0.75136423, 0.32284227, -0.2742785
1280474175000, -0.7651087, 0.45234573, -0.25717425
1280479164000, -0.77854776, 0.63255095, -0.25595254
1280484152000, -0.8014552, 0.8732319, -0.24740042
1280489174000, -0.82894415, 1.1297953, -0.23976462
1280494161000, -0.84696466, 1.2311989, -0.24251351
1280499151000, -0.8393288, 1.3564262, -0.24923302
1280504175000, -0.7901542, 1.3875804, -0.26847526
1280509170000, -0.6936375, 1.3045027, -0.28924468
1280514159000, -0.55863625, 1.1670581, -0.27855456
1280519189000, -0.40958515, 0.9984592, -0.24495697
1280524168000, -0.27947086, 0.77549344, -0.22327125
1280529165000, -0.14569137, 0.5216789, -0.2284636
1280534149000, -0.03726278, 0.34238997, -0.25442538
1280539176000, 0.024129177, 0.21868975, -0.2874121
1280544160000, 0.062002823, 0.15515977, -0.32253686
1280549180000, 0.052839845, 0.12095132, -0.36987892
1280554250000, 0.014660766, 0.13713925, -0.39095375
1280559193000, -0.032986723, 0.19120082, -0.3820962
1280564110000, -0.10842858, 0.21166481, -0.38789943
1280569199000, -0.16737708, 0.20647246, -0.39095375
1280574167000, -0.22602014, 0.17287487, -0.38056904
1280579157000, -0.23945917, 0.044898596, -0.35216382
1280584142000, -0.23487769, -0.12095132, -0.31306845
1280589175000, -0.18600847, -0.21655174, -0.3109304
1280594158000, -0.14049901, -0.43066, -0.32436943
1280599154000, -0.12003502, -0.602924, -0.33414328
1280604223000, -0.06780604, -0.6933321, -0.32345316
1280609189000, -0.029626964, -0.7339546, -0.2968805
1280614166000, 9.162979E-4, -0.77396625, -0.27091873
1280619180000, 0.030848695, -0.7959574, -0.2687807
1280624134000, 0.04734206, -0.8032878, -0.24740042
1280629165000, 0.07086037, -0.7797695, -0.20158553
1280634150000, 0.07544186, -0.77549344, -0.15424347
1280639177000, 0.0852157, -0.7806858, -0.160963
1280644203000, 0.09101892, -0.7837401, -0.18784106
1280649155000, 0.058643065, -0.7535023, -0.19761491
1280654240000, 0.051923547, -0.7333437, -0.17501289
1280659185000, 0.04550946, -0.7153232, -0.14446963
1280664146000, 0.055283304, -0.6979135, -0.12064589
1280669195000, 0.046120327, -0.6731735, -0.10629055
1280674140000, 0.048258353, -0.64873886, -0.110872045
1280679664000, 0.052534413, -0.5751296, -0.10781772
1280684147000, 0.035124753, -0.4886922, -0.10293079
1280689160000, 0.029321533, -0.4578435, -0.08979719
1280694152000, 0.029321533, -0.38056904, -0.07819075
1280699145000, 0.036651913, -0.29565877, -0.061086524
1280704555000, 0.04337143, -0.21868975, -0.028405234
1280709166000, 0.05009095, -0.15393804, -0.02443461
1280714372000, 0.04428773, -0.087659165, 0.0027488936
1280719209000, 0.04184427, -0.05467244, 0.035430185
1280724104000, 0.038179077, -0.02687807, 0.056199603
1280729166000, 0.03268129, -0.0027488936, 0.087964594
1280734148000, 0.016798794, 0.0106901415, 0.12064589
1280739184000, -0.0036651916, 0.04795292, 0.13683382
1280744169000, -0.02443461, 0.07544186, 0.14752395
1280749454000, -0.052839845, 0.09132435, 0.15057829
1280754208000, -0.06383542, 0.09743301, 0.15454891
1280759165000, -0.082161374, 0.080634214, 0.15302174
1280764162000, -0.086132, 0.079107046, 0.14996742
1280769176000, -0.089186326, 0.07666359, 0.14508049
1280774172000, -0.08368854, 0.07544186, 0.14049901
1280779169000, -0.07574729, 0.061391957, 0.13469578
1280784143000, -0.060170226, 0.053145275, 0.1301143
1280789171000, -0.050396383, 0.051923547, 0.12614368
1280794166000, -0.04062254, 0.04550946, 0.119729586
1280799154000, -0.03145956, 0.06047566, 0.12003502
1280804231000, -0.018020526, 0.062308256, 0.11789699
1280809239000, -0.007941248, 0.071776666, 0.12308934
1280814156000, -0.0015271631, 0.07391469, 0.12003502
1280819485000, 0.0061086523, 0.08399397, 0.11026118
1280824176000, 0.0061086523, 0.0888809, 0.10598512
1280829143000, 3.0543262E-4, 0.109650314, 0.100792766
1280834150000, -0.014049901, 0.12797627, 0.10140363
1280839134000, -0.009162978, 0.16126843, 0.09590584
1280844167000, -0.027488936, 0.17531833, 0.09162979
1280849569000, -0.038179077, 0.19730948, 0.09743301
1280854221000, -0.05681047, 0.20158553, 0.09682214
1280859188000, -0.054061573, 0.21227567, 0.09162979
1280864161000, -0.077579886, 0.21685717, 0.09193522
1280869155000, -0.07788532, 0.22327125, 0.09315695
1280874170000, -0.07574729, 0.22082779, 0.098043874
1280879243000, -0.07696902, 0.20891592, 0.09621128
1280884148000, -0.07849618, 0.21319197, 0.09590584
1280889137000, -0.082161374, 0.22449298, 0.103847094
1280894167000, -0.08277224, 0.22571471, 0.09560041
1280899153000, -0.087964594, 0.24129178, 0.10048734
1280904178000, -0.09315695, 0.26175576, 0.099571034
1280909100000, -0.0983493, 0.27672195, 0.087964594
1280914161000, -0.098043874, 0.2556471, 0.07941248
1280919164000, -0.10415252, 0.24220806, 0.076052725
1280924172000, -0.08399397, 0.21838433, 0.065973446
1280929096000, -0.087659165, 0.17959438, 0.043676864
1280934151000, -0.077579886, 0.15057829, 0.042455133
1280939108000, -0.07819075, 0.122783914, 0.029321533
1280944164000, -0.06505715, 0.109650314, 0.027488936
1280949152000, -0.06414085, 0.08277224, 0.01740966
1280954178000, -0.06078109, 0.06841691, 0.007941248
1280959125000, -0.056199603, 0.053145275, -0.0027488936
1280964157000, -0.044898596, 0.04428773, -0.008246681
1280969322000, -0.05955936, 0.0421497, -0.007941248
1280974180000, -0.063224554, 0.050396383, -0.006414085
1280979183000, -0.056199603, 0.060170226, -0.006414085
1280984146000, -0.076358154, 0.06383542, 0.004886922
1280989172000, -0.0870483, 0.07727446, 0.004276057
1280994197000, -0.0852157, 0.09865474, 0.008552114
1280999161000, -0.08857546, 0.111177474, 0.013744468
1281005116000, -0.093462385, 0.14202617, 0.022602014
1281009207000, -0.110872045, 0.1459968, 0.020463986
1281014160000, -0.11636983, 0.16279559, 0.03481932
1281019157000, -0.10629055, 0.17715092, 0.04337143
1281024164000, -0.122478485, 0.1872302, 0.0290161
1281029167000, -0.12461651, 0.19058995, 0.029626964
1281034142000, -0.12522738, 0.17592919, 0.03176499
1281039255000, -0.12675454, 0.15699236, 0.017104227
1281044161000, -0.11728613, 0.15088372, 0.013133603
1281049154000, -0.11881329, 0.13133603, 0.00580322
1281054165000, -0.12736541, 0.10048734, 0.0027488936
1281059174000, -0.116980694, 0.07727446, -0.0030543262
1281064161000, -0.11056661, 0.06352998, -0.003970624
1281069205000, -0.10995574, 0.03726278, -0.0076358155
1281074161000, -0.10751228, 0.01740966, -0.0070249503
1281079145000, -0.105068825, -9.162979E-4, -0.0027488936
1281084174000, -0.10262536, -0.0027488936, -9.162979E-4
1281089213000, -0.10415252, -0.0012217305, 9.162979E-4
1281094172000, -0.1001819, 6.1086525E-4, 0.006414085
1281099214000, -0.09712757, 0.0125227375, 0.008857546
1281104216000, -0.09712757, 0.01740966, 0.019547688
1281109162000, -0.0888809, 0.022602014, 0.028710667
1281114516000, -0.093462385, 0.026572637, 0.043066
1281119194000, -0.08277224, 0.04153884, 0.04917465
1281124136000, -0.0870483, 0.04184427, 0.046731193
1281129211000, -0.079107046, 0.017104227, 0.05009095
1281134257000, -0.06383542, 6.1086525E-4, 0.03604105
1281139180000, -0.0580322, -0.009468411, 0.04642576
1281144187000, -0.06047566, -0.02321288, 0.042760566
1281149166000, -0.043982297, -0.028405234, 0.03634648
1281154146000, -0.03634648, -0.037873644, 0.034513887
1281159051000, -0.03940081, -0.03573562, 0.02443461
1281164077000, -0.020158553, -0.042455133, 0.025961773
1281169080000, -0.018325957, -0.04886922, 0.016493361
1281174084000, -0.015271631, -0.054367006, 0.015577064
1281179044000, -0.018936822, -0.049785517, 0.011301007
1281184078000, -0.016493361, -0.06505715, 0.007330383
1281189061000, -0.013439035, -0.065973446, 0.0015271631
1281194078000, -0.011301007, -0.06169739, 0.005192355
1281199070000, -0.0143553335, -0.055588737, 0.006414085
1281204196000, -0.01038471, -0.05131268, -9.162979E-4
1281209179000, -0.014966198, -0.04428773, -0.0030543262
1281214162000, -0.015882496, -0.046120327, -9.162979E-4
1281219225000, -0.016187929, -0.038179077, -0.002443461
1281224165000, -0.024129177, -0.029626964, -0.0033597588
1281229168000, -0.02321288, -0.02687807, 9.162979E-4
1281234149000, -0.020158553, -0.02321288, 6.1086525E-4
1281239174000, -0.01282817, -0.03573562, -0.0036651916
1281244163000, -0.009773844, -0.024740042, 0.004581489
1281249146000, -0.013133603, -0.018020526, 3.0543262E-4
1281254176000, -0.0012217305, -0.0143553335, 0.004581489
1281259167000, -0.0033597588, -0.009468411, 0.0036651916
1281264163000, 0.0018325958, -0.015882496, 0.005192355
1281269202000, -0.0021380284, -0.007941248, 0.0021380284
1281274166000, -0.0012217305, -0.010079277, 0.0030543262
1281279164000, 0.0027488936, -0.0070249503, 0.0015271631
1281284139000, 3.0543262E-4, -0.008552114, -9.162979E-4
1281289173000, -0.0027488936, -0.01740966, -0.011301007
1281294165000, -0.0036651916, -0.02076942, -0.011911872
1281299148000, -0.02321288, -0.03848451, -0.02076942
1281304268000, -0.0070249503, -0.03940081, -0.0143553335
1281309191000, -0.018020526, -0.0421497, -0.011301007
1281314131000, -0.026572637, -0.03573562, -0.016798794
1281319189000, -0.02107485, -0.034513887, -0.020158553
1281324125000, -0.028099801, -0.04062254, -0.016798794
1281329163000, -0.027794369, -0.03756821, -0.016187929
1281334113000, -0.04153884, -0.03604105, -0.002443461
1281339177000, -0.037873644, -0.028405234, -0.0015271631
1281344097000, -0.03268129, -0.025045475, 0.0012217305
1281349163000, -0.04428773, -0.030543262, 0.003970624
1281354252000, -0.044898596, -0.010079277, 0.0033597588
1281359196000, -0.040011674, -0.005192355, 0.004276057
1281364317000, -0.03726278, 0.002443461, 0.011911872
1281369221000, -0.03390302, 0.017715093, 0.0067195175
1281374108000, -0.03604105, 0.018325957, 0.0033597588
1281379162000, -0.03634648, 0.021380283, 0.010995574
1281384148000, -0.039095376, 0.034208454, 0.017104227
1281389171000, -0.03848451, 0.019242255, 0.013133603
1281394118000, -0.03756821, 0.0125227375, 0.025045475
1281399144000, -0.042455133, 0.0143553335, 0.02443461
1281404218000, -0.025961773, 0.009468411, 0.025961773
1281409160000, -0.037873644, 9.162979E-4, 0.032986723
1281414161000, -0.03023783, 0.0033597588, 0.028710667
1281419183000, -0.028405234, -0.0015271631, 0.02565634
1281424172000, -0.03145956, 3.0543262E-4, 0.03023783
1281429129000, -0.027183503, 0.013439035, 0.028099801
1281434152000, -0.027488936, 0.007941248, 0.024129177
1281439108000, -0.02321288, 0.00580322, 0.02443461
1281444166000, -0.03145956, 0.0106901415, 0.028710667
1281449151000, -0.024129177, 0.007941248, 0.025961773
1281454187000, -0.03176499, 0.022907447, 0.031154128
1281459155000, -0.0290161, 0.02321288, 0.02687807
1281464161000, -0.03176499, 0.025961773, 0.023823744
1281469178000, -0.034208454, 0.027794369, 0.027183503
1281474169000, -0.03359759, 0.03970624, 0.024740042
1281479166000, -0.029626964, 0.039095376, 0.02565634
1281484146000, -0.03176499, 0.0421497, 0.02321288
1281489170000, -0.029626964, 0.03848451, 0.025045475
1281494163000, -0.026267206, 0.052839845, 0.021991149
1281499143000, -0.027794369, 0.047036625, 0.021991149
1281504321000, -0.031154128, 0.046731193, 0.02321288
1281509316000, -0.027488936, 0.04062254, 0.029321533
1281514201000, -0.028710667, 0.051923547, 0.029626964
1281519238000, -0.020463986, 0.050701816, 0.025350908
1281524203000, -0.032375857, 0.042455133, 0.02687807
1281529204000, -0.03390302, 0.049785517, 0.028405234
1281534192000, -0.02565634, 0.03176499, 0.029932396
1281539208000, -0.024129177, 0.032070424, 0.032070424
1281544198000, -0.03268129, 0.040927973, 0.033292156
1281549197000, -0.02321288, 0.03390302, 0.02687807
1281554287000, -0.013744468, 0.036651913, 0.02443461
1281559293000, -0.025350908, 0.030848695, 0.026267206
1281564197000, -0.01985312, 0.020158553, 0.02107485
1281569203000, -0.0070249503, 0.020463986, 0.015882496
1281574190000, -0.0076358155, 0.014660766, 0.019547688
1281579202000, -0.009162978, 0.020463986, 0.023823744
1281584177000, -0.003970624, 0.006414085, 0.030543262
1281589212000, -0.002443461, 0.017104227, 0.02321288
1281594160000, -0.009773844, 0.0036651916, 0.025350908
1281599167000, 3.0543262E-4, 0.015882496, 0.024129177
1281604153000, -0.004276057, 3.0543262E-4, 0.03359759
1281609243000, 0.002443461, -0.002443461, 0.03359759
1281614092000, 0.004276057, 0.005192355, 0.026572637
1281619218000, -0.0027488936, 0.005192355, 0.027794369
1281624097000, -0.0021380284, -0.013744468, 0.029626964
1281629200000, 3.0543262E-4, -0.014049901, 0.02565634
1281634113000, 0.0012217305, -0.015271631, 0.02443461
1281639203000, -0.0015271631, -0.043676864, 0.02687807
1281644128000, 0.0143553335, -0.06169739, 0.035430185
1281649182000, 0.008552114, -0.05375614, 0.024740042
1281654222000, 0.0015271631, -0.04184427, 0.021991149
1281659275000, 0.0021380284, -0.04917465, 0.0125227375
1281664282000, 6.1086525E-4, -0.055588737, 0.01863139
1281669214000, -3.0543262E-4, -0.07544186, 0.002443461
1281674174000, -0.0021380284, -0.06658431, -0.004276057
1281679199000, -0.007330383, -0.049785517, -0.0061086523
1281684155000, -0.014660766, -0.06169739, -0.009468411
1281689215000, -0.0036651916, -0.067500606, -0.0106901415
1281694154000, -0.011301007, -0.058948494, -0.014660766
1281699147000, -0.016798794, -0.063224554, -0.019242255
1281704463000, -0.024129177, -0.09010262, -0.016798794
1281709290000, -0.02443461, -0.073303826, -0.016187929
1281714375000, -0.026267206, -0.06291912, -0.017104227
1281719245000, -0.028099801, -0.06658431, -0.0106901415
1281724423000, -0.036957346, -0.06566802, -0.02107485
1281729200000, -0.040317107, -0.07880162, -0.013744468
1281734523000, -0.040011674, -0.07422013, -0.014966198
1281739208000, -0.05100725, -0.05681047, -0.026572637
1281744097000, -0.043066, -0.050396383, -0.01863139
1281749194000, -0.03726278, -0.042760566, -0.01985312
1281754232000, -0.03970624, -0.046731193, -0.012217305
1281759283000, -0.04153884, -0.06291912, -0.008857546
1281764094000, -0.03970624, -0.03359759, -0.01038471
1281769180000, -0.039095376, -0.011301007, -0.01038471
1281774106000, -0.032986723, -0.012217305, -0.012217305
1281779162000, -0.029932396, -0.0106901415, -0.0106901415
1281784143000, -0.0421497, -0.0030543262, -0.0036651916
1281789178000, -0.03726278, -0.002443461, -0.0018325958
1281794126000, -0.04062254, -0.013439035, 0.0033597588
1281799142000, -0.037873644, -0.028710667, 0.004581489
1281804238000, -0.044898596, -0.018020526, 3.0543262E-4
1281809206000, -0.049785517, 3.0543262E-4, 0.006414085
1281814131000, -0.04062254, -3.0543262E-4, 0.008246681
1281819230000, -0.041233405, -0.0018325958, 0.002443461
1281824170000, -0.033292156, 9.162979E-4, 0.009162978
1281829160000, -0.03634648, 0.0070249503, 0.015577064
1281834147000, -0.040927973, 0.006414085, 0.015882496
1281839173000, -0.03268129, 0.01740966, 0.01985312
1281844166000, -0.030543262, 0.02321288, 0.020463986
1281849153000, -0.03359759, 0.031154128, 0.023518313
1281854181000, -0.04153884, 0.040011674, 0.02076942
1281859165000, -0.040927973, 0.034208454, 0.030543262
1281864152000, -0.04184427, 0.03848451, 0.029932396
1281869148000, -0.03848451, 0.03145956, 0.028405234
1281874172000, -0.043066, 0.03940081, 0.028405234
1281879160000, -0.038179077, 0.043676864, 0.029626964
1281884150000, -0.029321533, 0.03634648, 0.023518313
1281889176000, -0.03359759, 0.03756821, 0.027183503
1281894165000, -0.03604105, 0.03268129, 0.024129177
1281899145000, -0.03848451, 0.01740966, 0.023518313
1281904249000, -0.031154128, 0.02076942, 0.015882496
1281909171000, -0.027488936, 0.027183503, 0.026572637
1281914161000, -0.034208454, 0.027488936, 0.033292156
1281919143000, -0.03573562, 0.027794369, 0.027183503
