#Rate of rotation around the x y z axes (Angular velocity).
#timestamp(ns),x,y,z(rad/s)
#Datetime: 07/05/2015 16:45:00
##########################################
#Activity: 8 - CSI - Car-Step in - 6s
#Subject ID: 51
#First Name: sub51
#Last Name: sub51
#Age: 23
#Height(cm): 171
#Weight(kg): 70
#Gender: Male
##########################################

@DATA
23147511889000, 0.3494149, 0.031154128, 0.26083946
23147516830000, 0.3277292, 0.03176499, 0.2678644
23147521816000, 0.29779682, 0.04062254, 0.23396139
23147526855000, 0.27977628, 0.050701816, 0.19700404
23147532184000, 0.25900686, 0.07544186, 0.15668693
23147536822000, 0.23426682, 0.08368854, 0.1160644
23147541853000, 0.21410827, 0.07788532, 0.093462385
23147546844000, 0.21013765, 0.06719518, 0.071776666
23147551823000, 0.19853121, 0.05131268, 0.043676864
23147556884000, 0.18173242, 0.038789943, 0.024129177
23147561888000, 0.1863139, 0.0076358155, 0.0106901415
23147566824000, 0.18936823, -9.162979E-4, 0.0067195175
23147571857000, 0.1957823, -0.004276057, 6.1086525E-4
23147576896000, 0.1966986, -0.0036651916, -0.017104227
23147581887000, 0.18997909, -0.008552114, -0.034208454
23147586859000, 0.19058995, 6.1086525E-4, -0.05467244
23147591848000, 0.2012801, 0.0070249503, -0.06994407
23147596828000, 0.20250183, 0.025045475, -0.08093964
23147601845000, 0.20005837, 0.043676864, -0.08277224
23147606890000, 0.2049453, 0.048258353, -0.09865474
23147611931000, 0.21380283, 0.050701816, -0.10293079
23147616865000, 0.20677789, 0.049785517, -0.10934488
23147621818000, 0.20616703, 0.047647487, -0.11453723
23147627051000, 0.21380283, 0.046731193, -0.11178834
23147631827000, 0.21685717, 0.052839845, -0.10598512
23147636818000, 0.21868975, 0.061391957, -0.101098195
23147641849000, 0.20463985, 0.054367006, -0.102319926
23147646840000, 0.20311269, 0.051618114, -0.10140363
23147651828000, 0.23304509, 0.056505036, -0.1020145
23147657134000, 0.26908615, 0.055588737, -0.11575896
23147661878000, 0.31429017, 0.043676864, -0.129198
23147666811000, 0.3726278, 0.03176499, -0.13897185
23147672163000, 0.40744713, 0.0036651916, -0.16249016
23147676858000, 0.48838675, -0.012217305, -0.17073683
23147681822000, 0.5152648, -0.04184427, -0.18325958
23147686801000, 0.56138515, -0.0720821, -0.17989981
23147691845000, 0.6001751, -0.096516706, -0.17348573
23147696872000, 0.6575964, -0.11728613, -0.1731803
23147701824000, 0.69913524, -0.13072516, -0.15454891
23147706867000, 0.7666359, -0.14874569, -0.13836098
23147711895000, 0.8341365, -0.14446963, -0.10751228
23147716809000, 0.88606006, -0.15882497, -0.07391469
23147721817000, 0.93767816, -0.172264, -0.043676864
23147726862000, 0.9761627, -0.17684549, -0.002443461
23147731823000, 1.0112875, -0.17012598, 0.03604105
23147736819000, 1.0259482, -0.17012598, 0.06352998
23147741864000, 1.0375546, -0.16493362, 0.08979719
23147746956000, 1.0396926, -0.16737708, 0.109650314
23147751907000, 1.0366384, -0.19364429, 0.10781772
23147756885000, 1.0326678, -0.2275473, 0.0888809
23147761976000, 1.0143417, -0.25442538, 0.06963864
23147766947000, 0.9896017, -0.26297748, 0.057726767
23147771883000, 0.9663888, -0.26816985, 0.031154128
23147776866000, 0.91354895, -0.23609942, 0.026572637
23147781859000, 0.8222246, -0.2003638, 0.028405234
23147786865000, 0.7153232, -0.16065755, 0.0067195175
23147791923000, 0.61178154, -0.124005646, -0.011911872
23147796965000, 0.50976706, -0.105068825, -0.06169739
23147801932000, 0.40530908, -0.0693332, -0.11301007
23147806933000, 0.35338554, -0.016798794, -0.17440203
23147811939000, 0.28802297, 0.03023783, -0.24098633
23147816852000, 0.23090707, 0.069027774, -0.29901853
23147822509000, 0.18967366, 0.07880162, -0.34269542
23147826869000, 0.14630222, 0.086437434, -0.37293324
23147831856000, 0.10140363, 0.08124508, -0.4120286
23147836934000, 0.084910266, 0.09712757, -0.462425
23147841890000, 0.06505715, 0.14202617, -0.5036584
23147846967000, 0.06505715, 0.226631, -0.52442783
23147851912000, 0.09896017, 0.33505958, -0.5235115
23147857125000, 0.12950343, 0.3933972, -0.49235737
23147861767000, 0.17592919, 0.5311473, -0.46517387
23147866748000, 0.19975294, 0.6927212, -0.39522982
23147871741000, 0.2556471, 0.84696466, -0.3191771
23147876780000, 0.3191771, 0.95417154, -0.24465153
23147881750000, 0.37598756, 1.0326678, -0.16768251
23147886744000, 0.45051312, 1.0464121, -0.110872045
23147891775000, 0.52931476, 0.9993755, -0.0580322
23147896753000, 0.59589905, 0.90316427, 0.005192355
23147901831000, 0.6264423, 0.80939645, 0.04642576
23147906914000, 0.636827, 0.75228053, 0.057421334
23147911887000, 0.61911196, 0.7107417, 0.062002823
23147916828000, 0.5925393, 0.68386364, 0.035124753
23147921813000, 0.5177083, 0.6704246, 3.0543262E-4
23147927670000, 0.45478916, 0.6731735, -0.051618114
23147931822000, 0.3830125, 0.63255095, -0.10567969
23147936820000, 0.33505958, 0.57726765, -0.1414153
23147941812000, 0.2611449, 0.51251596, -0.17470746
23147946854000, 0.21991149, 0.4868596, -0.20219639
23147952177000, 0.172264, 0.47616947, -0.2507602
23147956877000, 0.13805555, 0.46792278, -0.27122417
23147961946000, 0.1282817, 0.4392121, -0.27916542
23147966868000, 0.14110987, 0.3680463, -0.2742785
23147971800000, 0.13652839, 0.226631, -0.26542094
23147976847000, 0.11575896, 0.06414085, -0.26939157
23147981839000, 0.086132, -0.105374254, -0.31856623
23147986854000, 0.018325957, -0.33200526, -0.34147367
23147991836000, -0.049785517, -0.59223384, -0.3100141
23147997006000, -0.07880162, -0.799928, -0.24281894
23148001869000, -0.087659165, -0.9440922, -0.16554448
23148006918000, -0.08399397, -0.9272934, -0.08827003
23148011958000, -0.076358154, -0.7779369, -0.04153884
23148016829000, -0.086132, -0.5702427, -0.025961773
23148021855000, -0.12705997, -0.40225476, -0.00580322
23148026865000, -0.19761491, -0.35246924, 0.014660766
23148031872000, -0.2864958, -0.37659842, 0.046120327
23148036799000, -0.3491095, -0.42943826, 0.07971791
23148041894000, -0.40317106, -0.47250426, 0.1142318
23148046825000, -0.44165558, -0.5152648, 0.14446963
23148051851000, -0.50640726, -0.5213735, 0.17195857
23148056856000, -0.56291234, -0.5748242, 0.18570304
23148061976000, -0.5726862, -0.59986967, 0.19517145
23148067013000, -0.6301075, -0.6001751, 0.2134974
23148071867000, -0.6252206, -0.643852, 0.23365596
23148076888000, -0.60048056, -0.6044512, 0.26236662
23148081870000, -0.5934556, -0.42913285, 0.29901853
23148087023000, -0.52564955, -0.24953845, 0.33658674
23148091876000, -0.4352415, -0.15057829, 0.36835176
23148096839000, -0.37415496, -0.116980694, 0.37995818
23148101906000, -0.3371976, -0.15424347, 0.37507126
23148106879000, -0.33964106, -0.22082779, 0.364992
23148111928000, -0.35521814, -0.26206118, 0.34666604
23148116849000, -0.37782016, -0.22357668, 0.35369098
23148121859000, -0.4175264, -0.14630222, 0.37507126
23148126853000, -0.4361578, -0.10415252, 0.38423425
23148131830000, -0.4260785, -0.076358154, 0.3915646
23148136824000, -0.41050145, -0.042455133, 0.39920044
23148141855000, -0.39400807, -0.02443461, 0.4098906
23148146934000, -0.37934732, -0.03604105, 0.3979787
23148151825000, -0.3894266, -0.058948494, 0.37995818
23148156872000, -0.40011674, -0.12644911, 0.3463606
23148161944000, -0.38912117, -0.19028452, 0.3051272
23148166826000, -0.43310347, -0.1777618, 0.32711834
23148171816000, -0.4981606, -0.10751228, 0.40469822
23148176854000, -0.5729916, -0.05955936, 0.47739118
23148182535000, -0.6423248, -0.04428773, 0.5348125
23148186822000, -0.6795876, -0.087964594, 0.5687156
23148191852000, -0.7104363, -0.20738874, 0.60903263
23148196895000, -0.7458665, -0.34513888, 0.64843345
23148201819000, -0.7678576, -0.45081854, 0.6786713
23148206858000, -0.8029824, -0.5494733, 0.68875057
23148211880000, -0.8210029, -0.63346726, 0.68416905
23148217152000, -0.84635377, -0.68294734, 0.67073005
23148221818000, -0.87109387, -0.68966687, 0.67073005
23148226866000, -0.8927795, -0.6985244, 0.66248333
23148231825000, -0.93401295, -0.70921457, 0.65026605
23148236826000, -0.98349303, -0.7492262, 0.6545421
23148241833000, -1.0442741, -0.8145888, 0.64904433
23148246835000, -1.0861185, -0.8356637, 0.6426302
23148252496000, -1.0952814, -0.8374963, 0.6401868
23148256876000, -1.0839803, -0.84329945, 0.6301075
23148261811000, -1.072374, -0.8680395, 0.5867361
23148266830000, -1.0351112, -0.8888089, 0.5534439
23148271811000, -1.0082331, -0.9089675, 0.50793445
23148276860000, -0.9914343, -0.93523467, 0.46639562
23148281810000, -0.94989544, -0.97585726, 0.42332962
23148286905000, -0.9279043, -1.0467176, 0.3839288
23148291833000, -0.89461213, -1.1872166, 0.3494149
23148301936000, -0.84788096, -1.1557571, 0.29840767
23148306786000, -0.8381071, -1.0775663, 0.28893927
23148311778000, -0.850019, -0.9944886, 0.2706133
23148316747000, -0.8503244, -0.89766645, 0.26847526
23148321842000, -0.84482664, -0.8081747, 0.2669481
23148326815000, -0.8436049, -0.743423, 0.25534168
23148331749000, -0.8729264, -0.7141015, 0.24678956
23148336745000, -0.9080512, -0.7076874, 0.2302962
23148341769000, -0.93676186, -0.7162395, 0.20280726
23148346755000, -0.9828822, -0.74036866, 0.18509217
23148351847000, -1.003957, -0.7690793, 0.16432275
23148356852000, -1.0555751, -0.81245077, 0.1554652
23148362120000, -1.0885619, -0.84391034, 0.15332718
23148366839000, -1.1264355, -0.86437434, 0.17440203
23148371827000, -1.1551461, -0.8582657, 0.18753563
23148376860000, -1.1606439, -0.8170323, 0.19517145
23148381871000, -1.1618657, -0.7703011, 0.20005837
23148386819000, -1.1557571, -0.70616025, 0.20799962
23148392097000, -1.1074986, -0.63407815, 0.20677789
23148396885000, -1.0482447, -0.56596667, 0.18051068
23148401805000, -0.9728029, -0.4746423, 0.14446963
23148406862000, -0.9120218, -0.37568212, 0.10170906
23148411864000, -0.8671232, -0.28008172, 0.064446285
23148416834000, -0.8304713, -0.19608775, 0.04337143
23148421818000, -0.8042041, -0.11484267, 0.03848451
23148426845000, -0.79443026, -0.057726767, 0.048258353
23148431825000, -0.8249735, -0.025045475, 0.05681047
23148436817000, -0.85062987, 0.0027488936, 0.073303826
23148441850000, -0.88208944, 0.020158553, 0.110872045
23148446893000, -0.87964594, 0.054061573, 0.14049901
23148451822000, -0.8717047, 0.12583824, 0.15790866
23148456867000, -0.8552113, 0.23151793, 0.183565
23148461929000, -0.8509353, 0.31306845, 0.17623462
23148466824000, -0.8503244, 0.3539964, 0.15241088
23148471820000, -0.8356637, 0.34605515, 0.11942416
23148476849000, -0.8170323, 0.35094208, 0.093462385
23148481826000, -0.818254, 0.36651915, 0.06963864
23148486834000, -0.7996226, 0.38240165, 0.047647487
23148491851000, -0.7816021, 0.40500367, 0.026267206
23148496841000, -0.76174897, 0.4092797, 0.004276057
23148501833000, -0.7312057, 0.4202753, -0.01985312
23148507633000, -0.7150178, 0.44898596, -0.033292156
23148511867000, -0.7031059, 0.47861293, -0.038789943
23148516823000, -0.6783658, 0.4999932, -0.04550946
23148521857000, -0.65209866, 0.5180137, -0.0571159
23148526893000, -0.623388, 0.5458081, -0.05681047
23148531882000, -0.59406644, 0.5821546, -0.059253927
23148536857000, -0.5522222, 0.63499445, -0.06261369
23148541892000, -0.5311473, 0.6569856, -0.06414085
23148546936000, -0.51068336, 0.689056, -0.06627888
23148551865000, -0.4999932, 0.7199047, -0.07696902
23148556915000, -0.48075095, 0.75136423, -0.0852157
23148561963000, -0.4822781, 0.77640975, -0.09101892
23148566923000, -0.51007247, 0.7834347, -0.0983493
23148571869000, -0.52198434, 0.75808376, -0.10751228
23148577649000, -0.52626044, 0.7254025, -0.11056661
23148581871000, -0.52870387, 0.68325275, -0.11484267
23148586798000, -0.5149594, 0.6646214, -0.12217305
23148591856000, -0.5122105, 0.66431594, -0.12339478
23148597193000, -0.5198463, 0.6844745, -0.129198
23148601868000, -0.5039638, 0.7079928, -0.14782938
23148606944000, -0.5109888, 0.72387534, -0.15577064
23148611940000, -0.5152648, 0.7458665, -0.15974127
23148616846000, -0.5122105, 0.77854776, -0.16371189
23148621856000, -0.5143485, 0.795652, -0.17592919
23148626872000, -0.5140431, 0.81153446, -0.19211712
23148631868000, -0.52015173, 0.8167268, -0.20433442
23148637018000, -0.52106804, 0.788627, -0.22357668
23148641887000, -0.5225952, 0.77274454, -0.23243423
23148646958000, -0.5122105, 0.7470882, -0.24098633
23148651867000, -0.5299256, 0.7150178, -0.25625798
23148657288000, -0.5198463, 0.6872234, -0.27366763
23148661916000, -0.5207626, 0.6747007, -0.27397305
23148666851000, -0.5140431, 0.6731735, -0.26908615
23148671870000, -0.52290064, 0.67256266, -0.2660318
23148676829000, -0.5006041, 0.6704246, -0.24587326
23148681866000, -0.50885075, 0.6826419, -0.23365596
23148686844000, -0.50854534, 0.700357, -0.22388211
23148691861000, -0.48899764, 0.69027776, -0.21135938
23148696884000, -0.45204028, 0.6817256, -0.20647246
23148701864000, -0.40591997, 0.69027776, -0.2171626
23148706865000, -0.40011674, 0.6963864, -0.22907446
23148712014000, -0.40622538, 0.7351763, -0.24312437
23148716947000, -0.4297437, 0.7770206, -0.28496864
23148721863000, -0.4465425, 0.81336707, -0.32834008
23148726892000, -0.45173484, 0.8698721, -0.38362336
23148731868000, -0.4334089, 0.9236283, -0.44073927
23148736862000, -0.3933972, 0.95081174, -0.46028697
23148741852000, -0.37384954, 0.9621128, -0.46273044
23148746876000, -0.33383787, 0.9410379, -0.44257188
23148751822000, -0.258396, 0.9388999, -0.38698313
23148756891000, -0.20219639, 0.96944314, -0.31123585
23148761878000, -0.14905111, 1.024421, -0.23335053
23148766912000, -0.07880162, 1.0986412, -0.15668693
23148771860000, -0.03176499, 1.1685852, -0.11362094
23148776913000, 0.0021380284, 1.2479976, -0.053450707
23148781860000, 0.0106901415, 1.319469, -0.019547688
23148786888000, 0.0018325958, 1.3402383, 0.017715093
23148791841000, 0.013744468, 1.3326025, 0.056505036
23148796940000, 0.0125227375, 1.2993103, 0.087964594
23148801853000, 0.035124753, 1.2779301, 0.13164146
23148806935000, 0.060170226, 1.2284501, 0.16218472
23148811910000, 0.07544186, 1.1835514, 0.18051068
23148816842000, 0.08307768, 1.1258247, 0.18020524
23148821837000, 0.065973446, 1.061073, 0.17012598
23148826899000, 0.028405234, 0.990518, 0.16493362
23148831830000, -0.011301007, 0.95630956, 0.16707164
23148836869000, -0.04642576, 0.86559606, 0.1704314
23148841809000, -0.0720821, 0.763887, 0.17104226
23148846842000, -0.13622294, 0.65209866, 0.17195857
23148851804000, -0.19517145, 0.5342017, 0.18295415
23148856907000, -0.26511553, 0.44440445, 0.1853976
23148861822000, -0.32925636, 0.36774087, 0.18997909
23148866846000, -0.38789943, 0.32620203, 0.17440203
23148871818000, -0.441961, 0.2828306, 0.16218472
23148876863000, -0.5174029, 0.21838433, 0.15454891
23148881839000, -0.6041457, 0.14019357, 0.14446963
23148886823000, -0.71593404, 6.1086525E-4, 0.10170906
23148891844000, -0.8445212, -0.14263703, 0.089186326
23148896911000, -0.9315695, -0.11942416, 0.09896017
23148902748000, -0.9957104, -0.093462385, 0.07819075
23148906870000, -1.035722, -0.07788532, 0.057726767
23148911852000, -1.1038336, -0.110872045, 0.022907447
23148916821000, -1.1475104, -0.17745635, -0.0070249503
23148921799000, -1.1856894, -0.24037547, -0.01740966
23148926894000, -1.2321151, -0.28710666, -0.027488936
23148931808000, -1.2620476, -0.30451632, -0.038789943
23148936862000, -1.2742649, -0.31429017, -0.035430185
23148941851000, -1.3057245, -0.29046643, -0.025350908
23148946850000, -1.3267993, -0.27977628, -0.017104227
23148951839000, -1.357648, -0.30879238, -0.0143553335
23148956821000, -1.3955216, -0.33292156, -0.016187929
23148961960000, -1.428203, -0.36071593, -0.027794369
23148966818000, -1.46852, -0.37659842, -0.047647487
23148972059000, -1.5204436, -0.38973203, -0.05589417
23148976886000, -1.5549575, -0.42424592, -0.06994407
23148981874000, -1.5876387, -0.49113566, -0.057421334
23148986856000, -1.5964963, -0.5766568, -0.02687807
23148991841000, -1.5946637, -0.6768387, 0.004581489
23148996884000, -1.5943583, -0.75747293, 0.028710667
23149001864000, -1.5873333, -0.788627, 0.06780604
23149006846000, -1.5766432, -0.7706065, 0.1020145
23149011947000, -1.5570955, -0.72295904, 0.14049901
23149016809000, -1.5375478, -0.68416905, 0.17012598
23149021855000, -1.5332718, -0.66614854, 0.19364429
23149026814000, -1.5335772, -0.65301496, 0.21960606
23149031877000, -1.525636, -0.6383542, 0.20311269
23149036803000, -1.5143349, -0.63163465, 0.2003638
23149042214000, -1.5005904, -0.65209866, 0.20952678
23149046849000, -1.4795157, -0.66614854, 0.20861048
23149051829000, -1.4703526, -0.6759224, 0.22143865
23149056845000, -1.4712689, -0.6579019, 0.2284636
23149061937000, -1.4706581, -0.6453791, 0.2501493
23149066847000, -1.4682146, -0.6093381, 0.27122417
23149071857000, -1.4587462, -0.5708536, 0.28313604
23149076852000, -1.4306464, -0.5308419, 0.3115413
23149081874000, -1.3900238, -0.48258355, 0.31856623
23149086903000, -1.3573426, -0.45723262, 0.32070425
23149091864000, -1.3350459, -0.44043383, 0.3304781
23149096871000, -1.3005321, -0.45234573, 0.3213151
23149101847000, -1.3090842, -0.47647488, 0.33933565
23149106863000, -1.3396275, -0.49541172, 0.36102137
23149112037000, -1.3640621, -0.46914452, 0.37384954
23149116809000, -1.3842206, -0.40469822, 0.36835176
23149121859000, -1.4062119, -0.3042109, 0.34147367
23149126825000, -1.4495832, -0.2733622, 0.33750305
23149131868000, -1.452943, -0.25289822, 0.32406402
23149136802000, -1.4679092, -0.28405234, 0.30390546
23149141889000, -1.4440855, -0.3036, 0.31978795
23149146875000, -1.409877, -0.2874121, 0.34330627
23149151860000, -1.4223998, -0.27275133, 0.36896262
23149156855000, -1.4333953, -0.27672195, 0.37140608
23149161918000, -1.4379768, -0.2959642, 0.37568212
23149166853000, -1.4056009, -0.33292156, 0.38881573
23149171855000, -1.3460416, -0.33078352, 0.3943135
23149176864000, -1.3133603, -0.2938262, 0.40775254
23149181851000, -1.3274102, -0.22937989, 0.40653083
23149186821000, -1.3408492, -0.14355333, 0.4016439
23149191862000, -1.3732251, -0.121256754, 0.40408736
23149196935000, -1.3991868, -0.086132, 0.3848451
23149201857000, -1.4462235, -0.009773844, 0.4092797
23149206891000, -1.4895949, -0.12003502, 0.39584067
23149211930000, -1.4899004, -0.258396, 0.3817908
23149216826000, -1.5128077, -0.41447207, 0.3454443
23149221859000, -1.5244142, -0.4990769, 0.35521814
23149227518000, -1.5393804, -0.5170974, 0.35094208
23149231837000, -1.5515977, -0.4999932, 0.34208453
23149236835000, -1.559539, -0.45020768, 0.36285394
23149241845000, -1.5430456, -0.35369098, 0.3820962
23149246869000, -1.5311338, -0.23090707, 0.39187005
23149251828000, -1.5115861, -0.129198, 0.39950588
23149256865000, -1.4822645, -0.062002823, 0.38789943
23149261822000, -1.4495832, 0.012217305, 0.37873647
23149266886000, -1.425454, 0.051923547, 0.35460728
23149271826000, -1.4202617, 0.089491755, 0.30879238
23149276884000, -1.4214834, 0.18081611, 0.26542094
23149281805000, -1.4352279, 0.22449298, 0.23335053
23149286893000, -1.452943, 0.22999077, 0.19211712
23149291842000, -1.4648548, 0.19120082, 0.15118915
23149301853000, -1.5448782, 0.16829337, 0.1151481
23149306777000, -1.5778649, 0.03756821, 0.06872234
23149311812000, -1.6096299, -0.09865474, 0.049480084
23149316759000, -1.6062702, -0.30115658, -0.09682214
23149321757000, -1.6337591, -0.43127087, -0.13133603
23149326760000, -1.6588045, -0.32803464, 0.011301007
23149331826000, -1.67316, -0.15088372, 0.10170906
23149336747000, -1.7373008, -0.09896017, 0.13164146
23149341825000, -1.7730364, -0.10170906, 0.13805555
23149346753000, -1.7605137, -0.14874569, 0.16920967
23149351778000, -1.724778, -0.19700404, 0.23701571
23149356847000, -1.6618589, -0.2593123, 0.26206118
23149361848000, -1.6007724, -0.3118467, 0.2950479
23149366838000, -1.5121969, -0.33475417, 0.3286455
23149371781000, -1.430341, -0.3643811, 0.34269542
23149376834000, -1.3402383, -0.39553526, 0.3417791
23149381812000, -1.2568552, -0.44226643, 0.3313944
23149386801000, -1.1722504, -0.51068336, 0.3182608
23149391823000, -1.0815369, -0.5897904, 0.2929099
23149396803000, -1.0057896, -0.6603453, 0.2764165
23149401818000, -0.90102625, -0.7141015, 0.2648101
23149406850000, -0.80664754, -0.7699956, 0.25045475
23149411937000, -0.71929383, -0.8216137, 0.24617869
23149416861000, -0.6249151, -0.8509353, 0.24923302
23149421817000, -0.5696318, -0.86070913, 0.24678956
23149426832000, -0.5519168, -0.8924741, 0.2556471
23149431830000, -0.535118, -0.91354895, 0.28069258
23149436823000, -0.535118, -0.9120218, 0.2932153
23149441840000, -0.55680364, -0.9077458, 0.30818152
23149446877000, -0.569021, -0.8848383, 0.32406402
23149451862000, -0.5934556, -0.8585711, 0.33658674
23149456875000, -0.59131753, -0.83077675, 0.364992
23149461934000, -0.5891795, -0.786489, 0.3735441
23149466849000, -0.59315014, -0.73548174, 0.39370266
23149471866000, -0.6056729, -0.679893, 0.4098906
23149476859000, -0.62980205, -0.62858033, 0.43890667
23149481867000, -0.65148777, -0.5910121, 0.47983465
23149486826000, -0.70524395, -0.5540548, 0.5225952
23149491840000, -0.7486154, -0.528093, 0.58276546
23149496835000, -0.81306165, -0.505491, 0.6429357
23149501871000, -0.895223, -0.46670106, 0.70432764
23149506822000, -0.97127575, -0.4251622, 0.7644979
23149511938000, -1.031446, -0.39920044, 0.8151997
23149516806000, -1.0894781, -0.3726278, 0.8524625
23149521847000, -1.1172725, -0.32803464, 0.8732319
23149526851000, -1.1533136, -0.2687807, 0.89369583
23149531839000, -1.1771374, -0.19486602, 0.8695667
23149536824000, -1.1914927, -0.13897185, 0.8897252
23149541842000, -1.2244794, -0.15607607, 0.9486737
23149546890000, -1.2586879, -0.19303341, 1.0070114
23149551887000, -1.3005321, -0.2275473, 1.0668762
23149556903000, -1.3313808, -0.23548855, 1.1068878
23149561878000, -1.3494014, -0.20280726, 1.1377366
23149566854000, -1.3726143, -0.1518, 1.1838568
23149571821000, -1.3961325, -0.10934488, 1.2302825
23149576848000, -1.4034629, -0.044593163, 1.2767084
23149581829000, -1.4266758, 0.010079277, 1.3035865
23149587402000, -1.434617, 0.06994407, 1.3402383
23149591837000, -1.4541647, 0.12522738, 1.350623
23149597133000, -1.4792101, 0.16982053, 1.3723087
23149601899000, -1.4972308, 0.19730948, 1.3930782
23149606816000, -1.529912, 0.22357668, 1.4309518
23149611983000, -1.5641204, 0.2275473, 1.4611896
23149616826000, -1.5974126, 0.23304509, 1.4853189
23149621886000, -1.6105462, 0.24923302, 1.5262468
23149626822000, -1.649947, 0.26145032, 1.565953
23149631827000, -1.6865989, 0.28619036, 1.604743
23149636804000, -1.72264, 0.2837469, 1.632232
23149641882000, -1.7415768, 0.28313604, 1.6374242
23149646862000, -1.7391334, 0.24709499, 1.6346754
23149651840000, -1.7314975, 0.20616703, 1.6514742
23149657604000, -1.707063, 0.17440203, 1.6927075
23149661861000, -1.6670512, 0.14110987, 1.7195857
23149666858000, -1.6453656, 0.1695151, 1.7519615
23149671831000, -1.6249015, 0.22693644, 1.7974709
23149676879000, -1.600467, 0.27580565, 1.8460348
23149681857000, -1.5613716, 0.33200526, 1.9037615
23149686913000, -1.5421293, 0.3368922, 1.9480493
23149691831000, -1.5305228, 0.35063666, 1.9917262
23149696925000, -1.527774, 0.35521814, 2.0112739
23149701869000, -1.5354098, 0.33292156, 2.0341814
23149706951000, -1.5238034, 0.33322698, 2.0549507
23149711865000, -1.4999796, 0.34147367, 2.0665572
23149716835000, -1.4624114, 0.31795537, 2.0696115
23149721841000, -1.4541647, 0.2770274, 2.0497584
23149727159000, -1.4361442, 0.23915374, 2.0378466
23149731857000, -1.4333953, 0.21044308, 2.0448713
23149736851000, -1.4337007, 0.18784106, 2.0592268
23149741882000, -1.4636332, 0.16523905, 2.0616703
23149746861000, -1.4972308, 0.17073683, 2.0680842
23149752087000, -1.5473217, 0.2321288, 2.0512855
23149756858000, -1.5980235, 0.269697, 2.02624
23149761859000, -1.6123788, 0.267559, 2.0066924
23149766824000, -1.6154331, 0.27397305, 1.9868392
23149771802000, -1.6105462, 0.28038713, 1.9788979
23149776841000, -1.6029104, 0.25717425, 1.9709567
23149781854000, -1.6019942, 0.20250183, 1.9581286
23149786820000, -1.6142114, 0.17348573, 1.9327776
23149791845000, -1.59558, 0.1441642, 1.9120082
23149797014000, -1.5635096, 0.067500606, 1.9010127
23149802075000, -1.5442673, -0.025045475, 1.8881844
23149806837000, -1.5293012, -0.036957346, 1.8747455
23149811909000, -1.5183055, -0.022296581, 1.8576412
23149816817000, -1.5118915, 0.048563786, 1.8387043
23149821867000, -1.5125023, 0.1740966, 1.8072448
23149826820000, -1.4935656, 0.19028452, 1.7751744
23149831865000, -1.5103643, 0.22999077, 1.7486018
23149836798000, -1.5140295, 0.24831672, 1.736079
23149841861000, -1.4856243, 0.23304509, 1.7095064
23149846883000, -1.4410311, 0.22296582, 1.7107282
23149851863000, -1.3888022, 0.18295415, 1.7153096
23149856812000, -1.3365731, 0.15821409, 1.7015651
23149861924000, -1.2873985, 0.16554448, 1.6740762
23149866825000, -1.2559389, 0.17195857, 1.6685784
23149871869000, -1.241889, 0.15974127, 1.638646
23149876938000, -1.2464706, 0.19211712, 1.6261233
23149882189000, -1.2293663, 0.26939157, 1.600467
23149886855000, -1.1933253, 0.34513888, 1.5961909
23149891833000, -1.1462886, 0.39003745, 1.5848899
23149896906000, -1.0931433, 0.42821655, 1.5592335
23149901920000, -1.0332786, 0.46700647, 1.518611
23149906908000, -0.9798279, 0.48838675, 1.4801265
23149912523000, -0.92179567, 0.48380527, 1.4737124
23149916841000, -0.8927795, 0.46120325, 1.4312572
23149921820000, -0.8723156, 0.43004912, 1.4031575
23149926868000, -0.8518516, 0.44440445, 1.3750577
23149931834000, -0.8127562, 0.46211955, 1.3310753
23149936825000, -0.75777835, 0.44501534, 1.2727377
23149941847000, -0.70952, 0.3915646, 1.1841623
23149946980000, -0.6844745, 0.33964106, 1.1184943
23149951797000, -0.6423248, 0.27947086, 1.054048
23149956834000, -0.58551437, 0.22693644, 1.0051788
23149961872000, -0.52503866, 0.1966986, 0.956615
23149966827000, -0.47525316, 0.16768251, 0.9068295
23149971798000, -0.42485678, 0.13988814, 0.8765916
23149976882000, -0.36835176, 0.11911872, 0.8304713
23149982500000, -0.31337386, 0.08277224, 0.77824235
23149986863000, -0.24831672, 0.048563786, 0.7360926
23149991867000, -0.18051068, 0.041233405, 0.68386364
23149996903000, -0.10262536, 0.0036651916, 0.64599
23150001851000, -0.032070424, -0.038789943, 0.6420194
23150006891000, 0.05497787, -0.050396383, 0.6044512
23150011854000, 0.082161374, -0.11148291, 0.5742133
23150016827000, 0.15424347, -0.14569137, 0.514654
23150021876000, 0.21319197, -0.17837265, 0.46822822
23150026880000, 0.27152961, -0.18112154, 0.42271876
23150031889000, 0.33169982, -0.19975294, 0.37751472
23150036859000, 0.39584067, -0.21899518, 0.3222314
23150041892000, 0.4636467, -0.2434298, 0.28160888
23150046927000, 0.54244834, -0.2706133, 0.25595254
23150052232000, 0.61269784, -0.30848694, 0.22235495
23150056862000, 0.691194, -0.31673363, 0.2003638
23150061939000, 0.75655663, -0.35033122, 0.18295415
23150066861000, 0.8384125, -0.3811799, 0.17012598
23150071853000, 0.929126, -0.408058, 0.16035213
23150076890000, 0.9990701, -0.44959682, 0.16707164
23150081871000, 1.0635164, -0.5027421, 0.18600847
23150086805000, 1.0910053, -0.552833, 0.21777347
23150091844000, 1.1123856, -0.57848936, 0.24587326
23150096860000, 1.1261301, -0.569021, 0.26145032
23150101863000, 1.1646146, -0.55924714, 0.27458394
23150106868000, 1.2012665, -0.5479461, 0.28038713
23150111932000, 1.2232577, -0.50518554, 0.28527406
23150116848000, 1.2843442, -0.43982297, 0.26939157
23150121869000, 1.3399329, -0.35185838, 0.25259277
23150126910000, 1.3826935, -0.29993483, 0.2275473
23150131865000, 1.4178182, -0.28130344, 0.21105394
23150136865000, 1.4520267, -0.2947425, 0.19975294
23150141871000, 1.4767667, -0.30634892, 0.19272798
23150146922000, 1.4810427, -0.355829, 0.18417588
23150151860000, 1.4486669, -0.39706242, 0.18081611
23150156879000, 1.3967434, -0.39584067, 0.19303341
23150161921000, 1.3524556, -0.3555236, 0.21991149
23150166853000, 1.3286319, -0.32345316, 0.24465153
23150171861000, 1.3185526, -0.2764165, 0.28069258
23150176908000, 1.3066407, -0.23671028, 0.29229903
23150181863000, 1.3222178, -0.26053402, 0.2910773
23150186869000, 1.3603969, -0.26633725, 0.2843578
23150191846000, 1.389413, -0.3100141, 0.27550024
23150196972000, 1.421178, -0.3915646, 0.26267207
23150201799000, 1.4544702, -0.43401974, 0.25961772
23150206885000, 1.4596626, -0.5161811, 0.24709499
23150211848000, 1.4660766, -0.5699373, 0.24556783
23150216846000, 1.4602734, -0.5873469, 0.24862215
23150221802000, 1.4672983, -0.5342017, 0.21960606
23150226903000, 1.4837917, -0.46303585, 0.19211712
23150231825000, 1.466382, -0.41141775, 0.16340645
23150237488000, 1.4547756, -0.37659842, 0.14721853
23150241865000, 1.4358387, -0.36743546, 0.113926366
23150246940000, 1.4193454, -0.3717115, 0.07452556
23150251859000, 1.416902, -0.3539964, 0.027794369
23150256885000, 1.4172074, -0.33169982, -0.030848695
23150261852000, 1.398576, -0.32650748, -0.093462385
23150266872000, 1.3521502, -0.34269542, -0.15485434
23150271855000, 1.2770138, -0.39706242, -0.22540927
23150276894000, 1.1844677, -0.45845437, -0.2782491
23150281816000, 1.0922271, -0.5021312, -0.34300083
23150286897000, 0.9999864, -0.5180137, -0.39400807
23150291876000, 0.92485, -0.4783075, -0.42119157
23150296870000, 0.8604037, -0.4541783, -0.45265114
23150301898000, 0.83658, -0.39492437, -0.4728097
23150307558000, 0.8353582, -0.2883284, -0.52198434
23150311946000, 0.8176431, -0.24098633, -0.5552765
23150316829000, 0.79045963, -0.1826487, -0.6230826
23150321769000, 0.7501425, -0.1731803, -0.67073005
23150326785000, 0.7089091, -0.17256944, -0.7165449
23150331835000, 0.68875057, -0.17073683, -0.77121735
23150336764000, 0.66767573, -0.17165314, -0.82986045
23150341795000, 0.6401868, -0.17379116, -0.8881981
23150346768000, 0.627664, -0.17867808, -0.95233893
23150351761000, 0.59773165, -0.22479841, -1.0164797
23150356923000, 0.5494733, -0.30573806, -1.0958922
23150361933000, 0.4831944, -0.33536503, -1.1624765
23150366863000, 0.35918877, -0.3555236, -1.2299771
23150371868000, 0.21533, -0.3830125, -1.2654073
23150377354000, 0.0720821, -0.4111123, -1.282817
23150381876000, -0.0842994, -0.39736784, -1.2632693
23150386863000, -0.22204952, -0.35888332, -1.2095132
23150391844000, -0.32070425, -0.2996294, -1.1414018
23150396882000, -0.37598756, -0.25625798, -1.0961977
23150401888000, -0.40653083, -0.160963, -1.087951
23150406932000, -0.4147775, -0.054061573, -1.1001683
23150411933000, -0.41538838, 0.051923547, -1.1249083
23150416849000, -0.39950588, 0.067500606, -1.1374311
23150421845000, -0.3811799, 0.07696902, -1.1200215
23150426881000, -0.40317106, 0.10415252, -1.0751228
23150431869000, -0.43860126, 0.15393804, -0.9935723
23150437006000, -0.4813618, 0.22296582, -0.87995136
23150441903000, -0.5500842, 0.2443461, -0.7648033
23150446906000, -0.63194007, 0.22479841, -0.6206391
23150451854000, -0.72692966, 0.16462818, -0.5039638
23150456857000, -0.78954333, 0.0852157, -0.41355577
23150461942000, -0.8164214, -0.006414085, -0.3567453
23150466808000, -0.7806858, -0.084910266, -0.3295618
23150471869000, -0.6985244, -0.15760323, -0.32284227
23150476817000, -0.5888741, -0.20250183, -0.33750305
23150481874000, -0.48716503, -0.21838433, -0.35155296
23150486802000, -0.38973203, -0.21197024, -0.36346483
23150491848000, -0.30176744, -0.21074851, -0.355829
23150496875000, -0.23671028, -0.1957823, -0.34391713
23150501864000, -0.1908954, -0.18997909, -0.32467487
23150506858000, -0.12186762, -0.21197024, -0.28955013
23150511939000, -0.055588737, -0.25870144, -0.24220806
23150516865000, 0.004581489, -0.28955013, -0.19303341
23150521823000, 0.05497787, -0.29993483, -0.14385876
23150526851000, 0.09315695, -0.25411993, -0.09865474
23150531829000, 0.12186762, -0.19058995, -0.0711658
23150536844000, 0.13164146, -0.09254608, -0.05131268
23150541911000, 0.11209377, 0.022296581, -0.039095376
23150546945000, 0.059864793, 0.15027285, -0.028099801
23150551866000, -0.011911872, 0.24740042, -0.028405234
23150556919000, -0.07574729, 0.27885997, -0.032070424
23150562764000, -0.14508049, 0.2666427, -0.013439035
23150566876000, -0.21135938, 0.22968534, -0.013744468
23150571860000, -0.24740042, 0.17867808, 0.0076358155
23150576904000, -0.27091873, 0.12583824, 0.009468411
23150581867000, -0.258396, 0.0870483, 0.021991149
23150586867000, -0.23335053, 0.04795292, 0.03176499
23150591848000, -0.1731803, 0.025961773, 0.047647487
23150597099000, -0.1441642, 0.018020526, 0.049480084
23150601858000, -0.055283304, 0.041233405, 0.05955936
23150606873000, -0.032070424, 0.09254608, 0.065973446
23150611919000, 0.010995574, 0.16126843, 0.086132
23150616844000, 0.04184427, 0.22449298, 0.105374254
23150621856000, 0.055588737, 0.2837469, 0.13164146
23150626899000, 0.06566802, 0.34116822, 0.15302174
23150632540000, 0.056199603, 0.39278635, 0.16432275
23150636869000, 0.047036625, 0.44318274, 0.18600847
23150641821000, 0.023823744, 0.46914452, 0.19303341
23150646890000, 0.028405234, 0.47769663, 0.18173242
23150651803000, 0.027794369, 0.47555858, 0.19150625
23150656821000, 0.03023783, 0.43768495, 0.1853976
23150661899000, 0.062002823, 0.39675698, 0.17501289
23150666884000, 0.08552113, 0.37048978, 0.16768251
23150671900000, 0.100792766, 0.36163223, 0.14874569
23150676850000, 0.11759156, 0.33292156, 0.14630222
23150681841000, 0.14844026, 0.32436943, 0.15577064
23150686818000, 0.19486602, 0.33108896, 0.14813483
23150692431000, 0.21502456, 0.33475417, 0.12522738
23150696875000, 0.23243423, 0.34269542, 0.113926366
23150702308000, 0.23151793, 0.39003745, 0.08002335
23150706817000, 0.22907446, 0.40561453, 0.07422013
23150711891000, 0.23243423, 0.44623706, 0.062308256
23150716815000, 0.24373524, 0.5030475, 0.06078109
23150721822000, 0.2452624, 0.56321776, 0.05131268
23150726849000, 0.25900686, 0.6282749, 0.03634648
23150731833000, 0.26816985, 0.732122, 0.007330383
23150736825000, 0.2678644, 0.83260936, -0.032375857
23150741855000, 0.26725355, 0.9007208, -0.08032878
23150746889000, 0.26206118, 0.9260717, -0.1328632
23150751830000, 0.27397305, 0.95142263, -0.183565
23150756822000, 0.31429017, 0.9957104, -0.2284636
23150761923000, 0.34513888, 1.0002918, -0.28863382
23150766823000, 0.37232238, 1.0195341, -0.33628133
23150771995000, 0.37690386, 1.0186177, -0.40317106
23150776833000, 0.3830125, 1.0195341, -0.4596761
23150781833000, 0.38515055, 1.0305296, -0.47891834
23150786825000, 0.38148534, 1.0512991, -0.4886922
23150791851000, 0.3643811, 1.0955868, -0.50701815
23150796893000, 0.33169982, 1.135293, -0.5687156
23150801825000, 0.28985557, 1.1569787, -0.61850107
23150806835000, 0.24923302, 1.1233811, -0.6753115
23150811890000, 0.20250183, 1.0937542, -0.7110472
23150816805000, 0.16310102, 1.047023, -0.7360926
23150821820000, 0.14202617, 0.9630291, -0.7467828
23150826869000, 0.14446963, 0.8393288, -0.74220127
23150831847000, 0.1441642, 0.625526, -0.73456544
23150836827000, 0.13927728, 0.44318274, -0.72265357
23150841851000, 0.16462818, 0.3200934, -0.69974613
23150846911000, 0.17715092, 0.2648101, -0.6575964
23150851824000, 0.18295415, 0.22113322, -0.6224717
23150856817000, 0.17104226, 0.09773844, -0.5647449
23150861881000, 0.21044308, -0.10567969, -0.528093
23150866824000, 0.24404067, -0.23304509, -0.49571714
23150871824000, 0.24831672, -0.2415972, -0.45142943
23150876845000, 0.20311269, -0.1881465, -0.42546764
23150881828000, 0.14721853, -0.16126843, -0.40194935
23150886819000, 0.09254608, -0.13591751, -0.3998113
23150891843000, 0.08124508, -0.15057829, -0.36865717
23150896885000, 0.050701816, -0.2049453, -0.31673363
23150901823000, 0.05497787, -0.2837469, -0.28221974
23150906816000, 0.060170226, -0.3735441, -0.27030787
23150911840000, 0.065973446, -0.44318274, -0.26236662
23150916824000, 0.07941248, -0.4578435, -0.27885997
23150921843000, 0.05222898, -0.43279803, -0.28710666
23150926845000, 0.008552114, -0.37873647, -0.27550024
23150931803000, -0.05375614, -0.33383787, -0.24953845
23150936819000, -0.105068825, -0.26419923, -0.20097467
23150941820000, -0.13561209, -0.16829337, -0.1459968
23150946910000, -0.16371189, -0.048258353, -0.11362094
23150951802000, -0.19242255, 0.06383542, -0.05955936
23150957445000, -0.21838433, 0.15088372, -0.011911872
23150961855000, -0.2284636, 0.2312125, 0.04062254
23150966824000, -0.25778514, 0.2855795, 0.09010262
23150971817000, -0.2843578, 0.29932398, 0.14477506
23150976849000, -0.32436943, 0.3222314, 0.21227567
23150981841000, -0.32559118, 0.33658674, 0.28893927
23150986817000, -0.31948254, 0.33169982, 0.3313944
23150991893000, -0.3145956, 0.28619036, 0.4120286
23150996989000, -0.31398472, 0.21685717, 0.5186246
23151001829000, -0.32284227, 0.12308934, 0.6087272
23151006825000, -0.33475417, -0.012217305, 0.7049385
23151011883000, -0.3484986, -0.15943582, 0.8176431
23151016830000, -0.3622431, -0.29565877, 0.9266826
23151021827000, -0.38515055, -0.4071417, 1.047023
23151027447000, -0.39278635, -0.49663344, 1.1600331
23151031866000, -0.3924809, -0.5207626, 1.2568552
23151036818000, -0.38545597, -0.5155703, 1.3359623
23151041826000, -0.37873647, -0.48472157, 1.4110987
23151046875000, -0.36743546, -0.43401974, 1.4782939
23151051810000, -0.34208453, -0.3631594, 1.5238034
23151056815000, -0.3295618, -0.27122417, 1.5607607
23151061841000, -0.31429017, -0.16462818, 1.597718
23151066829000, -0.2742785, -0.059253927, 1.6148223
23151071800000, -0.24129178, 0.04337143, 1.6227635
23151076855000, -0.20463985, 0.12767084, 1.6120734
23151081832000, -0.15515977, 0.1591304, 1.6056592
23151086822000, -0.14263703, 0.18478674, 1.5592335
23151091822000, -0.116675265, 0.19211712, 1.4776831
23151097204000, -0.11026118, 0.17928895, 1.3738359
23151101806000, -0.099571034, 0.14660765, 1.2629639
23151106817000, -0.099571034, 0.108123146, 1.1502593
23151111874000, -0.10903945, 0.06383542, 1.03786
23151116826000, -0.11789699, -0.0033597588, 0.91599244
23151121831000, -0.1282817, -0.06841691, 0.8145888
23151126852000, -0.14721853, -0.15241088, 0.7199047
23151131832000, -0.15088372, -0.22968534, 0.6444628
23151136819000, -0.1777618, -0.28863382, 0.57451874
23151141849000, -0.19822577, -0.355829, 0.49968776
23151146902000, -0.21930063, -0.41172317, 0.44898596
23151151828000, -0.22174409, -0.47494772, 0.38087448
23151156820000, -0.22785273, -0.50488013, 0.3231477
23151161868000, -0.23243423, -0.52381694, 0.24587326
23151166831000, -0.24404067, -0.5155703, 0.18203785
23151171817000, -0.24801129, -0.49663344, 0.11026118
23151176846000, -0.25350907, -0.48349985, 0.035124753
23151181833000, -0.25778514, -0.43004912, 0.003970624
23151186821000, -0.2657264, -0.3839288, -0.083383106
23151191850000, -0.29138273, -0.3359759, -0.16554448
23151196867000, -0.31978795, -0.29260445, -0.25473082
23151201831000, -0.33750305, -0.26175576, -0.35094208
23151206801000, -0.35277468, -0.23976462, -0.4474588
23151211870000, -0.36102137, -0.24556783, -0.5375614
23151216815000, -0.37965274, -0.24770586, -0.6270532
23151221818000, -0.37018433, -0.26297748, -0.7067711
23151226853000, -0.3744604, -0.28527406, -0.786489
23151231832000, -0.36957347, -0.29352075, -0.8597928
23151236863000, -0.36163223, -0.29168814, -0.9266826
23151241876000, -0.34880406, -0.310625, -0.98868537
23151246999000, -0.3539964, -0.30909783, -1.0268645
23151251827000, -0.35918877, -0.32742378, -1.0760391
23151256826000, -0.35521814, -0.3313944, -1.1114693
23151261870000, -0.36102137, -0.32986724, -1.1365148
23151266859000, -0.3555236, -0.33414328, -1.1609493
23151271824000, -0.35796702, -0.33353242, -1.1688906
23151276862000, -0.35338554, -0.3268129, -1.1615603
23151282458000, -0.3417791, -0.310625, -1.1603385
23151286861000, -0.3323107, -0.2706133, -1.144456
23151291835000, -0.31978795, -0.22937989, -1.1285735
23151297187000, -0.2968805, -0.204029, -1.0952814
23151301930000, -0.2874121, -0.18509217, -1.0647382
23151306754000, -0.2687807, -0.16798794, -1.0372492
23151311778000, -0.24220806, -0.15577064, -1.0042624
23151316806000, -0.2321288, -0.13530666, -0.9627236
23151321744000, -0.22357668, -0.1151481, -0.9275989
23151326927000, -0.20891592, -0.10598512, -0.8912524
23151331777000, -0.18936823, -0.09896017, -0.8597928
23151336733000, -0.1777618, -0.074830994, -0.81306165
23151341774000, -0.15974127, -0.06383542, -0.7626653
23151346757000, -0.1518, -0.06688975, -0.7119634
23151352461000, -0.12980886, -0.090713486, -0.6542367
23151356802000, -0.115453534, -0.11026118, -0.59498274
23151361876000, -0.09254608, -0.16187929, -0.5412266
23151366808000, -0.073303826, -0.19058995, -0.4801401
23151371814000, -0.06047566, -0.20922135, -0.43127087
23151376820000, -0.06261369, -0.23762658, -0.41325033
23151381826000, -0.05589417, -0.25137106, -0.37690386
23151386826000, -0.054061573, -0.24740042, -0.34513888
23151391847000, -0.060170226, -0.24220806, -0.3109304
23151396891000, -0.05589417, -0.22296582, -0.27580565
23151401822000, -0.06505715, -0.20738874, -0.24709499
23151406818000, -0.06780604, -0.15974127, -0.17134771
23151411910000, -0.03481932, -0.15668693, -0.09285152
23151416847000, 0.0076358155, -0.2519819, -0.050396383
23151422184000, 0.028099801, -0.33658674, -0.035124753
23151426858000, 0.064751714, -0.3998113, -0.053450707
23151431843000, 0.10934488, -0.40744713, -0.103847094
23151436825000, 0.15332718, -0.355829, -0.16371189
23151441841000, 0.15485434, -0.28221974, -0.1591304
23151446906000, 0.11362094, -0.23396139, -0.116675265
23151451821000, 0.02565634, -0.19639318, -0.06811147
23151456818000, -0.065973446, -0.21655174, -0.018325957
23151461906000, -0.13927728, -0.26145032, 0.013133603
23151466864000, -0.18936823, -0.3304781, 0.059864793
23151471859000, -0.19730948, -0.3555236, 0.09254608
23151476906000, -0.1872302, -0.38087448, 0.13775012
23151481864000, -0.14966199, -0.35277468, 0.17440203
23151486863000, -0.119729586, -0.27122417, 0.2049453
23151491963000, -0.09040806, -0.20066923, 0.23609942
23151496927000, -0.046731193, -0.15577064, 0.2443461
23151501893000, -0.01740966, -0.13439035, 0.24373524
23151506843000, 0.034208454, -0.11178834, 0.23915374
23151511879000, 0.052839845, -0.10934488, 0.21533
23151516838000, 0.08368854, -0.15149458, 0.1863139
23151521830000, 0.13347405, -0.21319197, 0.1432479
23151526861000, 0.17715092, -0.28069258, 0.11209377
23151531853000, 0.22602014, -0.3481932, 0.08277224
23151536827000, 0.24495697, -0.40133846, 0.07971791
23151541878000, 0.24007004, -0.42913285, 0.07360926
23151546934000, 0.23457226, -0.44104472, 0.08002335
23151551815000, 0.20738874, -0.42455134, 0.08582657
23151556862000, 0.18142697, -0.37598756, 0.09254608
23151561903000, 0.13133603, -0.31948254, 0.089491755
23151566868000, 0.09254608, -0.28924468, 0.087964594
23151571878000, 0.05955936, -0.23518312, 0.07788532
23151576893000, 0.04734206, -0.1966986, 0.06352998
23151581864000, 0.0106901415, -0.1591304, 0.034513887
23151586867000, -0.014049901, -0.129198, 0.015577064
23151591866000, -0.021991149, -0.122478485, -0.004581489
23151596829000, -0.013439035, -0.122478485, -0.032375857
23151601873000, -0.018325957, -0.12767084, -0.05497787
23151606802000, 0.003970624, -0.13836098, -0.07238753
23151611965000, 0.02107485, -0.15363261, -0.10262536
23151616817000, 0.031154128, -0.16187929, -0.11942416
23151621868000, 0.040011674, -0.1731803, -0.13439035
23151626832000, 0.026572637, -0.18234327, -0.1591304
23151631836000, 0.025961773, -0.21471913, -0.16401732
23151636835000, 0.020463986, -0.23609942, -0.17501289
23151641953000, -0.008857546, -0.24617869, -0.19272798
23151646888000, -0.0070249503, -0.24740042, -0.19639318
23151651852000, -0.030543262, -0.23579398, -0.20708331
23151656867000, -0.0421497, -0.23548855, -0.21533
23151661935000, -0.03573562, -0.20463985, -0.22327125
23151666860000, -0.04734206, -0.19120082, -0.23335053
23151671865000, -0.055588737, -0.16065755, -0.23976462
23151677492000, -0.03604105, -0.108123146, -0.25809056
23151681872000, -0.02107485, -0.09621128, -0.267559
23151686803000, -0.009773844, -0.06658431, -0.2828306
23151691856000, -0.0061086523, -0.04886922, -0.2855795
23151696872000, -0.0076358155, -0.03481932, -0.28771752
23151701867000, 0.0033597588, -0.020158553, -0.30543262
23151706801000, -9.162979E-4, -0.016798794, -0.30879238
23151711927000, -0.010995574, -0.013133603, -0.3118467
23151716807000, -0.013744468, -0.016187929, -0.312763
23151721848000, -0.05100725, -0.02107485, -0.31795537
23151726821000, -0.060170226, -0.027183503, -0.32559118
23151731870000, -0.0852157, -0.029626964, -0.32742378
23151736866000, -0.09682214, -0.019242255, -0.3371976
23151741893000, -0.12034045, -0.010079277, -0.3494149
23151747381000, -0.13072516, -0.004581489, -0.35155296
23151751858000, -0.14080444, 0.022907447, -0.35430184
23151756861000, -0.14049901, 0.03970624, -0.36102137
23151761913000, -0.14263703, 0.04734206, -0.35643986
23151766872000, -0.14782938, 0.064446285, -0.35369098
23151771859000, -0.14782938, 0.07819075, -0.3491095
23151776905000, -0.13530666, 0.092240654, -0.34300083
23151781870000, -0.13408493, 0.10995574, -0.33567044
23151786866000, -0.13316862, 0.10354166, -0.32650748
23151791848000, -0.12858713, 0.1001819, -0.31581733
23151796948000, -0.122478485, 0.11484267, -0.31337386
23151801866000, -0.10354166, 0.10598512, -0.29871312
23151806870000, -0.10415252, 0.09896017, -0.27916542
23151811913000, -0.10567969, 0.099265605, -0.26358834
23151816916000, -0.10934488, 0.089186326, -0.24953845
23151821859000, -0.09315695, 0.09010262, -0.21868975
23151826883000, -0.10048734, 0.09010262, -0.1872302
23151831856000, -0.10262536, 0.10170906, -0.15393804
23151836851000, -0.10995574, 0.08857546, -0.13500121
23151841891000, -0.099571034, 0.056505036, -0.124005646
23151846935000, -0.08399397, 0.06627888, -0.09560041
23151851823000, -0.08307768, 0.058948494, -0.077579886
23151856859000, -0.06811147, 0.06536258, -0.051923547
23151861840000, -0.058948494, 0.06658431, -0.035430185
23151866830000, -0.049785517, 0.0720821, -0.015882496
23151871805000, -0.04337143, 0.06994407, 0.011301007
23151876853000, -0.032375857, 0.067500606, 0.025045475
23151881805000, -0.013133603, 0.06414085, 0.041233405
23151886825000, 0.0027488936, 0.04886922, 0.059253927
23151891829000, 0.01160644, 0.04520403, 0.077579886
23151896874000, 0.019547688, 0.042760566, 0.0852157
23151901823000, 0.015882496, 0.021685716, 0.09621128
23151906815000, 0.024129177, 0.009773844, 0.124005646
23151911855000, 0.028405234, -0.0070249503, 0.13469578
23151916830000, 0.028405234, -0.024740042, 0.14294247
23151921826000, 0.03573562, -0.046120327, 0.14935656
23151926848000, 0.041233405, -0.05497787, 0.15699236
23151932497000, 0.035430185, -0.06566802, 0.16920967
23151936818000, 0.035430185, -0.07819075, 0.16798794
23151941857000, 0.04153884, -0.08032878, 0.17623462
23151946902000, 0.0580322, -0.08124508, 0.17684549
23151951832000, 0.04795292, -0.08735373, 0.1853976
23151956826000, 0.050701816, -0.08399397, 0.19333886
23151961873000, 0.056199603, -0.07513642, 0.19242255
23151966864000, 0.057421334, -0.08277224, 0.19120082
23151971802000, 0.054367006, -0.07422013, 0.19211712
23151976859000, 0.06719518, -0.069027774, 0.18387043
23151981811000, 0.06627888, -0.070249505, 0.18661933
23151986820000, 0.061086524, -0.08002335, 0.18387043
23151991844000, 0.062002823, -0.07788532, 0.18387043
23151996864000, 0.052534413, -0.0729984, 0.17134771
23152002486000, 0.044898596, -0.070249505, 0.16584991
23152006822000, 0.058643065, -0.06994407, 0.15882497
23152011870000, 0.03756821, -0.07391469, 0.15271631
23152016835000, 0.032070424, -0.070554934, 0.15027285
23152021826000, 0.032375857, -0.06566802, 0.13988814
23152026851000, 0.030543262, -0.059253927, 0.129198
23152031830000, 0.029626964, -0.06078109, 0.11575896
23152036850000, 0.022296581, -0.05589417, 0.11148291
23152041898000, 0.009162978, -0.04734206, 0.096516706
23152046853000, 0.0143553335, -0.047036625, 0.08735373
23152051864000, 0.010995574, -0.041233405, 0.07788532
23152056800000, 0.0061086523, -0.043676864, 0.07269296
23152061913000, 0.0067195175, -0.030543262, 0.056199603
23152066807000, -0.003970624, -0.020158553, 0.042455133
23152072368000, -0.003970624, -0.0143553335, 0.035124753
23152076847000, -0.013744468, -0.010079277, 0.03390302
23152081883000, -0.024740042, 0.004276057, 0.027183503
23152086845000, -0.02565634, 0.0067195175, 0.016798794
23152091844000, -0.021380283, 0.017104227, 0.007941248
23152096896000, -0.018325957, 0.014966198, -0.0012217305
23152101871000, -0.023518313, 0.023518313, -0.008552114
23152107002000, -0.029932396, 0.022907447, -0.013133603
23152111927000, -0.036651913, 0.028405234, -0.022907447
23152116973000, -0.03390302, 0.032986723, -0.024129177
23152121864000, -0.0421497, 0.039095376, -0.030543262
23152126864000, -0.048258353, 0.034513887, -0.03573562
23152131874000, -0.054061573, 0.029932396, -0.04428773
23152136804000, -0.061391957, 0.02321288, -0.047036625
23152142129000, -0.06047566, 0.027183503, -0.04795292
23152146961000, -0.065973446, 0.02687807, -0.04734206
23152151866000, -0.06688975, 0.023823744, -0.055588737
23152156801000, -0.058643065, 0.022296581, -0.056199603
23152161895000, -0.050396383, 0.026267206, -0.05589417
23152166812000, -0.059864793, 0.03390302, -0.05467244
23152171866000, -0.057421334, 0.028710667, -0.059253927
23152176863000, -0.053145275, 0.032375857, -0.058948494
23152181864000, -0.057726767, 0.031154128, -0.058643065
23152186863000, -0.047647487, 0.029626964, -0.06047566
23152191847000, -0.050701816, 0.027794369, -0.04886922
23152197047000, -0.050396383, 0.019547688, -0.04734206
23152201934000, -0.035430185, 0.015882496, -0.043676864
23152206873000, -0.038179077, 0.009162978, -0.03604105
23152211920000, -0.039095376, 0.007330383, -0.035430185
23152216843000, -0.041233405, 0.0036651916, -0.028710667
23152221863000, -0.043676864, -0.006414085, -0.018936822
23152226892000, -0.036651913, -0.0061086523, -0.017715093
23152231858000, -0.031154128, -0.009468411, -0.017104227
23152236870000, -0.028710667, -0.011301007, -0.014660766
23152241886000, -0.019547688, -0.016493361, -0.02321288
23152246947000, -0.017104227, -0.02321288, -0.018325957
23152251858000, -0.011301007, -0.02076942, -0.009773844
23152256838000, -0.008552114, -0.028405234, -0.008552114
23152261954000, -0.024740042, -0.02565634, -0.0021380284
23152266870000, -0.021991149, -0.03268129, -0.0027488936
23152271860000, -0.018020526, -0.024129177, 3.0543262E-4
23152276846000, -0.011301007, -0.025045475, -0.0021380284
23152281830000, -0.005192355, -0.021685716, -3.0543262E-4
23152286816000, -0.014660766, -0.023823744, -6.1086525E-4
23152291877000, -0.0106901415, -0.024129177, 0.00580322
23152296887000, -0.016187929, -0.020158553, 0.012217305
23152301836000, -0.010079277, -0.019242255, 0.010995574
23152306816000, -0.01740966, -0.018325957, 0.016798794
23152311890000, -0.018936822, -0.020463986, 0.0143553335
23152316824000, -0.02107485, -0.027794369, 0.0106901415
23152321849000, -0.009162978, -0.024740042, 0.0070249503
23152327315000, -0.00580322, -0.015577064, 0.019242255
23152331822000, -0.013133603, -0.018936822, 0.018020526
23152336815000, -0.01038471, -0.023823744, 0.013744468
23152341875000, -0.008246681, -0.02321288, 0.011911872
23152346996000, -0.009162978, -0.015882496, 0.006414085
23152351955000, 0.0018325958, -0.014049901, 0.0143553335
23152356824000, 9.162979E-4, -0.008246681, 0.0125227375
23152361973000, -0.01038471, -0.014049901, 0.006414085
23152366828000, -0.004276057, -0.013439035, 0.00580322
23152371946000, -0.00580322, -0.0067195175, 0.0070249503
23152376898000, -0.016798794, -0.0143553335, 0.016493361
23152382068000, -0.013133603, -0.012217305, 0.013133603
23152386856000, -0.020158553, -0.004276057, 0.009162978
23152391865000, -0.015271631, -0.0036651916, 0.011301007
23152396903000, -0.022907447, -0.008246681, 0.009162978
23152401844000, -0.022296581, -0.010079277, 0.0067195175
23152406864000, -0.026267206, -0.00580322, 0.0070249503
23152411899000, -0.029932396, -0.007941248, 0.0070249503
23152416853000, -0.018020526, -0.007941248, 0.007941248
23152421799000, -0.020158553, -0.0070249503, 0.0070249503
23152426898000, -0.027794369, -0.007941248, 0.010079277
23152431807000, -0.027794369, -0.01282817, 0.009162978
23152436864000, -0.02076942, -0.0027488936, 3.0543262E-4
23152441822000, -0.024129177, -0.0015271631, 0.008246681
23152447009000, -0.029321533, -0.004886922, 6.1086525E-4
23152451844000, -0.02687807, -0.003970624, 9.162979E-4
23152456857000, -0.028710667, -0.0067195175, -0.0036651916
23152461887000, -0.027794369, -0.0015271631, 3.0543262E-4
23152466871000, -0.02687807, -0.006414085, 6.1086525E-4
23152471859000, -0.03359759, -0.010079277, -6.1086525E-4
23152476894000, -0.032070424, -0.005497787, -0.003970624
23152481869000, -0.031154128, -0.002443461, -6.1086525E-4
23152486859000, -0.03268129, -0.0027488936, -0.0036651916
23152491874000, -0.027794369, -0.0125227375, -0.005192355
23152497002000, -0.03268129, -0.0067195175, -0.005192355
23152501990000, -0.027183503, -0.0070249503, -0.004886922
23152506864000, -0.030543262, 0.0018325958, -0.002443461
23152511893000, -0.027488936, -0.009468411, -0.009773844
23152516835000, -0.02687807, -0.005497787, -0.003970624
23152521816000, -0.016187929, 9.162979E-4, 0.0018325958
23152526844000, -0.018020526, 0.0015271631, 0.0012217305
23152531831000, -0.014966198, -0.0027488936, -0.0030543262
23152536860000, -0.017715093, 0.0021380284, -6.1086525E-4
23152541914000, -0.017104227, -0.0012217305, 0.0033597588
23152546935000, -0.011911872, 0.005192355, 0.0033597588
23152551947000, -0.004886922, -0.008246681, 0.007330383
23152556858000, -0.013133603, -0.002443461, 0.0027488936
23152561952000, -0.004886922, -0.00580322, 0.0076358155
23152566858000, -0.003970624, -0.0027488936, 0.010079277
23152571860000, -0.008857546, 0.0018325958, 0.01160644
23152576845000, -0.003970624, 0.0070249503, 0.015577064
23152581835000, -0.007330383, 0.018325957, 0.02565634
23152586821000, -0.00580322, 0.0061086523, 0.014966198
23152591846000, -0.012217305, 0.015271631, 0.02565634
23152596896000, -0.0143553335, 0.017715093, 0.014049901
23152601869000, -0.005497787, 0.016187929, 0.018325957
23152606842000, -0.0143553335, 0.02076942, 0.023518313
23152611916000, -0.021380283, 0.013439035, 0.019547688
23152616824000, -0.009468411, 0.01160644, 0.014966198
23152621864000, -0.011301007, 0.019242255, 0.016187929
23152626876000, -0.009162978, 0.016187929, 0.019547688
23152631882000, -0.016798794, 0.010079277, 0.026572637
23152636858000, -0.01740966, 0.0143553335, 0.025045475
23152641903000, -0.018325957, 0.026267206, 0.025045475
23152646969000, -0.024740042, 0.014049901, 0.02443461
23152651846000, -0.035124753, 0.013439035, 0.025045475
23152656840000, -0.0290161, 0.007941248, 0.025045475
23152661960000, -0.026572637, 0.020463986, 0.016493361
23152666860000, -0.022602014, 0.013744468, 0.019547688
23152671863000, -0.030848695, 0.0106901415, 0.01863139
23152676860000, -0.03604105, 0.013133603, 0.014660766
23152681875000, -0.030543262, 0.015577064, 0.015882496
23152686855000, -0.02321288, 0.022907447, 0.017104227
23152691857000, -0.032986723, 0.027794369, 0.014966198
23152697148000, -0.0290161, 0.02107485, 0.01160644
23152701868000, -0.03390302, 0.016798794, 0.009468411
23152707128000, -0.028099801, 0.02107485, 0.008246681
23152711941000, -0.028710667, 0.015882496, 0.00580322
23152716831000, -0.027183503, 0.014049901, 0.013133603
23152721863000, -0.02687807, 0.016493361, 0.01160644
23152726847000, -0.026267206, 0.0125227375, 0.01160644
23152731873000, -0.022602014, 0.008552114, 0.01038471
23152736802000, -0.02107485, 0.0033597588, 0.0036651916
23152741920000, -0.028099801, -6.1086525E-4, 0.010079277
23152746857000, -0.01740966, 0.0070249503, 0.01160644
23152751865000, -0.018020526, -3.0543262E-4, 0.0076358155
23152756799000, -0.01740966, -0.0076358155, 0.009162978
23152761929000, -0.026267206, -0.006414085, 0.004581489
23152766808000, -0.02107485, -0.005497787, 0.005497787
23152771860000, -0.02443461, -0.015577064, 0.0067195175
23152776847000, -0.014049901, 6.1086525E-4, 0.008246681
23152781873000, -0.019547688, -0.0033597588, 0.008857546
23152786834000, -0.027488936, -0.013439035, 0.0061086523
23152791878000, -0.019547688, -0.016493361, 0.0036651916
23152796911000, -0.008857546, -0.0061086523, 0.004886922
23152801868000, -0.018020526, -0.0070249503, 0.007330383
23152806878000, -0.018020526, -0.010079277, 0.011301007
23152811997000, -0.02321288, -0.0143553335, 0.0106901415
23152816866000, -0.022907447, -0.014049901, 0.011301007
23152821866000, -0.014660766, -0.019547688, 0.0036651916
23152826914000, -0.008857546, -0.009162978, -0.004276057
23152831868000, -0.022296581, -0.013133603, 0.011911872
23152836864000, -0.022296581, -0.018936822, 0.00580322
23152841917000, -0.014049901, -0.01863139, 0.002443461
23152846931000, -0.0076358155, -0.016187929, 0.003970624
23152851859000, -0.017104227, -0.02321288, 6.1086525E-4
23152856866000, -0.024129177, -0.026572637, 3.0543262E-4
23152861923000, -0.015271631, -0.018325957, -0.004886922
23152866866000, -0.017104227, -0.008857546, 9.162979E-4
23152871859000, -0.016798794, -0.015271631, 0.0027488936
23152876895000, -0.021685716, -0.025045475, -0.0106901415
23152881865000, -0.011301007, -0.015271631, -0.004581489
23152886859000, -0.02443461, -0.009468411, -0.008552114
23152891852000, -0.025045475, -0.007941248, -0.008552114
23152896952000, -0.021380283, -0.013133603, -0.008552114
23152901857000, -0.020463986, -0.0061086523, -0.0033597588
23152906817000, -0.023518313, -0.0033597588, -0.004886922
23152911887000, -0.022296581, -0.0033597588, -0.014966198
23152916821000, -0.017104227, -6.1086525E-4, -0.009162978
23152921862000, -0.016493361, -6.1086525E-4, -0.0106901415
23152926894000, -0.03023783, -3.0543262E-4, -0.008552114
23152931857000, -0.03726278, 9.162979E-4, -0.013744468
23152936865000, -0.025350908, 0.005192355, -0.007330383
23152941890000, -0.028405234, -0.0012217305, -0.0067195175
23152946928000, -0.030543262, 0.004886922, -0.004581489
23152951828000, -0.03359759, 0.0036651916, -0.013133603
23152956868000, -0.025350908, 0.013133603, 0.0012217305
23152961873000, -0.0290161, 0.0033597588, -0.008857546
23152966867000, -0.023518313, 0.0076358155, -0.008552114
23152971827000, -0.025045475, 0.013133603, 0.0033597588
23152976903000, -0.03145956, 0.01863139, 0.0036651916
23152981797000, -0.02565634, 0.019547688, -0.0021380284
23152986865000, -0.022602014, 0.016187929, -9.162979E-4
23152991825000, -0.024129177, 0.018936822, -0.004581489
23152996905000, -0.026572637, 0.0143553335, 0.0027488936
23153001801000, -0.018936822, 0.016187929, -0.0012217305
23153006867000, -0.01863139, 0.016798794, 0.007330383
23153011973000, -0.02107485, 0.009468411, 0.0018325958
23153016848000, -0.022296581, 0.0125227375, 0.0070249503
23153021833000, -0.025961773, 0.013133603, 0.013744468
23153026894000, -0.018936822, 0.002443461, 0.011911872
23153031880000, -0.022296581, 0.004886922, 0.011911872
23153036865000, -0.024129177, 0.0012217305, 0.007330383
23153041918000, -0.008246681, 0.01160644, 0.011911872
23153046928000, -0.019547688, 0.0070249503, 0.019242255
23153051958000, -0.011301007, 3.0543262E-4, 0.01863139
23153056858000, -0.0012217305, -0.0033597588, 0.009162978
23153061972000, -0.0125227375, -0.0033597588, 0.010995574
23153066871000, -0.014966198, -0.0033597588, 0.011301007
23153071801000, -0.014660766, 0.0106901415, 0.013744468
23153076903000, -0.0076358155, 0.004276057, 0.0070249503
23153081844000, -0.01160644, -0.0012217305, 0.0067195175
23153086859000, -0.005497787, 0.004581489, 0.010079277
23153091832000, -0.013744468, 0.0067195175, 0.018936822
23153096912000, -0.0125227375, 0.0018325958, 0.013744468
23153101804000, -0.0125227375, -0.0033597588, 0.011911872
23153106865000, -0.018936822, -0.0030543262, 0.013439035
23153111858000, -0.017715093, -0.008552114, 0.011911872
23153116844000, -0.022907447, 0.0027488936, 0.021380283
23153121858000, -0.01160644, -0.004886922, 0.012217305
23153126891000, -0.013133603, -0.01282817, 0.014049901
23153131884000, -0.017715093, -0.009468411, 0.015882496
23153136861000, -0.0125227375, -0.008857546, 0.014660766
23153141892000, -0.0106901415, -0.010995574, 0.010079277
23153146913000, -0.011301007, -0.008246681, 0.009773844
23153151864000, -0.023823744, -0.01282817, 0.012217305
23153156855000, -0.012217305, -0.011301007, 0.009162978
23153161923000, -0.0067195175, -0.009162978, 0.0018325958
23153166855000, -0.013439035, -0.008552114, 6.1086525E-4
23153171861000, -0.022907447, -0.006414085, 0.0030543262
23153176890000, -0.023518313, -0.0106901415, 0.0018325958
23153181870000, -0.01038471, 0.0027488936, 0.008552114
23153186858000, -0.010995574, -0.013133603, -3.0543262E-4
23153191882000, -0.010995574, -0.002443461, 0.0015271631
23153196935000, -0.030543262, -0.005192355, 0.005192355
23153201866000, -0.022296581, -0.0027488936, -0.0027488936
23153206861000, -0.01740966, -0.0067195175, 9.162979E-4
23153211925000, -0.017715093, 0.00580322, 0.004581489
