#Rate of rotation around the x y z axes (Angular velocity).
#timestamp(ns),x,y,z(rad/s)
#Datetime: 02/04/2015 17:35:47
##########################################
#Activity: 8 - CSI - Car-Step in - 6s
#Subject ID: 42
#First Name: sub42
#Last Name: sub42
#Age: 22
#Height(cm): 173
#Weight(kg): 73
#Gender: Male
##########################################

@DATA
1115837995000, -0.0033597588, 0.03604105, 0.03390302
1115842990000, -0.007330383, 0.03756821, 0.02443461
1115847975000, -0.0076358155, 0.03268129, 0.013133603
1115853001000, -0.0076358155, 0.03023783, 0.014660766
1115857982000, -0.02076942, 0.04062254, 0.009162978
1115862974000, -0.025350908, 0.032986723, 0.004276057
1115867953000, -0.03848451, 0.035124753, 0.005192355
1115873075000, -0.03604105, 0.032070424, -3.0543262E-4
1115878011000, -0.050701816, 0.040317107, -0.0030543262
1115883010000, -0.0421497, 0.038179077, -0.0015271631
1115888007000, -0.040317107, 0.0421497, 0.002443461
1115893016000, -0.034513887, 0.044898596, -0.00580322
1115897998000, -0.018325957, 0.05222898, -0.009773844
1115903038000, -0.018936822, 0.053145275, -0.014660766
1115908020000, -0.015271631, 0.059253927, -0.018020526
1115913012000, -0.0012217305, 0.07086037, -0.01740966
1115918013000, 0.005192355, 0.08460484, -0.01863139
1115923044000, 0.017104227, 0.08093964, -0.026572637
1115928030000, 0.019547688, 0.094989546, -0.022907447
1115932997000, 0.037873644, 0.086132, -0.02321288
1115938020000, 0.03604105, 0.09712757, -0.028099801
1115943002000, 0.03756821, 0.08460484, -0.015882496
1115947996000, 0.046120327, 0.07452556, -0.019242255
1115953008000, 0.0421497, 0.06414085, -0.011301007
1115958012000, 0.04550946, 0.053145275, -0.0106901415
1115963010000, 0.042760566, 0.050396383, -0.0027488936
1115967981000, 0.03634648, 0.043676864, -0.0106901415
1115972971000, 0.032375857, 0.040317107, -0.008246681
1115977978000, 0.015577064, 0.03604105, -0.008246681
1115982972000, 0.01282817, 0.046120327, -0.0030543262
1115988008000, -0.0021380284, 0.046731193, 0.005192355
1115993023000, 6.1086525E-4, 0.04550946, 0.005192355
1115997974000, -0.016798794, 0.042455133, 0.0015271631
1116002950000, -0.021991149, 0.03604105, 0.0070249503
1116007988000, -0.01985312, 0.032375857, 0.010079277
1116013558000, -0.03848451, 0.025961773, 0.01863139
1116017952000, -0.03848451, 0.02687807, 0.020158553
1116023075000, -0.042455133, 0.034513887, 0.018020526
1116027988000, -0.04153884, 0.046120327, 0.011911872
1116032970000, -0.02687807, 0.058643065, 0.006414085
1116038007000, -0.02565634, 0.076052725, 0.007941248
1116042986000, -0.022602014, 0.08368854, -0.004886922
1116047974000, -0.015271631, 0.08552113, -0.00580322
1116052966000, -0.01160644, 0.07727446, -0.007330383
1116057990000, -0.004581489, 0.08155051, 6.1086525E-4
1116062981000, 0.008857546, 0.06811147, 0.006414085
1116067957000, 0.021685716, 0.06261369, 0.008552114
1116073071000, 0.03726278, 0.05375614, 0.018020526
1116078017000, 0.039095376, 0.039095376, 0.014966198
1116082979000, 0.043066, 0.019242255, 0.018325957
1116087980000, 0.040317107, 0.0018325958, 0.025045475
1116092980000, 0.04886922, -0.004886922, 0.020463986
1116097972000, 0.047036625, -0.020463986, 0.018020526
1116102958000, 0.051618114, -0.03268129, 0.021380283
1116107979000, 0.046120327, -0.04153884, 0.020463986
1116112974000, 0.040927973, -0.03359759, 0.021685716
1116117960000, 0.03604105, -0.042455133, 0.022907447
1116122989000, 0.022907447, -0.04428773, 0.028710667
1116127978000, 0.016187929, -0.03756821, 0.029932396
1116132975000, 0.016187929, -0.025961773, 0.02076942
1116137968000, -0.011911872, -0.02321288, 0.016493361
1116143186000, -0.006414085, -3.0543262E-4, 0.015577064
1116147972000, -0.004886922, 0.009162978, 0.011911872
1116153377000, -0.0033597588, 0.013439035, 0.01160644
1116157967000, -0.01038471, 0.021380283, 0.0076358155
1116162974000, 0.004276057, 0.03756821, 0.0067195175
1116168004000, 0.013744468, 0.059253927, -0.0067195175
1116173075000, 0.028710667, 0.07574729, -0.0021380284
1116178083000, 0.04428773, 0.0888809, -0.009162978
1116183016000, 0.060170226, 0.09743301, -0.0143553335
1116188031000, 0.07422013, 0.10415252, -0.01160644
1116193014000, 0.08552113, 0.10415252, -0.014966198
1116198008000, 0.09162979, 0.09285152, -0.015882496
1116202989000, 0.09682214, 0.07269296, -0.018325957
1116208021000, 0.08552113, 0.049480084, -0.014966198
1116213016000, 0.09865474, 0.0580322, -3.0543262E-4
1116218823000, 0.093462385, 0.029626964, -0.009162978
1116223087000, 0.08277224, 0.008552114, -0.010079277
1116227997000, 0.070554934, -0.010079277, -0.011301007
1116232970000, 0.062308256, -0.022296581, -0.008246681
1116237969000, 0.05009095, -0.030848695, -0.0061086523
1116242980000, 0.04062254, -0.014966198, -9.162979E-4
1116247984000, 0.019547688, -0.0036651916, 0.0012217305
1116252971000, 0.0061086523, -0.002443461, -0.015271631
1116257984000, -0.017715093, 0.008246681, -0.018020526
1116262972000, -0.024129177, 0.013744468, -0.016187929
1116267956000, -0.029932396, 0.010995574, -0.016187929
1116273120000, -0.027794369, 0.016798794, -0.010079277
1116278004000, -0.024740042, 0.022602014, -0.021991149
1116282967000, -0.014660766, 0.025045475, -0.026267206
1116287970000, -0.00580322, 0.03726278, -0.021380283
1116292947000, 0.010079277, 0.037873644, -0.01282817
1116297971000, 0.015882496, 0.042455133, -0.014660766
1116302960000, 0.032070424, 0.043066, -0.015271631
1116307983000, 0.03145956, 0.028710667, -0.0076358155
1116312976000, 0.051618114, 0.0076358155, -0.0033597588
1116317958000, 0.081855945, 0.003970624, 0.005192355
1116323016000, 0.09437868, -0.0021380284, 0.004581489
1116328003000, 0.08827003, -0.0106901415, 0.0036651916
1116332969000, 0.08093964, -0.034208454, 0.00580322
1116338438000, 0.08399397, -0.052534413, 0.0106901415
1116343253000, 0.08155051, -0.052839845, 0.011911872
1116347974000, 0.07666359, -0.063224554, 0.009162978
1116352971000, 0.067500606, -0.05681047, 0.0143553335
1116357984000, 0.040317107, -0.059253927, 0.015882496
1116362981000, 0.037873644, -0.056505036, 0.008857546
1116367958000, 0.022907447, -0.05375614, 0.0125227375
1116373008000, 0.0070249503, -0.04428773, -0.008246681
1116377972000, -0.01160644, -0.035124753, -0.0076358155
1116382971000, -0.0143553335, -0.026267206, -0.0125227375
1116387980000, -0.0106901415, -0.020158553, -0.02321288
1116392984000, -0.008552114, -0.0015271631, -0.027183503
1116397973000, -0.00580322, 0.005192355, -0.017715093
1116402961000, 0.0015271631, 0.025350908, -0.020158553
1116408654000, 0.024740042, 0.03176499, -0.03726278
1116412966000, 0.04642576, 0.034513887, -0.036651913
1116418805000, 0.057421334, 0.022296581, -0.043982297
1116423060000, 0.079107046, 0.017715093, -0.044593163
1116428024000, 0.09010262, 0.005497787, -0.04428773
1116432980000, 0.102319926, -0.012217305, -0.040317107
1116437965000, 0.10751228, -0.0106901415, -0.032375857
1116443029000, 0.12370021, -0.005497787, -0.03848451
1116447976000, 0.13255776, -0.016798794, -0.042455133
1116453008000, 0.12980886, -0.03145956, -0.050701816
1116458009000, 0.12461651, -0.03604105, -0.046120327
1116463010000, 0.12217305, -0.032375857, -0.045814894
1116468014000, 0.1001819, -0.02443461, -0.05375614
1116473108000, 0.087659165, -0.018020526, -0.058643065
1116478078000, 0.06505715, -0.016493361, -0.07360926
1116483018000, 0.048563786, -0.004276057, -0.07513642
1116488036000, 0.024740042, 0.0018325958, -0.079107046
1116493022000, 0.011301007, 0.0061086523, -0.08368854
1116498008000, -0.01282817, 0.012217305, -0.084910266
1116503015000, -0.03023783, 0.030543262, -0.09132435
1116508024000, -0.038179077, 0.0580322, -0.09285152
1116513015000, -0.037873644, 0.074830994, -0.093767814
1116518017000, -0.033292156, 0.09712757, -0.099265605
1116523045000, -0.035124753, 0.124311075, -0.09896017
1116528091000, -0.02321288, 0.14049901, -0.108123146
1116532998000, -0.021380283, 0.16676621, -0.116675265
1116538047000, -0.022602014, 0.17928895, -0.1282817
1116543265000, -0.0030543262, 0.18906279, -0.118202426
1116548105000, 0.014966198, 0.19792034, -0.124311075
1116553008000, 0.032375857, 0.20005837, -0.116980694
1116558016000, 0.058948494, 0.19394971, -0.118202426
1116563008000, 0.070554934, 0.18295415, -0.11301007
1116568020000, 0.06994407, 0.17592919, -0.11056661
1116573042000, 0.08124508, 0.16035213, -0.100792766
1116577990000, 0.09162979, 0.1572978, -0.087659165
1116582981000, 0.08674286, 0.13897185, -0.098043874
1116587999000, 0.07147124, 0.13255776, -0.095294975
1116592987000, 0.0693332, 0.13713925, -0.0983493
1116598002000, 0.048563786, 0.13255776, -0.09682214
1116602984000, 0.028710667, 0.1386664, -0.086132
1116607991000, -0.0021380284, 0.15302174, -0.0888809
1116613029000, -0.040011674, 0.16187929, -0.08307768
1116617992000, -0.08674286, 0.18203785, -0.07360926
1116623029000, -0.11942416, 0.1966986, -0.07452556
1116627995000, -0.15577064, 0.2180789, -0.06383542
1116633016000, -0.19333886, 0.23640485, -0.049480084
1116638017000, -0.22174409, 0.26145032, -0.054367006
1116643026000, -0.25045475, 0.28893927, -0.048258353
1116647973000, -0.2742785, 0.32162055, -0.03268129
1116652969000, -0.3100141, 0.34422258, -0.022602014
1116657984000, -0.34147367, 0.3747658, -0.005192355
1116663693000, -0.38637227, 0.40286562, 0.006414085
1116667959000, -0.42180246, 0.4361578, 0.030543262
1116673046000, -0.45356745, 0.45631635, 0.04062254
1116678011000, -0.47036624, 0.48472157, 0.06963864
1116682972000, -0.50671273, 0.48808134, 0.08979719
1116687982000, -0.5216789, 0.49357912, 0.09773844
1116692982000, -0.5342017, 0.48808134, 0.11362094
1116697970000, -0.56291234, 0.47891834, 0.13622294
1116702959000, -0.5821546, 0.45631635, 0.16798794
1116707981000, -0.6059783, 0.44012842, 0.19853121
1116712974000, -0.6291912, 0.41263947, 0.22052236
1116717957000, -0.6569856, 0.38881573, 0.25045475
1116723017000, -0.6835582, 0.36041048, 0.27214047
1116728020000, -0.72173727, 0.3268129, 0.2941316
1116733666000, -0.76144356, 0.29352075, 0.30665436
1116737972000, -0.79137594, 0.269697, 0.31948254
1116742947000, -0.8536842, 0.27305678, 0.34055737
1116747975000, -0.9034697, 0.28802297, 0.34391713
1116752962000, -0.95142263, 0.30573806, 0.3539964
1116757961000, -0.9841039, 0.35979962, 0.35796702
1116762975000, -1.0476339, 0.4166101, 0.3747658
1116767954000, -1.0940597, 0.48380527, 0.3830125
1116773042000, -1.1246029, 0.5488624, 0.39706242
1116777974000, -1.1603385, 0.61483586, 0.40286562
1116782993000, -1.2061534, 0.643852, 0.42394048
1116787980000, -1.2373075, 0.6780604, 0.42302418
1116792979000, -1.2571607, 0.7153232, 0.41874814
1116797972000, -1.3084733, 0.7125743, 0.41325033
1116803547000, -1.35551, 0.6951646, 0.38637227
1116807981000, -1.4285084, 0.6942484, 0.3811799
1116812977000, -1.4477507, 0.6951646, 0.3866777
1116818792000, -1.4883732, 0.6722572, 0.37048978
1116822985000, -1.5106697, 0.63713247, 0.37812558
1116827991000, -1.5176947, 0.6068946, 0.37140608
1116832968000, -1.5103643, 0.54825157, 0.37507126
1116837990000, -1.4914275, 0.4886922, 0.3827071
1116842980000, -1.4581354, 0.43493605, 0.3866777
1116847970000, -1.398576, 0.41599923, 0.3943135
1116852964000, -1.3451253, 0.41141775, 0.39828414
1116857986000, -1.2666291, 0.41813725, 0.40042216
1116862975000, -1.1737776, 0.44257188, 0.41141775
1116867958000, -1.103528, 0.46303585, 0.41538838
1116873467000, -1.0079277, 0.49113566, 0.41783184
1116878029000, -0.9272934, 0.5363397, 0.43860126
1116882967000, -0.8527679, 0.5653558, 0.45020768
1116887973000, -0.8167268, 0.6374379, 0.45906523
1116892951000, -0.7706065, 0.743423, 0.48747048
1116897953000, -0.7162395, 0.8472701, 0.514654
1116903010000, -0.70005155, 0.93370754, 0.54305923
1116908007000, -0.6808093, 1.0012082, 0.5723807
1116913102000, -0.66798115, 1.0577132, 0.59131753
1116918001000, -0.6420194, 1.0937542, 0.6093381
1116922999000, -0.62949663, 1.1053606, 0.6178902
1116928012000, -0.61850107, 1.0977248, 0.6197228
1116932991000, -0.6001751, 1.0809261, 0.61453044
1116937978000, -0.57879484, 1.0885619, 0.6072
1116942942000, -0.54702985, 1.1172725, 0.60231316
1116947970000, -0.535118, 1.1566733, 0.57910025
1116953011000, -0.5170974, 1.1960741, 0.5555819
1116958012000, -0.4831944, 1.2336423, 0.5348125
1116963011000, -0.45142943, 1.2473868, 0.50885075
1116967999000, -0.39828414, 1.2443326, 0.48472157
1116973124000, -0.3475823, 1.2238685, 0.4615087
1116978020000, -0.30695978, 1.1869112, 0.44868052
1116983011000, -0.2565634, 1.1618657, 0.43371433
1116988926000, -0.23640485, 1.1206323, 0.4251622
1116993016000, -0.20952678, 1.0604621, 0.40317106
1116997997000, -0.16890424, 1.029308, 0.38637227
1117002989000, -0.14385876, 0.9966267, 0.3707952
1117008015000, -0.12858713, 0.9810496, 0.3454443
1117013024000, -0.121256754, 0.95478237, 0.32803464
1117018860000, -0.105068825, 0.926988, 0.310625
1117023006000, -0.083383106, 0.8949176, 0.2938262
1117028022000, -0.0571159, 0.870483, 0.2773328
1117033013000, -0.028710667, 0.84513205, 0.26145032
1117038021000, 0.005192355, 0.8258898, 0.25320363
1117043016000, 0.050396383, 0.7910705, 0.25503623
1117047993000, 0.10170906, 0.77640975, 0.24312437
1117053007000, 0.13591751, 0.7626653, 0.23548855
1117058835000, 0.17837265, 0.73914695, 0.21502456
1117063008000, 0.22327125, 0.71837753, 0.19853121
1117068007000, 0.25900686, 0.7101309, 0.17684549
1117073129000, 0.2996294, 0.68966687, 0.15027285
1117078044000, 0.33383787, 0.68508536, 0.13103059
1117083016000, 0.37782016, 0.6759224, 0.12217305
1117088022000, 0.38545597, 0.68539083, 0.10170906
1117093013000, 0.41508293, 0.70188415, 0.087964594
1117098012000, 0.44012842, 0.70524395, 0.061086524
1117102983000, 0.46670106, 0.7263188, 0.03756821
1117108020000, 0.4804455, 0.73945236, 0.021685716
1117113015000, 0.49205196, 0.7602218, 0.004276057
1117117997000, 0.4868596, 0.7644979, -0.01740966
1117123114000, 0.4896085, 0.74281216, -0.047036625
1117128382000, 0.48655418, 0.72021013, -0.077579886
1117133024000, 0.4718934, 0.68233645, -0.111177474
1117138010000, 0.4636467, 0.65576386, -0.14538592
1117142977000, 0.46120325, 0.6533204, -0.16676621
1117147990000, 0.43096542, 0.66431594, -0.19058995
1117153034000, 0.42546764, 0.6979135, -0.21288654
1117158033000, 0.4175264, 0.7360926, -0.22937989
1117163010000, 0.41325033, 0.7788532, -0.23884831
1117167977000, 0.41691554, 0.795652, -0.24709499
1117173030000, 0.41813725, 0.79045963, -0.24312437
1117178011000, 0.4474588, 0.7648033, -0.23487769
1117182969000, 0.49510628, 0.71868294, -0.23243423
1117187963000, 0.52320606, 0.64965516, -0.23151793
1117192981000, 0.5821546, 0.5510005, -0.23273966
1117198303000, 0.64751714, 0.47311515, -0.22540927
1117202962000, 0.72051555, 0.38820487, -0.22479841
1117207984000, 0.79626286, 0.310625, -0.21563543
1117212974000, 0.86315256, 0.25473082, -0.21471913
1117217938000, 0.93370754, 0.20311269, -0.2171626
1117223052000, 0.99296147, 0.17256944, -0.21380283
1117227993000, 1.0329732, 0.16035213, -0.20433442
1117232969000, 1.0711522, 0.16707164, -0.18203785
1117237961000, 1.07665, 0.19150625, -0.15699236
1117242988000, 1.063211, 0.20861048, -0.12614368
1117247974000, 1.0155635, 0.22082779, -0.07238753
1117252962000, 0.9502009, 0.22296582, -0.02687807
1117257984000, 0.8542951, 0.18875736, 0.02565634
1117262973000, 0.75228053, 0.13316862, 0.08093964
1117268016000, 0.6420194, 0.029626964, 0.12522738
1117273061000, 0.5342017, -0.12034045, 0.16523905
1117277994000, 0.4297437, -0.20433442, 0.1994475
1117282967000, 0.38515055, -0.3717115, 0.20830505
1117287962000, 0.3005457, -0.5332854, 0.22724187
1117292983000, 0.22907446, -0.68111473, 0.2434298
1117297971000, 0.17287487, -0.7867944, 0.25350907
1117302962000, 0.12370021, -0.86742866, 0.27397305
1117307982000, 0.1020145, -0.945314, 0.29626966
1117312972000, 0.112704635, -1.028697, 0.30909783
1117317957000, 0.1572978, -1.1074986, 0.32406402
1117323047000, 0.2302962, -1.1951579, 0.31764993
1117328022000, 0.3304781, -1.2394456, 0.28588495
1117332967000, 0.4352415, -1.219287, 0.2434298
1117337955000, 0.5522222, -1.1279627, 0.19639318
1117342972000, 0.66614854, -0.9807441, 0.1740966
1117347974000, 0.77274454, -0.8002335, 0.17379116
1117352969000, 0.8723156, -0.602924, 0.19303341
1117357980000, 0.9392053, -0.38515055, 0.2302962
1117362970000, 0.9483683, -0.19547687, 0.2574797
1117367954000, 0.9275989, -0.03848451, 0.28160888
1117373079000, 0.8481864, 0.06841691, 0.29840767
1117378049000, 0.7257079, 0.09896017, 0.27550024
1117383629000, 0.6579019, 0.07788532, 0.24617869
1117387991000, 0.49632803, -0.051923547, 0.15393804
1117392989000, 0.33292156, -0.2929099, 0.032070424
1117397972000, 0.21533, -0.59040123, -0.092240654
1117402957000, 0.15393804, -0.915687, -0.19486602
1117407980000, 0.17104226, -1.2412782, -0.28924468
1117412973000, 0.25320363, -1.5170839, -0.3652974
1117417956000, 0.4166101, -1.6850718, -0.43401974
1117423079000, 0.61575216, -1.713477, -0.47708577
1117428000000, 0.8078693, -1.6395624, -0.52106804
1117432975000, 0.98624194, -1.5366315, -0.55680364
1117437953000, 1.1200215, -1.3930782, -0.5864306
1117442989000, 1.169807, -1.183246, -0.6264423
1117447971000, 1.1301007, -0.8854492, -0.6612616
1117453278000, 1.0201449, -0.46700647, -0.7031059
1117457969000, 0.87964594, -0.02076942, -0.7620544
1117462974000, 0.71929383, 0.33658674, -0.8200866
1117467951000, 0.5326745, 0.6750061, -0.8762862
1117473044000, 0.33536503, 0.8381071, -0.96974856
1117478043000, 0.16676621, 1.1691961, -1.010982
1117482969000, 0.10170906, 1.4816537, -1.1004738
1117487975000, -0.03481932, 1.7128662, -1.1936307
1117492981000, -0.16707164, 1.8219056, -1.2363913
1117497954000, -0.269697, 1.7635679, -1.2211196
1117502960000, -0.32406402, 1.5867225, -1.1707232
1117507937000, -0.33658674, 1.2501358, -1.063211
1117512976000, -0.29352075, 0.7834347, -0.86315256
1117517973000, -0.18509217, 0.2938262, -0.5549711
1117523469000, -0.04153884, -0.1777618, -0.20250183
1117528244000, 0.12797627, -0.5888741, 0.16310102
1117532965000, 0.30665436, -0.9963212, 0.50610185
1117537995000, 0.46273044, -1.319469, 0.806953
1117542980000, 0.6105598, -1.5586227, 1.0067059
1117547953000, 0.6930266, -1.7351627, 1.1212431
1117552954000, 0.713796, -1.788308, 1.1759156
1117557991000, 0.64812803, -1.758681, 1.1954633
1117562985000, 0.5161811, -1.6548339, 1.1814134
1117568002000, 0.37323865, -1.4764613, 1.1304061
1117572951000, 0.25167647, -1.3616186, 1.0894781
1117577939000, 0.19333886, -1.1252137, 1.0024298
1117582929000, 0.105374254, -0.8863655, 0.90041536
1117587941000, 0.024740042, -0.6740898, 0.79259765
1117593026000, -0.060170226, -0.5296202, 0.70554936
1117597932000, -0.13316862, -0.46517387, 0.6444628
1117602944000, -0.19792034, -0.48349985, 0.6065892
1117607986000, -0.23365596, -0.52656585, 0.61727935
1117612987000, -0.21594086, -0.54641896, 0.657291
1117618133000, -0.13775012, -0.5137377, 0.7076874
1117622978000, -0.061391957, -0.44898596, 0.75533485
1117627996000, 0.0021380284, -0.3622431, 0.77366084
1117632964000, 0.03023783, -0.2782491, 0.7602218
1117637952000, 0.018020526, -0.26145032, 0.7357872
1117642985000, -0.024129177, -0.30634892, 0.6951646
1117647969000, -0.047036625, -0.37690386, 0.6627888
1117652942000, -0.09773844, -0.47128254, 0.6236934
1117657973000, -0.16279559, -0.6093381, 0.5842926
1117662951000, -0.20250183, -0.7733554, 0.54305923
1117667980000, -0.22418754, -0.95294976, 0.52870387
1117672957000, -0.22266038, -1.0341948, 0.5174029
1117677985000, -0.22785273, -1.1991285, 0.5177083
1117682972000, -0.22693644, -1.3381003, 0.51251596
1117687959000, -0.20647246, -1.393689, 0.47800204
1117692953000, -0.1863139, -1.3600914, 0.42760566
1117697977000, -0.160963, -1.2782356, 0.36377025
1117703105000, -0.15393804, -1.210124, 0.2919936
1117708101000, -0.17165314, -1.1872166, 0.23609942
1117713153000, -0.2180789, -1.2406673, 0.2012801
1117718021000, -0.269697, -1.3573426, 0.16829337
1117723046000, -0.32834008, -1.4688255, 0.13591751
1117728079000, -0.37904188, -1.5225816, 0.10293079
1117732910000, -0.4297437, -1.5396858, 0.10720685
1117738022000, -0.46211955, -1.5173893, 0.09132435
1117743467000, -0.4999932, -1.4333953, 0.10934488
1117747974000, -0.52106804, -1.2699889, 0.09040806
1117753034000, -0.54183745, -1.142318, 0.07788532
1117758076000, -0.5674938, -1.0485502, 0.07971791
1117763011000, -0.58184916, -0.958753, 0.0729984
1117768064000, -0.5702427, -0.8549059, 0.06841691
1117773071000, -0.5564982, -0.7874053, 0.053145275
1117778217000, -0.54153204, -0.6545421, 0.04886922
1117783013000, -0.5338962, -0.60139686, 0.05009095
1117787993000, -0.539394, -0.65057147, 0.05497787
1117793018000, -0.52290064, -0.7128797, 0.053145275
1117797997000, -0.49541172, -0.7657196, 0.054367006
1117803011000, -0.46822822, -0.83260936, 0.056199603
1117807974000, -0.41050145, -0.915687, 0.046120327
1117813645000, -0.37048978, -0.9828822, 0.01863139
1117818066000, -0.32620203, -1.02717, -0.0027488936
1117823046000, -0.3051272, -1.0305296, -0.03145956
1117828009000, -0.2843578, -1.0345002, -0.06383542
1117833013000, -0.26267207, -1.0592403, -0.07941248
1117837979000, -0.25289822, -1.1050552, -0.11178834
1117843014000, -0.25350907, -1.1490375, -0.14263703
1117847919000, -0.27488935, -1.1749994, -0.16493362
1117853004000, -0.27916542, -1.1725558, -0.16615535
1117857919000, -0.2883284, -1.1258247, -0.17073683
1117863007000, -0.29871312, -1.0500773, -0.17501289
1117867992000, -0.3118467, -1.0118983, -0.17592919
1117873062000, -0.32284227, -0.9166033, -0.17287487
1117877953000, -0.34574974, -0.8374963, -0.15515977
1117882947000, -0.35063666, -0.7651087, -0.15760323
1117887928000, -0.34208453, -0.74372846, -0.16737708
1117893002000, -0.32253686, -0.75808376, -0.16707164
1117897936000, -0.30298916, -0.78038037, -0.17806722
1117903006000, -0.3109304, -0.82344633, -0.1881465
1117907981000, -0.3023783, -0.8604037, -0.19456059
1117913007000, -0.31948254, -0.8866709, -0.18936823
1117918020000, -0.36071593, -0.9117164, -0.1908954
1117923149000, -0.41630468, -0.9147707, -0.18570304
1117927992000, -0.5137377, -0.9245446, -0.1957823
1117933014000, -0.5925393, -0.9447031, -0.1957823
1117937990000, -0.70188415, -0.9807441, -0.19975294
1117943014000, -0.82741696, -1.02717, -0.18997909
1117947938000, -0.9431759, -1.0995574, -0.18967366
1117953022000, -1.0567969, -1.1679744, -0.19486602
1117958517000, -1.1636983, -1.1976013, -0.18509217
1117963011000, -1.2663237, -1.2034045, -0.172264
1117968184000, -1.3805555, -1.2067643, -0.1600467
1117973082000, -1.5112807, -1.2027937, -0.16218472
1117978410000, -1.5766432, -1.2302825, -0.15974127
1117983011000, -1.7620409, -1.2461652, -0.16310102
1117987986000, -1.8139644, -1.3127494, -0.16768251
1117993008000, -1.9401081, -1.428203, -0.16768251
1117997907000, -2.0418172, -1.539075, -0.15851954
1118003006000, -2.127949, -1.6646078, -0.1423316
1118008102000, -2.189952, -1.7980819, -0.12614368
1118013009000, -2.2220223, -1.9483547, -0.09865474
1118018803000, -2.2391264, -2.0864103, -0.06383542
1118022980000, -2.2568417, -2.1945333, -0.025961773
1118028009000, -2.2342396, -2.2116377, 0.0076358155
1118033050000, -2.1917844, -2.218357, 0.026267206
1118038019000, -2.1245892, -2.2046127, 0.04428773
1118042994000, -2.044566, -2.1771238, 0.0711658
1118047979000, -1.9581286, -2.1578815, 0.112704635
1118052981000, -1.8643607, -2.196977, 0.16126843
1118058024000, -1.7507398, -2.2791383, 0.18845193
1118063005000, -1.5839735, -2.3240368, 0.18692477
1118068654000, -1.3927728, -2.3765712, 0.16462818
1118073097000, -1.2974777, -2.3600779, 0.15149458
1118078087000, -1.1383474, -2.2568417, 0.13836098
1118083007000, -1.0488557, -2.0299053, 0.13561209
1118088006000, -1.0137309, -1.7266107, 0.1469131
1118093012000, -1.0516045, -1.3744467, 0.15760323
1118098009000, -1.07665, -0.9560041, 0.19333886
1118103019000, -1.1117748, -0.5503896, 0.22235495
1118108011000, -1.1273518, -0.15668693, 0.25167647
1118112946000, -1.1175779, 0.19547687, 0.26725355
1118118084000, -1.0891727, 0.50732356, 0.26236662
1118123012000, -1.0308352, 0.75716746, 0.24678956
1118128014000, -0.9859365, 0.9306532, 0.21838433
1118132901000, -0.9456194, 1.0143417, 0.21166481
1118138720000, -0.9080512, 0.9767735, 0.22143865
1118142907000, -0.8888089, 0.81092364, 0.24831672
1118147990000, -0.8784242, 0.54458636, 0.29901853
1118152919000, -0.8530733, 0.21624629, 0.36682457
1118158035000, -0.8026769, -0.101098195, 0.46211955
1118162958000, -0.75869465, -0.24404067, 0.56596667
1118168015000, -0.73761976, -0.5213735, 0.6096435
1118173078000, -0.71837753, -0.7501425, 0.6774496
1118178106000, -0.7150178, -0.88606006, 0.73456544
1118183139000, -0.729984, -0.97585726, 0.7703011
1118188007000, -0.72509706, -1.0241156, 0.79901177
1118192995000, -0.70463306, -1.0351112, 0.82802784
1118198013000, -0.6826419, -1.0140363, 0.8472701
1118202960000, -0.67347896, -1.0097603, 0.81031275
1118208501000, -0.6429357, -1.0668762, 0.7257079
1118213060000, -0.6032294, -1.0705414, 0.6041457
1118218806000, -0.57451874, -0.97433007, 0.45662177
1118223059000, -0.5580254, -0.79168135, 0.310625
1118228014000, -0.57787853, -0.5674938, 0.17623462
1118233150000, -0.6227771, -0.2742785, 0.08246681
1118238021000, -0.67073005, 0.03023783, 0.05589417
1118242992000, -0.76052725, 0.31795537, 0.082161374
1118247989000, -0.90133166, 0.52015173, 0.11484267
1118253328000, -1.0494665, 0.6160576, 0.1572978
1118258071000, -1.1313224, 0.64934975, 0.21838433
1118262909000, -1.1676689, 0.6453791, 0.25045475
1118268016000, -1.169807, 0.61544675, 0.30298916
1118273045000, -1.1468995, 0.57696223, 0.36102137
1118278073000, -1.1285735, 0.51923543, 0.38973203
1118283045000, -1.1282681, 0.49541172, 0.3827071
1118288010000, -1.14018, 0.5195409, 0.34330627
1118293013000, -1.1597277, 0.59315014, 0.29016098
1118297991000, -1.205848, 0.68844515, 0.22266038
1118302992000, -1.2492194, 0.7703011, 0.16126843
1118308063000, -1.303281, 0.78984874, 0.09682214
1118313007000, -1.3338243, 0.72509706, 0.053145275
1118318023000, -1.3729197, 0.59315014, 0.018936822
1118323048000, -1.3961325, 0.42546764, -0.0036651916
1118328083000, -1.4059063, 0.2687807, -0.009162978
1118333006000, -1.4056009, 0.12339478, -0.015577064
1118337960000, -1.3698653, -0.0012217305, 0.0030543262
1118342983000, -1.3353515, -0.09682214, 0.040011674
1118347959000, -1.2712106, -0.1554652, 0.086437434
1118352947000, -1.2162327, -0.16401732, 0.12217305
1118358119000, -1.1780536, -0.15607607, 0.16065755
1118362999000, -1.1453724, -0.16737708, 0.18173242
1118367976000, -1.131017, -0.2144137, 0.22724187
1118373077000, -1.1252137, -0.23365596, 0.28008172
1118378037000, -1.1087204, -0.20616703, 0.33444872
1118383010000, -1.1074986, -0.10170906, 0.40378192
1118387945000, -1.1047498, 0.03176499, 0.46609017
1118393600000, -1.1053606, 0.17562376, 0.49663344
1118397904000, -1.1151345, 0.30634892, 0.5140431
1118402990000, -1.1136073, 0.40439278, 0.5103779
1118407956000, -1.1050552, 0.47647488, 0.5170974
1118413006000, -1.0848967, 0.52503866, 0.5198463
1118419794000, -1.0894781, 0.5342017, 0.50793445
1118423040000, -1.1117748, 0.5363397, 0.50488013
1118428114000, -1.1301007, 0.5222898, 0.5213735
1118433003000, -1.1490375, 0.5186246, 0.5345071
1118437983000, -1.1539245, 0.5222898, 0.5546656
1118443002000, -1.1566733, 0.5332854, 0.5519168
1118447975000, -1.1734722, 0.54000485, 0.54641896
1118452987000, -1.1902709, 0.54244834, 0.548557
1118458042000, -1.2232577, 0.5467244, 0.5488624
1118463623000, -1.2660183, 0.5342017, 0.5497787
1118468018000, -1.3115277, 0.52320606, 0.5561928
1118473033000, -1.3347405, 0.5671884, 0.56138515
1118478012000, -1.3503176, 0.55680364, 0.5717699
1118483008000, -1.3665055, 0.4792238, 0.5723807
1118488021000, -1.3457361, 0.41386122, 0.5714644
1118493005000, -1.3185526, 0.3866777, 0.56077427
1118498010000, -1.3133603, 0.3915646, 0.5308419
1118502994000, -1.3206906, 0.40530908, 0.50488013
1118508002000, -1.3460416, 0.4166101, 0.48472157
1118513008000, -1.3686435, 0.41325033, 0.47769663
1118518039000, -1.3622295, 0.3436117, 0.46089783
1118523075000, -1.3423764, 0.24831672, 0.44715336
1118528054000, -1.3060299, 0.16890424, 0.4251622
1118532923000, -1.2831224, 0.1133155, 0.3811799
1118538019000, -1.2852604, 0.086437434, 0.3857614
1118542993000, -1.3136657, 0.082161374, 0.42577308
1118547987000, -1.3631458, 0.13836098, 0.4642576
1118552954000, -1.3878858, 0.26389378, 0.49663344
1118557993000, -1.434617, 0.33505958, 0.5195409
1118562908000, -1.45783, 0.45723262, 0.52564955
1118568025000, -1.5005904, 0.50488013, 0.5186246
1118572987000, -1.5745052, 0.49449542, 0.4813618
1118577969000, -1.6924021, 0.48838675, 0.42821655
1118582990000, -1.847562, 0.5308419, 0.3717115
1118587998000, -2.007914, 0.5348125, 0.33383787
1118592970000, -2.1358902, 0.48472157, 0.29443705
1118597982000, -2.2403483, 0.39706242, 0.25411993
1118602985000, -2.3200662, 0.25686884, 0.22113322
1118607977000, -2.4034493, 0.12858713, 0.18753563
1118612965000, -2.4770586, 0.041233405, 0.15363261
1118617934000, -2.550057, 0.051618114, 0.129198
1118622968000, -2.6367998, 0.09468412, 0.09162979
1118628011000, -2.7043004, 0.21594086, 0.07788532
1118632990000, -2.7766879, 0.2919936, 0.09010262
1118637985000, -2.8759537, 0.3390302, 0.102319926
1118642997000, -2.953228, 0.39003745, 0.112704635
1118647974000, -3.0072896, 0.36682457, 0.112399206
1118652971000, -3.0466905, 0.33444872, 0.10262536
1118657968000, -3.0451632, 0.29810223, 0.09285152
1118663089000, -3.0418036, 0.25809056, 0.04734206
1118668036000, -3.0335567, 0.21380283, 0.0015271631
1118672983000, -3.0579915, 0.20586158, -0.045814894
1118678099000, -3.0741794, 0.19028452, -0.08002335
1118682905000, -3.029586, 0.17654006, -0.09285152
1118688010000, -2.9159653, 0.17715092, -0.106901415
1118692918000, -2.781575, 0.22357668, -0.14569137
1118698011000, -2.6468792, 0.3036, -0.18845193
1118703001000, -2.5650232, 0.40744713, -0.17928895
1118708065000, -2.4917192, 0.42058071, -0.16493362
1118712995000, -2.4397957, 0.41599923, -0.16646078
1118718731000, -2.3738225, 0.376293, -0.19028452
1118723053000, -2.2901337, 0.3109304, -0.20433442
1118728011000, -2.16399, 0.25534168, -0.20922135
1118732997000, -2.0476203, 0.20616703, -0.21319197
1118738002000, -1.9361374, 0.16920967, -0.22052236
1118743024000, -1.847562, 0.17531833, -0.21319197
1118747972000, -1.7788396, 0.1518, -0.2134974
1118753021000, -1.7098118, 0.13469578, -0.20097467
1118758022000, -1.6423112, 0.08460484, -0.20463985
1118762981000, -1.6114625, 0.002443461, -0.20799962
1118768064000, -1.5195273, -0.09773844, -0.20769419
1118773004000, -1.4263704, -0.2125811, -0.2049453
1118777951000, -1.3359623, -0.3210097, -0.2134974
1118782952000, -1.2388347, -0.37782016, -0.2125811
1118788655000, -1.153619, -0.4016439, -0.21166481
1118793016000, -1.063211, -0.398895, -0.21013765
1118798024000, -0.9654725, -0.36835176, -0.21502456
1118803012000, -0.84696466, -0.2837469, -0.22021692
1118807991000, -0.73823065, -0.15088372, -0.22082779
1118812948000, -0.6759224, 0.0036651916, -0.23182335
1118817957000, -0.6762278, 0.10903945, -0.2501493
1118823031000, -0.700357, 0.14660765, -0.28191432
1118828015000, -0.7360926, 0.12339478, -0.28588495
1118832983000, -0.7360926, 0.02321288, -0.27488935
1118838166000, -0.70524395, -0.101098195, -0.25717425
1118843008000, -0.6450737, -0.21624629, -0.22357668
1118848141000, -0.5839872, -0.34605515, -0.20769419
1118852954000, -0.55771995, -0.3998113, -0.1994475
1118858216000, -0.5644395, -0.49510628, -0.15699236
1118862973000, -0.62949663, -0.5027421, -0.14569137
1118868363000, -0.66614854, -0.45814893, -0.09193522
1118872966000, -0.7476991, -0.40011674, -0.08246681
1118877952000, -0.80848014, -0.33505958, -0.05497787
1118883009000, -0.85918194, -0.258396, -0.021685716
1118887941000, -0.8854492, -0.17715092, 0.02565634
1118892987000, -0.86620694, -0.111177474, 0.1001819
1118897905000, -0.8081747, -0.04642576, 0.16065755
1118902954000, -0.7816021, -0.008552114, 0.22296582
1118908049000, -0.7837401, 0.027183503, 0.26511553
1118912969000, -0.8237518, 0.065973446, 0.28496864
1118917965000, -0.9071349, 0.095294975, 0.30024028
1118923067000, -0.9941832, 0.093462385, 0.2996294
1118928144000, -1.0558805, 0.08552113, 0.31306845
1118932967000, -1.0784826, 0.0720821, 0.35277468
1118937937000, -1.0818423, 0.047036625, 0.38881573
1118942983000, -1.0751228, 0.0290161, 0.441961
1118947926000, -1.0430524, -0.0033597588, 0.5006041
1118952951000, -1.0198395, -0.04795292, 0.5314528
1118958082000, -1.0030408, -0.09590584, 0.5900958
1118962975000, -0.9950995, -0.13041973, 0.6536258
1118968005000, -1.0207558, -0.18387043, 0.72051555
1118973030000, -1.0684034, -0.23273966, 0.7861836
1118978054000, -1.1239921, -0.26053402, 0.86406887
1118982969000, -1.1594223, -0.30390546, 0.9370673
1118987963000, -1.1994339, -0.33964106, 1.0033462
1118992984000, -1.2431108, -0.38056904, 1.0668762
1118997978000, -1.2672399, -0.41783184, 1.1249083
1119002959000, -1.2687671, -0.42455134, 1.1823297
1119008002000, -1.2657127, -0.40500367, 1.2379184
1119012947000, -1.2586879, -0.35033122, 1.2696834
1119018806000, -1.2623531, -0.258396, 1.2910637
1119022954000, -1.2797627, -0.14110987, 1.2843442
1119027979000, -1.3084733, -0.01740966, 1.2516629
1119032900000, -1.3545936, 0.09621128, 1.2311989
1119037967000, -1.4016303, 0.15027285, 1.2070698
1119042911000, -1.434617, 0.12522738, 1.2030991
1119047973000, -1.4462235, 0.09468412, 1.2147056
1119052916000, -1.4251486, 0.025350908, 1.2220359
1119058057000, -1.4162911, -0.10995574, 1.2611313
1119062925000, -1.3707817, -0.2602286, 1.3292428
1119067984000, -1.3075571, -0.37873647, 1.3833044
1119072993000, -1.2889256, -0.4709771, 1.4404203
1119077970000, -1.2880094, -0.5537493, 1.4654657
1119082950000, -1.3130548, -0.6227771, 1.4731015
1119087964000, -1.3283265, -0.63591075, 1.4651603
1119092963000, -1.3701707, -0.6133087, 1.4401149
1119097971000, -1.4208726, -0.63316184, 1.3845261
1119103152000, -1.457219, -0.655153, 1.3228287
1119107999000, -1.4837917, -0.6960809, 1.2730432
1119113467000, -1.5115861, -0.72295904, 1.2049317
1119117958000, -1.5210545, -0.68600166, 1.146594
1119123213000, -1.5625933, -0.64476824, 1.0852021
1119128048000, -1.5882497, -0.6389651, 1.0473285
1119132967000, -1.6013832, -0.63713247, 1.0195341
1119137960000, -1.5766432, -0.59742624, 1.0204504
1119142997000, -1.5766432, -0.589485, 1.0256428
1119148086000, -1.5632042, -0.589485, 1.0332786
1119152961000, -1.5540411, -0.5867361, 1.0421361
1119157990000, -1.5415184, -0.56321776, 1.073901
1119163247000, -1.5134187, -0.5543602, 1.1032226
1119167972000, -1.4795157, -0.5369505, 1.1575897
1119172961000, -1.4385877, -0.44135013, 1.2366967
1119177979000, -1.3979651, -0.32253686, 1.282817
1119183494000, -1.3640621, -0.21746802, 1.3277156
1119187953000, -1.3417655, -0.08368854, 1.3735305
1119193010000, -1.3090842, 0.018936822, 1.4172074
1119197970000, -1.2883148, 0.10323623, 1.4654657
1119202920000, -1.2623531, 0.19761491, 1.5131133
1119208078000, -1.2315043, 0.29138273, 1.5103643
1119212907000, -1.2186762, 0.37720928, 1.4731015
1119218997000, -1.1954633, 0.4361578, 1.4266758
1119222958000, -1.1520919, 0.453262, 1.361924
1119227975000, -1.1236867, 0.4474588, 1.2724323
1119232938000, -1.0882565, 0.4334089, 1.1847731
1119237964000, -1.0393872, 0.40317106, 1.0894781
1119242992000, -0.9941832, 0.35643986, 1.0033462
1119247976000, -0.93584555, 0.33292156, 0.9401216
1119253280000, -0.89888823, 0.22174409, 0.86834496
1119258033000, -0.8210029, 0.18203785, 0.8417723
1119262975000, -0.79443026, 0.09743301, 0.78038037
1119267966000, -0.70524395, 0.02107485, 0.7199047
1119273043000, -0.6096435, -0.032986723, 0.6817256
1119278051000, -0.49846604, -0.06994407, 0.63346726
1119283008000, -0.37690386, -0.09896017, 0.57848936
1119288003000, -0.29046643, -0.09682214, 0.5235115
1119293019000, -0.19822577, -0.0842994, 0.49235737
1119297990000, -0.112704635, -0.0711658, 0.46120325
1119303005000, -0.044593163, -0.05375614, 0.42730024
1119308075000, 0.04153884, -0.055283304, 0.408058
1119313014000, 0.12644911, -0.057726767, 0.38759398
1119318011000, 0.20647246, -0.03726278, 0.36163223
1119323099000, 0.2883284, -0.038179077, 0.33841935
1119327968000, 0.3753767, -0.03940081, 0.30787608
1119333014000, 0.46914452, -0.050396383, 0.2678644
1119337951000, 0.5519168, -0.035430185, 0.22937989
1119343003000, 0.634689, -0.014049901, 0.2012801
1119347904000, 0.66950834, -0.015577064, 0.1518
1119352995000, 0.70432764, -0.050701816, 0.06505715
1119358009000, 0.77640975, -0.058948494, -0.007330383
1119363006000, 0.8228355, -0.042760566, -0.06994407
1119367996000, 0.8417723, -0.0290161, -0.13164146
1119373037000, 0.87598073, 0.008246681, -0.18325958
1119377962000, 0.8958339, 0.029321533, -0.23976462
1119383008000, 0.91232723, 0.06261369, -0.28221974
1119388277000, 0.93309665, 0.090713486, -0.30818152
1119393022000, 0.95386606, 0.12370021, -0.3145956
1119397969000, 0.9795224, 0.14508049, -0.32162055
1119403042000, 1.0238101, 0.17592919, -0.3203988
1119407966000, 1.0757337, 0.2125811, -0.312763
1119412989000, 1.1313224, 0.22815818, -0.30787608
1119418843000, 1.1801916, 0.24129178, -0.28893927
1119423085000, 1.251052, 0.2764165, -0.28038713
1119428036000, 1.3002267, 0.34055737, -0.26083946
1119433008000, 1.3771957, 0.39645153, -0.269697
1119438533000, 1.4498887, 0.40866885, -0.29229903
1119442954000, 1.5021176, 0.37384954, -0.32375857
1119447975000, 1.5262468, 0.28252518, -0.3277292
1119453008000, 1.5402967, 0.20555615, -0.32650748
1119458027000, 1.5176947, 0.2125811, -0.2773328
1119463007000, 1.4501941, 0.22540927, -0.24648413
1119468006000, 1.3826935, 0.21471913, -0.20555615
1119473117000, 1.348485, 0.22235495, -0.18112154
1119478010000, 1.3365731, 0.2406809, -0.1386664
1119482987000, 1.3274102, 0.24404067, -0.10262536
1119488018000, 1.3274102, 0.25350907, -0.06841691
1119492976000, 1.3408492, 0.28527406, -0.02687807
1119498006000, 1.3591752, 0.32895094, 0.023518313
1119502940000, 1.4019357, 0.36377025, 0.0729984
1119508419000, 1.461495, 0.39400807, 0.12736541
1119512902000, 1.5213599, 0.39736784, 0.17837265
1119518015000, 1.5766432, 0.37782016, 0.24648413
1119522973000, 1.6475036, 0.34513888, 0.301462
1119528013000, 1.709201, 0.31612277, 0.34880406
1119532904000, 1.7733418, 0.27885997, 0.35918877
1119538023000, 1.8017471, 0.25381452, 0.35979962
1119542938000, 1.7956384, 0.24831672, 0.35430184
1119547988000, 1.7867808, 0.24037547, 0.32650748
1119552953000, 1.7293595, 0.2574797, 0.29077184
1119558049000, 1.6597209, 0.28405234, 0.25289822
1119562990000, 1.5763378, 0.30176744, 0.22540927
1119568028000, 1.4810427, 0.3051272, 0.20158553
1119572979000, 1.4110987, 0.2959642, 0.18936823
1119578326000, 1.348485, 0.267559, 0.17806722
1119582958000, 1.2932017, 0.20891592, 0.1704314
1119588006000, 1.2873985, 0.11362094, 0.14172074
1119592975000, 1.2779301, -0.01985312, 0.105068825
1119597992000, 1.2776246, -0.16920967, 0.058643065
1119603075000, 1.2996159, -0.321926, 0.008552114
1119607986000, 1.3170254, -0.42638394, -0.051618114
1119613307000, 1.2770138, -0.45814893, -0.11728613
1119618806000, 1.2434162, -0.3933972, -0.16493362
1119622954000, 1.171945, -0.24465153, -0.2049453
1119628041000, 1.1276573, -0.11209377, -0.22999077
1119632947000, 1.0763446, -0.17715092, -0.26053402
1119638009000, 0.98990715, -0.44226643, -0.28221974
1119642983000, 0.8014552, -0.61361414, -0.28313604
1119647980000, 0.6453791, -0.9251554, -0.26419923
1119652953000, 0.29229903, -1.1447614, -0.22510384
1119658011000, 0.003970624, -1.2238685, -0.16676621
1119662976000, -0.13713925, -1.1490375, -0.13805555
1119667964000, -0.116980694, -1.0143417, -0.14538592
1119673113000, 0.0067195175, -0.8872818, -0.16890424
1119677973000, 0.16187929, -0.7049385, -0.16340645
1119682979000, 0.27305678, -0.49877146, -0.119729586
1119687953000, 0.35094208, -0.29077184, -0.0580322
1119692982000, 0.43982297, -0.13713925, -0.0067195175
1119697971000, 0.5308419, -0.04734206, -0.006414085
1119702955000, 0.6035349, -0.026572637, -0.06047566
1119707992000, 0.675617, -0.06261369, -0.14844026
1119712974000, 0.68661255, -0.12308934, -0.24465153
1119717977000, 0.6392705, -0.17165314, -0.33322698
1119723000000, 0.5561928, -0.22388211, -0.42485678
1119728172000, 0.45570546, -0.24740042, -0.52564955
1119732974000, 0.3830125, -0.24801129, -0.6178902
1119737948000, 0.32436943, -0.2593123, -0.7079928
1119742985000, 0.30604348, -0.28771752, -0.7473936
1119747968000, 0.301462, -0.3109304, -0.8060367
1119752955000, 0.31490102, -0.3539964, -0.8713993
1119758004000, 0.3191771, -0.4120286, -0.9324858
1119763575000, 0.31978795, -0.4810564, -0.98807454
1119767989000, 0.3155119, -0.5849035, -1.0100657
1119773023000, 0.3585779, -0.7483099, -1.0048733
1119778047000, 0.41538838, -0.9083566, -0.97035944
1119782971000, 0.46944994, -1.0659598, -0.9147707
1119787928000, 0.51007247, -1.1838568, -0.8378017
1119792981000, 0.52656585, -1.2125676, -0.7443393
1119798019000, 0.50610185, -1.237613, -0.66339964
1119803032000, 0.49357912, -1.2895365, -0.59650993
1119810509000, 0.49846604, -1.3487904, -0.53023106
1119813010000, 0.49693888, -1.3451253, -0.50579643
1119817982000, 0.4868596, -1.3029755, -0.4392121
1119822984000, 0.46578476, -1.3316863, -0.36865717
1119828017000, 0.4364632, -1.423316, -0.31795537
1119832940000, 0.41355577, -1.5082263, -0.28008172
1119838013000, 0.37232238, -1.543351, -0.23793201
1119842918000, 0.3005457, -1.6099354, -0.21991149
1119847971000, 0.2761111, -1.6780468, -0.19303341
1119852923000, 0.24251351, -1.7305813, -0.14966199
1119857985000, 0.2284636, -1.7708983, -0.10995574
1119862927000, 0.21655174, -1.7944167, -0.083383106
1119867979000, 0.19853121, -1.8203784, -0.05222898
1119872971000, 0.17562376, -1.8503108, -0.040317107
1119877980000, 0.16768251, -1.8674151, -0.031154128
1119882954000, 0.16340645, -1.8402315, -0.030848695
1119887963000, 0.14019357, -1.7843374, -0.041233405
1119892968000, 0.09987647, -1.6869044, -0.055283304
1119897974000, 0.050396383, -1.5760323, -0.07238753
1119903798000, -0.0033597588, -1.4379768, -0.08735373
1119907992000, -0.070554934, -1.2803736, -0.105374254
1119913237000, -0.14019357, -1.1166617, -0.11728613
1119917986000, -0.2284636, -0.9388999, -0.1301143
1119923037000, -0.31978795, -0.77640975, -0.129198
1119928050000, -0.42730024, -0.6026186, -0.12064589
1119933240000, -0.5271767, -0.44868052, -0.09040806
1119937953000, -0.61483586, -0.37568212, -0.070554934
1119943302000, -0.6747007, -0.16157386, -0.029932396
1119947971000, -0.8185594, -0.08674286, -0.011301007
1119952927000, -0.8875872, 0.1133155, 0.009468411
1119958040000, -1.0173961, 0.32406402, 0.036651913
1119962923000, -1.1652255, 0.51159966, 0.06169739
1119967995000, -1.2928963, 0.6606508, 0.105374254
1119973149000, -1.3884968, 0.77854776, 0.14294247
1119977976000, -1.459968, 0.8347474, 0.19150625
1119982906000, -1.488984, 0.82344633, 0.23671028
1119987957000, -1.4676038, 0.7861836, 0.27672195
1119992976000, -1.4141531, 0.743423, 0.3313944
1119997976000, -1.3518448, 0.6640105, 0.3811799
1120002950000, -1.2852604, 0.5497787, 0.4202753
1120007992000, -1.2156218, 0.38606682, 0.4633413
1120012999000, -1.1417072, 0.16982053, 0.5015204
1120019507000, -1.0543534, -0.09193522, 0.5311473
1120023003000, -0.9627236, -0.38606682, 0.5674938
1120027974000, -0.8564331, -0.6786713, 0.62125
1120032978000, -0.7648033, -0.8170323, 0.6881397
1120037958000, -0.679893, -1.031446, 0.7293731
1120042984000, -0.64873886, -1.1527027, 0.79229224
1120047969000, -0.60231316, -1.2223413, 0.8213083
1120052953000, -0.5766568, -1.219287, 0.8197812
1120057981000, -0.5561928, -1.1227703, 0.806953
1120062973000, -0.57726765, -0.95539325, 0.7819075
1120067989000, -0.6243043, -0.78801614, 0.7501425
1120072989000, -0.6783658, -0.6389651, 0.6921103
1120077977000, -0.7293731, -0.5662721, 0.64812803
1120082970000, -0.732122, -0.5891795, 0.6081163
1120088668000, -0.700357, -0.6441574, 0.59620446
1120092983000, -0.63132924, -0.6792821, 0.57971114
1120097971000, -0.5644395, -0.6759224, 0.5448918
1120102956000, -0.5158757, -0.67164636, 0.4822781
1120108004000, -0.453262, -0.6924158, 0.41630468
1120112972000, -0.38331795, -0.74372846, 0.34116822
1120117996000, -0.33536503, -0.8136725, 0.29046643
1120123159000, -0.33108896, -0.8567385, 0.25961772
1120127976000, -0.35308012, -0.86498517, 0.25045475
1120132969000, -0.408058, -0.84482664, 0.24098633
1120137950000, -0.44990227, -0.766025, 0.23304509
1120142979000, -0.5152648, -0.6450737, 0.19547687
1120147971000, -0.55955255, -0.5235115, 0.15241088
1120152951000, -0.6075055, -0.42821655, 0.1142318
1120158696000, -0.6041457, -0.35216382, 0.038789943
1120162975000, -0.59315014, -0.31031954, 0.009468411
1120168003000, -0.58093286, -0.2510656, -0.049785517
1120172996000, -0.559858, -0.20433442, -0.08246681
1120177971000, -0.52473325, -0.18112154, -0.13164146
1120183011000, -0.47708577, -0.1777618, -0.17928895
1120187935000, -0.4361578, -0.16279559, -0.21502456
1120193041000, -0.41050145, -0.11148291, -0.24709499
1120197903000, -0.39920044, -0.04062254, -0.27275133
1120202984000, -0.40133846, 0.027183503, -0.3109304
1120207958000, -0.40653083, 0.092240654, -0.35033122
1120213000000, -0.42210788, 0.15363261, -0.39461896
1120218821000, -0.44501534, 0.204029, -0.43982297
1120223014000, -0.46517387, 0.24129178, -0.48808134
1120228511000, -0.4868596, 0.2932153, -0.5198463
1120233005000, -0.4990769, 0.310625, -0.5494733
1120237983000, -0.51007247, 0.33505958, -0.56382865
1120242954000, -0.5119051, 0.3594942, -0.593761
1120247930000, -0.52564955, 0.34391713, -0.6169739
1120252973000, -0.5525276, 0.29626966, -0.6273586
1120257969000, -0.58551437, 0.23243423, -0.6337727
1120262977000, -0.63529986, 0.18936823, -0.61178154
1120267989000, -0.6640105, 0.172264, -0.5900958
1120273013000, -0.68569624, 0.20219639, -0.5723807
1120277913000, -0.66798115, 0.25473082, -0.5589417
1120283006000, -0.659429, 0.28221974, -0.55680364
1120287932000, -0.6178902, 0.35277468, -0.54092115
1120293013000, -0.569021, 0.45051312, -0.54275376
1120298105000, -0.52778757, 0.5421429, -0.54000485
1120302984000, -0.48624873, 0.5726862, -0.5421429
1120308033000, -0.44257188, 0.5873469, -0.5537493
1120313010000, -0.40133846, 0.57604593, -0.5479461
1120318026000, -0.3454443, 0.5384777, -0.5549711
1120323035000, -0.31856623, 0.4972443, -0.54733527
1120328008000, -0.28588495, 0.4718934, -0.54550266
1120333008000, -0.28771752, 0.42058071, -0.5384777
1120338006000, -0.2941316, 0.37843102, -0.52870387
1120342997000, -0.32895094, 0.3378085, -0.50671273
1120347975000, -0.36285394, 0.29046643, -0.48380527
1120352988000, -0.40469822, 0.25625798, -0.45051312
1120358051000, -0.4569272, 0.21166481, -0.40133846
1120363008000, -0.48991394, 0.17715092, -0.3567453
1120368015000, -0.52595496, 0.16707164, -0.32528573
1120373031000, -0.5510005, 0.15790866, -0.3005457
1120378010000, -0.56138515, 0.16249016, -0.2706133
1120383006000, -0.5656612, 0.1554652, -0.2406809
1120387989000, -0.5479461, 0.14110987, -0.20891592
1120392954000, -0.5183192, 0.12736541, -0.18387043
1120398006000, -0.48075095, 0.10934488, -0.15577064
1120402921000, -0.44104472, 0.09682214, -0.12644911
1120408037000, -0.3857614, 0.087964594, -0.089186326
1120412905000, -0.3304781, 0.09254608, -0.062002823
1120418836000, -0.2919936, 0.08674286, -0.03940081
1120423019000, -0.25809056, 0.09560041, -0.018325957
1120428010000, -0.2275473, 0.10140363, 0.005497787
1120432921000, -0.19639318, 0.099265605, 0.014660766
1120438002000, -0.1863139, 0.06536258, 0.03573562
1120442948000, -0.15454891, 0.021991149, 0.056505036
1120447972000, -0.13683382, 0.0076358155, 0.0888809
1120452987000, -0.115453534, -6.1086525E-4, 0.10445796
1120458015000, -0.116980694, -9.162979E-4, 0.14049901
1120462990000, -0.13255776, -0.0061086523, 0.15027285
1120468017000, -0.15241088, -0.01985312, 0.16920967
1120472998000, -0.16340645, -0.043066, 0.18387043
1120478014000, -0.14019357, -0.057726767, 0.17470746
1120483422000, -0.12156218, -0.065973446, 0.15485434
1120488003000, -0.07360926, -0.069027774, 0.11728613
1120492914000, -0.017104227, -0.057421334, 0.08582657
1120498009000, 0.040317107, -0.032375857, 0.048563786
1120502996000, 0.083383106, 0.014049901, 0.0143553335
1120508047000, 0.12736541, 0.03604105, -0.013744468
1120512985000, 0.14477506, 0.04917465, -0.033292156
1120518112000, 0.18081611, 0.061086524, -0.06047566
1120523052000, 0.21044308, 0.07269296, -0.08002335
1120527994000, 0.23182335, 0.0729984, -0.09987647
1120533012000, 0.22876903, 0.06505715, -0.09987647
1120537999000, 0.22571471, 0.058948494, -0.09040806
1120543018000, 0.21563543, 0.034513887, -0.07086037
1120547973000, 0.20922135, 0.0143553335, -0.05222898
1120553615000, 0.18692477, -0.008552114, -0.03176499
1120558093000, 0.18692477, -0.02107485, -0.025350908
1120563004000, 0.18417588, -0.017104227, -0.012217305
1120568042000, 0.18295415, -0.022296581, 0.010995574
1120573025000, 0.19639318, -0.034513887, 0.03726278
1120578047000, 0.21655174, -0.050701816, 0.06414085
1120582994000, 0.24587326, -0.061391957, 0.0870483
1120588023000, 0.28069258, -0.06414085, 0.10415252
1120593002000, 0.2864958, -0.0720821, 0.12461651
1120597993000, 0.32345316, -0.07391469, 0.14996742
1120603016000, 0.35185838, -0.09254608, 0.17623462
1120608032000, 0.36346483, -0.11759156, 0.19120082
1120613008000, 0.38087448, -0.118202426, 0.2049453
1120618835000, 0.37201694, -0.12950343, 0.22632557
1120623102000, 0.36346483, -0.124005646, 0.24007004
1120627910000, 0.3436117, -0.11759156, 0.23945917
1120633009000, 0.3295618, -0.10751228, 0.23640485
1120637929000, 0.30879238, -0.105374254, 0.24495697
1120643014000, 0.28191432, -0.13225232, 0.2415972
1120647992000, 0.25259277, -0.14569137, 0.23609942
1120652981000, 0.24281894, -0.16890424, 0.23060162
1120658028000, 0.22907446, -0.19853121, 0.21746802
1120662907000, 0.22418754, -0.21074851, 0.20738874
1120668047000, 0.19883664, -0.21838433, 0.19547687
1120672920000, 0.17440203, -0.22632557, 0.19150625
1120678008000, 0.15118915, -0.21074851, 0.18325958
1120682906000, 0.119729586, -0.18967366, 0.17165314
1120687999000, 0.08155051, -0.17287487, 0.16249016
1120692914000, 0.06078109, -0.14569137, 0.14630222
1120697948000, 0.04550946, -0.12980886, 0.15118915
1120702998000, 0.029626964, -0.11301007, 0.14355333
1120708053000, 0.03940081, -0.10415252, 0.15699236
1120712987000, 0.025961773, -0.095294975, 0.1591304
1120717992000, 0.042760566, -0.083383106, 0.16676621
1120723036000, 0.051618114, -0.08124508, 0.18234327
1120727950000, 0.061391957, -0.074830994, 0.18784106
1120732946000, 0.06536258, -0.06811147, 0.20066923
1120737964000, 0.08307768, -0.07971791, 0.21105394
1120742990000, 0.08399397, -0.093462385, 0.22968534
1120747975000, 0.09560041, -0.10293079, 0.24587326
1120752990000, 0.09621128, -0.12797627, 0.25350907
1120758051000, 0.09101892, -0.14905111, 0.27488935
1120763013000, 0.07269296, -0.1731803, 0.30115658
1120768061000, 0.048258353, -0.19181168, 0.3200934
1120773040000, 0.028099801, -0.21746802, 0.31978795
1120778011000, -0.0012217305, -0.21227567, 0.33750305
1120783013000, -0.02107485, -0.20799962, 0.33933565
1120787991000, -0.035124753, -0.18570304, 0.3359759
1120793018000, -0.05955936, -0.14935656, 0.32925636
1120798005000, -0.06047566, -0.106595986, 0.30970868
1120803006000, -0.0711658, -0.06780604, 0.28802297
1120808052000, -0.076358154, -0.047647487, 0.26725355
1120813013000, -0.08827003, -0.017104227, 0.24984388
1120818788000, -0.09590584, 0.020158553, 0.21991149
1120823078000, -0.0852157, 0.04062254, 0.2003638
1120828392000, -0.08368854, 0.052534413, 0.18112154
1120833007000, -0.07788532, 0.05131268, 0.16676621
1120837986000, -0.07880162, 0.046731193, 0.14752395
1120843014000, -0.07391469, 0.040011674, 0.12858713
1120847909000, -0.069027774, 0.03756821, 0.11453723
1120853005000, -0.069027774, 0.01038471, 0.101098195
1120857975000, -0.07238753, -0.008552114, 0.09712757
1120863006000, -0.06688975, -0.038789943, 0.0870483
1120867904000, -0.065973446, -0.083383106, 0.08124508
1120873015000, -0.054367006, -0.13897185, 0.07544186
1120877911000, -0.0571159, -0.1957823, 0.06169739
1120883003000, -0.04337143, -0.2501493, 0.06719518
1120887924000, -0.025961773, -0.29229903, 0.04917465
1120893014000, -0.008552114, -0.32406402, 0.035124753
1120897957000, 0.02687807, -0.33414328, 0.010995574
1120903004000, 0.03940081, -0.34238997, -0.01985312
1120908067000, 0.058948494, -0.33750305, -0.054367006
1120913007000, 0.06566802, -0.30909783, -0.09101892
1120917967000, 0.05497787, -0.26358834, -0.115453534
1120923040000, 0.04550946, -0.23426682, -0.13652839
1120927996000, 0.03481932, -0.17898351, -0.15057829
1120933006000, 0.037873644, -0.1459968, -0.16615535
1120938006000, 0.040927973, -0.12614368, -0.1704314
1120943009000, 0.04550946, -0.112704635, -0.16401732
1120947976000, 0.05681047, -0.11301007, -0.15271631
1120953005000, 0.09468412, -0.09101892, -0.13439035
1120958040000, 0.108123146, -0.089491755, -0.119729586
1120963007000, 0.12797627, -0.12308934, -0.10781772
1120968036000, 0.15943582, -0.16798794, -0.10415252
1120973026000, 0.19333886, -0.22327125, -0.087964594
1120978013000, 0.22388211, -0.269697, -0.08277224
1120982998000, 0.25992316, -0.30787608, -0.069027774
1120988008000, 0.29138273, -0.31031954, -0.058948494
1120993014000, 0.30298916, -0.32986724, -0.040927973
1120998000000, 0.32834008, -0.3182608, -0.02321288
1121003004000, 0.34391713, -0.31642818, -0.011301007
1121008012000, 0.3555236, -0.34238997, 0.009773844
1121013010000, 0.36835176, -0.36682457, 0.025350908
1121018817000, 0.35979962, -0.3894266, 0.03268129
1121023060000, 0.35521814, -0.3930918, 0.04520403
1121028012000, 0.3463606, -0.41172317, 0.042455133
1121033003000, 0.34697145, -0.44073927, 0.05589417
1121038006000, 0.34513888, -0.43890667, 0.05375614
1121043012000, 0.33444872, -0.4529566, 0.05681047
1121047978000, 0.3268129, -0.46944994, 0.06688975
1121052986000, 0.3210097, -0.47342056, 0.076358154
1121058117000, 0.31429017, -0.45906523, 0.079107046
1121062901000, 0.32070425, -0.44012842, 0.096516706
1121068013000, 0.31490102, -0.45478916, 0.11636983
1121072931000, 0.31948254, -0.47586402, 0.12767084
1121078017000, 0.32162055, -0.45448375, 0.13103059
1121082901000, 0.2968805, -0.39614612, 0.1337795
1121088008000, 0.27122417, -0.34391713, 0.14660765
1121092911000, 0.24770586, -0.2929099, 0.14844026
1121098010000, 0.21868975, -0.25473082, 0.14477506
1121102928000, 0.20861048, -0.21319197, 0.13958271
1121108034000, 0.19456059, -0.19822577, 0.12461651
1121112936000, 0.18234327, -0.17195857, 0.113926366
1121118013000, 0.16737708, -0.15424347, 0.105374254
1121123013000, 0.13683382, -0.13041973, 0.099571034
1121128015000, 0.116675265, -0.087964594, 0.07880162
1121132944000, 0.08735373, -0.06169739, 0.056505036
1121137995000, 0.056199603, -0.035430185, 0.03940081
1121142955000, 0.030848695, -0.002443461, 0.017715093
1121147974000, 0.013439035, 0.036651913, -0.007330383
1121152969000, -0.023518313, 0.06841691, -0.032070424
1121158048000, -0.0571159, 0.109650314, -0.050396383
1121163064000, -0.089491755, 0.1414153, -0.059864793
1121168006000, -0.13744467, 0.14813483, -0.059253927
1121172962000, -0.17806722, 0.16493362, -0.035430185
1121178010000, -0.19211712, 0.19272798, -0.014660766
1121183121000, -0.21227567, 0.23548855, 0.004886922
1121188003000, -0.2611449, 0.28221974, 0.015882496
1121193250000, -0.30482176, 0.28527406, 0.023518313
1121198006000, -0.3213151, 0.2666427, 0.038789943
1121203341000, -0.33841935, 0.24831672, 0.04917465
1121208040000, -0.34269542, 0.26328292, 0.064751714
1121212910000, -0.35521814, 0.26908615, 0.07360926
1121218826000, -0.36041048, 0.32436943, 0.06658431
1121222964000, -0.3839288, 0.33964106, 0.05955936
1121228018000, -0.38820487, 0.38087448, 0.06078109
1121232967000, -0.3885103, 0.4428773, 0.06414085
1121237990000, -0.38973203, 0.50701815, 0.0693332
1121242965000, -0.3979787, 0.5626069, 0.07849618
1121247972000, -0.38789943, 0.6337727, 0.09743301
1121253000000, -0.3827071, 0.6899723, 0.10903945
1121258018000, -0.3839288, 0.7296785, 0.11484267
1121262978000, -0.37415496, 0.7535023, 0.11453723
1121268006000, -0.35735616, 0.77274454, 0.11942416
1121273044000, -0.3472769, 0.7874053, 0.11636983
1121278008000, -0.33261612, 0.782213, 0.12308934
1121283012000, -0.312763, 0.76083267, 0.12186762
1121288000000, -0.2968805, 0.7272351, 0.1133155
1121293019000, -0.2706133, 0.7012733, 0.11575896
1121298005000, -0.26053402, 0.6759224, 0.12461651
1121303000000, -0.22724187, 0.6478226, 0.14080444
1121308037000, -0.21471913, 0.61727935, 0.14966199
1121312998000, -0.19975294, 0.5934556, 0.15668693
1121318006000, -0.17654006, 0.5564982, 0.16157386
1121323025000, -0.16279559, 0.51159966, 0.16279559
1121328012000, -0.15088372, 0.4804455, 0.16523905
1121333017000, -0.13713925, 0.43004912, 0.14721853
1121337951000, -0.124311075, 0.36743546, 0.124311075
1121342988000, -0.100792766, 0.2843578, 0.09590584
1121347971000, -0.09193522, 0.18020524, 0.0580322
1121352949000, -0.07086037, 0.087964594, 0.03359759
1121358166000, -0.043982297, -0.009468411, -0.01863139
1121363042000, -0.016187929, -0.07727446, -0.033292156
1121368001000, 0.0070249503, -0.12858713, -0.03940081
1121373039000, 0.03634648, -0.15882497, -0.04734206
1121378005000, 0.04642576, -0.18692477, -0.044593163
1121383007000, 0.06627888, -0.19914207, -0.03848451
1121387990000, 0.06841691, -0.18784106, -0.029321533
1121393023000, 0.07147124, -0.17012598, -0.005497787
1121397957000, 0.0693332, -0.12858713, 0.021380283
1121402999000, 0.06536258, -0.08674286, 0.0571159
1121407951000, 0.06963864, -0.04428773, 0.053145275
1121412998000, 0.06505715, -0.029626964, 0.06078109
1121418801000, 0.056199603, 0.004886922, 0.07574729
1121423049000, 0.05131268, 0.008246681, 0.086437434
1121428253000, 0.050396383, 0.037873644, 0.08582657
1121433009000, 0.032070424, 0.054367006, 0.083383106
1121438327000, 0.023823744, 0.059253927, 0.08002335
1121443014000, 0.011301007, 0.042760566, 0.069027774
1121447944000, -3.0543262E-4, 0.054061573, 0.062308256
1121452987000, -0.015577064, 0.051618114, 0.059864793
1121457984000, -0.036957346, 0.040317107, 0.051923547
1121462977000, -0.04795292, 0.062002823, 0.056199603
1121467899000, -0.064751714, 0.05955936, 0.052534413
1121472993000, -0.06536258, 0.057726767, 0.04642576
1121477915000, -0.07727446, 0.0571159, 0.04337143
1121482971000, -0.0842994, 0.06658431, 0.037873644
1121487918000, -0.083383106, 0.07544186, 0.05222898
1121493018000, -0.08735373, 0.110872045, 0.0720821
1121497940000, -0.09193522, 0.1386664, 0.061086524
1121502990000, -0.092240654, 0.15332718, 0.058337633
1121508123000, -0.098043874, 0.14110987, 0.05589417
1121513028000, -0.11148291, 0.13897185, 0.04642576
1121517966000, -0.10903945, 0.129198, 0.043982297
1121523025000, -0.1020145, 0.122478485, 0.036957346
1121528014000, -0.11056661, 0.1133155, 0.034208454
1121533009000, -0.09987647, 0.09712757, 0.03023783
1121538016000, -0.08460484, 0.09254608, 0.04153884
