#Rate of rotation around the x y z axes (Angular velocity).
#timestamp(ns),x,y,z(rad/s)
#Datetime: 07/05/2015 16:44:07
##########################################
#Activity: 8 - CSI - Car-Step in - 6s
#Subject ID: 51
#First Name: sub51
#Last Name: sub51
#Age: 23
#Height(cm): 171
#Weight(kg): 70
#Gender: Male
##########################################

@DATA
23096393438000, -0.009162978, -6.1086525E-4, 0.017715093
23096398437000, -0.0033597588, 0.00580322, 0.0106901415
23096403464000, -0.017104227, -0.0076358155, 0.010079277
23096408442000, -0.01282817, -0.0033597588, 0.0076358155
23096413429000, -0.0125227375, 0.009468411, 0.008857546
23096420573000, -0.015882496, -0.004276057, 0.002443461
23096423559000, -0.014966198, -0.0070249503, 0.010995574
23096428478000, -0.014049901, -0.0061086523, 0.008552114
23096433422000, -0.020158553, -0.0030543262, 0.008246681
23096438467000, -0.007941248, -0.003970624, -0.0015271631
23096443443000, -0.0106901415, -0.012217305, 0.007330383
23096448428000, -0.017715093, -0.01740966, -0.005192355
23096453471000, -0.004581489, -0.009468411, -0.0027488936
23096458443000, -0.016798794, -0.009773844, -0.0027488936
23096463430000, -0.022907447, -0.014049901, -9.162979E-4
23096468459000, -0.027794369, -0.014049901, 0.0018325958
23096473570000, -0.020158553, -0.014660766, -0.005192355
23096478493000, -0.0125227375, -0.013133603, 0.0027488936
23096483423000, -0.024129177, -0.016798794, -0.0033597588
23096488689000, -0.011301007, -0.013744468, -0.0033597588
23096493436000, -0.01985312, -0.018325957, 0.002443461
23096498427000, -0.018020526, -0.010079277, 0.0015271631
23096503467000, -0.015577064, -0.01038471, 0.0033597588
23096508440000, -0.01038471, -0.018020526, 0.002443461
23096513436000, -0.01038471, -0.0143553335, 0.0067195175
23096518454000, -0.01863139, -0.0030543262, 0.0018325958
23096523574000, -0.01863139, -0.005192355, 0.005497787
23096528474000, -0.01038471, -0.008246681, 0.007941248
23096533420000, -0.0125227375, -0.006414085, 0.013133603
23096538470000, -0.01863139, 0.0067195175, 0.014660766
23096543447000, -0.016493361, 0.0012217305, 0.007330383
23096548428000, -0.01160644, 0.004276057, 0.007941248
23096553460000, -0.015882496, -0.0018325958, 0.0033597588
23096558478000, -0.015577064, 0.0070249503, 0.008857546
23096563433000, -0.018936822, 0.0036651916, 0.01160644
23096568463000, -0.013744468, 0.0070249503, 0.0076358155
23096573542000, -0.01282817, -0.0012217305, -0.0018325958
23096578532000, -0.0125227375, -0.0012217305, 9.162979E-4
23096583481000, -0.021380283, -0.0036651916, 3.0543262E-4
23096588544000, -0.018020526, -0.005497787, 6.1086525E-4
23096593474000, -0.014049901, 6.1086525E-4, 9.162979E-4
23096598476000, -0.004886922, -0.0125227375, -9.162979E-4
23096603507000, -0.015577064, -0.005497787, -0.0015271631
23096608447000, -0.013744468, -0.016493361, -0.0021380284
23096613433000, -0.024129177, -0.012217305, 0.0018325958
23096619108000, -0.018020526, -0.01282817, -0.0061086523
23096623577000, -0.031154128, -0.011911872, -0.00580322
23096628520000, -0.01863139, -0.01740966, -0.00580322
23096633472000, -0.03268129, -0.022602014, -0.0021380284
23096638559000, -0.020463986, -0.025350908, -0.005192355
23096643473000, -0.029932396, -0.0421497, -0.018936822
23096648429000, -0.024740042, -0.042455133, -0.02107485
23096653505000, -0.03940081, -0.03726278, -0.03359759
23096658482000, -0.043982297, -0.043066, -0.042760566
23096663470000, -0.052534413, -0.03756821, -0.054061573
23096668498000, -0.06841691, -0.029626964, -0.07391469
23096674281000, -0.076358154, -0.015882496, -0.08979719
23096678485000, -0.09193522, 0.009468411, -0.10903945
23096683473000, -0.10995574, 0.032070424, -0.12461651
23096688508000, -0.12767084, 0.049480084, -0.13530666
23096693473000, -0.13072516, 0.07574729, -0.1441642
23096698483000, -0.14477506, 0.12003502, -0.15027285
23096703504000, -0.14569137, 0.183565, -0.14660765
23096708475000, -0.15699236, 0.25809056, -0.15699236
23096713472000, -0.14172074, 0.32925636, -0.16310102
23096718502000, -0.14874569, 0.37995818, -0.15302174
23096723629000, -0.13988814, 0.42271876, -0.1704314
23096728515000, -0.13408493, 0.43982297, -0.17440203
23096733469000, -0.13958271, 0.453262, -0.17989981
23096738472000, -0.14874569, 0.44898596, -0.19181168
23096744137000, -0.160963, 0.4260785, -0.18753563
23096748430000, -0.18081611, 0.43035457, -0.1881465
23096753464000, -0.17287487, 0.41263947, -0.1685988
23096758443000, -0.18387043, 0.376293, -0.14569137
23096763434000, -0.20005837, 0.32589662, -0.116675265
23096768457000, -0.19486602, 0.25961772, -0.093462385
23096773587000, -0.18753563, 0.1704314, -0.065973446
23096778460000, -0.20433442, 0.08093964, -0.033292156
23096783427000, -0.22632557, -0.018020526, -0.011301007
23096788477000, -0.2507602, -0.101098195, 0.016493361
23096793452000, -0.27672195, -0.19272798, 0.052839845
23096798432000, -0.30695978, -0.31612277, 0.0720821
23096803487000, -0.32253686, -0.42058071, 0.10048734
23096808445000, -0.36102137, -0.5271767, 0.11636983
23096813618000, -0.39614612, -0.63407815, 0.13164146
23096818976000, -0.41630468, -0.7128797, 0.12339478
23096823590000, -0.4465425, -0.7480045, 0.112704635
23096828455000, -0.49205196, -0.8246681, 0.105374254
23096833423000, -0.5170974, -0.8961393, 0.08032878
23096838516000, -0.5684101, -0.9611965, 0.062002823
23096843481000, -0.59803706, -1.0088439, 0.031154128
23096848429000, -0.6264423, -1.0497719, 0.0143553335
23096853505000, -0.6404922, -1.0809261, -0.002443461
23096858477000, -0.6646214, -1.0986412, -0.011911872
23096863478000, -0.6609562, -1.1010846, -0.032986723
23096868513000, -0.6414085, -1.0888673, -0.056199603
23096873595000, -0.64660084, -1.073901, -0.07452556
23096878519000, -0.6545421, -1.065349, -0.0983493
23096883600000, -0.67256266, -1.0635164, -0.118507855
23096888513000, -0.68600166, -1.0900891, -0.12156218
23096893481000, -0.6914995, -1.1542299, -0.10842858
23096898475000, -0.6835582, -1.2308935, -0.09285152
23096903508000, -0.6722572, -1.2825116, -0.064446285
23096908496000, -0.6600399, -1.3219124, -0.026267206
23096913463000, -0.6462954, -1.3634512, 0.014049901
23096918501000, -0.63407815, -1.4059063, 0.063224554
23096923637000, -0.627664, -1.4300356, 0.10720685
23096928507000, -0.636827, -1.4559973, 0.12767084
23096933479000, -0.63346726, -1.493871, 0.172264
23096938525000, -0.63591075, -1.5308284, 0.21227567
23096943485000, -0.65240407, -1.5818355, 0.2406809
23096948432000, -0.6765333, -1.6022996, 0.25717425
23096953494000, -0.7284568, -1.5757269, 0.258396
23096958511000, -0.7687739, -1.5378532, 0.26542094
23096963480000, -0.8032878, -1.502423, 0.2846632
23096968509000, -0.8167268, -1.4743233, 0.301462
23096973547000, -0.81245077, -1.4214834, 0.34574974
23096978578000, -0.8008443, -1.3448198, 0.3848451
23096983458000, -0.7644979, -1.2632693, 0.41172317
23096988530000, -0.7699956, -1.2003502, 0.43554693
23096993480000, -0.7791586, -1.1004738, 0.4474588
23096999198000, -0.79076505, -0.8927795, 0.47647488
23097003459000, -0.78893244, -0.691194, 0.48502702
23097008492000, -0.7528914, -0.6035349, 0.49938235
23097013432000, -0.7150178, -0.6078109, 0.49938235
23097018453000, -0.70249504, -0.6169739, 0.46181414
23097023499000, -0.7162395, -0.70463306, 0.4370741
23097028429000, -0.7657196, -0.82802784, 0.39858958
23097033427000, -0.81183994, -0.9324858, 0.3659083
23097038472000, -0.8491027, -1.0125091, 0.34055737
23097043436000, -0.8362745, -1.0332786, 0.3463606
23097048442000, -0.829555, -1.0152581, 0.3454443
23097053460000, -0.8188649, -0.98349303, 0.3213151
23097058442000, -0.7968737, -0.91782504, 0.28680122
23097063433000, -0.7852673, -0.81489426, 0.2657264
23097069197000, -0.7654142, -0.75747293, 0.24098633
23097073496000, -0.752586, -0.7492262, 0.22052236
23097078435000, -0.75869465, -0.7611381, 0.1731803
23097083428000, -0.79443026, -0.8335256, 0.13530666
23097088480000, -0.82802784, -0.9477574, 0.089491755
23097093450000, -0.85918194, -1.0164797, 0.08277224
23097098429000, -0.8604037, -1.0488557, 0.08979719
23097103452000, -0.88514376, -1.0842859, 0.0852157
23097108439000, -0.8894198, -1.1676689, 0.069027774
23097113443000, -0.872621, -1.2266175, 0.051923547
23097118462000, -0.8585711, -1.3286319, 0.040011674
23097123474000, -0.8582657, -1.3878858, 0.0125227375
23097128440000, -0.8894198, -1.4633276, -0.03268129
23097133483000, -0.904386, -1.534188, -0.070554934
23097139109000, -0.9089675, -1.5671748, -0.08552113
23097143492000, -0.90316427, -1.5564847, -0.09101892
23097148462000, -0.89766645, -1.5378532, -0.09437868
23097153503000, -0.88453287, -1.4953982, -0.07544186
23097158497000, -0.88208944, -1.4404203, -0.07819075
23097163508000, -0.86070913, -1.3845261, -0.06291912
23097168513000, -0.8362745, -1.3338243, -0.044593163
23097173507000, -0.8176431, -1.2867876, -0.02687807
23097178499000, -0.8014552, -1.2339478, -0.013133603
23097183451000, -0.79137594, -1.1618657, -0.0033597588
23097188470000, -0.7742717, -1.0952814, -0.0021380284
23097193453000, -0.75991637, -1.0451905, -0.020463986
23097198431000, -0.7495316, -1.0167851, -0.036651913
23097203459000, -0.7470882, -1.0134255, -0.046731193
23097208742000, -0.75319684, -1.0146471, -0.07727446
23097213437000, -0.7623598, -1.0183123, -0.0870483
23097219033000, -0.77763146, -1.0235047, -0.10476339
23097223556000, -0.7816021, -1.0094548, -0.105374254
23097228495000, -0.77946407, -0.9822713, -0.1142318
23097233483000, -0.7870999, -0.95417154, -0.11575896
23097238450000, -0.79320854, -0.93737274, -0.13133603
23097243441000, -0.8023715, -0.9596693, -0.15302174
23097248411000, -0.7828238, -0.9868528, -0.17073683
23097253476000, -0.7883216, -1.0253373, -0.18478674
23097258464000, -0.7696902, -1.0384709, -0.2125811
23097263477000, -0.7470882, -1.0424415, -0.22082779
23097268499000, -0.71929383, -1.058324, -0.22510384
23097273567000, -0.6994407, -1.1239921, -0.22571471
23097278450000, -0.68508536, -1.1801916, -0.22052236
23097283464000, -0.6713409, -1.2061534, -0.19608775
23097289138000, -0.6603453, -1.1869112, -0.16340645
23097293468000, -0.6123924, -1.1087204, -0.13133603
23097298425000, -0.5852089, -1.0009027, -0.106901415
23097303393000, -0.5546656, -0.90224797, -0.076358154
23097308404000, -0.5296202, -0.8854492, -0.049480084
23097313364000, -0.47036624, -0.86742866, -0.04184427
23097318394000, -0.4456262, -0.8793405, -0.02107485
23097323391000, -0.39278635, -0.870483, -0.012217305
23097328360000, -0.3371976, -0.8164214, 0.0021380284
23097333353000, -0.27947086, -0.73853606, -9.162979E-4
23097338382000, -0.22999077, -0.63621616, -0.0021380284
23097343357000, -0.21227567, -0.52778757, -0.0015271631
23097348359000, -0.20280726, -0.45020768, -0.0033597588
23097353446000, -0.21930063, -0.37751472, -0.022296581
23097358423000, -0.258396, -0.29352075, -0.047036625
23097363404000, -0.29657507, -0.21502456, -0.0711658
23097368428000, -0.30298916, -0.122783914, -0.1160644
23097373451000, -0.3231477, -0.018325957, -0.1572978
23097378407000, -0.33841935, 0.070249505, -0.20677789
23097383404000, -0.35155296, 0.13103059, -0.26816985
23097388532000, -0.34147367, 0.15027285, -0.3222314
23097394017000, -0.36774087, 0.11148291, -0.37812558
23097398433000, -0.3912592, 0.101098195, -0.410196
23097403438000, -0.4166101, 0.10476339, -0.45142943
23097408450000, -0.44104472, 0.10781772, -0.49266282
23097413401000, -0.44715336, 0.11178834, -0.50732356
23097418981000, -0.46761733, 0.10781772, -0.55863625
23097423429000, -0.49938235, 0.0983493, -0.58001655
23097428453000, -0.5140431, 0.10170906, -0.6096435
23097433389000, -0.54000485, 0.06627888, -0.6420194
23097438504000, -0.57543504, 0.026572637, -0.6603453
23097443408000, -0.59620446, -0.004276057, -0.6817256
23097448430000, -0.61758476, 0.005192355, -0.7144069
23097453447000, -0.634689, -6.1086525E-4, -0.7263188
23097458489000, -0.6444628, -0.00580322, -0.73426
23097463452000, -0.64843345, -0.03970624, -0.7360926
23097468518000, -0.6441574, -0.043676864, -0.7281514
23097473504000, -0.6282749, -0.030848695, -0.7189884
23097478467000, -0.61575216, -0.03604105, -0.7189884
23097483411000, -0.59315014, -0.0421497, -0.7131852
23097488522000, -0.5833763, -0.054061573, -0.70616025
23097493422000, -0.5589417, -0.10598512, -0.7128797
23097498481000, -0.5549711, -0.17012598, -0.6914995
23097503430000, -0.5681047, -0.18784106, -0.6786713
23097508506000, -0.57635134, -0.21044308, -0.66339964
23097513418000, -0.5849035, -0.2049453, -0.6591236
23097518510000, -0.6017023, -0.15851954, -0.6545421
23097523454000, -0.62888575, -0.11362094, -0.66156703
23097528505000, -0.6414085, -0.06872234, -0.6267477
23097533563000, -0.6737844, -0.06505715, -0.61911196
23097538470000, -0.6924158, -0.112399206, -0.6426302
23097543449000, -0.72356987, -0.18600847, -0.66553766
23097548433000, -0.7287622, -0.25045475, -0.6731735
23097553457000, -0.7675522, -0.28405234, -0.6637051
23097558456000, -0.8011498, -0.2733622, -0.6533204
23097563435000, -0.8414669, -0.22602014, -0.6252206
23097568480000, -0.88086766, -0.16279559, -0.5839872
23097573543000, -0.9221011, -0.124311075, -0.5699373
23097578505000, -0.9605856, -0.17256944, -0.50640726
23097583444000, -0.98715824, -0.22021692, -0.42058071
23097588451000, -1.0167851, -0.30024028, -0.33353242
23097593440000, -1.058324, -0.3753767, -0.24556783
23097598432000, -1.087951, -0.40653083, -0.14110987
23097603463000, -1.1203269, -0.4202753, -0.05375614
23097608457000, -1.1395692, -0.42638394, -0.016187929
23097613431000, -1.1453724, -0.44684792, 0.022907447
23097618455000, -1.1612549, -0.47769663, 0.035430185
23097623477000, -1.1808025, -0.52656585, 0.012217305
23097628471000, -1.1679744, -0.5739079, -0.016798794
23097633475000, -1.1774428, -0.623388, -0.06352998
23097638471000, -1.1945469, -0.61819565, -0.13347405
23097643489000, -1.2308935, -0.52198434, -0.19761491
23097648428000, -1.2507466, -0.46792278, -0.20097467
23097653464000, -1.2638801, -0.39278635, -0.22082779
23097658458000, -1.2800682, -0.27488935, -0.27672195
23097663436000, -1.2990049, -0.16126843, -0.27030787
23097668464000, -1.3231341, -0.017104227, -0.2321288
23097673511000, -1.3417655, 0.13561209, -0.17867808
23097678799000, -1.3445144, 0.30604348, -0.09285152
23097683433000, -1.3329079, 0.4990769, -0.0070249503
23097688709000, -1.3072516, 0.7107417, 0.09132435
23097693440000, -1.2605205, 0.8573494, 0.1777618
23097698420000, -1.2113458, 0.9309586, 0.26297748
23097703465000, -1.1316279, 1.0482447, 0.32345316
23097708422000, -1.0861185, 1.0882565, 0.34788775
23097713432000, -0.9807441, 1.0821478, 0.3930918
23097718875000, -0.86101454, 1.0845913, 0.43890667
23097723591000, -0.75716746, 1.0876455, 0.4783075
23097728466000, -0.68539083, 1.0485502, 0.50671273
23097733431000, -0.63316184, 0.94897914, 0.5345071
23097738485000, -0.5671884, 0.84971356, 0.5384777
23097743444000, -0.48533243, 0.9016371, 0.5852089
23097748430000, -0.398895, 0.86926126, 0.6026186
23097753461000, -0.40103304, 0.71868294, 0.58032197
23097758496000, -0.43951756, 0.5500842, 0.56230146
23097763433000, -0.45234573, 0.42210788, 0.537256
23097768466000, -0.45142943, 0.2855795, 0.5036584
23097773585000, -0.46853364, 0.118202426, 0.45753807
23097778614000, -0.5140431, -0.029321533, 0.41538838
23097783476000, -0.6056729, -0.15118915, 0.36102137
23097788849000, -0.68875057, -0.25167647, 0.35735616
23097793557000, -0.768163, -0.42760566, 0.3549127
23097798521000, -0.883922, -0.4297437, 0.408058
23097803430000, -1.0464121, -0.40042216, 0.42394048
23097808451000, -1.1074986, -0.3286455, 0.3494149
23097813447000, -1.1847731, -0.28955013, 0.24098633
23097818927000, -1.2638801, -0.35613444, 0.13775012
23097823472000, -1.3381003, -0.43951756, 0.047036625
23097828432000, -1.3973542, -0.47647488, -0.032070424
23097833430000, -1.3973542, -0.43768495, -0.08674286
23097838468000, -1.3677273, -0.39187005, -0.10598512
23097843486000, -1.317331, -0.34238997, -0.10903945
23097848431000, -1.3161092, -0.3109304, -0.08368854
23097853463000, -1.3368785, -0.26358834, -0.050701816
23097858454000, -1.361924, -0.2049453, -0.024740042
23097863434000, -1.3775011, -0.1600467, -0.0030543262
23097868456000, -1.389413, -0.09987647, -0.0012217305
23097873573000, -1.4114041, -0.06047566, -9.162979E-4
23097878530000, -1.4401149, -0.0711658, -0.0021380284
23097883434000, -1.4526376, -0.105374254, -0.0027488936
23097888454000, -1.4618006, -0.14935656, -0.0021380284
23097893441000, -1.5005904, -0.17562376, -0.0033597588
23097898431000, -1.5286902, -0.17928895, -0.006414085
23097903465000, -1.5622878, -0.18448131, -0.0290161
23097908433000, -1.6203201, -0.19547687, -0.039095376
23097913432000, -1.6783522, -0.2134974, -0.069027774
23097918453000, -1.7223345, -0.258396, -0.09285152
23097923570000, -1.7806722, -0.33108896, -0.12736541
23097928593000, -1.8063285, -0.39858958, -0.16279559
23097933425000, -1.8072448, -0.47342056, -0.19456059
23097938430000, -1.7999145, -0.5326745, -0.22113322
23097943442000, -1.7999145, -0.5161811, -0.20738874
23097948409000, -1.8017471, -0.46761733, -0.1872302
23097953466000, -1.7867808, -0.50426924, -0.20311269
23097958417000, -1.7806722, -0.59712076, -0.24587326
23097963434000, -1.7901406, -0.691194, -0.28191432
23097968463000, -1.8084666, -0.75686204, -0.30543262
23097973538000, -1.8099937, -0.7724391, -0.31429017
23097978515000, -1.7983873, -0.74464476, -0.32498032
23097983426000, -1.8029687, -0.68111473, -0.3368922
23097988464000, -1.7980819, -0.6169739, -0.35521814
23097993441000, -1.7864754, -0.57757306, -0.36835176
23097998795000, -1.7806722, -0.37934732, -0.38759398
23098003478000, -1.7864754, -0.29993483, -0.40317106
23098008645000, -1.7974709, -0.24862215, -0.43982297
23098013434000, -1.790446, -0.35430184, -0.4810564
23098018558000, -1.7696766, -0.41355577, -0.5467244
23098023555000, -1.7815884, -0.40744713, -0.539394
23098028429000, -1.81091, -0.39003745, -0.51923543
23098033431000, -1.8365663, -0.35369098, -0.5021312
23098038460000, -1.8490891, -0.32467487, -0.4636467
23098044165000, -1.8887954, -0.27000242, -0.46028697
23098048412000, -1.9117028, -0.21502456, -0.4428773
23098053515000, -1.9440787, -0.20891592, -0.43066
23098058417000, -1.9749273, -0.21410827, -0.41233405
23098063476000, -2.01219, -0.23640485, -0.4007276
23098068440000, -2.0552561, -0.25778514, -0.39278635
23098073617000, -2.1010711, -0.27580565, -0.38912117
23098078450000, -2.1533, -0.3549127, -0.36896262
23098083473000, -2.194228, -0.38026363, -0.30818152
23098088429000, -2.233018, -0.40500367, -0.29168814
23098093476000, -2.2806654, -0.4147775, -0.267559
23098098463000, -2.3081543, -0.4260785, -0.24953845
23098103512000, -2.3338106, -0.4382958, -0.2012801
23098108455000, -2.3341162, -0.46639562, -0.13469578
23098113813000, -2.310598, -0.52015173, -0.06994407
23098118509000, -2.2953262, -0.5739079, -0.016187929
23098123523000, -2.2748623, -0.6239988, 0.053450707
23098128459000, -2.273335, -0.6966918, 0.10751228
23098133437000, -2.2495112, -0.76083267, 0.16035213
23098138493000, -2.2314909, -0.818254, 0.19883664
23098143445000, -2.1905627, -0.86651236, 0.2415972
23098148439000, -2.1413882, -0.86406887, 0.28191432
23098153376000, -2.072971, -0.8219192, 0.3100141
23098158381000, -1.998751, -0.77671516, 0.33964106
23098163377000, -1.9303342, -0.7489208, 0.37659842
23098168406000, -1.8570304, -0.73823065, 0.4156938
23098173383000, -1.8026633, -0.7516697, 0.4541783
23098178357000, -1.7525724, -0.7648033, 0.49235737
23098183468000, -1.706452, -0.7516697, 0.5329799
23098188380000, -1.6780468, -0.7501425, 0.5714644
23098193356000, -1.6716328, -0.7431176, 0.5858198
23098198355000, -1.6389514, -0.70829827, 0.6273586
23098203409000, -1.6221527, -0.68630713, 0.68019843
23098208400000, -1.6062702, -0.6603453, 0.7281514
23098213390000, -1.6087136, -0.63804877, 0.7696902
23098218515000, -1.6187929, -0.605062, 0.8081747
23098223515000, -1.5916094, -0.56077427, 0.82253003
23098228425000, -1.5845845, -0.514654, 0.8219192
23098233387000, -1.5754215, -0.46944994, 0.8237518
23098238428000, -1.5714508, -0.43463063, 0.82619524
23098243420000, -1.5457945, -0.3735441, 0.8371908
23098248404000, -1.4963144, -0.30634892, 0.8414669
23098253436000, -1.4263704, -0.21777347, 0.8570439
23098258485000, -1.3692545, -0.1600467, 0.8872818
23098263420000, -1.3429873, -0.16035213, 0.95539325
23098268503000, -1.3228287, -0.16218472, 1.0256428
23098273527000, -1.2883148, -0.077579886, 1.0690142
23098278538000, -1.2492194, 0.021991149, 1.0998629
23098283409000, -1.2159272, 0.106901415, 1.1264355
23098288515000, -1.1960741, 0.1572978, 1.1447614
23098293418000, -1.1624765, 0.29626966, 1.153619
23098298474000, -1.151481, 0.4184427, 1.1921035
23098303457000, -1.1572843, 0.5119051, 1.2360858
23098308488000, -1.1643091, 0.6310238, 1.2712106
23098313467000, -1.1930199, 0.68233645, 1.2705997
23098318505000, -1.2522738, 0.677755, 1.2702943
23098323577000, -1.3096951, 0.6310238, 1.246776
23098328527000, -1.3686435, 0.6282749, 1.210735
23098333458000, -1.4214834, 0.65240407, 1.1795808
23098338523000, -1.4807373, 0.66859204, 1.1264355
23098343479000, -1.5543466, 0.5928447, 1.0812315
23098348435000, -1.6142114, 0.5015204, 1.0363328
23098353467000, -1.675298, 0.4392121, 1.003957
23098358486000, -1.7168368, 0.3885103, 0.960891
23098363495000, -1.750129, 0.32650748, 0.93309665
23098368564000, -1.7614299, 0.23243423, 0.91721416
23098373737000, -1.7821994, 0.14630222, 0.89949906
23098378511000, -1.808772, 0.09254608, 0.88422745
23098383412000, -1.8347337, 0.08735373, 0.88025683
23098388515000, -1.8396207, 0.09712757, 0.8765916
23098393421000, -1.8573358, 0.10842858, 0.8671232
23098398473000, -1.8793269, 0.1386664, 0.88208944
23098404018000, -1.892766, 0.160963, 0.87689704
23098408481000, -1.9104811, 0.14538592, 0.8576548
23098413472000, -1.9303342, 0.12339478, 0.84513205
23098420070000, -1.9520199, 0.07269296, 0.8167268
23098423632000, -1.960572, 0.06536258, 0.8078693
23098428577000, -1.9559906, 0.05467244, 0.79626286
23098433464000, -1.9572122, 0.05100725, 0.79229224
23098438560000, -1.9529362, 0.028099801, 0.7855727
23098443482000, -1.9669861, 0.003970624, 0.7742717
23098448428000, -1.9764545, 0.024740042, 0.7892379
23098453500000, -1.9773707, 0.05681047, 0.79901177
23098458471000, -1.9807305, 0.059864793, 0.79229224
23098463474000, -1.9883664, 0.056199603, 0.7996226
23098468517000, -1.9700404, 0.049480084, 0.79717916
23098474377000, -1.9602666, -0.006414085, 0.79320854
23098478468000, -1.9630154, -0.060170226, 0.7825184
23098483473000, -1.9770653, -0.09865474, 0.7901542
23098488513000, -1.9917262, -0.21899518, 0.77946407
23098493485000, -2.003638, -0.410196, 0.75411314
23098498457000, -2.0042489, -0.5338962, 0.73884153
23098503512000, -1.9865338, -0.64965516, 0.73426
23098508417000, -1.9776763, -0.7663304, 0.711658
23098513480000, -1.9645426, -0.8381071, 0.7098254
23098518438000, -1.9746219, -0.8524625, 0.70524395
23098523582000, -1.988061, -0.8512407, 0.6908886
23098528474000, -1.971873, -0.8417723, 0.6933321
23098533477000, -1.9486601, -0.79779, 0.72295904
23098538433000, -1.8790215, -0.72265357, 0.7779369
23098543627000, -1.8597792, -0.65087694, 0.8347474
23098548412000, -1.8399261, -0.5305365, 0.9098838
23098553494000, -1.8603901, -0.4089743, 0.9786061
23098558440000, -1.8756617, -0.3173445, 1.0302242
23098563473000, -1.8671097, -0.2950479, 1.0732902
23098568517000, -1.8600847, -0.3036, 1.0906999
23098573557000, -1.8295414, -0.32620203, 1.1090258
23098578433000, -1.7754798, -0.3491095, 1.1276573
23098583474000, -1.6899587, -0.41233405, 1.1316279
23098588730000, -1.6484199, -0.47708577, 1.1078042
23098593488000, -1.5968018, -0.4905248, 1.0842859
23098598465000, -1.5818355, -0.43951756, 1.044885
23098603498000, -1.5833627, -0.3662137, 1.0149527
23098608492000, -1.5760323, -0.2996294, 1.001819
23098613489000, -1.5604553, -0.27977628, 0.9950995
23098620000000, -1.5241088, -0.30909783, 0.9957104
23098623545000, -1.430341, -0.34605515, 0.9914343
23098628578000, -1.4052955, -0.39522982, 0.9957104
23098633469000, -1.3377949, -0.39370266, 1.0192287
23098638524000, -1.2825116, -0.3848451, 1.0067059
23098643474000, -1.2559389, -0.37995818, 0.99296147
23098648432000, -1.2403619, -0.3378085, 0.99173975
23098653487000, -1.2043208, -0.27488935, 1.0079277
23098658475000, -1.1688906, -0.20799962, 1.0186177
23098663462000, -1.1206323, -0.18753563, 0.9993755
23098668558000, -1.0656544, -0.18112154, 0.97249746
23098673582000, -0.9831876, -0.15149458, 0.9575313
23098678582000, -0.9056077, -0.13683382, 0.945314
23098683435000, -0.8717047, -0.106901415, 0.9456194
23098688539000, -0.8051204, -0.065973446, 0.9550878
23098693409000, -0.73456544, -0.044593163, 0.9627236
23098698478000, -0.6585127, -0.06994407, 0.95386606
23098703422000, -0.57696223, -0.118202426, 0.95478237
23098708501000, -0.4868596, -0.13500121, 0.94989544
23098713409000, -0.4120286, -0.1151481, 0.91751957
23098718567000, -0.32742378, -0.106901415, 0.8863655
23098723510000, -0.2742785, -0.14630222, 0.8555168
23098729181000, -0.21563543, -0.18967366, 0.82741696
23098733464000, -0.17592919, -0.22082779, 0.7858781
23098738521000, -0.13164146, -0.24862215, 0.7324274
23098743474000, -0.08674286, -0.26908615, 0.67347896
23098748432000, -0.03023783, -0.30818152, 0.6252206
23098753834000, 0.058337633, -0.3594942, 0.56107974
23098758455000, 0.14172074, -0.39736784, 0.5158757
23098763581000, 0.21685717, -0.41263947, 0.46273044
23098768538000, 0.2950479, -0.41325033, 0.4175264
23098773481000, 0.35735616, -0.39461896, 0.36041048
23098778500000, 0.4175264, -0.35094208, 0.3042109
23098783477000, 0.43768495, -0.24923302, 0.2764165
23098788512000, 0.47342056, -0.1386664, 0.21624629
23098793484000, 0.51923543, -0.028710667, 0.16126843
23098799042000, 0.56779927, 0.09193522, 0.08857546
23098803502000, 0.6215554, 0.16432275, 0.07452556
23098808484000, 0.6985244, 0.2098322, 0.063224554
23098813483000, 0.79076505, 0.2321288, 0.0729984
23098818439000, 0.8671232, 0.24831672, 0.08399397
23098823605000, 0.929126, 0.23396139, 0.10934488
23098828570000, 0.9987647, 0.21624629, 0.14049901
23098833477000, 1.0662653, 0.20005837, 0.1731803
23098838508000, 1.1255192, 0.19028452, 0.19028452
23098843460000, 1.1759156, 0.19425514, 0.19486602
23098848432000, 1.251052, 0.20647246, 0.18417588
23098853487000, 1.2843442, 0.19639318, 0.19853121
23098858489000, 1.3310753, 0.20738874, 0.21197024
23098863471000, 1.3884968, 0.267559, 0.20799962
23098868991000, 1.4340062, 0.3378085, 0.20586158
23098873622000, 1.4566082, 0.41508293, 0.20555615
23098878536000, 1.4978416, 0.44868052, 0.21166481
23098883475000, 1.5228871, 0.4978552, 0.2302962
23098888520000, 1.5647314, 0.5152648, 0.24953845
23098893487000, 1.582141, 0.49663344, 0.27183503
23098898471000, 1.6053538, 0.4578435, 0.30298916
23098903494000, 1.6099354, 0.41080686, 0.31795537
23098908413000, 1.6044376, 0.41355577, 0.3549127
23098913460000, 1.5909985, 0.46517387, 0.40103304
23098918462000, 1.5815301, 0.5458081, 0.45081854
23098923608000, 1.5848899, 0.6423248, 0.50823987
23098928449000, 1.6157386, 0.7153232, 0.5497787
23098933477000, 1.675298, 0.74281216, 0.593761
23098938552000, 1.7256943, 0.7254025, 0.634689
23098943484000, 1.7696766, 0.6817256, 0.6774496
23098948432000, 1.8124372, 0.6411031, 0.72295904
23098953489000, 1.8240436, 0.6236934, 0.75869465
23098958509000, 1.8295414, 0.62858033, 0.79504114
23098963478000, 1.8197676, 0.59315014, 0.8228355
23098968488000, 1.8032742, 0.5635232, 0.81581056
23098973616000, 1.7864754, 0.516792, 0.79717916
23098978628000, 1.7681495, 0.43676865, 0.77304995
23098983458000, 1.7531832, 0.30115658, 0.7076874
23098988733000, 1.7208074, 0.14508049, 0.6441574
23098993485000, 1.6762142, -0.015577064, 0.5870415
23098998828000, 1.6218473, -0.13041973, 0.54458636
23099003506000, 1.5589281, -0.20097467, 0.51068336
23099008538000, 1.502423, -0.27305678, 0.473726
23099013477000, 1.464244, -0.33322698, 0.4392121
23099018454000, 1.4382823, -0.3921755, 0.41386122
23099023515000, 1.4159856, -0.42485678, 0.3817908
23099028481000, 1.3793337, -0.38912117, 0.35277468
23099033459000, 1.3246613, -0.34238997, 0.31031954
23099038503000, 1.2589933, -0.30115658, 0.26847526
23099043477000, 1.2131784, -0.30482176, 0.21746802
23099048430000, 1.1643091, -0.32742378, 0.16126843
23099054175000, 1.103528, -0.36896262, 0.09590584
23099058488000, 1.035722, -0.43157628, 0.034208454
23099063704000, 0.9755518, -0.50243664, -0.03176499
23099068519000, 0.9025534, -0.5366451, -0.08093964
23099073832000, 0.8026769, -0.6640105, -0.13255776
23099078479000, 0.6606508, -0.70188415, -0.14782938
23099083446000, 0.5876524, -0.7351763, -0.1740966
23099088659000, 0.37048978, -0.7104363, -0.19914207
23099093458000, 0.12339478, -0.65484756, -0.25289822
23099098456000, -0.14049901, -0.5757405, -0.30818152
23099103468000, -0.42455134, -0.48838675, -0.4007276
23099108495000, -0.65026605, -0.43401974, -0.48808134
23099113427000, -0.8054258, -0.4269948, -0.56046885
23099118530000, -0.8436049, -0.45540005, -0.6356053
23099124172000, -0.8222246, -0.4859433, -0.70188415
23099128503000, -0.75441855, -0.54153204, -0.74128497
23099133417000, -0.65270954, -0.6432411, -0.77946407
23099138496000, -0.5271767, -0.7467828, -0.7806858
23099143472000, -0.39675698, -0.85154617, -0.7654142
23099148443000, -0.23732115, -0.9437868, -0.7305948
23099153387000, -0.06780604, -1.0311406, -0.6844745
23099158407000, 0.103847094, -1.0885619, -0.6252206
23099163424000, 0.2565634, -1.104139, -0.5647449
23099168451000, 0.37812558, -1.1114693, -0.528093
23099173374000, 0.43188173, -1.0708468, -0.45937067
23099178371000, 0.505491, -0.9944886, -0.39675698
23099183379000, 0.5439755, -0.86651236, -0.34116822
23099188383000, 0.5384777, -0.7125743, -0.29901853
23099193503000, 0.5036584, -0.55924714, -0.24190263
23099198360000, 0.4465425, -0.43310347, -0.20525073
23099203410000, 0.35521814, -0.3494149, -0.17959438
23099208380000, 0.25167647, -0.30787608, -0.15363261
23099213384000, 0.1282817, -0.32803464, -0.1423316
23099218629000, 0.038789943, -0.3839288, -0.14080444
23099223414000, -0.0290161, -0.4746423, -0.15332718
23099228416000, -0.06627888, -0.5910121, -0.1966986
23099233382000, -0.056199603, -0.70646566, -0.22571471
23099238394000, -0.045814894, -0.81061816, -0.26908615
23099243365000, -0.034208454, -0.89369583, -0.3005457
23099248568000, -0.0036651916, -0.95539325, -0.31337386
23099253499000, 0.025045475, -0.98563105, -0.32650748
23099258429000, 0.05222898, -0.9914343, -0.32467487
23099263451000, 0.084910266, -0.97005403, -0.29840767
23099268423000, 0.099265605, -0.9434814, -0.28344148
23099273596000, 0.13500121, -0.8872818, -0.24251351
23099278454000, 0.15454891, -0.80848014, -0.1872302
23099283465000, 0.15515977, -0.70738196, -0.12705997
23099288442000, 0.1386664, -0.573297, -0.07727446
23099293442000, 0.11728613, -0.4288274, -0.043676864
23099298411000, 0.090713486, -0.28405234, -0.0290161
23099303447000, 0.06169739, -0.13347405, -0.02443461
23099308424000, 0.015577064, -0.0012217305, -0.02565634
23099313431000, -0.022296581, 0.096516706, -0.024740042
23099318452000, -0.05955936, 0.160963, -0.042455133
23099323483000, -0.09682214, 0.20189096, -0.062308256
23099328445000, -0.121256754, 0.21135938, -0.0983493
23099333432000, -0.12858713, 0.18967366, -0.12889257
23099338481000, -0.13439035, 0.15241088, -0.16310102
23099343432000, -0.124311075, 0.10720685, -0.18936823
23099348431000, -0.13958271, 0.050396383, -0.2125811
23099353455000, -0.14019357, 0.008246681, -0.22021692
23099358476000, -0.14080444, -0.06078109, -0.22357668
23099363431000, -0.14721853, -0.093767814, -0.2302962
23099368465000, -0.14752395, -0.1554652, -0.22815818
23099373541000, -0.1423316, -0.18051068, -0.22602014
23099379206000, -0.1328632, -0.17867808, -0.22143865
23099383429000, -0.13255776, -0.1554652, -0.22021692
23099388479000, -0.118507855, -0.11209377, -0.21991149
23099393436000, -0.09773844, -0.06566802, -0.20677789
23099398431000, -0.073303826, 3.0543262E-4, -0.2003638
23099403464000, -0.05497787, 0.07269296, -0.19242255
23099408468000, -0.049785517, 0.14355333, -0.18448131
23099413455000, -0.047036625, 0.22937989, -0.18234327
23099419990000, -0.06414085, 0.29749137, -0.17195857
23099423474000, -0.08674286, 0.35430184, -0.1777618
23099428432000, -0.09315695, 0.40622538, -0.19822577
23099433425000, -0.101098195, 0.4437936, -0.21563543
23099438474000, -0.124311075, 0.46792278, -0.23273966
23099443408000, -0.13408493, 0.48441613, -0.25717425
23099448924000, -0.15699236, 0.4868596, -0.2770274
23099453423000, -0.16707164, 0.51343226, -0.3051272
23099458455000, -0.17806722, 0.50823987, -0.31978795
23099463409000, -0.17684549, 0.49968776, -0.33322698
23099468470000, -0.17531833, 0.48838675, -0.34483343
23099473573000, -0.15851954, 0.48441613, -0.36041048
23099478433000, -0.14660765, 0.47250426, -0.3659083
23099483539000, -0.13041973, 0.45906523, -0.36926803
23099488473000, -0.122478485, 0.45448375, -0.36743546
23099493449000, -0.095294975, 0.47586402, -0.36713
23099498432000, -0.067500606, 0.49388456, -0.36132678
23099503671000, -0.049480084, 0.49021935, -0.36743546
23099508462000, -0.015271631, 0.45081854, -0.36163223
23099513435000, 0.031154128, 0.42119157, -0.36835176
23099519110000, 0.076358154, 0.40561453, -0.3463606
23099523534000, 0.10476339, 0.39858958, -0.33628133
23099528524000, 0.106901415, 0.37323865, -0.3231477
23099533438000, 0.11362094, 0.33658674, -0.31337386
23099538470000, 0.1337795, 0.30909783, -0.3136793
23099543463000, 0.14049901, 0.32406402, -0.32375857
23099548431000, 0.14355333, 0.3567453, -0.35277468
23099553463000, 0.13439035, 0.38240165, -0.398895
23099558509000, 0.12064589, 0.39736784, -0.43127087
23099563588000, 0.115453534, 0.41813725, -0.44806966
23099568497000, 0.121256754, 0.40866885, -0.49113566
23099573467000, 0.12614368, 0.40530908, -0.53786683
23099578478000, 0.116675265, 0.37384954, -0.5852089
23099583410000, 0.12370021, 0.3313944, -0.62949663
23099588698000, 0.12308934, 0.30207285, -0.66920286
23099593457000, 0.12186762, 0.27183503, -0.6817256
23099598432000, 0.12339478, 0.25900686, -0.68233645
23099603497000, 0.13103059, 0.2443461, -0.63194007
23099608446000, 0.15271631, 0.2312125, -0.57360244
23099613431000, 0.17867808, 0.20799962, -0.5290093
23099620071000, 0.1994475, 0.18051068, -0.50946164
23099623569000, 0.21105394, 0.17745635, -0.46853364
23099628478000, 0.22876903, 0.17440203, -0.42149702
23099633453000, 0.24740042, 0.16065755, -0.37415496
23099638502000, 0.2687807, 0.14844026, -0.3549127
23099643476000, 0.30543262, 0.14996742, -0.32345316
23099648430000, 0.33108896, 0.10873401, -0.30848694
23099653499000, 0.36957347, 0.092240654, -0.2941316
23099658525000, 0.39920044, 0.046120327, -0.28893927
23099663473000, 0.4071417, 0.015271631, -0.28344148
23099668544000, 0.42730024, 0.024129177, -0.2611449
23099673608000, 0.43860126, 0.054061573, -0.2602286
23099678471000, 0.4288274, 0.059253927, -0.27305678
23099683476000, 0.4007276, 0.051618114, -0.30024028
23099688491000, 0.35613444, 0.054367006, -0.30787608
23099693485000, 0.3295618, 0.052534413, -0.31673363
23099698460000, 0.30115658, 0.03573562, -0.32834008
23099703479000, 0.26358834, 0.004886922, -0.3576616
23099708431000, 0.23915374, -0.054061573, -0.39370266
23099713475000, 0.19028452, -0.098043874, -0.41141775
23099718491000, 0.13194689, -0.118507855, -0.4269948
23099723486000, 0.0580322, -0.13408493, -0.43188173
23099728414000, -0.02107485, -0.12461651, -0.44043383
23099733436000, -0.089491755, -0.10995574, -0.45478916
23099738497000, -0.14477506, -0.063224554, -0.47586402
23099743454000, -0.20463985, -0.0012217305, -0.49754974
23099748410000, -0.24190263, 0.03726278, -0.50823987
23099753462000, -0.27000242, 0.12950343, -0.5109888
23099758446000, -0.30085114, 0.19792034, -0.52626044
23099763472000, -0.33658674, 0.23396139, -0.5155703
23099768525000, -0.37140608, 0.24007004, -0.5018258
23099774121000, -0.40042216, 0.23304509, -0.4804455
23099778531000, -0.40439278, 0.19333886, -0.4605924
23099783475000, -0.42271876, 0.16982053, -0.4392121
23099788467000, -0.42821655, 0.14508049, -0.4007276
23099793479000, -0.42394048, 0.111177474, -0.376293
23099798462000, -0.42852196, 0.062002823, -0.3481932
23099803458000, -0.43493605, 9.162979E-4, -0.31581733
23099808485000, -0.43096542, -0.05375614, -0.26939157
23099813428000, -0.42180246, -0.09896017, -0.22174409
23099820555000, -0.41172317, -0.13713925, -0.17104226
23099823494000, -0.4016439, -0.12705997, -0.09773844
23099828435000, -0.42455134, -0.12767084, -0.03634648
23099833469000, -0.42577308, -0.0983493, 0.01282817
23099838466000, -0.45265114, -0.0711658, 0.06566802
23099844092000, -0.5002986, -0.02076942, 0.094989546
23099848432000, -0.54825157, 0.007330383, 0.1255328
23099853451000, -0.57787853, 0.033292156, 0.13927728
23099858449000, -0.63071835, 0.026572637, 0.17470746
23099863429000, -0.6621779, 0.008246681, 0.18936823
23099868462000, -0.6826419, -0.033292156, 0.21044308
23099873503000, -0.6918049, -0.08093964, 0.23335053
23099878438000, -0.6789767, -0.15974127, 0.23732115
23099883429000, -0.6649268, -0.24404067, 0.23518312
23099888465000, -0.6365216, -0.33750305, 0.22449298
23099893435000, -0.6038403, -0.40042216, 0.23090707
23099898430000, -0.5564982, -0.46120325, 0.24801129
23099903463000, -0.52870387, -0.4905248, 0.25137106
23099908507000, -0.48747048, -0.49938235, 0.2574797
23099913750000, -0.4541783, -0.50579643, 0.25320363
23099918469000, -0.41416663, -0.49754974, 0.24984388
23099923472000, -0.3622431, -0.46700647, 0.24556783
23099928436000, -0.3203988, -0.43127087, 0.24556783
23099933423000, -0.27885997, -0.39400807, 0.25320363
23099938470000, -0.2489276, -0.3652974, 0.25473082
23099943433000, -0.21930063, -0.3368922, 0.25503623
23099948434000, -0.19883664, -0.3191771, 0.24617869
23099953467000, -0.19547687, -0.29168814, 0.24740042
23099958517000, -0.18142697, -0.2724459, 0.24801129
23099963814000, -0.17623462, -0.22082779, 0.2284636
23099968437000, -0.16920967, -0.15882497, 0.20616703
23099973499000, -0.16432275, -0.09896017, 0.18509217
23099978431000, -0.16615535, -0.043982297, 0.16554448
23099983429000, -0.17684549, 0.014660766, 0.1469131
23099988468000, -0.17287487, 0.07360926, 0.14538592
23099993445000, -0.18081611, 0.12797627, 0.14294247
23099998429000, -0.17684549, 0.1777618, 0.12675454
23100003482000, -0.183565, 0.19028452, 0.106901415
23100008431000, -0.17959438, 0.17684549, 0.09101892
23100013446000, -0.16890424, 0.13713925, 0.07269296
23100019019000, -0.15393804, 0.094989546, 0.07727446
23100023485000, -0.13255776, 0.043982297, 0.05955936
23100028441000, -0.09773844, -0.013439035, 0.058337633
23100033429000, -0.06169739, -0.058643065, 0.055283304
23100038452000, -0.016493361, -0.08002335, 0.048258353
23100043439000, 0.016798794, -0.093767814, 0.043676864
23100048429000, 0.038789943, -0.11942416, 0.03726278
23100053458000, 0.061086524, -0.13713925, 0.04153884
23100058448000, 0.07360926, -0.15760323, 0.039095376
23100063565000, 0.08735373, -0.17592919, 0.027794369
23100068456000, 0.09132435, -0.17928895, 0.021380283
23100073551000, 0.093767814, -0.17592919, 0.015577064
23100078495000, 0.09254608, -0.17287487, 0.01282817
23100083432000, 0.09896017, -0.15271631, 0.011301007
23100088495000, 0.09590584, -0.13958271, 0.008857546
23100093485000, 0.08460484, -0.122783914, 0.005497787
23100099061000, 0.07574729, -0.112704635, -0.0030543262
23100103479000, 0.06352998, -0.09315695, -0.003970624
23100108432000, 0.05375614, -0.09101892, -0.008246681
23100113500000, 0.049480084, -0.099571034, -0.018325957
23100118425000, 0.038789943, -0.09590584, -0.029932396
23100123541000, 0.025961773, -0.119729586, -0.043982297
23100128444000, 0.027794369, -0.13805555, -0.047036625
23100133573000, 0.02076942, -0.14446963, -0.059864793
23100138459000, 0.018325957, -0.15454891, -0.07086037
23100143475000, 0.0036651916, -0.15699236, -0.09407325
23100148444000, 0.0143553335, -0.15790866, -0.10445796
23100153521000, 0.009162978, -0.15760323, -0.11911872
23100158508000, 0.0018325958, -0.1386664, -0.13500121
23100163500000, -0.008552114, -0.12308934, -0.15882497
23100169084000, -0.011301007, -0.108123146, -0.17959438
23100173515000, -0.015882496, -0.11484267, -0.20250183
23100178442000, -0.011911872, -0.122783914, -0.21624629
23100183470000, -0.017715093, -0.113926366, -0.24007004
23100188472000, -0.022907447, -0.12034045, -0.26175576
23100193481000, -0.009468411, -0.11362094, -0.2837469
23100198450000, -0.022602014, -0.122478485, -0.2959642
23100203483000, -0.02107485, -0.13591751, -0.3222314
23100208459000, -0.029626964, -0.14782938, -0.33261612
23100213454000, -0.03359759, -0.16371189, -0.35246924
23100218694000, -0.035430185, -0.1777618, -0.37018433
23100223511000, -0.03268129, -0.19272798, -0.38148534
23100228506000, -0.03940081, -0.21868975, -0.40103304
23100233467000, -0.037873644, -0.2434298, -0.40683624
23100238913000, -0.049480084, -0.26083946, -0.39370266
23100243481000, -0.0571159, -0.27580565, -0.40103304
23100248431000, -0.053450707, -0.2828306, -0.4089743
23100253502000, -0.05681047, -0.28221974, -0.4111123
23100258561000, -0.073303826, -0.27275133, -0.4025602
23100263471000, -0.0729984, -0.26450464, -0.3857614
23100268483000, -0.065973446, -0.23976462, -0.37018433
23100273529000, -0.060170226, -0.22815818, -0.3549127
23100278507000, -0.059253927, -0.21563543, -0.33841935
23100283449000, -0.05681047, -0.19914207, -0.30970868
23100288522000, -0.04795292, -0.1881465, -0.29443705
23100293468000, -0.02687807, -0.16401732, -0.28527406
23100298459000, -0.015271631, -0.15851954, -0.26206118
23100303454000, -0.016798794, -0.14477506, -0.23365596
23100308623000, -0.0033597588, -0.13744467, -0.21166481
23100313458000, 0.00580322, -0.1282817, -0.19181168
23100318437000, 0.020158553, -0.12583824, -0.18417588
23100323495000, 0.014660766, -0.13500121, -0.17654006
23100328447000, 0.025045475, -0.15943582, -0.16065755
23100333467000, 0.040011674, -0.17348573, -0.1600467
23100338476000, 0.04184427, -0.17287487, -0.15241088
23100343456000, 0.03359759, -0.20097467, -0.15332718
23100348427000, 0.062002823, -0.21471913, -0.14813483
23100353458000, 0.065973446, -0.22510384, -0.15057829
23100358519000, 0.070249505, -0.23518312, -0.15790866
23100363815000, 0.081855945, -0.24037547, -0.1563815
23100368456000, 0.07391469, -0.25167647, -0.16798794
23100373510000, 0.071776666, -0.25809056, -0.17073683
23100378440000, 0.074830994, -0.258396, -0.19181168
23100383454000, 0.07391469, -0.269697, -0.19639318
23100388475000, 0.07574729, -0.27488935, -0.20677789
23100393634000, 0.0693332, -0.269697, -0.21991149
23100398434000, 0.06688975, -0.25595254, -0.23365596
23100403454000, 0.05955936, -0.24312437, -0.23457226
23100408487000, 0.056199603, -0.23793201, -0.23976462
23100413435000, 0.04153884, -0.2321288, -0.24281894
23100420091000, 0.026267206, -0.22785273, -0.23915374
23100424232000, 0.02107485, -0.2134974, -0.24251351
23100428447000, 0.022602014, -0.23640485, -0.23548855
23100433429000, 0.004886922, -0.25534168, -0.2501493
23100438456000, 6.1086525E-4, -0.2761111, -0.2519819
23100443442000, -0.0070249503, -0.30298916, -0.25503623
23100448430000, -0.0015271631, -0.31398472, -0.258396
23100453455000, 0.005497787, -0.2932153, -0.2611449
23100458557000, 0.013133603, -0.24037547, -0.26633725
23100463432000, -0.008857546, -0.1966986, -0.27550024
23100468442000, -0.013133603, -0.1337795, -0.28069258
23100473488000, -0.016798794, -0.087964594, -0.2779437
23100478431000, -0.043676864, -0.038789943, -0.2837469
23100483431000, -0.053450707, -9.162979E-4, -0.2724459
23100488448000, -0.059253927, 0.03359759, -0.26511553
23100494083000, -0.06566802, 0.08857546, -0.24862215
23100498424000, -0.06627888, 0.1591304, -0.22204952
23100503486000, -0.06688975, 0.2171626, -0.19120082
23100508582000, -0.05589417, 0.25534168, -0.16187929
23100513434000, -0.05009095, 0.2751948, -0.14721853
23100518456000, -0.042455133, 0.25228736, -0.14202617
23100523500000, -0.03970624, 0.20463985, -0.1328632
23100528438000, -0.04795292, 0.15607607, -0.12095132
23100533426000, -0.06047566, 0.13958271, -0.11209377
23100538462000, -0.04917465, 0.10354166, -0.099265605
23100543455000, -0.04550946, 0.09468412, -0.099571034
23100548406000, -0.0421497, 0.08460484, -0.08155051
23100553457000, -0.021685716, 0.07819075, -0.08399397
23100558473000, -0.015577064, 0.08002335, -0.08093964
23100563891000, -0.009468411, 0.07452556, -0.07666359
23100568434000, -0.0106901415, 0.06352998, -0.07452556
23100573499000, -0.0027488936, 0.05375614, -0.06994407
23100578421000, 0.00580322, 0.062308256, -0.060170226
23100583425000, 0.0067195175, 0.06627888, -0.05467244
23100588441000, 0.02107485, 0.0729984, -0.049785517
23100593440000, 0.03268129, 0.07941248, -0.044593163
23100598441000, 0.033292156, 0.08674286, -0.04184427
23100603459000, 0.04062254, 0.100792766, -0.02687807
23100608491000, 0.046731193, 0.10842858, -0.022602014
23100613432000, 0.040927973, 0.09682214, -0.023518313
23100618955000, 0.048258353, 0.10262536, -0.014660766
23100623496000, 0.036957346, 0.1142318, -0.007330383
23100628434000, 0.029626964, 0.15851954, 0.019242255
23100633541000, -0.011301007, 0.3109304, 0.046731193
23100638443000, -0.03634648, 0.46670106, 0.052839845
23100643440000, -0.0842994, 0.61666846, 0.07544186
23100648468000, -0.14538592, 0.73761976, 0.09162979
23100653485000, -0.19822577, 0.87781334, 0.10445796
23100658662000, -0.2593123, 0.9767735, 0.112399206
23100663432000, -0.30482176, 1.1038336, 0.1301143
23100668465000, -0.34880406, 1.2119566, 0.14508049
23100673492000, -0.38148534, 1.321607, 0.14905111
23100678413000, -0.410196, 1.4712689, 0.16401732
23100683427000, -0.44012842, 1.5549575, 0.16126843
23100688431000, -0.46211955, 1.4947872, 0.15454891
23100693440000, -0.43463063, 1.3631458, 0.15027285
23100698409000, -0.40225476, 1.2253957, 0.12675454
23100703451000, -0.37812558, 1.0882565, 0.111177474
23100708454000, -0.35796702, 0.9642508, 0.100792766
23100713431000, -0.33078352, 0.84238315, 0.08307768
23100718433000, -0.30024028, 0.7312057, 0.070554934
23100723490000, -0.2687807, 0.6169739, 0.05100725
23100728451000, -0.2510656, 0.55955255, 0.037873644
23100733424000, -0.23640485, 0.4746423, 0.032070424
23100738470000, -0.20799962, 0.37751472, 0.014049901
23100743439000, -0.17470746, 0.26816985, -0.0018325958
23100748445000, -0.15424347, 0.13775012, -0.018020526
23100753453000, -0.12034045, -0.016798794, -0.03390302
23100758505000, -0.070249505, -0.16584991, -0.061391957
23100763434000, -0.01740966, -0.26328292, -0.080634214
23100768469000, 0.014660766, -0.36835176, -0.095294975
23100773480000, 0.042455133, -0.46517387, -0.105068825
23100778440000, 0.0870483, -0.60139686, -0.116980694
23100783448000, 0.13561209, -0.73945236, -0.13652839
23100788468000, 0.18234327, -0.88056225, -0.14660765
23100793443000, 0.226631, -1.0250319, -0.1563815
23100798434000, 0.27152961, -1.1267409, -0.16462818
23100803455000, 0.3268129, -1.2119566, -0.17531833
23100808511000, 0.36713, -1.276403, -0.1826487
23100813431000, 0.40775254, -1.3075571, -0.17867808
23100819141000, 0.4269948, -1.2944235, -0.17837265
23100823481000, 0.45142943, -1.2586879, -0.17256944
23100828442000, 0.4633413, -1.2360858, -0.17501289
23100833429000, 0.46944994, -1.1737776, -0.1685988
23100838461000, 0.46120325, -1.0827587, -0.15363261
23100843437000, 0.44409904, -0.96974856, -0.15668693
23100848433000, 0.40958515, -0.8371908, -0.14294247
23100853571000, 0.35888332, -0.6407976, -0.129198
23100858530000, 0.28893927, -0.4361578, -0.116980694
23100863454000, 0.20463985, -0.2556471, -0.10751228
23100868510000, 0.12339478, -0.09010262, -0.08674286
23100873513000, 0.04550946, 0.027183503, -0.06658431
23100878479000, -0.011301007, 0.089186326, -0.046731193
23100883456000, -0.046120327, 0.11178834, -0.03573562
23100889083000, -0.071776666, 0.09560041, -0.014660766
23100893446000, -0.07238753, 0.08032878, -0.008552114
23100898474000, -0.07971791, 0.058643065, -3.0543262E-4
23100903429000, -0.06505715, 0.03604105, 0.0030543262
23100908560000, -0.064446285, 0.01740966, 0.003970624
23100913411000, -0.05467244, -0.0067195175, 0.009773844
23100918477000, -0.04337143, -0.020463986, 0.0076358155
23100923483000, -0.034208454, -0.022907447, 0.014966198
23100928479000, -0.03176499, -0.024129177, 0.008552114
23100933442000, -0.029932396, -0.03573562, 0.014049901
23100938520000, -0.0143553335, -0.027794369, 0.011911872
23100943452000, -0.006414085, -0.022296581, 6.1086525E-4
23100948434000, -0.004581489, -0.0106901415, 0.008552114
23100953482000, -0.008857546, -0.0067195175, 0.0015271631
23100958819000, -0.011301007, 0.0030543262, 0.013133603
23100963497000, -0.0106901415, 0.022907447, 0.02107485
23100968485000, -0.0033597588, 0.046731193, 0.025961773
23100973498000, -0.013744468, 0.034208454, 0.030848695
23100978478000, -0.011911872, 0.03604105, 0.022602014
23100983665000, -0.007330383, 0.039095376, 0.043066
23100988507000, -0.014966198, 0.050701816, 0.05009095
23100993461000, -0.013744468, 0.053450707, 0.050701816
23100998458000, -0.016493361, 0.05589417, 0.059864793
23101003460000, -0.018936822, 0.051923547, 0.059864793
23101008548000, -0.004581489, 0.052534413, 0.054367006
23101013464000, -0.013439035, 0.053145275, 0.06719518
23101019068000, -0.0021380284, 0.06383542, 0.06536258
23101023535000, -0.014966198, 0.064446285, 0.06872234
23101028480000, -0.0143553335, 0.058948494, 0.067500606
23101033488000, -0.0021380284, 0.065973446, 0.0729984
23101038464000, 0.0033597588, 0.057726767, 0.08582657
23101043461000, 0.006414085, 0.053450707, 0.076358154
23101048427000, -6.1086525E-4, 0.04337143, 0.08735373
23101053465000, 0.0067195175, 0.03268129, 0.09162979
23101058527000, 0.0033597588, 0.022907447, 0.09254608
23101063507000, 0.01038471, 0.023823744, 0.10445796
23101068489000, 0.0030543262, 0.02076942, 0.10293079
23101073481000, -0.0027488936, 0.021380283, 0.10445796
23101078470000, -0.0027488936, 0.025961773, 0.111177474
23101083482000, -0.0018325958, 0.03145956, 0.11148291
23101088457000, 0.0033597588, 0.024740042, 0.11636983
23101093474000, 3.0543262E-4, 0.016493361, 0.11301007
23101098431000, 0.002443461, 0.016493361, 0.11575896
23101103443000, -0.0061086523, 0.014049901, 0.12522738
23101108517000, 0.004276057, 0.01740966, 0.108123146
23101113508000, 0.004276057, 0.012217305, 0.11148291
23101118485000, -0.007941248, 0.008246681, 0.11026118
23101123456000, -0.004581489, 0.009773844, 0.11453723
23101128453000, 0.0012217305, 0.0033597588, 0.115453534
23101133473000, 0.014660766, -0.023823744, 0.1133155
23101138450000, 0.013439035, -0.023823744, 0.111177474
23101143996000, 0.01863139, -0.01863139, 0.095294975
23101148427000, 0.018020526, -0.017715093, 0.09193522
23101153383000, 0.012217305, -0.018936822, 0.07727446
23101158354000, -0.002443461, -0.03634648, 0.07941248
23101163355000, 0.0067195175, -0.07086037, 0.079107046
23101168360000, 0.013133603, -0.0720821, 0.07360926
23101173388000, 0.008246681, -0.09193522, 0.06658431
23101178363000, 0.01282817, -0.11056661, 0.069027774
23101183375000, 0.014049901, -0.124311075, 0.053145275
23101188410000, 0.012217305, -0.12064589, 0.05100725
23101193397000, 0.01160644, -0.112704635, 0.03970624
23101198368000, -9.162979E-4, -0.09987647, 0.038789943
23101203383000, 0.0027488936, -0.092240654, 0.03145956
23101208448000, -0.0027488936, -0.079107046, 0.02565634
23101213469000, -0.005497787, -0.07544186, 0.023823744
23101218414000, -0.004886922, -0.07238753, 0.017104227
23101223487000, -0.0106901415, -0.061086524, 0.01160644
23101228780000, -0.0067195175, -0.05681047, 0.009773844
23101233431000, -0.003970624, -0.04520403, 0.0061086523
23101238439000, -0.0018325958, -0.037873644, -0.0036651916
23101243478000, 0.0036651916, -0.04550946, 6.1086525E-4
23101248445000, -0.004581489, -0.05009095, -0.016187929
23101253504000, 0.0018325958, -0.058643065, -0.025350908
23101258752000, -0.0012217305, -0.0571159, -0.029626964
23101263474000, -0.005192355, -0.062002823, -0.03848451
23101268602000, -0.0027488936, -0.0693332, -0.04795292
23101273470000, -0.0033597588, -0.08093964, -0.05681047
23101278453000, -0.009773844, -0.09865474, -0.062002823
23101283433000, -0.011301007, -0.09682214, -0.063224554
23101288465000, -0.004276057, -0.09712757, -0.070554934
23101293448000, -0.005192355, -0.09560041, -0.0693332
23101298432000, -0.006414085, -0.07727446, -0.06536258
23101303466000, -0.006414085, -0.053450707, -0.054367006
23101308488000, -0.004276057, -0.03726278, -0.05497787
23101313483000, -0.024129177, -0.04184427, -0.05009095
23101318450000, -0.032070424, -0.061086524, -0.047036625
23101323481000, -0.017715093, -0.03268129, -0.03023783
23101328433000, 0.008552114, -0.015271631, -0.025350908
23101333474000, 0.05100725, 0.02107485, -0.02687807
23101338514000, 0.081855945, 0.05467244, -0.0033597588
23101343472000, 0.11881329, 0.06658431, 0.056199603
23101348431000, 0.16279559, 0.05467244, 0.12370021
23101353490000, 0.19272798, 0.046120327, 0.16982053
23101358553000, 0.15393804, -0.034513887, 0.17073683
23101363471000, 0.062308256, -0.12797627, 0.1328632
23101368528000, -0.0070249503, -0.17592919, 0.101098195
23101373530000, -0.052534413, -0.18936823, 0.061391957
23101378478000, -0.035430185, -0.1459968, 0.040317107
23101383467000, -0.02565634, -0.07696902, 0.032070424
23101388502000, -0.022907447, -0.03573562, 0.03359759
23101393475000, -0.036957346, -0.021380283, 0.035124753
23101398475000, -0.06047566, 0.0067195175, 0.02565634
23101403491000, -0.06658431, 0.03268129, 0.023823744
23101408607000, -0.06505715, 0.04795292, 0.027794369
23101413447000, -0.05375614, 0.05131268, 0.025961773
23101419162000, -0.051923547, 0.056505036, 0.02321288
23101423473000, -0.06505715, 0.059253927, 0.021991149
23101428472000, -0.071776666, 0.06994407, 0.015271631
23101433402000, -0.06505715, 0.06536258, 0.021991149
23101438509000, -0.051923547, 0.06780604, 0.031154128
23101443407000, -0.026267206, 0.049480084, 0.03848451
23101448429000, -0.02443461, 0.04184427, 0.042760566
23101453424000, -0.016493361, 0.043066, 0.04795292
23101458567000, -0.02107485, 0.04917465, 0.05497787
23101463438000, -0.03970624, 0.04337143, 0.043676864
23101468487000, -0.03359759, 0.05100725, 0.04550946
23101473482000, -0.032986723, 0.062002823, 0.031154128
23101478437000, -0.03481932, 0.059253927, 0.022907447
23101483440000, -0.03390302, 0.06872234, 0.014049901
23101488461000, -0.030848695, 0.0711658, 0.004886922
23101493454000, -0.022907447, 0.07666359, 0.0030543262
23101498431000, -0.026267206, 0.0842994, -0.0061086523
23101503588000, -0.028099801, 0.0888809, -0.009468411
23101508507000, -0.040317107, 0.090713486, -0.008246681
23101513459000, -0.040011674, 0.10170906, -0.003970624
23101518421000, -0.043066, 0.0983493, -0.0021380284
23101523505000, -0.04550946, 0.111177474, -0.002443461
23101528440000, -0.042455133, 0.11301007, 0.0067195175
23101533450000, -0.03268129, 0.11728613, 0.0143553335
23101538464000, -0.029932396, 0.106901415, 0.016187929
23101543485000, -0.03481932, 0.11026118, 0.017715093
23101548430000, -0.03359759, 0.09132435, 0.017715093
23101553431000, -0.025045475, 0.07147124, 0.019547688
23101558520000, -0.028099801, 0.048258353, 0.018020526
23101563434000, -0.027183503, 0.038789943, 0.034208454
23101568427000, -0.035124753, 0.018325957, 0.028099801
23101573449000, -0.02107485, 6.1086525E-4, 0.036957346
23101578438000, -0.022296581, -0.017104227, 0.03604105
23101583403000, -0.013439035, -0.0143553335, 0.04184427
23101588465000, -0.018020526, -0.019242255, 0.056505036
23101593418000, -0.03390302, -0.029626964, 0.074830994
23101598430000, -0.020463986, -0.024740042, 0.0842994
23101603426000, -0.025961773, -0.016187929, 0.10629055
23101608494000, -0.038179077, -0.01282817, 0.11789699
23101613409000, -0.038179077, -0.012217305, 0.11881329
23101619237000, -0.024129177, 0.007330383, 0.13622294
23101623469000, -0.015882496, 0.01160644, 0.1423316
23101628441000, -0.009773844, 0.010079277, 0.13775012
23101633418000, -0.0030543262, 0.010079277, 0.1386664
23101638463000, 0.0106901415, 0.007330383, 0.13347405
23101643437000, 0.020463986, -0.0018325958, 0.12950343
23101648427000, 0.032986723, 0.0061086523, 0.109650314
23101653447000, 0.035124753, -0.007941248, 0.10354166
23101658558000, 0.022602014, -0.013744468, 0.09865474
23101663428000, 0.015882496, -0.015882496, 0.086437434
23101668426000, 0.006414085, -0.016187929, 0.07147124
23101673511000, -0.0033597588, -0.015577064, 0.062308256
23101678435000, -0.023823744, -0.021685716, 0.051618114
23101683441000, -0.03390302, -0.029932396, 0.040317107
23101688461000, -0.032986723, -0.021685716, 0.032070424
23101693436000, -0.032986723, -0.011911872, 0.02443461
23101698426000, -0.03756821, -0.012217305, 0.0125227375
23101703443000, -0.027183503, -0.015882496, 0.0036651916
23101708594000, -0.02565634, -0.003970624, -0.0018325958
23101713466000, -0.024129177, 0.0076358155, -0.007941248
23101718464000, -0.004276057, 0.01038471, -0.008552114
23101723496000, 0.0027488936, 0.011301007, -0.022907447
23101728431000, 0.0027488936, 0.0061086523, -0.021685716
23101733423000, 0.008246681, 0.007941248, -0.025961773
23101738455000, 0.0036651916, 0.004886922, -0.043066
23101743443000, 0.008857546, -0.0033597588, -0.04917465
23101748426000, 0.005497787, -0.007941248, -0.063224554
23101753459000, -0.007330383, -0.013744468, -0.07941248
23101758548000, -0.008857546, -0.0067195175, -0.0870483
23101763427000, -0.022907447, 0.0027488936, -0.084910266
23101768425000, -0.025961773, 0.005192355, -0.09437868
23101773484000, -0.04734206, 0.008857546, -0.09743301
23101778430000, -0.04520403, 0.0036651916, -0.094989546
23101783423000, -0.043676864, 0.013439035, -0.099571034
23101788443000, -0.038789943, 0.01282817, -0.109650314
23101793441000, -0.027183503, 0.0125227375, -0.112399206
23101798424000, -0.017104227, 0.009773844, -0.11911872
23101803457000, -0.016187929, 0.006414085, -0.12492194
23101808482000, -0.005192355, -6.1086525E-4, -0.12644911
23101813432000, -0.007941248, 0.0012217305, -0.12705997
23101819986000, 0.010079277, -0.007941248, -0.13041973
23101823468000, 0.0061086523, -0.009773844, -0.13439035
23101828429000, 0.016493361, -0.013744468, -0.12705997
23101833470000, 0.014966198, -0.028099801, -0.13683382
23101838491000, 0.002443461, -0.04520403, -0.1255328
23101843476000, 0.00580322, -0.038179077, -0.13225232
23101848430000, -0.005192355, -0.047036625, -0.13072516
23101853453000, -0.005192355, -0.037873644, -0.13225232
23101858472000, -6.1086525E-4, -0.039095376, -0.12980886
23101863431000, -0.008552114, -0.034513887, -0.12644911
23101868427000, -0.015271631, -0.03481932, -0.12217305
23101873538000, -0.008857546, -0.03756821, -0.11301007
23101878403000, -0.008246681, -0.030543262, -0.10415252
23101883425000, 6.1086525E-4, -0.029321533, -0.0888809
23101888417000, -0.003970624, -0.03634648, -0.0842994
23101893442000, 0.004886922, -0.042455133, -0.074830994
23101898407000, 0.0076358155, -0.046731193, -0.070554934
23101903449000, 0.004581489, -0.05681047, -0.06383542
23101908494000, 0.009162978, -0.055588737, -0.05589417
23101913433000, 0.0061086523, -0.06383542, -0.05589417
23101918425000, 0.0018325958, -0.073303826, -0.043982297
23101923480000, 0.0143553335, -0.07238753, -0.040317107
23101928431000, 0.0143553335, -0.07788532, -0.032070424
23101933427000, 0.005497787, -0.07513642, -0.023518313
23101938452000, 0.0033597588, -0.08002335, -0.02107485
23101943441000, 0.0061086523, -0.077579886, -0.01863139
23101948447000, 0.0033597588, -0.07360926, -0.0125227375
23101953455000, 0.0033597588, -0.06658431, -0.010995574
23101958493000, -0.012217305, -0.061391957, -0.003970624
23101963431000, -0.006414085, -0.05497787, 0.011301007
23101968430000, 0.0021380284, -0.04428773, 0.016187929
23101973471000, -0.0021380284, -0.041233405, 0.018936822
23101978717000, -0.013439035, -0.040011674, 0.019242255
23101983424000, -0.009162978, -0.026267206, 0.0290161
23101988450000, -0.018325957, -0.02107485, 0.03848451
23101993443000, -0.015271631, -0.023823744, 0.03970624
23101998572000, -0.016798794, -0.01985312, 0.04062254
23102003455000, -0.023518313, -0.017104227, 0.04153884
23102008692000, -0.018325957, -0.012217305, 0.038179077
23102013432000, -0.024129177, -0.016493361, 0.040927973
23102020000000, -0.023518313, -9.162979E-4, 0.044898596
23102023508000, -0.024740042, -0.0030543262, 0.04550946
23102028437000, -0.028099801, -0.0033597588, 0.047647487
23102033428000, -0.022296581, 0.007941248, 0.050701816
23102038460000, -0.032375857, 0.0015271631, 0.049480084
23102043436000, -0.02687807, 0.011301007, 0.044593163
23102048431000, -0.035124753, 0.006414085, 0.045814894
23102053466000, -0.02321288, 0.015577064, 0.04550946
23102058513000, -0.024129177, 0.019242255, 0.046120327
23102063431000, -0.024740042, 0.025961773, 0.046731193
23102068432000, -0.03390302, 0.01740966, 0.049785517
23102073488000, -0.031154128, 0.020463986, 0.04917465
23102078439000, -0.021991149, 0.029626964, 0.043982297
23102083424000, -0.026267206, 0.028099801, 0.042760566
23102088457000, -0.024740042, 0.028710667, 0.040927973
23102093432000, -0.028710667, 0.027794369, 0.03604105
