#Rate of rotation around the x y z axes (Angular velocity).
#timestamp(ns),x,y,z(rad/s)
#Datetime: 18/05/2015 11:53:01
##########################################
#Activity: 8 - CSI - Car-Step in - 6s
#Subject ID: 54
#First Name: sub54
#Last Name: sub54
#Age: 27
#Height(cm): 164
#Weight(kg): 55
#Gender: Female
##########################################

@DATA
2282311967000, -0.005497787, -0.01282817, -0.0018325958
2282317023000, -0.009162978, -0.022602014, 3.0543262E-4
2282322062000, -0.01038471, -0.018020526, 0.002443461
2282327065000, -0.015577064, -0.021380283, 0.0033597588
2282331943000, -0.01863139, -0.03481932, 0.0027488936
2282337301000, -0.020463986, -0.038789943, 0.0076358155
2282341966000, -0.015577064, -0.0421497, 0.0076358155
2282346961000, -0.018936822, -0.03756821, 0.0030543262
2282351945000, -0.01160644, -0.04184427, 0.0070249503
2282356995000, -0.019242255, -0.04917465, 0.01282817
2282361973000, -0.01985312, -0.03970624, 0.013439035
2282366941000, -0.017715093, -0.03390302, 0.0106901415
2282373536000, -0.013133603, -0.026572637, 0.0143553335
2282376956000, -0.01740966, -0.03268129, 0.014660766
2282381952000, -0.013439035, -0.028099801, 0.016798794
2282386923000, -0.0143553335, -0.02443461, 0.0143553335
2282391926000, -0.010995574, -0.0143553335, 0.016798794
2282396923000, -0.018325957, -0.02076942, 0.01740966
2282401946000, -0.019547688, -0.021380283, 0.018020526
2282407294000, -0.021380283, -0.022907447, 0.016187929
2282411923000, -0.011301007, -0.018936822, 0.018020526
2282416916000, -0.017715093, -0.007330383, 0.016187929
2282421919000, -0.014049901, -0.014966198, 0.026267206
2282426928000, -0.021991149, -0.0076358155, 0.02076942
2282431933000, -0.0125227375, -0.012217305, 0.01985312
2282436916000, -0.014966198, -0.0061086523, 0.016187929
2282441955000, -0.021380283, 3.0543262E-4, 0.01863139
2282446963000, -0.008857546, -0.00580322, 0.0076358155
2282451904000, -0.017104227, -0.009468411, 0.017715093
2282456935000, -0.014966198, -0.0027488936, 0.02107485
2282461885000, -0.009468411, -0.0106901415, 0.020158553
2282466931000, -0.016798794, -0.0036651916, 0.015882496
2282471917000, -0.015577064, -0.005497787, 0.011301007
2282476980000, -9.162979E-4, -0.0027488936, 0.01038471
2282481855000, -0.014660766, 6.1086525E-4, 0.011911872
2282486910000, -0.020463986, -0.002443461, 0.004276057
2282491860000, -0.009468411, 0.005192355, 0.007330383
2282496922000, -0.014966198, 0.0027488936, 0.005192355
2282501934000, -0.004886922, 0.0030543262, 0.0036651916
2282506979000, -0.0021380284, 0.009773844, 0.002443461
2282511958000, -0.017715093, 0.0030543262, 0.0070249503
2282516928000, -0.002443461, 0.009773844, 0.005497787
2282522495000, -0.010079277, 0.009162978, 0.003970624
2282526925000, -0.01160644, 0.006414085, 0.004276057
2282532198000, -0.010995574, 0.0076358155, 0.0015271631
2282536911000, -0.0106901415, 0.0021380284, 0.0033597588
2282541924000, -0.010995574, 0.003970624, 0.005497787
2282546909000, -0.021991149, 0.004276057, 0.004276057
2282551897000, -0.014966198, 0.004276057, 0.013133603
2282556998000, -0.021991149, 6.1086525E-4, 0.013133603
2282561960000, -0.01038471, 3.0543262E-4, 0.01038471
2282566948000, -0.013133603, 0.0036651916, 0.009468411
2282573827000, -0.01282817, -0.0070249503, 0.012217305
2282576969000, -0.01038471, -0.008246681, 0.011911872
2282581857000, -0.013133603, -0.004581489, 0.013439035
2282586959000, -0.0143553335, 9.162979E-4, 0.0106901415
2282592673000, -0.015271631, -0.00580322, 0.008857546
2282596953000, -0.011911872, -0.006414085, 0.012217305
2282601948000, -0.021685716, -0.004276057, 0.016493361
2282607051000, -0.026267206, -0.007330383, 0.01038471
2282611962000, -0.014660766, -0.004276057, 0.014966198
2282616914000, -0.023518313, -0.005497787, 0.008246681
2282622019000, -0.016493361, 0.0012217305, 0.012217305
2282627035000, -0.020158553, -0.0033597588, 0.0143553335
2282631943000, -0.025045475, -0.0070249503, 0.0070249503
2282636952000, -0.022907447, 0.004886922, 0.01038471
2282641973000, -0.015882496, -6.1086525E-4, 0.004886922
2282646957000, -0.02321288, -0.007330383, 0.009162978
2282651950000, -0.021991149, 0.0076358155, 0.007330383
2282656971000, -0.028405234, 0.018936822, 0.017715093
2282662257000, -0.021685716, 0.02321288, 0.008857546
2282666973000, -0.034208454, 0.021380283, 0.009773844
2282672075000, -0.034208454, 0.03176499, 0.021380283
2282677035000, -0.024740042, 0.03970624, 0.022602014
2282681967000, -0.028710667, 0.034513887, 0.018020526
2282686928000, -0.023823744, 0.036957346, 0.026572637
2282691935000, -0.026267206, 0.04184427, 0.028710667
2282696890000, -0.03176499, 0.03970624, 0.023823744
2282701931000, -0.029626964, 0.032070424, 0.03573562
2282706919000, -0.03268129, 0.039095376, 0.033292156
2282711964000, -0.028099801, 0.043982297, 0.041233405
2282716890000, -0.03634648, 0.046731193, 0.04917465
2282722024000, -0.03756821, 0.040927973, 0.05009095
2282726855000, -0.049785517, 0.043676864, 0.05100725
2282732220000, -0.055588737, 0.044593163, 0.060170226
2282736871000, -0.067500606, 0.042760566, 0.065973446
2282741966000, -0.084910266, 0.032070424, 0.07666359
2282746878000, -0.101098195, 0.036651913, 0.08155051
2282751920000, -0.112704635, 0.031154128, 0.0842994
2282757520000, -0.13133603, 0.03970624, 0.08307768
2282761962000, -0.13469578, 0.04428773, 0.089491755
2282766955000, -0.14508049, 0.058948494, 0.090713486
2282772047000, -0.14385876, 0.07391469, 0.09896017
2282777048000, -0.15088372, 0.086437434, 0.10354166
2282781968000, -0.14813483, 0.094989546, 0.10934488
2282787250000, -0.13347405, 0.100792766, 0.113926366
2282791961000, -0.13652839, 0.10751228, 0.1282817
2282796932000, -0.13897185, 0.100792766, 0.13469578
2282802002000, -0.13897185, 0.081855945, 0.14966199
2282806971000, -0.15118915, 0.06169739, 0.1591304
2282811960000, -0.15760323, 0.06688975, 0.1777618
2282816879000, -0.15790866, 0.051923547, 0.18570304
2282822065000, -0.16126843, 0.05100725, 0.18081611
2282826866000, -0.16462818, 0.055283304, 0.20555615
2282831933000, -0.18203785, 0.042760566, 0.20922135
2282836887000, -0.17989981, 0.028405234, 0.21074851
2282841927000, -0.18600847, 0.025045475, 0.21105394
2282846896000, -0.20555615, 0.014966198, 0.21838433
2282851952000, -0.20158553, 0.004276057, 0.22418754
2282857015000, -0.21624629, 0.0033597588, 0.22235495
2282861968000, -0.2125811, -0.004276057, 0.21655174
2282866970000, -0.2144137, -0.018020526, 0.21930063
2282872021000, -0.21777347, -0.020158553, 0.2275473
2282876960000, -0.2180789, -0.034513887, 0.22571471
2282881927000, -0.22388211, -0.028405234, 0.22449298
2282886990000, -0.23854288, -0.03848451, 0.22266038
2282891951000, -0.25381452, -0.0421497, 0.22327125
2282896926000, -0.26053402, -0.051923547, 0.22571471
2282901956000, -0.24923302, -0.054367006, 0.226631
2282906995000, -0.25809056, -0.052839845, 0.22479841
2282911811000, -0.2510656, -0.03848451, 0.22143865
2282917191000, -0.25992316, -0.032986723, 0.22235495
2282921854000, -0.25259277, -0.027488936, 0.22113322
2282926866000, -0.23579398, -0.026267206, 0.22082779
2282931823000, -0.23548855, -0.008857546, 0.22174409
2282936876000, -0.22021692, -0.0070249503, 0.2144137
2282941831000, -0.20708331, -0.0018325958, 0.22266038
2282946874000, -0.19608775, 3.0543262E-4, 0.22449298
2282951896000, -0.1863139, 0.0076358155, 0.22418754
2282956963000, -0.17073683, 0.013439035, 0.22296582
2282961941000, -0.16310102, 0.008857546, 0.22296582
2282966951000, -0.1469131, 0.020158553, 0.22937989
2282972199000, -0.1337795, 0.030543262, 0.22388211
2282976939000, -0.13072516, 0.0421497, 0.21960606
2282981920000, -0.12675454, 0.04428773, 0.22052236
2282987344000, -0.106901415, 0.04795292, 0.22204952
2282991959000, -0.09865474, 0.047647487, 0.2134974
2282996894000, -0.09132435, 0.05131268, 0.20769419
2283001885000, -0.08460484, 0.045814894, 0.204029
2283006959000, -0.08735373, 0.03573562, 0.20586158
2283012298000, -0.08093964, 0.036957346, 0.20861048
2283016939000, -0.064751714, 0.03848451, 0.21563543
2283021927000, -0.054367006, 0.06047566, 0.21105394
2283026964000, -0.029321533, 0.0720821, 0.21685717
2283031861000, -0.0018325958, 0.09315695, 0.21991149
2283036911000, 0.021380283, 0.10873401, 0.2134974
2283041871000, 0.036957346, 0.124005646, 0.2180789
2283046887000, 0.03176499, 0.13988814, 0.2171626
2283051871000, 0.030543262, 0.13988814, 0.21074851
2283057069000, 0.025045475, 0.13652839, 0.19608775
2283061864000, 0.029932396, 0.124005646, 0.1994475
2283066902000, 0.032375857, 0.10170906, 0.19486602
2283071862000, 0.042760566, 0.061086524, 0.20005837
2283076894000, 0.040317107, 0.03023783, 0.20616703
2283081920000, 0.053145275, 0.0033597588, 0.22602014
2283086901000, 0.069027774, -0.008552114, 0.23243423
2283091893000, 0.0852157, -0.035124753, 0.23701571
2283096923000, 0.08399397, -0.06383542, 0.24678956
2283101902000, 0.07544186, -0.096516706, 0.24312437
2283106864000, 0.08246681, -0.1282817, 0.23365596
2283111824000, 0.07819075, -0.17531833, 0.21868975
2283116839000, 0.0711658, -0.21166481, 0.19394971
2283121887000, 0.04886922, -0.267559, 0.18325958
2283126834000, 0.025045475, -0.30879238, 0.16615535
2283131848000, -0.0067195175, -0.34116822, 0.15057829
2283136852000, -0.015577064, -0.37812558, 0.14905111
2283141846000, -0.02687807, -0.3848451, 0.14813483
2283146840000, -0.02687807, -0.3885103, 0.15149458
2283151899000, -0.0290161, -0.39003745, 0.14905111
2283156928000, -0.027488936, -0.4007276, 0.12461651
2283161928000, -0.03726278, -0.39614612, 0.10995574
2283166930000, -0.05681047, -0.38728857, 0.10720685
2283171962000, -0.083383106, -0.38087448, 0.10781772
2283176933000, -0.08002335, -0.37965274, 0.10720685
2283181919000, -0.07819075, -0.3631594, 0.0983493
2283186911000, -0.058643065, -0.35460728, 0.11026118
2283191928000, -0.057726767, -0.3371976, 0.11148291
2283196943000, -0.029626964, -0.30543262, 0.110872045
2283201903000, -0.013133603, -0.29168814, 0.11148291
2283206943000, 0.024740042, -0.2660318, 0.10354166
2283211929000, 0.049480084, -0.23243423, 0.093767814
2283216939000, 0.062002823, -0.20891592, 0.08124508
2283221933000, 0.08032878, -0.16737708, 0.06780604
2283226923000, 0.10140363, -0.10445796, 0.06047566
2283231923000, 0.109650314, -0.06414085, 0.03359759
2283236897000, 0.105374254, -0.014660766, 0.011301007
2283242595000, 0.112704635, 0.029626964, -0.010079277
2283246959000, 0.12186762, 0.05375614, -0.026572637
2283251950000, 0.1142318, 0.102319926, -0.038789943
2283256901000, 0.12370021, 0.16432275, -0.052839845
2283261965000, 0.13316862, 0.23762658, -0.064446285
2283266969000, 0.13255776, 0.3005457, -0.086437434
2283271975000, 0.14446963, 0.38423425, -0.08552113
2283276910000, 0.14782938, 0.45875978, -0.102319926
2283281964000, 0.15332718, 0.5335908, -0.098043874
2283286867000, 0.15851954, 0.5867361, -0.08735373
2283291974000, 0.16523905, 0.6356053, -0.06963864
2283296853000, 0.17501289, 0.67103547, -0.043676864
2283301948000, 0.21013765, 0.6979135, -0.009468411
2283306948000, 0.23854288, 0.72173727, 0.032986723
2283312607000, 0.2773328, 0.7144069, 0.07238753
2283316901000, 0.31337386, 0.70738196, 0.10903945
2283322058000, 0.33383787, 0.6921103, 0.14508049
2283326890000, 0.3567453, 0.64660084, 0.17104226
2283331940000, 0.3652974, 0.58368176, 0.20830505
2283337337000, 0.3631594, 0.51251596, 0.23579398
2283341964000, 0.3549127, 0.46181414, 0.2565634
2283346934000, 0.32559118, 0.4098906, 0.26450464
2283351947000, 0.3036, 0.29626966, 0.2843578
2283356949000, 0.26267207, 0.17806722, 0.29871312
2283361963000, 0.2321288, 0.07971791, 0.31764993
2283366941000, 0.1872302, -0.015577064, 0.32406402
2283371914000, 0.15302174, -0.08552113, 0.3472769
2283376942000, 0.122478485, -0.18387043, 0.35613444
2283382079000, 0.0852157, -0.26267207, 0.3735441
2283387001000, 0.035430185, -0.30940324, 0.37904188
2283391938000, 0.011301007, -0.34055737, 0.38453966
2283397124000, 0.011911872, -0.39400807, 0.38698313
2283401898000, -0.015577064, -0.41691554, 0.38728857
2283407287000, -0.038789943, -0.44318274, 0.39553526
2283411929000, -0.06780604, -0.44898596, 0.41447207
2283416925000, -0.06566802, -0.44073927, 0.42058071
2283421933000, -0.060170226, -0.43554693, 0.43096542
2283426881000, -0.06780604, -0.4111123, 0.43493605
2283431924000, -0.056505036, -0.38423425, 0.41172317
2283436962000, -0.052839845, -0.3399465, 0.4343252
2283441975000, -0.03726278, -0.31398472, 0.44776422
2283446920000, -0.0125227375, -0.2733622, 0.46517387
2283451958000, -0.021380283, -0.27885997, 0.5186246
2283457069000, -0.020463986, -0.26816985, 0.57787853
2283461963000, -0.033292156, -0.26328292, 0.59986967
2283466994000, -0.03481932, -0.25778514, 0.6068946
2283472007000, -0.049480084, -0.2565634, 0.6010914
2283476999000, -0.059864793, -0.2611449, 0.5873469
2283481956000, -0.07971791, -0.2706133, 0.6203337
2283486917000, -0.09040806, -0.2782491, 0.67011917
2283491939000, -0.054061573, -0.29138273, 0.6609562
2283496924000, -0.09040806, -0.32711834, 0.659429
2283501900000, -0.113926366, -0.33658674, 0.6597345
2283506952000, -0.113926366, -0.32498032, 0.6536258
2283511961000, -0.11942416, -0.3313944, 0.65209866
2283516971000, -0.10629055, -0.35063666, 0.63407815
2283522011000, -0.10170906, -0.38423425, 0.6093381
2283526964000, -0.09896017, -0.3866777, 0.58368176
2283531921000, -0.10048734, -0.43768495, 0.5757405
2283536954000, -0.04734206, -0.37140608, 0.50732356
2283541967000, -0.077579886, -0.37048978, 0.52595496
2283546973000, -0.06811147, -0.4098906, 0.5296202
2283551889000, -0.03634648, -0.39553526, 0.5222898
2283556939000, -0.0290161, -0.39920044, 0.5137377
2283561851000, -0.008552114, -0.42424592, 0.5030475
2283567752000, -0.0033597588, -0.44318274, 0.4822781
2283571906000, 0.02107485, -0.46303585, 0.47494772
2283576961000, 0.03481932, -0.48380527, 0.45448375
2283581979000, 0.05100725, -0.49480084, 0.43676865
2283586904000, 0.061086524, -0.4859433, 0.3903429
2283591896000, 0.06841691, -0.50885075, 0.36896262
2283596921000, 0.08093964, -0.4999932, 0.36743546
2283601884000, 0.06658431, -0.5180137, 0.35277468
2283606947000, 0.07788532, -0.48166725, 0.33414328
2283611899000, 0.07971791, -0.46303585, 0.30634892
2283616960000, 0.081855945, -0.42455134, 0.2779437
2283621969000, 0.07269296, -0.40103304, 0.24129178
2283626923000, 0.06078109, -0.3622431, 0.13927728
2283631918000, 0.04184427, -0.3494149, 0.1020145
2283637760000, 0.062002823, -0.35827246, 0.111177474
2283641922000, 0.036957346, -0.38728857, 0.12034045
2283646911000, 0.036651913, -0.3830125, 0.11911872
2283651967000, 0.027183503, -0.4288274, 0.10293079
2283656957000, 0.005497787, -0.44226643, 0.08002335
2283661957000, -0.007941248, -0.46273044, 0.06291912
2283666977000, -0.014660766, -0.47678033, 0.04734206
2283671973000, -0.025045475, -0.48747048, 0.017715093
2283676905000, -0.038789943, -0.4746423, -0.016798794
2283681925000, -0.044593163, -0.4550946, -0.057421334
2283686950000, -0.04642576, -0.46822822, -0.14080444
2283692028000, -0.06688975, -0.505491, -0.1423316
2283696945000, -0.07666359, -0.5149594, -0.13103059
2283702054000, -0.09254608, -0.516792, -0.13561209
2283707258000, -0.09285152, -0.52106804, -0.15302174
2283711842000, -0.108123146, -0.54092115, -0.17134771
2283716838000, -0.13683382, -0.57879484, -0.19456059
2283721927000, -0.16371189, -0.61422503, -0.21074851
2283726848000, -0.1863139, -0.64599, -0.2321288
2283731830000, -0.20433442, -0.6621779, -0.2507602
2283736864000, -0.2312125, -0.70463306, -0.26328292
2283741833000, -0.23854288, -0.7528914, -0.30970868
2283746831000, -0.27397305, -0.81214535, -0.36132678
2283751837000, -0.30604348, -0.8588765, -0.376293
2283756876000, -0.33475417, -0.93187493, -0.37995818
2283761832000, -0.33414328, -0.98532563, -0.36651915
2283766839000, -0.34574974, -1.0103711, -0.33658674
2283771985000, -0.364992, -1.0409144, -0.34697145
2283776833000, -0.34880406, -1.087951, -0.3640757
2283781845000, -0.35918877, -1.1337659, -0.38026363
2283786858000, -0.39095375, -1.1948525, -0.4025602
2283791846000, -0.4111123, -1.2296717, -0.43676865
2283796847000, -0.46944994, -1.2739595, -0.4541783
2283801833000, -0.49968776, -1.3176364, -0.4801401
2283806868000, -0.5308419, -1.3701707, -0.53023106
2283811864000, -0.5720753, -1.4202617, -0.55863625
2283816865000, -0.5879578, -1.4697418, -0.5525276
2283821894000, -0.57848936, -1.5302174, -0.5195409
2283826866000, -0.58093286, -1.5677856, -0.49541172
2283831841000, -0.59131753, -1.5787812, -0.47647488
2283836900000, -0.59895337, -1.5867225, -0.47616947
2283841861000, -0.6020077, -1.6001616, -0.46670106
2283846871000, -0.6160576, -1.6288722, -0.47158796
2283851856000, -0.6020077, -1.6526959, -0.46975538
2283856868000, -0.59773165, -1.6685784, -0.47311515
2283861862000, -0.6010914, -1.6924021, -0.49266282
2283866863000, -0.59742624, -1.713477, -0.5006041
2283871891000, -0.6102544, -1.7314975, -0.5345071
2283876958000, -0.6224717, -1.7632625, -0.55955255
2283881947000, -0.6291912, -1.7950275, -0.55680364
2283886963000, -0.64751714, -1.8173242, -0.5448918
2283892771000, -0.64996064, -1.8133535, -0.5516113
2283896961000, -0.66981375, -1.7928895, -0.548557
2283901922000, -0.6737844, -1.7595973, -0.54428095
2283907001000, -0.66614854, -1.724778, -0.52931476
2283911920000, -0.6404922, -1.676825, -0.52290064
2283917019000, -0.6230826, -1.6267341, -0.5152648
2283921920000, -0.5907067, -1.5867225, -0.52870387
2283926967000, -0.56779927, -1.5289958, -0.5299256
2283931860000, -0.54367006, -1.4966198, -0.5314528
2283936949000, -0.54275376, -1.4385877, -0.5222898
2283941939000, -0.50915617, -1.3799446, -0.50518554
2283946958000, -0.4718934, -1.3439035, -0.5039638
2283951935000, -0.4352415, -1.2999213, -0.49602258
2283956975000, -0.4098906, -1.2751812, -0.49113566
2283962732000, -0.40683624, -1.2638801, -0.47983465
2283967017000, -0.40133846, -1.244027, -0.47769663
2283971926000, -0.44012842, -1.2336423, -0.48808134
2283976961000, -0.47128254, -1.2342533, -0.51007247
2283981960000, -0.5519168, -1.2473868, -0.53969944
2283986938000, -0.63071835, -1.2754866, -0.5216789
2283991969000, -0.68539083, -1.2757921, -0.4972443
2283996939000, -0.7510588, -1.2385293, -0.46089783
2284001936000, -0.84574294, -1.2076806, -0.4016439
2284006948000, -0.95081174, -1.0818423, -0.35308012
2284011967000, -1.0296134, -1.0571023, -0.30085114
2284016866000, -1.1026118, -1.0418307, -0.2049453
2284021984000, -1.1178834, -0.98532563, -0.0983493
2284026854000, -1.1282681, -0.95356065, -0.010995574
2284032630000, -1.1255192, -0.78984874, 0.061391957
2284036884000, -1.131017, -0.7107417, 0.08307768
2284041899000, -1.1255192, -0.5375614, 0.13469578
2284046868000, -1.1273518, -0.37384954, 0.17195857
2284051958000, -1.1398746, -0.2782491, 0.15974127
2284056941000, -1.1633929, -0.19486602, 0.11789699
2284061942000, -1.2104294, -0.20158553, 0.009773844
2284066938000, -1.1896601, -0.2846632, -0.118507855
2284071953000, -1.108415, -0.36713, -0.25900686
2284076924000, -1.0118983, -0.41080686, -0.3839288
2284081975000, -0.9486737, -0.47158796, -0.46273044
2284086888000, -0.85918194, -0.5647449, -0.4972443
2284091934000, -0.77457714, -0.66950834, -0.52412236
2284096859000, -0.6973027, -0.87017757, -0.58093286
2284101900000, -0.65668017, -1.1050552, -0.5919284
2284106960000, -0.6017023, -1.3069462, -0.46853364
2284111954000, -0.47739118, -1.4217888, -0.3304781
2284116896000, -0.36987892, -1.5283848, -0.22266038
2284121992000, -0.32742378, -1.6001616, -0.100792766
2284126920000, -0.29168814, -1.600467, 0.056505036
2284131936000, -0.28221974, -1.5296066, 0.13744467
2284136960000, -0.2883284, -1.4129313, 0.269697
2284141968000, -0.32895094, -1.20371, 0.32589662
2284146982000, -0.48197266, -1.1044444, 0.19211712
2284151959000, -0.5842926, -1.1691961, 0.1459968
2284157028000, -0.31490102, -0.9642508, 0.226631
2284161962000, -0.23915374, -0.766025, 0.23793201
2284166990000, -0.23732115, -0.6423248, 0.2180789
2284171917000, -0.24770586, -0.54183745, 0.15210545
2284176979000, -0.28619036, -0.44715336, 0.06536258
2284181940000, -0.33108896, -0.29260445, -0.008246681
2284186968000, -0.38789943, -0.15821409, -0.109650314
2284191966000, -0.44318274, -0.053145275, -0.17715092
2284196960000, -0.4804455, 0.021380283, -0.19792034
2284201924000, -0.4813618, 0.07819075, -0.20586158
2284206979000, -0.50243664, 0.17715092, -0.27214047
2284212005000, -0.49754974, 0.124005646, -0.26633725
2284216967000, -0.5360342, 0.093462385, -0.2003638
2284221968000, -0.5558874, 0.09896017, -0.12736541
2284226948000, -0.559858, 0.10293079, -0.062002823
2284231918000, -0.56138515, 0.09132435, -0.0290161
2284236955000, -0.5674938, 0.111177474, 0.02565634
2284241959000, -0.57787853, 0.14966199, 0.04917465
2284246959000, -0.58246, 0.17348573, 0.004276057
2284252628000, -0.5992588, 0.17715092, -0.05375614
2284257015000, -0.6249151, 0.30115658, -0.10720685
2284261954000, -0.6065892, 0.25961772, -0.12461651
2284266961000, -0.64812803, 0.24862215, -0.12889257
2284271929000, -0.6774496, 0.26053402, -0.14630222
2284276967000, -0.7134906, 0.27580565, -0.16584991
2284281902000, -0.75777835, 0.28955013, -0.183565
2284287118000, -0.79045963, 0.36010507, -0.21166481
2284291856000, -0.7996226, 0.3652974, -0.20066923
2284296946000, -0.8350528, 0.3640757, -0.14782938
2284301870000, -0.8445212, 0.408058, -0.08277224
2284306964000, -0.8237518, 0.45845437, -0.013439035
2284311863000, -0.795652, 0.48899764, 0.04886922
2284316914000, -0.7834347, 0.52564955, 0.10048734
2284322698000, -0.782213, 0.5540548, 0.14782938
2284326923000, -0.79076505, 0.5742133, 0.16157386
2284331856000, -0.79351395, 0.6356053, 0.1731803
2284336956000, -0.7993172, 0.6747007, 0.16523905
2284341908000, -0.81153446, 0.8304713, 0.12095132
2284346958000, -0.79534656, 0.77457714, 0.07849618
2284351940000, -0.81581056, 0.6960809, 0.04734206
2284357085000, -0.82833326, 0.67347896, 0.017715093
2284361862000, -0.8353582, 0.6267477, -0.034513887
2284366940000, -0.8374963, 0.6603453, -0.08857546
2284371921000, -0.82802784, 0.58276546, -0.12797627
2284376960000, -0.8405506, 0.47128254, -0.06383542
2284381963000, -0.8549059, 0.37904188, -0.0580322
2284386942000, -0.81031275, 0.2611449, -0.11209377
2284392476000, -0.81153446, 0.15943582, -0.10170906
2284396954000, -0.8481864, 0.100792766, -0.077579886
2284401934000, -0.8671232, 0.045814894, -0.05222898
2284407008000, -0.890947, 0.011301007, -0.03390302
2284411945000, -0.9245446, 0.012217305, -0.018936822
2284416964000, -0.95356065, 0.027794369, -0.044593163
2284421998000, -0.96944314, 0.04642576, -0.05681047
2284426945000, -0.979217, 0.093767814, -0.06963864
2284431937000, -0.9761627, 0.1432479, -0.09468412
2284436899000, -1.001819, 0.20005837, -0.10903945
2284441965000, -1.0506883, 0.25045475, -0.14263703
2284446902000, -1.1129965, 0.3378085, -0.111177474
2284451945000, -1.1087204, 0.47342056, -0.14721853
2284456897000, -1.1630874, 0.48441613, -0.16890424
2284462087000, -1.2024882, 0.4633413, -0.24648413
2284466853000, -1.2675453, 0.4746423, -0.24740042
2284471939000, -1.3310753, 0.4578435, -0.2556471
2284476867000, -1.4019357, 0.43127087, -0.26450464
2284481922000, -1.4672983, 0.38637227, -0.28313604
2284486889000, -1.5332718, 0.37232238, -0.37782016
2284491931000, -1.559539, 0.26511553, -0.36957347
2284496888000, -1.6142114, 0.22724187, -0.37507126
2284501901000, -1.6572775, 0.2134974, -0.37720928
2284507001000, -1.6951511, 0.26358834, -0.3463606
2284511948000, -1.700038, 0.33261612, -0.35094208
2284517264000, -1.7040086, 0.36468655, -0.2855795
2284521934000, -1.7030923, 0.39492437, -0.2565634
2284526905000, -1.6994271, 0.4334089, -0.23762658
2284531926000, -1.68385, 0.47342056, -0.20677789
2284536919000, -1.6801848, 0.47861293, -0.1704314
2284541930000, -1.6942347, 0.4914411, -0.1872302
2284546932000, -1.6982054, 0.528093, -0.13530666
2284551913000, -1.7434094, 0.4654793, -0.011301007
2284557007000, -1.7559321, 0.24831672, -0.06719518
2284561927000, -1.8173242, 0.023518313, -0.08460484
2284567168000, -1.9098701, -0.10751228, 0.00580322
2284573615000, -1.9877555, -0.3436117, 0.13164146
2284577734000, -2.058005, -0.41172317, 0.16493362
2284581923000, -2.0842721, -0.57635134, 0.19608775
2284586914000, -2.1148155, -0.68752885, 0.19456059
2284591930000, -2.1401663, -0.7874053, 0.29168814
2284596880000, -2.1410828, -0.8677341, 0.3436117
2284601914000, -2.132225, -0.95447695, 0.38148534
2284606894000, -2.1572707, -1.0027353, 0.40775254
2284611919000, -2.196977, -1.047023, 0.4813618
2284616858000, -2.2266037, -1.0650436, 0.52534413
2284621917000, -2.2418754, -1.0916162, 0.5338962
2284626863000, -2.2574525, -1.0946705, 0.58276546
2284631940000, -2.2369885, -1.0720685, 0.6386596
2284636899000, -2.1835377, -1.0629056, 0.68477994
2284641943000, -2.107485, -1.0097603, 0.7302894
2284646874000, -2.024102, -0.9456194, 0.7644979
2284651930000, -1.9358319, -0.9193522, 0.8038987
2284656937000, -1.8530598, -0.77549344, 0.8573494
2284661927000, -1.7745636, -0.6010914, 0.87017757
2284666874000, -1.7110336, -0.5299256, 0.89949906
2284671945000, -1.6826283, -0.5335908, 0.9963212
2284676910000, -1.67316, -0.6178902, 1.0497719
2284682034000, -1.6820174, -0.5555819, 1.1166617
2284686918000, -1.6649132, -0.6264423, 1.1527027
2284691934000, -1.68385, -0.7153232, 1.1563679
2284696930000, -1.6991217, -0.77579886, 1.2370021
2284701924000, -1.7095064, -0.80756384, 1.3243558
2284706970000, -1.6801848, -0.8151997, 1.2800682
2284711922000, -1.6633861, -0.8396343, 1.2449434
2284717518000, -1.6288722, -0.8668178, 1.2935071
2284721959000, -1.6001616, -0.8576548, 1.3029755
2284726927000, -1.5778649, -0.8219192, 1.2754866
2284731921000, -1.5622878, -0.8072584, 1.2421945
2284736903000, -1.5451837, -0.79045963, 1.2950343
2284741921000, -1.5601498, -0.8219192, 1.2605205
2284746970000, -1.5891659, -0.75136423, 1.2470814
2284751967000, -1.6520851, -0.77213365, 1.3396275
2284756990000, -1.7482964, -0.8011498, 1.3203852
2284761943000, -1.8832976, -0.88208944, 1.382999
2284766900000, -2.0103576, -0.95325524, 1.4660766
2284771919000, -2.2052236, -1.0277808, 1.5454891
2284776975000, -2.3878722, -1.03786, 1.5861117
2284781940000, -2.557082, -0.9984592, 1.527774
2284786920000, -2.641992, -0.8445212, 1.6022996
2284791945000, -2.552806, -0.6261369, 1.5968018
2284796975000, -2.3738225, -0.44776422, 1.4544702
2284801877000, -2.1371121, -0.30757064, 1.2986995
2284806891000, -1.8939877, -0.2180789, 1.2043208
2284811787000, -1.6383406, -0.17440203, 1.1835514
2284816865000, -1.5399913, -0.10751228, 1.162782
2284821811000, -1.3906348, -0.11789699, 1.1209377
2284826867000, -1.2690725, -0.12705997, 1.0659598
2284831799000, -1.1869112, -0.14172074, 1.0195341
2284836880000, -1.1059716, -0.17654006, 1.0283916
2284841851000, -1.0852021, -0.18692477, 0.93431836
2284846868000, -1.0506883, -0.15393804, 0.73548174
2284851822000, -1.0079277, -0.10476339, 0.5491679
2284857036000, -0.95203346, -0.0842994, 0.41416663
2284861950000, -0.895223, -0.025350908, 0.37751472
2284866924000, -0.8549059, 0.007941248, 0.37904188
2284871933000, -0.8491027, 0.01160644, 0.41233405
2284876889000, -0.8582657, 0.037873644, 0.46792278
2284882015000, -0.872621, 0.08124508, 0.535118
2284886913000, -0.8848383, 0.16523905, 0.6310238
2284892143000, -0.89736104, 0.23884831, 0.7870999
2284896924000, -0.8732319, 0.3735441, 1.029308
2284902204000, -0.86651236, 0.364992, 1.0512991
2284906960000, -0.8362745, 0.35277468, 1.07665
2284912243000, -0.81581056, 0.36957347, 1.1392636
2284916921000, -0.82802784, 0.36346483, 1.138042
2284921943000, -0.8246681, 0.38973203, 1.0332786
2284926932000, -0.84299403, 0.38637227, 1.0253373
2284931868000, -0.9086621, 0.39584067, 1.138042
2284936976000, -0.9550878, 0.3830125, 1.3625349
2284941865000, -0.93431836, 0.43676865, 1.5635096
2284946922000, -0.89552844, 0.49174652, 1.6307048
2284951879000, -0.8558222, 0.50335294, 1.6227635
2284957022000, -0.82772243, 0.5555819, 1.3805555
2284961859000, -0.80848014, 0.5500842, 1.0320568
2284966958000, -0.82924956, 0.49021935, 0.9669997
2284971956000, -0.91354895, 0.4905248, 1.0931433
2284976974000, -0.9334021, 0.5009095, 1.2455542
2284981949000, -0.91690874, 0.5158757, 1.3729197
2284986954000, -0.88300574, 0.70554936, 1.6227635
2284991942000, -0.8167268, 0.75716746, 1.7220291
2284996949000, -0.7648033, 0.7076874, 1.6566665
2285001952000, -0.75716746, 0.68294734, 1.6050484
2285007226000, -0.76083267, 0.6918049, 1.5839735
2285011978000, -0.75686204, 0.70554936, 1.5760323
2285016943000, -0.7476991, 0.7254025, 1.5604553
2285022008000, -0.73853606, 0.745561, 1.4892895
2285026966000, -0.7254025, 0.76083267, 1.348485
2285031938000, -0.7189884, 0.754724, 1.4312572
2285036908000, -0.732122, 0.8020661, 1.6209309
2285042576000, -0.70554936, 0.82344633, 1.6991217
2285046881000, -0.68569624, 0.8304713, 1.713477
2285051892000, -0.66523224, 0.8304713, 1.6887369
2285056890000, -0.6646214, 0.8481864, 1.6917913
2285061880000, -0.66339964, 0.8622363, 1.6988163
2285066886000, -0.6432411, 0.890947, 1.6701056
2285071890000, -0.6243043, 0.8949176, 1.6282613
2285076883000, -0.5910121, 0.8940013, 1.6056592
2285081883000, -0.5522222, 0.91232723, 1.6013832
2285086896000, -0.5183192, 0.91996306, 1.613906
2285096922000, -0.44257188, 0.8552113, 1.6142114
2285101913000, -0.42424592, 0.8323039, 1.6010778
2285107016000, -0.3933972, 0.81489426, 1.5946637
2285111842000, -0.38362336, 0.77396625, 1.5879441
2285116834000, -0.3857614, 0.72112644, 1.597718
2285121875000, -0.41172317, 0.6921103, 1.6022996
2285126825000, -0.4166101, 0.6569856, 1.5922203
2285131838000, -0.41416663, 0.625526, 1.5909985
2285136814000, -0.39553526, 0.5867361, 1.5833627
2285141854000, -0.39461896, 0.552833, 1.5861117
2285146796000, -0.38148534, 0.5164866, 1.5888605
2285151943000, -0.37048978, 0.4905248, 1.5974126
2285156915000, -0.36865717, 0.46609017, 1.600467
2285161956000, -0.33750305, 0.4437936, 1.6062702
2285166852000, -0.32406402, 0.44348818, 1.6313156
2285173487000, -0.3118467, 0.45448375, 1.6905695
2285176931000, -0.27855456, 0.47800204, 1.7660115
2285181969000, -0.23457226, 0.54641896, 1.8558086
2285186915000, -0.1731803, 0.6200282, 1.9672915
2285191940000, -0.11789699, 0.6918049, 2.0766363
2285196928000, -0.06627888, 0.7348709, 2.200642
2285201927000, -0.004276057, 0.77854776, 2.3081543
2285206988000, 0.047036625, 0.8170323, 2.3973405
2285211907000, 0.06414085, 0.81031275, 2.4397957
2285216901000, 0.08674286, 0.7501425, 2.479502
2285221961000, 0.08827003, 0.68294734, 2.4700336
2285226890000, 0.095294975, 0.6401868, 2.389705
2285231923000, 0.09743301, 0.6133087, 2.2272146
2285236900000, 0.106595986, 0.5644395, 2.037541
2285241938000, 0.10354166, 0.5152648, 1.8509218
2285246891000, 0.086132, 0.49632803, 1.6991217
2285251906000, 0.050396383, 0.52595496, 1.5980235
2285256933000, 0.00580322, 0.5366451, 1.536326
2285262039000, -0.013744468, 0.571159, 1.5183055
2285266853000, -0.010995574, 0.54702985, 1.5131133
2285271933000, 0.028710667, 0.48747048, 1.4789047
2285276862000, 0.08307768, 0.40378192, 1.4272866
2285281922000, 0.13622294, 0.32375857, 1.3536774
2285286876000, 0.20463985, 0.24862215, 1.2626585
2285291936000, 0.27091873, 0.2003638, 1.1591167
2285296912000, 0.32162055, 0.15974127, 1.0555751
2285301922000, 0.3659083, 0.13836098, 0.947452
2285306977000, 0.37995818, 0.09315695, 0.8903361
2285311935000, 0.3921755, 0.043982297, 0.7800749
2285316884000, 0.39706242, -0.02565634, 0.68386364
2285321974000, 0.40561453, -0.10751228, 0.5897904
2285326895000, 0.41813725, -0.19914207, 0.46120325
2285332015000, 0.42394048, -0.27763826, 0.37293324
2285336904000, 0.43218717, -0.33475417, 0.31123585
2285341942000, 0.45570546, -0.37934732, 0.2706133
2285346927000, 0.48991394, -0.410196, 0.22999077
2285351918000, 0.51923543, -0.5002986, 0.22510384
2285356987000, 0.5299256, -0.5516113, 0.24190263
2285361923000, 0.53786683, -0.48563787, 0.21746802
2285367668000, 0.54733527, -0.47739118, 0.1777618
2285373492000, 0.5561928, -0.50701815, 0.13683382
2285376931000, 0.5766568, -0.5549711, 0.10262536
2285381920000, 0.6078109, -0.5635232, 0.07269296
2285386898000, 0.6356053, -0.5369505, 0.051618114
2285391914000, 0.66675943, -0.5006041, 0.034208454
2285396918000, 0.69974613, -0.47952923, 0.02687807
2285401917000, 0.7284568, -0.46731192, 0.027794369
2285406970000, 0.73639804, -0.4728097, 0.022296581
2285411899000, 0.76144356, -0.48747048, 0.009468411
2285417004000, 0.76052725, -0.4981606, -0.0012217305
2285421982000, 0.77396625, -0.5366451, 0.003970624
2285426954000, 0.77457714, -0.5558874, 3.0543262E-4
2285433326000, 0.7706065, -0.5748242, -0.02076942
2285438431000, 0.7974846, -0.5702427, -0.01740966
2285441972000, 0.81031275, -0.5720753, -0.016493361
2285447105000, 0.8188649, -0.5757405, -0.018936822
2285452282000, 0.83169305, -0.59712076, -0.018936822
2285456892000, 0.8246681, -0.62888575, 0.01740966
2285461954000, 0.8210029, -0.70096785, 0.035124753
2285466928000, 0.7959574, -0.7788532, 0.049480084
2285472168000, 0.7473936, -0.84574294, 0.061391957
2285476884000, 0.7101309, -0.84757555, 0.05375614
2285481919000, 0.6747007, -0.80756384, 0.041233405
2285486897000, 0.6618725, -0.768163, 0.016798794
2285491931000, 0.6737844, -0.72173727, 0.014049901
2285496919000, 0.66950834, -0.70157874, 3.0543262E-4
2285501954000, 0.6728681, -0.7110472, -0.013439035
2285507211000, 0.6658431, -0.72051555, -0.023823744
2285511963000, 0.6609562, -0.73731434, -0.024740042
2285516919000, 0.65148777, -0.74220127, -0.037873644
2285521984000, 0.6545421, -0.7706065, -0.052839845
2285526925000, 0.6597345, -0.79473567, -0.06078109
2285531943000, 0.6603453, -0.81489426, -0.070554934
2285536908000, 0.6389651, -0.84421575, -0.09101892
2285541926000, 0.63346726, -0.95905846, -0.08979719
2285546898000, 0.58551437, -0.9795224, -0.10140363
2285551908000, 0.56016344, -0.9737192, -0.14110987
2285556975000, 0.54367006, -0.9837985, -0.18906279
2285561909000, 0.5381723, -0.95172805, -0.22540927
2285567084000, 0.50915617, -0.9398162, -0.2510656
2285573513000, 0.44532076, -0.95447695, -0.25778514
2285577215000, 0.39187005, -0.9584476, -0.25992316
2285581912000, 0.3585779, -0.9147707, -0.26206118
2285587257000, 0.32070425, -0.86620694, -0.27000242
2285591919000, 0.2687807, -0.85062987, -0.2828306
2285596875000, 0.24831672, -0.79229224, -0.29840767
2285601972000, 0.22937989, -0.7483099, -0.33750305
2285607154000, 0.22082779, -0.70157874, -0.38728857
2285611844000, 0.20280726, -0.6282749, -0.43860126
2285617141000, 0.17959438, -0.5647449, -0.48930305
2285622242000, 0.16554448, -0.5143485, -0.5458081
2285627112000, 0.16462818, -0.4636467, -0.5867361
2285631838000, 0.16890424, -0.40775254, -0.623388
2285636856000, 0.16187929, -0.41722095, -0.62980205
2285641857000, 0.1554652, -0.44776422, -0.6462954
2285646805000, 0.15851954, -0.42394048, -0.64873886
2285651899000, 0.14782938, -0.42210788, -0.6383542
2285657114000, 0.12797627, -0.44073927, -0.6258314
2285661927000, 0.09101892, -0.46975538, -0.6041457
2285666851000, 0.03359759, -0.51923543, -0.59803706
2285671935000, -0.04337143, -0.5494733, -0.5858198
2285676952000, -0.10445796, -0.5421429, -0.5131268
2285681923000, -0.16157386, -0.5357288, -0.44409904
2285686898000, -0.18784106, -0.535118, -0.38728857
2285692570000, -0.20677789, -0.5213735, -0.34269542
2285696920000, -0.22540927, -0.5152648, -0.32498032
2285701933000, -0.226631, -0.5030475, -0.30268374
2285706952000, -0.24404067, -0.4709771, -0.27763826
2285711924000, -0.23793201, -0.40958515, -0.25350907
2285716925000, -0.24098633, -0.3368922, -0.2302962
2285721953000, -0.2144137, -0.26083946, -0.20738874
2285726974000, -0.18784106, -0.1966986, -0.19547687
2285731916000, -0.16157386, -0.14660765, -0.1853976
2285736976000, -0.14782938, -0.112399206, -0.17531833
2285741950000, -0.13897185, -0.07696902, -0.16462818
2285746968000, -0.12308934, -0.052839845, -0.16493362
2285751961000, -0.109650314, -0.035430185, -0.16065755
2285757003000, -0.100792766, -0.027794369, -0.14263703
2285762455000, -0.07941248, -0.030848695, -0.12034045
2285766920000, -0.06719518, -0.032375857, -0.111177474
2285772209000, -0.05131268, -0.040011674, -0.09987647
2285776934000, -0.053450707, -0.027794369, -0.06811147
2285781875000, -0.03573562, -0.021380283, -0.016493361
2285786902000, -0.016187929, -0.015577064, 0.04153884
2285791856000, -0.0143553335, -0.019242255, 0.064751714
2285796928000, -0.01038471, -0.013744468, 0.1133155
2285801910000, -0.0125227375, -0.004886922, 0.14172074
2285806940000, -0.017715093, 0.021991149, 0.17470746
2285811932000, -0.027794369, 0.03176499, 0.20647246
2285816916000, -0.0421497, 0.02687807, 0.25350907
2285821931000, -0.043982297, 0.025350908, 0.2874121
2285826925000, -0.061391957, 0.0106901415, 0.32436943
2285832081000, -0.0580322, 0.0033597588, 0.3622431
2285836907000, -0.050701816, -0.008552114, 0.39400807
2285841908000, -0.03970624, -0.014660766, 0.42210788
2285846920000, -0.020463986, -0.0125227375, 0.44623706
2285851914000, -0.014966198, -0.021991149, 0.4783075
2285856941000, 0.018325957, -0.011301007, 0.48502702
2285862141000, 0.04550946, 0.010995574, 0.4841107
2285866922000, 0.06841691, 0.01740966, 0.45937067
2285872099000, 0.10262536, 0.022296581, 0.4392121
2285876924000, 0.13164146, 0.03756821, 0.39614612
2285881891000, 0.1414153, 0.063224554, 0.37904188
2285886954000, 0.13194689, 0.07360926, 0.4089743
2285892282000, 0.108123146, 0.13133603, 0.46822822
2285896959000, 0.07727446, 0.1469131, 0.48899764
2285901885000, 0.06811147, 0.18509217, 0.49602258
2285907048000, 0.035124753, 0.1863139, 0.50854534
2285911924000, 6.1086525E-4, 0.17867808, 0.5531385
2285916957000, -0.04184427, 0.17562376, 0.605062
2285921914000, -0.07941248, 0.16462818, 0.65270954
2285926966000, -0.10354166, 0.12370021, 0.7122689
2285931857000, -0.116675265, 0.07544186, 0.72204274
2285936957000, -0.12858713, 0.019547688, 0.7067711
2285941866000, -0.12980886, -0.03145956, 0.68936145
2285947626000, -0.11881329, -0.06261369, 0.6930266
2285951883000, -0.10170906, -0.071776666, 0.66950834
2285956991000, -0.09682214, -0.056505036, 0.6133087
2285961886000, -0.0711658, 0.015577064, 0.5412266
2285966955000, -0.041233405, 0.09773844, 0.48838675
2285973213000, -0.013744468, 0.19364429, 0.39614612
2285976958000, 0.009468411, 0.23579398, 0.34574974
2285981947000, 0.022602014, 0.24129178, 0.2950479
2285986952000, 0.013439035, 0.25259277, 0.23640485
2285991951000, 0.009162978, 0.24617869, 0.23090707
2285996957000, -0.009162978, 0.22907446, 0.24709499
2286001963000, -0.027794369, 0.2098322, 0.2611449
2286006984000, -0.011301007, 0.20311269, 0.27397305
2286011966000, -0.015882496, 0.18203785, 0.32711834
2286017515000, -0.0067195175, 0.13958271, 0.36010507
2286022059000, -9.162979E-4, 0.12308934, 0.35613444
2286026949000, -0.013439035, 0.109650314, 0.33841935
2286031936000, -0.016187929, 0.09101892, 0.32711834
2286036923000, -0.026267206, 0.05681047, 0.30390546
2286041940000, -0.026267206, 0.043676864, 0.2666427
2286046923000, -0.03359759, 0.043066, 0.18142697
2286052065000, -0.02443461, 0.06505715, 0.13225232
2286056969000, -0.007330383, 0.071776666, 0.13469578
2286061919000, 0.008552114, 0.06505715, 0.090713486
2286066931000, 0.0076358155, 0.06780604, 0.06078109
2286071962000, 0.010995574, 0.03940081, 0.10445796
2286076939000, 0.009773844, -0.0067195175, 0.10445796
2286081967000, -0.016187929, -0.043066, 0.061086524
2286087542000, -0.048258353, -0.04520403, 0.0036651916
2286091940000, -0.096516706, -0.028710667, -0.014966198
2286096954000, -0.11759156, -0.005497787, -0.027488936
2286101962000, -0.12583824, 0.0018325958, -0.030848695
2286106994000, -0.14355333, -0.005192355, -0.008246681
2286112011000, -0.15424347, 0.019242255, -0.00580322
2286116884000, -0.18448131, 0.01985312, -0.014660766
2286121959000, -0.1957823, -0.01863139, -0.0421497
2286126854000, -0.22602014, -0.029626964, -0.05589417
2286131932000, -0.23151793, -0.025350908, -0.06536258
2286136875000, -0.22632557, -0.03390302, -0.073303826
2286141967000, -0.2125811, -0.038789943, -0.08307768
2286146851000, -0.20616703, -0.04520403, -0.090713486
2286151953000, -0.18020524, -0.038179077, -0.09437868
2286157338000, -0.15943582, -0.050701816, -0.098043874
2286161995000, -0.1301143, -0.04917465, -0.0983493
2286166941000, -0.103847094, -0.040927973, -0.11362094
2286172038000, -0.10140363, -0.055588737, -0.09621128
2286176864000, -0.080634214, -0.08155051, -0.08979719
2286181959000, -0.04153884, -0.0842994, -0.07880162
2286187049000, -0.028710667, -0.09590584, -0.07880162
2286191972000, -0.022296581, -0.0983493, -0.08307768
2286197137000, -0.01282817, -0.09773844, -0.08979719
2286201932000, -0.023518313, -0.080634214, -0.10781772
2286207026000, -0.03726278, -0.07880162, -0.12614368
2286212007000, -0.028405234, -0.09193522, -0.09621128
2286216920000, -3.0543262E-4, -0.093767814, -0.06841691
2286221937000, 0.027794369, -0.094989546, -0.061391957
2286226894000, 0.040011674, -0.06047566, -0.06963864
2286231919000, 0.034513887, -0.041233405, -0.057421334
2286236878000, 0.034208454, -0.032986723, -0.050396383
2286241976000, 0.030848695, -0.027488936, -0.04520403
2286246857000, 0.04550946, -0.0061086523, -0.04337143
2286251950000, 0.032986723, 0.0106901415, -0.04734206
2286257099000, 0.032375857, 0.03390302, -0.09987647
2286261952000, 0.015577064, 0.048563786, -0.09865474
2286266952000, 0.025961773, 0.06658431, -0.07574729
2286271975000, 0.051923547, 0.07391469, -0.055283304
2286276975000, 0.07574729, 0.08460484, -0.032986723
2286281954000, 0.0888809, 0.08827003, -0.025961773
2286286959000, 0.10354166, 0.09254608, 0.011911872
2286291962000, 0.13194689, 0.09193522, 0.06078109
2286296963000, 0.15821409, 0.044593163, 0.12492194
2286301952000, 0.18845193, -0.01038471, 0.21013765
2286307051000, 0.22907446, 0.009773844, 0.18112154
2286311960000, 0.21471913, 0.04642576, 0.112704635
2286316940000, 0.18906279, 0.028099801, 0.08093964
2286321992000, 0.15210545, 9.162979E-4, 0.12034045
2286326969000, 0.14813483, -0.016798794, 0.16982053
2286331925000, 0.1600467, -0.0061086523, 0.18051068
2286336956000, 0.15118915, -0.0012217305, 0.17928895
2286342464000, 0.1337795, -0.0030543262, 0.16768251
2286346958000, 0.11636983, -0.020463986, 0.16798794
2286351952000, 0.096516706, -0.040927973, 0.16371189
2286356990000, 0.081855945, -0.044898596, 0.17440203
2286361945000, 0.06780604, -0.070249505, 0.1957823
2286366960000, 0.06688975, -0.07574729, 0.18203785
2286372059000, 0.047647487, -0.02107485, 0.13652839
2286377112000, 0.0067195175, 0.03970624, 0.101098195
2286381951000, -0.014049901, 0.07086037, 0.1020145
2286386940000, -0.04062254, 0.09132435, 0.08857546
2286391953000, -0.05100725, 0.082161374, 0.07666359
2286396962000, -0.0720821, 0.0729984, 0.07269296
2286401922000, -0.09407325, 0.06994407, 0.06352998
2286406938000, -0.10445796, 0.06169739, 0.058948494
2286412550000, -0.10720685, 0.0571159, 0.054061573
2286416915000, -0.103847094, 0.060170226, 0.04184427
2286421925000, -0.09712757, 0.061086524, 0.029932396
2286426925000, -0.08307768, 0.05681047, 0.023518313
2286431888000, -0.08002335, 0.055283304, 0.019242255
2286436916000, -0.06352998, 0.050701816, 0.007941248
2286441943000, -0.06291912, 0.03176499, 0.0027488936
2286446923000, -0.043982297, 0.034208454, 3.0543262E-4
2286451960000, -0.038179077, 0.025961773, -0.01282817
2286456964000, -0.042455133, 0.016798794, -0.023823744
2286461986000, -0.03604105, 0.012217305, -0.03176499
2286466920000, -0.032070424, 0.007941248, -0.03573562
2286471985000, -0.042760566, 0.005497787, -0.04153884
2286476962000, -0.040317107, -0.0036651916, -0.043676864
2286482188000, -0.04428773, -0.009468411, -0.046731193
2286486949000, -0.0571159, -0.013744468, -0.04520403
2286491865000, -0.050701816, -0.011911872, -0.044593163
2286496947000, -0.054367006, -0.004886922, -0.057421334
2286501915000, -0.058643065, -0.0061086523, -0.052534413
2286507046000, -0.053450707, -0.008246681, -0.057421334
2286511898000, -0.05467244, -0.005497787, -0.06566802
2286516942000, -0.051923547, -0.006414085, -0.0711658
2286521946000, -0.05681047, -0.017104227, -0.07452556
2286526930000, -0.05467244, -0.015271631, -0.0711658
2286531953000, -0.06414085, -0.02107485, -0.058337633
2286536918000, -0.06169739, -0.025350908, -0.05681047
2286542009000, -0.059864793, -0.032986723, -0.051923547
2286546979000, -0.059864793, -0.0421497, -0.04917465
2286552044000, -0.067500606, -0.04428773, -0.047647487
2286556998000, -0.061391957, -0.04550946, -0.03970624
2286561984000, -0.064446285, -0.04886922, -0.036651913
2286566919000, -0.06352998, -0.050701816, -0.035430185
2286573620000, -0.073303826, -0.039095376, -0.036651913
2286576934000, -0.079107046, -0.03848451, -0.029932396
2286581922000, -0.073303826, -0.04153884, -0.026572637
2286586907000, -0.076358154, -0.03940081, -0.03359759
2286591967000, -0.08827003, -0.04184427, -0.03573562
2286596925000, -0.093462385, -0.040011674, -0.029626964
2286602369000, -0.10048734, -0.032986723, -0.035124753
2286606981000, -0.10262536, -0.022296581, -0.03848451
2286611955000, -0.11026118, -0.02565634, -0.046731193
2286616951000, -0.110872045, -0.022602014, -0.047647487
2286621916000, -0.103847094, -0.020158553, -0.052534413
2286626906000, -0.108123146, -0.022907447, -0.05497787
2286632017000, -0.11728613, -0.03145956, -0.058337633
2286636909000, -0.116980694, -0.02687807, -0.056199603
2286641912000, -0.10476339, -0.039095376, -0.06078109
2286646862000, -0.10873401, -0.03023783, -0.058948494
2286651914000, -0.10293079, -0.03481932, -0.0571159
2286656947000, -0.10720685, -0.042455133, -0.057421334
2286661917000, -0.10751228, -0.04337143, -0.053450707
2286667543000, -0.10415252, -0.044593163, -0.05589417
2286671940000, -0.099571034, -0.035430185, -0.05589417
2286676955000, -0.09896017, -0.040011674, -0.05955936
2286681920000, -0.09743301, -0.0571159, -0.054367006
2286686909000, -0.07574729, -0.053145275, -0.044898596
2286691930000, -0.06872234, -0.05375614, -0.04642576
2286696919000, -0.076052725, -0.056199603, -0.045814894
2286702060000, -0.07971791, -0.044898596, -0.04642576
2286706960000, -0.07941248, -0.04428773, -0.042760566
2286711944000, -0.089491755, -0.052839845, -0.048258353
2286716965000, -0.08032878, -0.040317107, -0.04153884
2286721984000, -0.07391469, -0.038789943, -0.044593163
2286726978000, -0.08246681, -0.031154128, -0.04428773
2286731922000, -0.0720821, -0.0290161, -0.04184427
2286737663000, -0.062308256, -0.030543262, -0.04153884
2286741968000, -0.051618114, -0.018325957, -0.03359759
2286746963000, -0.06047566, -0.0125227375, -0.028710667
2286751953000, -0.055283304, -0.011911872, -0.02443461
2286756958000, -0.053450707, -0.0076358155, -0.021991149
2286761962000, -0.04337143, -0.006414085, -0.018325957
2286766962000, -0.04184427, -0.0033597588, -0.01160644
2286772124000, -0.03726278, 0.005497787, -0.01038471
2286776963000, -0.033292156, 0.0012217305, -0.011911872
2286781941000, -0.035124753, 0.0061086523, -0.016798794
2286786959000, -0.026572637, 0.0061086523, -0.0070249503
2286791954000, -0.027488936, 0.007330383, -0.0021380284
2286796932000, -0.026572637, 0.0076358155, -0.0076358155
2286801930000, -0.009468411, 0.0067195175, 0.0033597588
2286807483000, -0.018936822, 0.015577064, 0.008246681
2286811879000, -0.015271631, 0.014049901, 0.01282817
2286816960000, -0.013133603, 0.013133603, 0.014660766
2286821901000, -0.009773844, 0.011911872, 0.017104227
2286826947000, -0.017104227, 0.01740966, 0.02076942
2286831854000, -0.003970624, 0.019242255, 0.02076942
2286836947000, -0.016187929, 0.013439035, 0.01985312
2286841885000, -0.0076358155, 0.009468411, 0.021380283
2286846941000, -0.015577064, 0.006414085, 0.02107485
2286851935000, -0.009468411, 0.017715093, 0.02321288
2286856993000, -0.02321288, 0.016187929, 0.027488936
2286861916000, -0.016798794, 0.011301007, 0.025350908
2286866956000, -0.02321288, -0.0018325958, 0.03145956
2286871922000, -0.02076942, 0.0067195175, 0.032375857
2286876991000, -0.024740042, 0.014049901, 0.028099801
2286881944000, -0.022296581, 0.0125227375, 0.024740042
2286886911000, -0.024129177, 0.00580322, 0.019547688
2286891924000, -0.027488936, 0.014966198, 0.022602014
2286896930000, -0.023823744, 0.01038471, 0.014049901
2286902318000, -0.016798794, 6.1086525E-4, 0.017715093
2286907006000, -0.025350908, 0.0061086523, 0.018020526
2286912012000, -0.022296581, 0.005497787, 0.013439035
2286916922000, -0.02443461, 0.015882496, 0.014966198
2286921890000, -0.040011674, 0.017715093, 0.013744468
2286926899000, -0.03390302, 0.0067195175, 0.0061086523
2286931968000, -0.031154128, 0.014049901, 0.007330383
2286936906000, -0.028405234, 0.008552114, 0.008857546
2286942161000, -0.022296581, 0.0027488936, -3.0543262E-4
2286946928000, -0.02107485, 0.0030543262, 0.0033597588
2286951922000, -0.021685716, 0.008246681, 0.00580322
2286957142000, -0.03359759, 0.010079277, 0.0012217305
2286962227000, -0.033292156, 0.0067195175, 0.0036651916
2286966922000, -0.023518313, 0.0076358155, 0.006414085
2286973481000, -0.0290161, -9.162979E-4, -0.0018325958
2286976918000, -0.021991149, -0.0015271631, -0.004276057
2286981903000, -0.028710667, -0.003970624, 0.0036651916
2286986911000, -0.015271631, 0.013744468, 0.0061086523
2286992594000, -0.018936822, 0.002443461, 0.0061086523
2286996920000, -0.02443461, -0.0021380284, -0.003970624
2287001916000, -0.01985312, -0.0018325958, -0.005192355
2287006935000, -0.020158553, 3.0543262E-4, 0.0027488936
2287011969000, -0.0125227375, 0.0061086523, 0.004886922
2287016964000, -0.014660766, 0.0070249503, 0.004276057
2287021923000, -0.016798794, 0.0070249503, 0.0015271631
2287027060000, -0.01740966, -0.0015271631, 0.0015271631
2287031938000, -0.028710667, 0.004276057, 0.004581489
2287036891000, -0.013133603, -3.0543262E-4, 3.0543262E-4
2287041925000, -0.0027488936, 0.0027488936, -0.0033597588
2287046877000, -0.02321288, 0.003970624, 0.0027488936
2287051913000, -0.018325957, 0.0030543262, 0.0012217305
2287056897000, -0.017104227, 0.009468411, 0.010995574
2287062555000, -0.025045475, 0.009773844, 0.010079277
2287066864000, -0.024740042, 0.00580322, 0.005497787
2287071937000, -0.024740042, -3.0543262E-4, 0.005497787
2287076877000, -0.014660766, 0.0070249503, 0.009468411
2287081917000, -0.015271631, 0.014966198, 0.007941248
2287087328000, -0.022296581, 0.0030543262, 0.0143553335
2287091956000, -0.027794369, 0.005497787, 0.004276057
2287096924000, -0.014049901, 0.0033597588, 0.016798794
2287101914000, -0.026572637, -0.0027488936, 0.0143553335
2287107297000, -0.016493361, 0.0076358155, 0.015882496
2287111923000, -0.021380283, 0.002443461, 0.009773844
2287116907000, -0.011301007, 9.162979E-4, 0.011301007
2287121996000, -0.029626964, 0.0070249503, 0.016493361
2287126862000, -0.02107485, 0.009162978, 0.015271631
2287132374000, -0.014660766, 0.014049901, 0.012217305
2287136922000, -0.018936822, 0.01038471, 0.0143553335
2287141934000, -0.025961773, -6.1086525E-4, 0.015882496
2287146933000, -0.023823744, 0.01282817, 0.014049901
2287151906000, -0.023518313, 9.162979E-4, 0.01038471
2287156960000, -0.017715093, -3.0543262E-4, 0.011911872
2287161928000, -0.021380283, 0.0012217305, 0.01282817
2287166887000, -0.027183503, 0.0012217305, 0.0106901415
2287173494000, -0.030848695, 0.0067195175, 0.009162978
2287176926000, -0.027183503, 0.008857546, 0.008552114
2287181919000, -0.029321533, 0.009773844, 0.0106901415
2287186898000, -0.028710667, 0.0076358155, 0.007941248
2287191926000, -0.025045475, -0.0033597588, 0.008552114
2287196926000, -0.024740042, 0.010079277, 0.0033597588
2287201907000, -0.01985312, 0.016187929, 0.014049901
2287206969000, -0.034513887, -0.004886922, 0.011301007
2287211974000, -0.033292156, -0.004581489, 0.015271631
2287216917000, -0.023518313, 0.002443461, 0.0125227375
2287221898000, -0.028710667, 6.1086525E-4, 0.008552114
2287226934000, -0.027488936, 0.0012217305, 0.011911872
2287231921000, -0.03268129, 0.008246681, 0.006414085
2287236907000, -0.028405234, 0.0018325958, 0.0076358155
2287241933000, -0.024740042, -0.0030543262, 0.004276057
2287246923000, -0.030848695, 0.002443461, 0.008246681
2287251933000, -0.027183503, -0.0036651916, 0.0070249503
2287256945000, -0.028099801, 0.004886922, 0.010079277
2287261922000, -0.029321533, 0.0067195175, 0.009162978
2287266924000, -0.03023783, 0.004581489, 0.0067195175
2287271902000, -0.03145956, -0.0027488936, 0.009162978
2287276930000, -0.035430185, 0.0033597588, 0.007330383
2287281921000, -0.032986723, 0.004581489, 0.0012217305
2287286913000, -0.028405234, 0.0067195175, 0.0061086523
2287291931000, -0.035430185, 0.002443461, 0.002443461
2287296921000, -0.022296581, 0.002443461, -0.0036651916
2287301912000, -0.027488936, 9.162979E-4, 0.009773844
2287307018000, -0.02687807, 0.005497787, 0.007941248
2287311950000, -0.03268129, 0.010995574, 0.014966198
2287316922000, -0.024129177, -0.0021380284, 0.0143553335
2287321941000, -0.026572637, -0.008552114, 0.015271631
2287326927000, -0.027183503, -0.0106901415, 0.009468411
2287331903000, -0.03145956, -0.0036651916, 0.018325957
2287336910000, -0.025350908, -6.1086525E-4, 0.009162978
2287341870000, -0.022602014, -0.004276057, 0.007330383
2287346922000, -0.024129177, -0.004886922, 0.009773844
2287351916000, -0.0290161, -0.004886922, 0.011911872
2287356946000, -0.029932396, -0.002443461, 0.013744468
2287362091000, -0.03573562, -0.010995574, 0.007941248
2287366919000, -0.01282817, -0.009468411, 0.0106901415
2287373965000, -0.015271631, -0.0036651916, 0.010995574
2287376927000, -0.023823744, 0.0018325958, 0.0125227375
2287381920000, -0.019242255, -0.002443461, 0.004886922
2287386915000, -0.016187929, -0.0070249503, 0.005192355
2287391903000, -0.019242255, -0.007330383, 0.009162978
2287396927000, -0.012217305, -0.0030543262, -0.00580322
2287401921000, -0.011911872, 0.0027488936, 0.004581489
2287406977000, -0.021991149, -0.0036651916, 0.008552114
2287411955000, -0.01863139, -0.0036651916, 0.013439035
2287416917000, -0.015271631, 0.0027488936, 0.01282817
2287421937000, -0.015882496, 0.007330383, 0.01160644
2287426931000, -0.016187929, -0.0015271631, 0.016187929
2287431919000, -0.015271631, 0.013133603, 0.016798794
2287436914000, -0.015882496, 0.008857546, 0.011911872
2287441938000, -0.01863139, 0.01282817, 0.02076942
2287446925000, -0.024129177, 0.008246681, 0.011911872
2287451912000, -0.01160644, 0.00580322, 0.016187929
2287456970000, -0.026267206, 0.011911872, 0.014049901
2287461972000, -0.029321533, 0.008552114, 0.0106901415
2287466919000, -0.023823744, 0.009162978, 0.014966198
2287471925000, -0.01985312, 0.004886922, 0.008857546
2287476924000, -0.026572637, 0.002443461, 0.0070249503
2287481918000, -0.02076942, 6.1086525E-4, 0.0076358155
2287486908000, -0.021380283, 0.007941248, 0.0125227375
2287491924000, -0.017715093, 0.0015271631, 0.014049901
2287496926000, -0.025350908, -6.1086525E-4, 0.009468411
2287501912000, -0.022602014, -3.0543262E-4, 0.01282817
2287506981000, -0.024129177, -0.0076358155, 0.0070249503
2287511973000, -0.03481932, 0.0030543262, 0.013439035
2287516868000, -0.030543262, 0.008552114, 0.01038471
2287521922000, -0.038789943, 0.0027488936, 0.0061086523
2287526852000, -0.032375857, -0.006414085, 0.013439035
2287531918000, -0.028099801, -0.0030543262, 0.0125227375
2287536873000, -0.03176499, 0.008552114, 0.015271631
2287541954000, -0.03573562, 0.008857546, 0.015271631
2287546851000, -0.034208454, 6.1086525E-4, 0.011911872
2287551908000, -0.028710667, -3.0543262E-4, 0.013439035
2287556974000, -0.030543262, 0.004581489, 0.014966198
2287561964000, -0.028710667, -0.0012217305, 0.01282817
2287566902000, -0.03176499, 0.0027488936, 0.01282817
2287573496000, -0.02565634, 0.004886922, 0.01038471
2287576888000, -0.028405234, 0.0061086523, 0.012217305
2287581923000, -0.022602014, 0.005192355, 0.008552114
2287586902000, -0.028710667, 0.0067195175, 0.0061086523
2287591938000, -0.023823744, 0.004581489, 0.009773844
2287596919000, -0.027183503, 0.00580322, 0.014966198
2287601910000, -0.029932396, 0.005497787, 0.016493361
2287606967000, -0.01863139, 0.0106901415, 0.0036651916
2287612016000, -0.025961773, 0.009773844, 0.01038471
2287616918000, -0.031154128, 0.002443461, 0.0067195175
2287621925000, -0.025045475, 0.0027488936, 0.010079277
2287626907000, -0.039095376, 0.002443461, 0.0125227375
2287631920000, -0.0290161, 0.005192355, 0.007941248
2287636910000, -0.02687807, 3.0543262E-4, 0.011301007
2287641944000, -0.022602014, 0.0067195175, 0.008552114
2287646908000, -0.026572637, 0.009773844, 0.0076358155
2287651916000, -0.024740042, 0.00580322, 0.0070249503
2287657392000, -0.027794369, 0.00580322, 0.0015271631
2287662020000, -0.030848695, -0.0012217305, 0.0070249503
2287667063000, -0.026267206, 0.0030543262, 0.008857546
2287671927000, -0.021380283, 0.008857546, 0.01160644
2287676861000, -0.025961773, 9.162979E-4, 0.004276057
2287681918000, -0.021991149, -3.0543262E-4, 0.0067195175
2287686911000, -0.022907447, 6.1086525E-4, 0.006414085
2287691933000, -0.022907447, 0.00580322, 0.008857546
2287696923000, -0.010995574, 0.010079277, 0.007941248
2287701910000, -0.01985312, 0.008246681, 0.004886922
2287706935000, -0.02565634, 0.004276057, 0.006414085
2287711925000, -0.027794369, 0.0030543262, 0.0076358155
2287716986000, -0.024740042, 0.015577064, 0.005497787
2287721901000, -0.02565634, 0.0106901415, 0.002443461
2287726932000, -0.02321288, 0.013439035, 0.0012217305
2287731921000, -0.015271631, 0.007941248, 0.009468411
2287736910000, -0.021685716, 0.0070249503, 0.0070249503
2287741925000, -0.025961773, 0.003970624, 0.0021380284
2287746924000, -0.015271631, 9.162979E-4, 0.006414085
2287751907000, -0.017104227, 0.009773844, 0.011911872
2287756944000, -0.01863139, 0.01038471, 0.008552114
2287761924000, -0.021991149, 0.01160644, 0.0027488936
2287767254000, -0.027183503, 0.0106901415, 0.010079277
2287774126000, -0.02565634, 0.010995574, 0.0061086523
2287776944000, -0.02107485, 0.009468411, 0.005497787
2287781950000, -0.02565634, 0.0067195175, 6.1086525E-4
2287786974000, -0.013744468, 0.010995574, 0.008246681
2287791965000, -0.023823744, 0.005192355, 0.006414085
2287796916000, -0.020463986, 0.0012217305, -0.0033597588
2287801924000, -0.016798794, 0.005497787, -0.0033597588
2287806995000, -0.014049901, 0.0030543262, -9.162979E-4
2287811985000, -0.02076942, 0.014660766, 3.0543262E-4
2287816923000, -0.019547688, 0.0106901415, 0.007941248
2287821967000, -0.018936822, 0.004581489, 0.004886922
2287826926000, -0.025045475, -0.004581489, -3.0543262E-4
2287831921000, -0.024129177, 0.006414085, -0.0027488936
2287836906000, -0.025961773, 0.0030543262, 0.0015271631
2287841934000, -0.01740966, 0.0030543262, 3.0543262E-4
2287846920000, -0.024129177, 0.005497787, -0.0012217305
2287851908000, -0.018020526, 0.0076358155, 0.0015271631
2287856902000, -0.02565634, 0.0033597588, 0.005192355
2287861925000, -0.025961773, -0.0033597588, 0.0021380284
2287866850000, -0.029626964, -3.0543262E-4, 0.003970624
2287871965000, -0.022907447, 0.004276057, 3.0543262E-4
2287876856000, -0.020463986, 9.162979E-4, 0.00580322
2287881918000, -0.016798794, 0.0036651916, 0.0027488936
2287886877000, -0.027794369, -3.0543262E-4, 9.162979E-4
2287891902000, -0.03390302, -0.004886922, 6.1086525E-4
2287896872000, -0.02321288, -0.004886922, 0.01282817
2287901903000, -0.023823744, 0.004276057, 0.003970624
2287906911000, -0.02443461, 0.004886922, 0.0015271631
2287911928000, -0.022296581, 0.003970624, 0.005497787
2287916905000, -0.02107485, -0.004581489, 0.006414085
2287921977000, -0.03176499, 0.0018325958, -0.002443461
2287926920000, -0.022296581, 0.0061086523, 0.008857546
2287931919000, -0.026267206, 0.0033597588, 0.0012217305
2287936915000, -0.023823744, 0.004886922, 0.0012217305
2287941902000, -0.02687807, 3.0543262E-4, 0.004886922
2287946919000, -0.026572637, 0.0021380284, 0.0027488936
2287951903000, -0.027183503, -0.0015271631, 0.008857546
2287956941000, -0.0290161, -0.005192355, 0.004886922
2287961938000, -0.019547688, 0.0027488936, 6.1086525E-4
2287966897000, -0.028710667, 3.0543262E-4, 0.0036651916
2287972426000, -0.029626964, 0.0012217305, 0.005192355
2287976960000, -0.031154128, 0.0018325958, 0.008552114
2287981920000, -0.028405234, 0.0027488936, 0.0106901415
2287986928000, -0.030543262, 0.006414085, 0.007330383
2287991901000, -0.025045475, -0.0033597588, 0.0018325958
2287996928000, -0.024129177, 0.004886922, 0.0061086523
2288001916000, -0.032375857, -0.009162978, 0.0061086523
2288006940000, -0.021991149, -0.0033597588, 0.0021380284
2288011923000, -0.024740042, -6.1086525E-4, 0.008552114
