#Rate of rotation around the x y z axes (Angular velocity).
#timestamp(ns),x,y,z(rad/s)
#Datetime: 29/04/2015 14:23:06
##########################################
#Activity: 8 - CSI - Car-Step in - 6s
#Subject ID: 46
#First Name: sub46
#Last Name: sub46
#Age: 23
#Height(cm): 175
#Weight(kg): 68
#Gender: Female
##########################################

@DATA
826687350000, -0.0106901415, 0.022907447, -0.023823744
826692281000, -0.020158553, 0.0290161, -0.014660766
826697359000, -0.021685716, 0.028405234, -0.016798794
826702327000, -0.017715093, 0.026572637, -0.013744468
826707474000, -0.018325957, 0.031154128, -0.008857546
826712394000, -0.013744468, 0.028099801, -0.0143553335
826717353000, -0.007330383, 0.024129177, -0.011911872
826722376000, -0.004581489, 0.02321288, -0.003970624
826727359000, -0.0015271631, 0.019547688, -0.004581489
826732370000, 0.008552114, 0.019547688, -0.009468411
826737355000, 0.010079277, 0.027488936, -0.0070249503
826742359000, 0.011301007, 0.022907447, -0.007330383
826747352000, 0.004886922, 0.026267206, -0.0030543262
826752391000, 0.016798794, 0.01160644, -0.009162978
826757460000, 0.01038471, 0.013744468, -0.01038471
826762380000, 0.011911872, 0.0070249503, -0.013133603
826767356000, 0.015577064, 0.01282817, -0.008246681
826772373000, 0.016798794, 0.013133603, -0.01038471
826777368000, 0.0076358155, 0.011911872, -0.015577064
826782366000, 0.01160644, 0.011301007, -0.01863139
826787343000, 0.017715093, 0.009162978, -0.020158553
826793036000, 0.011911872, 0.015271631, -0.030543262
826797360000, 0.011911872, 0.020463986, -0.020158553
826802318000, 0.014660766, 0.018020526, -0.023518313
826807416000, 0.011301007, 0.029626964, -0.028405234
826812390000, 0.017715093, 0.024740042, -0.025350908
826817319000, 0.009773844, 0.015577064, -0.02687807
826822847000, 0.0067195175, 0.024129177, -0.033292156
826827316000, 0.007941248, 0.03604105, -0.024129177
826832372000, 0.003970624, 0.032070424, -0.029626964
826837291000, 0.002443461, 0.033292156, -0.028099801
826842380000, 0.005497787, 0.036651913, -0.02565634
826847266000, 0.005497787, 0.04062254, -0.029626964
826852365000, 0.011301007, 0.028099801, -0.02687807
826857379000, 0.0015271631, 0.036651913, -0.02443461
826863232000, 0.0027488936, 0.03726278, -0.02565634
826867284000, 0.010079277, 0.04184427, -0.023518313
826872356000, 0.009773844, 0.029626964, -0.026572637
826877296000, 0.018936822, 0.028710667, -0.024740042
826882364000, 0.013133603, 0.028099801, -0.034513887
826887696000, 0.016187929, 0.027183503, -0.029321533
826892441000, 0.02107485, 0.03145956, -0.028099801
826897491000, 0.016187929, 0.029321533, -0.021991149
826902311000, 0.01038471, 0.028405234, -0.021685716
826907437000, 0.032986723, 0.026572637, -0.02107485
826912489000, 0.025961773, 0.035124753, -0.02076942
826917265000, 0.02107485, 0.03848451, -0.02565634
826922383000, 0.028405234, 0.034513887, -0.022907447
826927265000, 0.024129177, 0.036957346, -0.030543262
826932296000, 0.020463986, 0.041233405, -0.018936822
826937296000, 0.02321288, 0.040011674, -0.024129177
826942365000, 0.027794369, 0.035124753, -0.02687807
826947265000, 0.03573562, 0.032986723, -0.019547688
826952338000, 0.036957346, 0.041233405, -0.01160644
826957352000, 0.047647487, 0.03756821, -0.012217305
826962335000, 0.034513887, 0.044593163, -0.011301007
826967338000, 0.03726278, 0.047647487, -0.01038471
826972340000, 0.046120327, 0.03940081, -0.013133603
826977339000, 0.050396383, 0.04520403, -0.015882496
826982335000, 0.05131268, 0.060170226, -0.0143553335
826987308000, 0.06505715, 0.06047566, -0.01863139
826992317000, 0.07422013, 0.07238753, -0.02076942
826997332000, 0.09162979, 0.080634214, -0.019547688
827002528000, 0.112399206, 0.1001819, -0.01740966
827007411000, 0.112399206, 0.11728613, -0.025045475
827012402000, 0.12186762, 0.13775012, -0.03604105
827017331000, 0.13622294, 0.14874569, -0.0421497
827022689000, 0.14172074, 0.15088372, -0.03726278
827027333000, 0.1600467, 0.16676621, -0.059253927
827032461000, 0.15332718, 0.19700404, -0.06719518
827037308000, 0.15149458, 0.22021692, -0.07727446
827042373000, 0.14049901, 0.26511553, -0.09285152
827047369000, 0.11575896, 0.28893927, -0.100792766
827052432000, 0.100792766, 0.30634892, -0.12583824
827057385000, 0.110872045, 0.3408628, -0.13836098
827062499000, 0.12095132, 0.39645153, -0.1459968
827067367000, 0.11789699, 0.42577308, -0.16798794
827072354000, 0.10629055, 0.42546764, -0.1863139
827077381000, 0.111177474, 0.4392121, -0.2125811
827082308000, 0.10262536, 0.41783184, -0.2284636
827087357000, 0.10323623, 0.39064834, -0.23518312
827092313000, 0.09132435, 0.36132678, -0.24037547
827097370000, 0.08827003, 0.34055737, -0.2489276
827102319000, 0.0711658, 0.310625, -0.25473082
827107458000, 0.054061573, 0.29718593, -0.25228736
827112399000, 0.03756821, 0.28405234, -0.2519819
827118079000, 0.022907447, 0.28191432, -0.24037547
827122353000, -0.0012217305, 0.28191432, -0.23090707
827127372000, -0.03359759, 0.29138273, -0.20372356
827132366000, -0.047036625, 0.30634892, -0.17684549
827137349000, -0.067500606, 0.33108896, -0.16279559
827142351000, -0.070554934, 0.35643986, -0.13927728
827147368000, -0.07452556, 0.37598756, -0.106901415
827152357000, -0.08246681, 0.38087448, -0.09865474
827157467000, -0.07238753, 0.37812558, -0.08674286
827162404000, -0.06780604, 0.36774087, -0.089491755
827167365000, -0.056199603, 0.33414328, -0.096516706
827172377000, -0.031154128, 0.30634892, -0.112399206
827177359000, 0.0021380284, 0.2666427, -0.12644911
827182364000, 0.04520403, 0.2415972, -0.13897185
827187345000, 0.076358154, 0.22968534, -0.16890424
827192389000, 0.11911872, 0.23243423, -0.183565
827197348000, 0.16157386, 0.24648413, -0.19883664
827202314000, 0.19456059, 0.25961772, -0.22113322
827207395000, 0.2098322, 0.27488935, -0.24801129
827212432000, 0.23396139, 0.2837469, -0.27488935
827217258000, 0.23426682, 0.28893927, -0.30451632
827222728000, 0.21930063, 0.28955013, -0.32803464
827227263000, 0.20922135, 0.29229903, -0.35369098
827232367000, 0.18692477, 0.2996294, -0.37782016
827237283000, 0.16920967, 0.30726522, -0.39522982
827242377000, 0.12858713, 0.3359759, -0.41813725
827247306000, 0.09560041, 0.36041048, -0.44593164
827252368000, 0.08002335, 0.39828414, -0.48624873
827257890000, 0.04337143, 0.4166101, -0.49510628
827262445000, 0.018936822, 0.43279803, -0.49693888
827267330000, -0.009162978, 0.4373795, -0.49632803
827272375000, -0.03268129, 0.44501534, -0.48991394
827277352000, -0.044898596, 0.4373795, -0.4538729
827282374000, -0.05955936, 0.41783184, -0.40744713
827287311000, -0.06414085, 0.3894266, -0.33261612
827292354000, -0.051923547, 0.3933972, -0.26450464
827297540000, -0.029626964, 0.40775254, -0.19150625
827302317000, -0.021991149, 0.43310347, -0.10048734
827307661000, 0.0061086523, 0.4361578, -0.02321288
827312382000, 0.027183503, 0.4156938, 0.051618114
827317665000, 0.059864793, 0.38698313, 0.122478485
827322372000, 0.095294975, 0.355829, 0.18478674
827327620000, 0.124311075, 0.32925636, 0.22357668
827332370000, 0.12980886, 0.30543262, 0.23640485
827337313000, 0.129198, 0.2883284, 0.24465153
827342304000, 0.13041973, 0.25870144, 0.23243423
827347340000, 0.112704635, 0.22602014, 0.22327125
827352356000, 0.09468412, 0.19486602, 0.204029
827357402000, 0.07574729, 0.18051068, 0.17928895
827362425000, 0.051923547, 0.20158553, 0.15760323
827367366000, 0.005192355, 0.20922135, 0.124005646
827372368000, -0.027794369, 0.21960606, 0.10720685
827377332000, -0.08093964, 0.2144137, 0.067500606
827382311000, -0.1255328, 0.19792034, 0.046120327
827387377000, -0.1572978, 0.18234327, 0.009773844
827392371000, -0.20097467, 0.15424347, -0.020463986
827397393000, -0.23396139, 0.13439035, -0.060170226
827402381000, -0.2406809, 0.12644911, -0.098043874
827407458000, -0.26908615, 0.12797627, -0.12705997
827412337000, -0.28619036, 0.12064589, -0.16920967
827417338000, -0.2864958, 0.103847094, -0.19364429
827423274000, -0.26939157, 0.10476339, -0.22876903
827427343000, -0.25534168, 0.116675265, -0.24404067
827432324000, -0.24862215, 0.1863139, -0.2657264
827437343000, -0.26389378, 0.20647246, -0.2874121
827442308000, -0.26511553, 0.19700404, -0.3042109
827447348000, -0.26450464, 0.15363261, -0.3213151
827452351000, -0.24831672, 0.13408493, -0.32253686
827457337000, -0.23640485, 0.13316862, -0.32589662
827462345000, -0.20922135, 0.106901415, -0.34116822
827467352000, -0.19639318, 0.084910266, -0.35918877
827472347000, -0.17134771, 0.054367006, -0.34666604
827477349000, -0.12980886, 0.0036651916, -0.32650748
827482358000, -0.06566802, -0.058948494, -0.32895094
827487312000, 0.018020526, -0.17287487, -0.34147367
827492346000, 0.1255328, -0.30207285, -0.34788775
827497297000, 0.21624629, -0.42455134, -0.35827246
827502360000, 0.30970868, -0.5439755, -0.3717115
827507419000, 0.37323865, -0.6423248, -0.39645153
827513203000, 0.39828414, -0.7357872, -0.43004912
827517337000, 0.42363504, -0.78954333, -0.4538729
827522330000, 0.4269948, -0.799928, -0.4841107
827527329000, 0.40286562, -0.8020661, -0.4896085
827532327000, 0.38240165, -0.79901177, -0.49357912
827537328000, 0.32834008, -0.7699956, -0.4896085
827542340000, 0.26542094, -0.72509706, -0.46731192
827547278000, 0.2125811, -0.69058317, -0.43890667
827552357000, 0.160963, -0.70829827, -0.4166101
827557375000, 0.11789699, -0.72234815, -0.38820487
827562374000, 0.08124508, -0.68233645, -0.36041048
827567314000, 0.059253927, -0.61117065, -0.33017266
827572355000, 0.027183503, -0.5225952, -0.30543262
827577721000, -0.021685716, -0.44776422, -0.29901853
827582463000, -0.10048734, -0.35338554, -0.28985557
827587282000, -0.16187929, -0.29932398, -0.3036
827592311000, -0.21899518, -0.26145032, -0.3313944
827597516000, -0.25809056, -0.25778514, -0.35185838
827603380000, -0.28344148, -0.25900686, -0.3820962
827607537000, -0.2968805, -0.27672195, -0.40133846
827612377000, -0.28221974, -0.30573806, -0.4288274
827617365000, -0.2489276, -0.35033122, -0.45081854
827622713000, -0.20280726, -0.3998113, -0.46578476
827627371000, -0.1160644, -0.4266894, -0.47311515
827632368000, -0.079107046, -0.48258355, -0.4801401
827637362000, 0.004581489, -0.5412266, -0.4877759
827642373000, 0.09560041, -0.61300325, -0.48441613
827647365000, 0.18417588, -0.6542367, -0.4728097
827652504000, 0.27091873, -0.63499445, -0.44165558
827657337000, 0.33169982, -0.679893, -0.4297437
827662316000, 0.40866885, -0.72326446, -0.4184427
827667357000, 0.4633413, -0.64996064, -0.39675698
827672390000, 0.47616947, -0.68752885, -0.376293
827677333000, 0.54092115, -0.6713409, -0.37995818
827682336000, 0.58062744, -0.6178902, -0.36713
827687319000, 0.58093286, -0.63316184, -0.3735441
827692304000, 0.61300325, -0.625526, -0.37843102
827697335000, 0.60903263, -0.5928447, -0.3811799
827702400000, 0.59040123, -0.5018258, -0.37384954
827707375000, 0.56046885, -0.49846604, -0.37415496
827712416000, 0.5500842, -0.49357912, -0.38789943
827717267000, 0.5137377, -0.4813618, -0.38820487
827722531000, 0.51159966, -0.4007276, -0.38881573
827727322000, 0.4633413, -0.39584067, -0.3915646
827732331000, 0.46120325, -0.37690386, -0.39767328
827737325000, 0.44165558, -0.3594942, -0.3930918
827742306000, 0.4352415, -0.34666604, -0.39706242
827747362000, 0.4279111, -0.33964106, -0.40225476
827752334000, 0.4202753, -0.3463606, -0.40103304
827757387000, 0.4092797, -0.35369098, -0.39920044
827762329000, 0.40408736, -0.3417791, -0.39675698
827767327000, 0.39920044, -0.35246924, -0.38545597
827772313000, 0.38759398, -0.35888332, -0.364992
827777345000, 0.37843102, -0.36102137, -0.35063666
827782319000, 0.35735616, -0.35338554, -0.32925636
827787311000, 0.34391713, -0.3408628, -0.3042109
827792378000, 0.34055737, -0.33322698, -0.2657264
827797395000, 0.34330627, -0.28252518, -0.22785273
827802354000, 0.3475823, -0.24678956, -0.18936823
827807423000, 0.3576616, -0.21013765, -0.15790866
827812360000, 0.37140608, -0.17867808, -0.12522738
827817326000, 0.38453966, -0.15577064, -0.111177474
827822717000, 0.38820487, -0.12339478, -0.06780604
827827339000, 0.4034765, -0.112399206, -0.06261369
827832298000, 0.40133846, -0.0842994, -0.041233405
827838157000, 0.3943135, -0.055283304, -0.03573562
827842308000, 0.37323865, -0.04184427, -0.022296581
827847331000, 0.35369098, -0.03390302, -0.0106901415
827852331000, 0.3399465, -0.030543262, -0.005192355
827857348000, 0.31612277, -0.010995574, 0.01282817
827862321000, 0.31429017, 0.007330383, 0.02443461
827867325000, 0.31123585, 0.014966198, 0.043676864
827872306000, 0.31306845, 0.0061086523, 0.06566802
827877334000, 0.32803464, -0.006414085, 0.062308256
827882264000, 0.33658674, -0.032070424, 0.07513642
827887309000, 0.36010507, -0.05131268, 0.0842994
827892325000, 0.3830125, -0.07788532, 0.094989546
827897358000, 0.3912592, -0.09468412, 0.09987647
827902367000, 0.38698313, -0.124005646, 0.108123146
827908386000, 0.40622538, -0.1441642, 0.111177474
827912369000, 0.40439278, -0.15699236, 0.11575896
827917357000, 0.40225476, -0.18234327, 0.1133155
827922318000, 0.39461896, -0.21288654, 0.118507855
827927338000, 0.41080686, -0.19914207, 0.122783914
827932340000, 0.41416663, -0.20738874, 0.13347405
827937314000, 0.42577308, -0.23273966, 0.14782938
827942349000, 0.4297437, -0.24281894, 0.16432275
827947329000, 0.44990227, -0.27366763, 0.17195857
827952293000, 0.44868052, -0.29932398, 0.17715092
827957344000, 0.4456262, -0.3222314, 0.18753563
827962342000, 0.45845437, -0.35460728, 0.19303341
827967327000, 0.45081854, -0.37904188, 0.22174409
827972320000, 0.45204028, -0.41599923, 0.22388211
827977407000, 0.45723262, -0.40286562, 0.23335053
827982330000, 0.45204028, -0.42271876, 0.24312437
827987310000, 0.44409904, -0.42546764, 0.2507602
827992332000, 0.4352415, -0.42577308, 0.2574797
827997329000, 0.4382958, -0.41233405, 0.2565634
828002315000, 0.44135013, -0.38973203, 0.26511553
828007343000, 0.45875978, -0.3726278, 0.25503623
828012336000, 0.49480084, -0.37323865, 0.25595254
828017325000, 0.49938235, -0.35002577, 0.24953845
828022711000, 0.5155703, -0.29932398, 0.22724187
828027336000, 0.5195409, -0.29168814, 0.22540927
828032330000, 0.5222898, -0.35369098, 0.24007004
828037311000, 0.5143485, -0.22815818, 0.21166481
828042315000, 0.52015173, -0.15821409, 0.20799962
828047490000, 0.5345071, -0.14508049, 0.20769419
828052325000, 0.5296202, -0.13347405, 0.21838433
828057374000, 0.52198434, -0.12156218, 0.22449298
828062352000, 0.52290064, -0.12308934, 0.2415972
828067262000, 0.52839845, -0.1301143, 0.26816985
828072327000, 0.5290093, -0.11453723, 0.2751948
828077268000, 0.52687126, -0.1160644, 0.29901853
828082324000, 0.52290064, -0.094989546, 0.30940324
828087293000, 0.51893, -0.17806722, 0.3744604
828092329000, 0.50976706, -0.10629055, 0.3717115
828097291000, 0.5195409, -0.0106901415, 0.376293
828102332000, 0.5467244, -0.008857546, 0.40591997
828107352000, 0.57451874, -0.016187929, 0.41691554
828112339000, 0.58246, -0.008857546, 0.42577308
828117416000, 0.58032197, -0.09437868, 0.46639562
828122324000, 0.5714644, -0.09743301, 0.46395215
828127329000, 0.5693264, -0.01985312, 0.4550946
828132327000, 0.58551437, -0.054367006, 0.4813618
828137453000, 0.5910121, -0.10720685, 0.48899764
828142354000, 0.59406644, -0.06169739, 0.47952923
828147345000, 0.5720753, -0.035124753, 0.47342056
828152370000, 0.569021, -0.06627888, 0.46395215
828157343000, 0.56199604, -0.1020145, 0.45937067
828163038000, 0.56077427, -0.07574729, 0.45051312
828167262000, 0.56596667, -0.0693332, 0.45631635
828172313000, 0.5833763, -0.12370021, 0.46395215
828177271000, 0.5925393, -0.16157386, 0.46609017
828182328000, 0.61666846, -0.22327125, 0.4801401
828187341000, 0.636827, -0.31306845, 0.48838675
828192340000, 0.63407815, -0.47067168, 0.5021312
828197265000, 0.6597345, -0.5177083, 0.52473325
828202309000, 0.66828656, -0.54305923, 0.5513059
828207372000, 0.64660084, -0.5751296, 0.5684101
828212403000, 0.6414085, -0.66981375, 0.5699373
828217262000, 0.6221663, -0.77488256, 0.5766568
828222699000, 0.61727935, -0.84696466, 0.569021
828227320000, 0.6264423, -0.9596693, 0.5723807
828232619000, 0.64751714, -1.0158689, 0.56107974
828237339000, 0.66248333, -1.0687088, 0.5519168
828242327000, 0.6844745, -1.151481, 0.5332854
828247350000, 0.7076874, -1.2284501, 0.5186246
828252327000, 0.7360926, -1.2400564, 0.49968776
828257372000, 0.75961095, -1.201572, 0.46975538
828262327000, 0.7791586, -1.1566733, 0.44043383
828267324000, 0.8054258, -1.0305296, 0.41386122
828272318000, 0.795652, -0.9859365, 0.38331795
828277341000, 0.79473567, -0.96944314, 0.3576616
828282335000, 0.7870999, -0.9450085, 0.33383787
828287310000, 0.77366084, -0.97524637, 0.30940324
828292346000, 0.7629707, -1.0048733, 0.28771752
828297334000, 0.7602218, -1.1016954, 0.25442538
828302344000, 0.784351, -1.1618657, 0.2284636
828307357000, 0.81581056, -1.2733486, 0.21074851
828312337000, 0.83260936, -1.3267993, 0.16646078
828317332000, 0.8304713, -1.3863586, 0.14538592
828322324000, 0.8304713, -1.475545, 0.10445796
828327350000, 0.8417723, -1.4969252, 0.071776666
828332327000, 0.8371908, -1.4932601, 0.05009095
828337315000, 0.8368854, -1.4569136, 0.035124753
828342315000, 0.81397796, -1.4086553, 0.048258353
828347311000, 0.8042041, -1.3362677, 0.071776666
828352373000, 0.7690793, -1.2437216, 0.11301007
828357421000, 0.72509706, -1.1676689, 0.17287487
828362423000, 0.70280045, -1.0699304, 0.22876903
828367331000, 0.6844745, -0.96791595, 0.23823744
828372489000, 0.6808093, -0.8038987, 0.2415972
828377382000, 0.6759224, -0.6774496, 0.24862215
828382356000, 0.6814202, -0.5830709, 0.28130344
828387349000, 0.7156286, -0.38820487, 0.2929099
828392310000, 0.69913524, -0.14049901, 0.34666604
828397367000, 0.64812803, 0.09010262, 0.41691554
828402332000, 0.5983425, 0.1459968, 0.50518554
828407412000, 0.6001751, 0.37782016, 0.5332854
828412308000, 0.5299256, 0.514654, 0.57543504
828417367000, 0.46609017, 0.40622538, 0.59803706
828422676000, 0.4392121, 0.32162055, 0.514654
828427383000, 0.40194935, 0.41416663, 0.5180137
828432309000, 0.3594942, 0.505491, 0.5186246
828437324000, 0.32620203, 0.53023106, 0.49021935
828442291000, 0.30268374, 0.55771995, 0.48899764
828447349000, 0.23762658, 0.5335908, 0.52198434
828452303000, 0.18295415, 0.57818395, 0.59712076
828457355000, 0.106901415, 0.77946407, 0.66645396
828462274000, -0.0070249503, 1.073901, 0.7693848
828467335000, -0.10323623, 1.2345587, 0.8332202
828472363000, -0.18417588, 1.2794572, 0.890947
828477343000, -0.24312437, 1.3759739, 0.89888823
828482342000, -0.2846632, 1.4569136, 0.86193085
828488133000, -0.29901853, 1.5048665, 0.8191703
828492348000, -0.2764165, 1.5891659, 0.7816021
828497332000, -0.21471913, 1.6190983, 0.7281514
828502352000, -0.13041973, 1.6710218, 0.70463306
828507273000, -0.09560041, 1.6404786, 0.6597345
828512294000, -0.01740966, 1.5118915, 0.59986967
828517281000, 0.070249505, 1.3542882, 0.54244834
828522616000, 0.17348573, 1.1236867, 0.47616947
828527271000, 0.25289822, 0.8597928, 0.4120286
828532270000, 0.35185838, 0.5653558, 0.35338554
828537261000, 0.42852196, 0.28252518, 0.30298916
828542273000, 0.48533243, 0.11911872, 0.2770274
828547271000, 0.48472157, -0.028710667, 0.26816985
828552300000, 0.47952923, -0.13500121, 0.28985557
828557388000, 0.45142943, -0.116980694, 0.3484986
828562355000, 0.42058071, -0.10842858, 0.34483343
828567347000, 0.41233405, -0.1572978, 0.31887165
828572357000, 0.48075095, -0.26511553, 0.28985557
828577368000, 0.57757306, -0.3475823, 0.2929099
828582368000, 0.6579019, -0.42577308, 0.29016098
828587347000, 0.7367035, -0.5714644, 0.267559
828593090000, 0.82344633, -0.72051555, 0.23090707
828597364000, 0.88239485, -0.72418076, 0.16157386
828602392000, 0.8848383, -0.68783426, 0.14966199
828607385000, 0.89644474, -0.5564982, 0.14935656
828612368000, 0.8970556, -0.5335908, 0.13836098
828617363000, 0.9117164, -0.5369505, 0.099265605
828622661000, 0.9080512, -0.5580254, 0.0711658
828627286000, 0.88025683, -0.4981606, 0.0711658
828632342000, 0.84604836, -0.33444872, 0.110872045
828637314000, 0.7901542, -0.1957823, 0.17165314
828642323000, 0.7486154, -0.16371189, 0.21777347
828647268000, 0.75900006, -0.20250183, 0.24404067
828652387000, 0.77763146, -0.2773328, 0.26267207
828657369000, 0.8029824, -0.33108896, 0.2932153
828662829000, 0.8368854, -0.39675698, 0.31764993
828667260000, 0.87017757, -0.45020768, 0.4334089
828672356000, 0.9007208, -0.37720928, 0.45937067
828677266000, 0.89736104, -0.2843578, 0.5006041
828682352000, 0.870483, -0.23518312, 0.5296202
828687307000, 0.8576548, -0.23243423, 0.535118
828692411000, 0.8539896, -0.2657264, 0.5235115
828697303000, 0.8790351, -0.27397305, 0.51007247
828702399000, 0.8857546, -0.310625, 0.54428095
828707371000, 0.92179567, -0.31398472, 0.53023106
828712374000, 0.9560041, -0.33108896, 0.4859433
828717262000, 0.9764681, -0.2932153, 0.45020768
828722371000, 1.0210613, -0.2828306, 0.39614612
828727271000, 1.0662653, -0.3118467, 0.3323107
828732364000, 1.1181889, -0.31795537, 0.28619036
828737278000, 1.1560625, -0.35430184, 0.27000242
828742345000, 1.1936307, -0.29840767, 0.31856623
828747265000, 1.2528846, -0.1386664, 0.28160888
828752425000, 1.2791518, -0.01863139, 0.28771752
828757330000, 1.3045027, 0.047036625, 0.301462
828762462000, 1.3503176, 0.0729984, 0.310625
828767303000, 1.4220943, 0.1160644, 0.33841935
828772318000, 1.4706581, 0.12339478, 0.3594942
828777339000, 1.5351044, 0.1554652, 0.35369098
828782331000, 1.572978, 0.17898351, 0.42180246
828787307000, 1.6142114, 0.22999077, 0.48930305
828792336000, 1.7040086, 0.2742785, 0.441961
828797365000, 1.7137824, 0.32345316, 0.44257188
828802334000, 1.7507398, 0.34666604, 0.41691554
828807431000, 1.8228219, 0.38728857, 0.4120286
828812580000, 1.9089539, 0.39492437, 0.3912592
828817373000, 1.9822577, 0.40530908, 0.41691554
828822695000, 2.0244074, 0.39370266, 0.46914452
828827383000, 2.0732768, 0.40408736, 0.45234573
828832537000, 2.0619757, 0.398895, 0.46028697
828837320000, 2.051591, 0.41050145, 0.47708577
828842644000, 2.0576997, 0.48075095, 0.35521814
828847950000, 2.0867157, 0.40530908, 0.37720928
828852514000, 2.1303926, 0.35979962, 0.38148534
828857398000, 2.1587977, 0.32650748, 0.36682457
828862266000, 2.1838431, 0.23426682, 0.32528573
828867330000, 2.198504, 0.17073683, 0.2919936
828872287000, 2.1545217, 0.11789699, 0.2764165
828877342000, 2.1007655, 0.09162979, 0.26633725
828882475000, 2.025629, 0.07513642, 0.27885997
828887304000, 1.9593502, 0.07971791, 0.29657507
828892387000, 1.8958203, 0.04520403, 0.3213151
828897330000, 1.8619173, 0.003970624, 0.33108896
828902311000, 1.8054122, -0.018325957, 0.37995818
828907333000, 1.7589865, -0.0106901415, 0.41508293
828912331000, 1.7314975, -0.032070424, 0.4437936
828917938000, 1.745242, -0.0012217305, 0.47219884
828922313000, 1.7559321, -0.09437868, 0.4474588
828927340000, 1.7669277, -0.11178834, 0.45906523
828932329000, 1.7394388, -0.124005646, 0.4578435
828937304000, 1.7168368, -0.13988814, 0.45081854
828942302000, 1.6856827, -0.116675265, 0.43463063
828947413000, 1.6490307, -0.065973446, 0.44104472
828952357000, 1.6169603, -0.11209377, 0.3933972
828957321000, 1.6041322, -0.18142697, 0.35246924
828962340000, 1.598329, -0.16646078, 0.3155119
828967331000, 1.5903877, -0.14630222, 0.27550024
828972309000, 1.5873333, -0.13652839, 0.27030787
828977313000, 1.5876387, -0.183565, 0.20647246
828982334000, 1.572978, -0.17379116, 0.16584991
828987857000, 1.5674802, -0.15210545, 0.12339478
828992329000, 1.5570955, -0.14110987, 0.098043874
828997279000, 1.5619824, -0.14813483, 0.08307768
829002363000, 1.5647314, -0.16371189, 0.028710667
829007326000, 1.5668694, -0.19211712, -0.022296581
829012357000, 1.5668694, -0.19211712, -0.058948494
829017276000, 1.5781704, -0.16371189, -0.09865474
829022296000, 1.5858061, -0.19058995, -0.124005646
829027271000, 1.5671748, -0.14660765, -0.14630222
829032331000, 1.5613716, -0.12950343, -0.17348573
829037280000, 1.5650368, -0.015577064, -0.20463985
829042376000, 1.5662584, -0.037873644, -0.3042109
829047265000, 1.559539, -0.018325957, -0.35063666
829052389000, 1.5406022, 0.009773844, -0.37659842
829057544000, 1.559539, 0.06658431, -0.4166101
829062375000, 1.5439619, 0.10476339, -0.44532076
829067372000, 1.541213, 0.102319926, -0.49663344
829072357000, 1.5158621, 0.09010262, -0.54611355
829077363000, 1.4825699, -0.0018325958, -0.6010914
829082349000, 1.461495, -0.036651913, -0.6612616
829087702000, 1.4095715, 0.0125227375, -0.7452556
829092456000, 1.3747523, -0.00580322, -0.788627
829097307000, 1.3542882, -0.04734206, -0.86559606
829102323000, 1.2999213, -0.08277224, -0.93279123
829107287000, 1.2528846, -0.10629055, -1.0195341
829112367000, 1.2293663, -0.13561209, -1.1090258
829117315000, 1.208597, -0.13408493, -1.1753048
829122369000, 1.1954633, -0.13164146, -1.2232577
829127394000, 1.2070698, -0.15302174, -1.2379184
829132370000, 1.217149, -0.17989981, -1.3289373
829137379000, 1.1863003, -0.2501493, -1.4850134
829142485000, 1.142318, -0.1386664, -1.6071864
829147352000, 1.1316279, -0.096516706, -1.7006488
829152389000, 1.1566733, -0.07666359, -1.8335121
829157444000, 1.1398746, -0.05467244, -1.9553796
829162382000, 1.144456, -0.019242255, -1.9538525
829167364000, 1.1695015, 0.03726278, -1.8677205
829173052000, 1.1658363, 0.047036625, -1.7052304
829177372000, 1.162782, 0.07452556, -1.5564847
829182369000, 1.131017, 0.07452556, -1.4178182
829187343000, 1.0980303, 0.09315695, -1.3558154
829192469000, 1.0842859, 0.12034045, -1.2541064
829197362000, 1.0512991, 0.14538592, -1.1676689
829202358000, 1.031446, 0.172264, -1.1166617
829207665000, 1.0048733, 0.18203785, -1.0882565
829212382000, 0.9624182, 0.23273966, -1.0891727
829217349000, 0.92271197, 0.25686884, -1.1059716
829222348000, 0.8897252, 0.2855795, -1.1328496
829227360000, 0.88697636, 0.30085114, -1.176221
829232369000, 0.8546005, 0.28099802, -1.2211196
829237309000, 0.8347474, 0.2669481, -1.2632693
829243032000, 0.8176431, 0.25411993, -1.3026701
829247331000, 0.7858781, 0.24953845, -1.3063353
829252348000, 0.75747293, 0.2501493, -1.3011429
829257420000, 0.73731434, 0.23884831, -1.2928963
829262344000, 0.7134906, 0.19303341, -1.3023647
829267334000, 0.70554936, 0.1826487, -1.3008375
829272293000, 0.6924158, 0.19211712, -1.278541
829277427000, 0.65484756, 0.1966986, -1.2803736
829282259000, 0.6197228, 0.19181168, -1.2788464
829287307000, 0.600786, 0.17531833, -1.29198
829292335000, 0.56230146, 0.1685988, -1.3014483
829297348000, 0.4981606, 0.15454891, -1.3060299
829302329000, 0.45020768, 0.14721853, -1.2843442
829307373000, 0.41050145, 0.12705997, -1.2916746
829313042000, 0.39400807, 0.13439035, -1.2965615
829317306000, 0.3576616, 0.17470746, -1.3136657
829322366000, 0.31581733, 0.18142697, -1.3158038
829327333000, 0.28802297, 0.2049453, -1.312444
829332691000, 0.26297748, 0.21594086, -1.3038919
829337350000, 0.27275133, 0.25717425, -1.3066407
829342541000, 0.2968805, 0.27977628, -1.3084733
829347308000, 0.2910773, 0.2574797, -1.3096951
829352306000, 0.3005457, 0.26542094, -1.321607
829357340000, 0.32162055, 0.27916542, -1.3261884
829362337000, 0.3359759, 0.2910773, -1.344209
829367327000, 0.36071593, 0.2883284, -1.3518448
829372322000, 0.3747658, 0.26083946, -1.3799446
829377345000, 0.3753767, 0.267559, -1.4117095
829382445000, 0.3726278, 0.28038713, -1.4428637
829387308000, 0.35705075, 0.29749137, -1.4511104
829392335000, 0.32467487, 0.32345316, -1.4773777
829397330000, 0.31887165, 0.34513888, -1.4831808
829402287000, 0.31795537, 0.33108896, -1.4837917
829407326000, 0.31306845, 0.32498032, -1.484708
829412268000, 0.28893927, 0.34055737, -1.4761559
829417330000, 0.25503623, 0.33353242, -1.4465289
829422689000, 0.21899518, 0.30665436, -1.4266758
829427322000, 0.19883664, 0.27947086, -1.3927728
829432299000, 0.18325958, 0.25961772, -1.3686435
829437318000, 0.15760323, 0.23243423, -1.3399329
829442374000, 0.11881329, 0.20616703, -1.3240504
829447296000, 0.096516706, 0.20280726, -1.3063353
829452357000, 0.05955936, 0.19058995, -1.2895365
829457331000, 0.028405234, 0.18020524, -1.2800682
829462310000, -0.0076358155, 0.160963, -1.2666291
829467284000, -0.028099801, 0.1518, -1.251052
829472315000, -0.06566802, 0.15577064, -1.2327261
829477297000, -0.089491755, 0.13744467, -1.2180653
829482293000, -0.100792766, 0.106595986, -1.196685
829487315000, -0.12156218, 0.08307768, -1.1701124
829492311000, -0.110872045, 0.062002823, -1.1490375
829497334000, -0.12003502, 0.034208454, -1.1282681
829502238000, -0.13500121, 0.01282817, -1.1032226
829507280000, -0.14935656, -0.019547688, -1.087951
829512251000, -0.17165314, -0.058337633, -1.07665
829517244000, -0.17684549, -0.087659165, -1.0552697
829522272000, -0.18478674, -0.12034045, -1.0546589
829527250000, -0.19914207, -0.15577064, -1.0430524
829532252000, -0.22510384, -0.18112154, -1.040609
829537238000, -0.24831672, -0.20280726, -1.0317514
829542254000, -0.2782491, -0.22602014, -1.0128145
829547245000, -0.31764993, -0.25137106, -1.0009027
829552347000, -0.3359759, -0.28008172, -0.977079
829557337000, -0.344528, -0.30940324, -0.9459248
829562334000, -0.33628133, -0.3203988, -0.92179567
829567781000, -0.31398472, -0.31673363, -0.8875872
829572317000, -0.28924468, -0.31215215, -0.8698721
829577332000, -0.27214047, -0.30298916, -0.8542951
829582330000, -0.22052236, -0.312763, -0.82619524
829587290000, -0.16493362, -0.31948254, -0.8032878
829592363000, -0.1441642, -0.3417791, -0.7816021
829597264000, -0.12034045, -0.36713, -0.7657196
829602444000, -0.105374254, -0.3894266, -0.7641924
829607302000, -0.11056661, -0.4266894, -0.763887
829612338000, -0.12034045, -0.46914452, -0.7791586
829617258000, -0.1518, -0.5009095, -0.7855727
829622680000, -0.18845193, -0.50793445, -0.7870999
829627262000, -0.23335053, -0.5015204, -0.7788532
829632314000, -0.26725355, -0.48747048, -0.77274454
829637913000, -0.2959642, -0.47219884, -0.7623598
829642350000, -0.30604348, -0.46609017, -0.7593055
829647285000, -0.31123585, -0.462425, -0.7489208
829652334000, -0.31520647, -0.4456262, -0.7501425
829657422000, -0.3023783, -0.44073927, -0.7684685
829662338000, -0.26236662, -0.45478916, -0.7892379
829667297000, -0.21991149, -0.4718934, -0.8151997
829672307000, -0.18173242, -0.4981606, -0.83658
829677302000, -0.16310102, -0.5109888, -0.8750645
829682327000, -0.14996742, -0.5571091, -0.8933904
829687282000, -0.122783914, -0.59620446, -0.90377516
829692351000, -0.11026118, -0.61483586, -0.91690874
829697654000, -0.10262536, -0.61208695, -0.89675015
829702344000, -0.09468412, -0.60903263, -0.88361657
829707656000, -0.09010262, -0.591623, -0.86009824
829712409000, -0.08307768, -0.5476407, -0.8350528
829717260000, -0.08552113, -0.48166725, -0.7996226
829722316000, -0.0711658, -0.4166101, -0.7675522
829727272000, -0.03634648, -0.3417791, -0.7602218
829732330000, -0.009773844, -0.29016098, -0.745561
829737308000, 0.0027488936, -0.22021692, -0.75808376
829742356000, 0.032070424, -0.17654006, -0.7696902
829747328000, 0.05497787, -0.17562376, -0.77182823
829752357000, 0.06414085, -0.22204952, -0.7797695
829757358000, 0.054367006, -0.29077184, -0.79229224
829762333000, 0.022602014, -0.37384954, -0.816116
829767325000, -0.013133603, -0.42058071, -0.8393288
829772314000, -0.020463986, -0.50671273, -0.84299403
829777342000, -0.033292156, -0.5491679, -0.8194757
829782328000, -0.020158553, -0.5546656, -0.7672467
829787304000, -0.0012217305, -0.50518554, -0.6612616
829792345000, 0.020463986, -0.46609017, -0.54000485
829797333000, 0.04520403, -0.42577308, -0.41538838
829802330000, 0.07147124, -0.4279111, -0.29871312
829807354000, 0.08246681, -0.44257188, -0.19822577
829812333000, 0.09743301, -0.4541783, -0.12583824
829817325000, 0.083383106, -0.45234573, -0.09682214
829823269000, 0.025045475, -0.45631635, -0.0693332
829827334000, -0.03940081, -0.46486846, -0.048563786
829832329000, -0.103847094, -0.48258355, -0.043066
829837310000, -0.16890424, -0.5103779, -0.0421497
829842377000, -0.19792034, -0.5329799, -0.06536258
829847334000, -0.20922135, -0.56138515, -0.086437434
829852316000, -0.19486602, -0.6133087, -0.13561209
829857458000, -0.17287487, -0.6563747, -0.17501289
829862263000, -0.13713925, -0.6774496, -0.21380283
829867324000, -0.08307768, -0.7119634, -0.22632557
829872279000, -0.04795292, -0.70066243, -0.24007004
829877341000, 0.035430185, -0.68477994, -0.25350907
829882263000, 0.1142318, -0.66798115, -0.24587326
829887309000, 0.19730948, -0.6160576, -0.22113322
829892910000, 0.28924468, -0.56413406, -0.17928895
829897333000, 0.35918877, -0.50671273, -0.15088372
829902357000, 0.42302418, -0.46181414, -0.122478485
829907346000, 0.48441613, -0.46609017, -0.09254608
829912327000, 0.51159966, -0.45081854, -0.06169739
829917329000, 0.5225952, -0.48075095, -0.062002823
829922324000, 0.52595496, -0.50488013, -0.07238753
829927382000, 0.5177083, -0.5589417, -0.081855945
829932366000, 0.49602258, -0.6383542, -0.10415252
829937332000, 0.45265114, -0.7507534, -0.124311075
829942380000, 0.39828414, -0.84329945, -0.14569137
829947370000, 0.34116822, -0.91415983, -0.16218472
829952377000, 0.2996294, -0.95264435, -0.17470746
829957450000, 0.27122417, -0.9868528, -0.17470746
829962341000, 0.2648101, -1.0085385, -0.19333886
829967371000, 0.27152961, -1.0439687, -0.21044308
829972350000, 0.28710666, -1.0726794, -0.2510656
829977369000, 0.32986724, -1.0989466, -0.27763826
829982550000, 0.38423425, -1.1102476, -0.27580565
829987311000, 0.43890667, -1.108415, -0.2843578
829992339000, 0.4831944, -1.1432343, -0.28985557
829997331000, 0.54244834, -1.0943651, -0.2968805
830002347000, 0.5323691, -1.0512991, -0.2837469
830007320000, 0.45937067, -0.99265605, -0.27458394
830012265000, 0.376293, -0.9419542, -0.2556471
830017327000, 0.29229903, -0.8903361, -0.22693644
830022689000, 0.19517145, -0.8371908, -0.19730948
830027330000, 0.10781772, -0.7797695, -0.15851954
830032301000, 0.027183503, -0.70341134, -0.12522738
830037306000, -0.04886922, -0.5900958, -0.08032878
830042364000, -0.12003502, -0.44135013, -0.022602014
830047329000, -0.18692477, -0.2724459, 0.03726278
830052354000, -0.2443461, -0.105374254, 0.10781772
830057347000, -0.3203988, 0.02076942, 0.13591751
830062334000, -0.37782016, 0.08124508, 0.14110987
830067330000, -0.40775254, 0.17745635, 0.1441642
830072306000, -0.4605924, 0.25686884, 0.13836098
830077335000, -0.51068336, 0.33628133, 0.1282817
830082326000, -0.5537493, 0.39767328, 0.105374254
830087316000, -0.58459806, 0.44837508, 0.063224554
830092340000, -0.6133087, 0.46578476, 0.02687807
830097328000, -0.63132924, 0.43554693, 0.010079277
830102363000, -0.5876524, 0.38606682, -0.0067195175
830107313000, -0.5296202, 0.34788775, -0.021685716
830112335000, -0.48197266, 0.32253686, -0.02443461
830117261000, -0.46670106, 0.26297748, -0.004276057
830122312000, -0.46028697, 0.064446285, 0.06414085
830127265000, -0.3494149, -0.0021380284, 0.048563786
830132322000, -0.32986724, 0.0018325958, 0.025045475
830137305000, -0.37720928, -0.024129177, 0.043676864
830142420000, -0.39095375, -0.054367006, 0.071776666
830147304000, -0.3885103, -0.0693332, 0.106901415
830152369000, -0.3484986, -0.06627888, 0.12217305
830157342000, -0.2941316, -0.07238753, 0.14202617
830162332000, -0.22479841, -0.042760566, 0.15760323
830167313000, -0.20280726, -0.0018325958, 0.19792034
830172316000, -0.14782938, -0.011911872, 0.22479841
830177330000, -0.08552113, -0.05100725, 0.22510384
830182449000, 0.012217305, -0.07574729, 0.2284636
830187562000, 0.0729984, -0.11362094, 0.21655174
830192383000, 0.12522738, -0.08827003, 0.20861048
830197317000, 0.14935656, -0.008552114, 0.20311269
830202374000, 0.11575896, 0.0580322, 0.20280726
830207348000, 0.08032878, 0.029321533, 0.18753563
830212333000, 0.1020145, -0.0061086523, 0.17745635
830218207000, 0.12767084, -0.051618114, 0.17195857
830222689000, 0.17165314, -0.0711658, 0.19303341
830227269000, 0.2144137, -0.09590584, 0.22540927
830232328000, 0.23090707, -0.11942416, 0.25595254
830237281000, 0.2611449, -0.1459968, 0.30726522
830242371000, 0.28221974, -0.17195857, 0.35918877
830247267000, 0.31764993, -0.20525073, 0.4071417
830252451000, 0.35705075, -0.22021692, 0.44501534
830257321000, 0.37415496, -0.23365596, 0.4605924
830262328000, 0.38362336, -0.24251351, 0.46975538
830267292000, 0.3912592, -0.24587326, 0.47891834
830272317000, 0.36346483, -0.22571471, 0.49571714
830277334000, 0.31887165, -0.20799962, 0.50762904
830282332000, 0.2773328, -0.16523905, 0.5170974
830287970000, 0.21868975, -0.13469578, 0.5305365
830292345000, 0.16798794, -0.109650314, 0.5314528
830297332000, 0.11575896, -0.07727446, 0.5308419
830302387000, 0.06414085, -0.06963864, 0.52839845
830307343000, 0.03940081, -0.06566802, 0.5320636
830312333000, 0.0061086523, -0.080634214, 0.51893
830317328000, -0.008857546, -0.106901415, 0.51923543
830322296000, -0.025961773, -0.15974127, 0.50518554
830327350000, -0.030543262, -0.18234327, 0.48930305
830332326000, -0.032375857, -0.18509217, 0.47311515
830337312000, -0.03573562, -0.20005837, 0.45570546
830342364000, -0.05955936, -0.20861048, 0.43096542
830347331000, -0.06811147, -0.22388211, 0.40866885
830352334000, -0.081855945, -0.21135938, 0.37568212
830357855000, -0.07849618, -0.21838433, 0.32986724
830362275000, -0.07238753, -0.21380283, 0.30909783
830367328000, -0.07788532, -0.20311269, 0.25809056
830372274000, -0.0852157, -0.19700404, 0.21227567
830377342000, -0.08399397, -0.15760323, 0.15821409
830382262000, -0.1001819, -0.16249016, 0.10354166
830387312000, -0.122478485, -0.16676621, 0.062308256
830392353000, -0.13041973, -0.14813483, 0.02107485
830397333000, -0.13897185, -0.13897185, -0.01282817
830402319000, -0.13347405, -0.11881329, -0.049480084
830407313000, -0.11728613, -0.090713486, -0.08307768
830412504000, -0.110872045, -0.07544186, -0.115453534
830417329000, -0.07086037, -0.069027774, -0.14080444
830422722000, -0.052534413, -0.051923547, -0.15607607
830427396000, -0.018325957, -0.04520403, -0.1740966
830432311000, -0.008552114, -0.03023783, -0.18173242
830437319000, -0.006414085, -0.021380283, -0.16340645
830442364000, 0.0012217305, -0.004886922, -0.14721853
830447292000, -0.010079277, -0.004886922, -0.13775012
830452335000, -0.0070249503, 0.015271631, -0.12614368
830457304000, -0.0021380284, 0.014966198, -0.09560041
830462315000, 0.007330383, 0.021685716, -0.083383106
830467304000, -0.0076358155, 0.027183503, -0.06811147
830472289000, -0.016493361, 0.02687807, -0.054061573
830477304000, -0.033292156, 0.032986723, -0.03268129
830482313000, -0.03634648, 0.022907447, -0.025350908
830487311000, -0.05467244, 0.030543262, -0.01985312
830492291000, -0.047647487, 0.032986723, -0.010995574
830497308000, -0.028405234, 0.032986723, -0.005497787
830502248000, -0.009468411, 0.012217305, -0.0076358155
830507275000, 0.014049901, 0.016493361, -0.010079277
830512251000, 0.03481932, 0.022907447, -0.014660766
830517247000, 0.046120327, 0.055283304, 0.0015271631
830522289000, 0.053145275, 0.06291912, -0.0027488936
830527300000, 0.07574729, 0.06688975, -0.013744468
830532248000, 0.082161374, 0.020158553, -0.028099801
830537234000, 0.1337795, 0.032070424, -0.02443461
830542604000, 0.14844026, 0.065973446, -0.027488936
830547246000, 0.14172074, 0.059253927, -0.025350908
830552349000, 0.1328632, 0.05100725, -0.03268129
830557338000, 0.14446963, 0.0421497, -0.0421497
830562332000, 0.14446963, 0.008857546, -0.051618114
830567328000, 0.160963, 0.027794369, -0.057421334
830572310000, 0.14813483, 0.04062254, -0.06414085
830577309000, 0.116675265, 0.025961773, -0.080634214
830582326000, 0.106595986, -0.01985312, -0.10751228
830587306000, 0.10720685, -0.02687807, -0.12370021
830592380000, 0.105374254, -0.015882496, -0.1386664
830597264000, 0.07544186, -0.033292156, -0.15393804
830602356000, 0.07269296, -0.020463986, -0.15515977
830607320000, 0.07391469, -0.027488936, -0.16890424
830613003000, 0.08277224, -0.011301007, -0.17470746
830617302000, 0.0888809, -0.009162978, -0.18600847
830622658000, 0.09682214, 0.0033597588, -0.17348573
830627324000, 0.101098195, 0.008246681, -0.1685988
830632323000, 0.10903945, 0.00580322, -0.17012598
830638056000, 0.11301007, 0.002443461, -0.18142697
830642346000, 0.12614368, 0.005497787, -0.16829337
830647448000, 0.14049901, 0.008246681, -0.16523905
830652323000, 0.13927728, 0.015882496, -0.1591304
830657417000, 0.13530666, 0.028405234, -0.13927728
830662330000, 0.12797627, 0.025961773, -0.1255328
830667282000, 0.11881329, 0.023518313, -0.115453534
830672312000, 0.09560041, 0.045814894, -0.10445796
830677306000, 0.07360926, 0.056505036, -0.096516706
830682881000, 0.053145275, 0.058643065, -0.09315695
830687298000, 0.044898596, 0.050396383, -0.084910266
830692358000, 0.043676864, 0.042455133, -0.08368854
830697268000, 0.041233405, 0.016798794, -0.082161374
830702322000, 0.052839845, 0.0030543262, -0.07788532
830707324000, 0.059864793, 0.0036651916, -0.062308256
830712325000, 0.04184427, -0.009162978, -0.055283304
830717265000, 0.0290161, -0.024129177, -0.05497787
830722314000, 0.03756821, -0.015271631, -0.04917465
830727343000, 0.038179077, -0.017715093, -0.04062254
830732328000, 0.029626964, -0.017715093, -0.024740042
830737307000, 0.030848695, -0.016798794, -0.01160644
830742346000, 0.031154128, -0.01282817, -0.0143553335
830747332000, 0.03390302, -0.018325957, -0.017104227
830752516000, 0.035430185, -0.01038471, -0.018936822
830757333000, 0.043066, -0.005192355, -0.021380283
830762326000, 0.036651913, 0.004276057, -0.013133603
830767327000, 0.036957346, 0.0033597588, -0.007330383
830772312000, 0.03145956, -0.0061086523, -0.0125227375
830777339000, 0.020158553, -0.0012217305, -0.014049901
830782326000, 0.008552114, 0.004886922, -0.021685716
830787310000, 0.0106901415, -0.0070249503, -0.021991149
830792349000, 0.009468411, -9.162979E-4, -0.025350908
830797331000, -0.0015271631, -0.015882496, -0.014966198
830802326000, 0.0027488936, -0.014966198, -0.030543262
830807332000, 0.0125227375, -0.009773844, -0.03481932
830812326000, 0.013744468, -0.013439035, -0.049480084
830817329000, 0.015577064, -0.0012217305, -0.06566802
830823362000, 0.046731193, 0.00580322, -0.058948494
830827353000, 0.050396383, 0.0015271631, -0.050396383
830832415000, 0.050701816, -0.015271631, -0.03940081
830837359000, 0.03481932, -0.018020526, -0.01282817
830842702000, 0.021380283, -0.004276057, -0.0030543262
830847368000, -0.0021380284, -0.0030543262, 0.007941248
830852586000, -0.019547688, 0.018325957, 0.05100725
830857354000, -0.050701816, 0.036957346, 0.08552113
830862311000, -0.0693332, 0.033292156, 0.12889257
830867326000, -0.08827003, 0.031154128, 0.14782938
830872309000, -0.06780604, 0.04734206, 0.14080444
830877340000, -0.03756821, 0.07391469, 0.112399206
830882262000, 0.020158553, 0.09315695, 0.061391957
830887307000, 0.064446285, 0.09865474, 0.034208454
830892357000, 0.118507855, 0.1301143, 0.027488936
830897331000, 0.14935656, 0.13622294, 0.014966198
830902291000, 0.16249016, 0.13775012, 0.0021380284
830907337000, 0.17654006, 0.1432479, 0.006414085
830912268000, 0.17256944, 0.13836098, 0.008246681
830917326000, 0.16340645, 0.1328632, 0.003970624
830922315000, 0.14263703, 0.11636983, 0.006414085
830927344000, 0.12492194, 0.112704635, -3.0543262E-4
830932346000, 0.1020145, 0.10629055, -0.009162978
830937857000, 0.0983493, 0.10415252, -0.019547688
830942439000, 0.06047566, 0.08277224, -0.022296581
830947330000, 0.0580322, 0.067500606, -0.02107485
830952325000, 0.032070424, 0.041233405, -0.040317107
830957322000, -0.014660766, 0.0070249503, -0.04337143
830962344000, -0.041233405, -0.009468411, -0.03848451
830967330000, -0.07880162, -0.014049901, -0.050396383
830972421000, -0.10415252, -0.018020526, -0.040011674
830977381000, -0.1142318, -0.041233405, -0.047036625
830982353000, -0.10598512, -0.03726278, -0.04153884
830987325000, -0.09407325, -0.0027488936, -0.022296581
830992409000, -0.100792766, 0.025350908, -0.0070249503
830997366000, -0.0852157, 0.03940081, 0.0061086523
831002335000, -0.07086037, 0.01863139, 0.0015271631
831008015000, -0.04153884, 0.03726278, 0.0106901415
831012378000, -0.027183503, 0.055283304, 0.016493361
831017358000, -0.013133603, 0.042455133, 0.016798794
831022702000, 3.0543262E-4, 0.052839845, 0.015271631
831027338000, 0.008552114, 0.034513887, 0.0143553335
831032370000, 0.0061086523, 0.007330383, 0.0033597588
831037354000, 6.1086525E-4, -0.016798794, -0.020463986
831042398000, 0.015882496, -0.08368854, -0.026572637
831047349000, 0.040317107, -0.07452556, -0.026267206
831052341000, 0.0290161, -0.070554934, -0.021380283
831057377000, 0.010995574, -0.059253927, -0.022907447
831062368000, -0.0076358155, -0.056505036, -0.01985312
831067343000, -0.0015271631, -0.052534413, -0.016798794
831072378000, -6.1086525E-4, -0.065973446, -0.0143553335
831077585000, 0.002443461, -0.113926366, -0.026572637
831082345000, 0.02687807, -0.092240654, -0.014049901
831087301000, 0.028710667, -0.067500606, 0.0030543262
831092391000, 0.0036651916, -0.046120327, 0.014966198
831097309000, -0.005497787, -0.041233405, 0.018936822
831102334000, -0.005497787, -0.026572637, 0.023518313
831107370000, 0.002443461, -0.025350908, 0.033292156
831112373000, 0.005497787, -0.021685716, 0.040927973
831117372000, 0.008552114, -0.022907447, 0.046120327
831122345000, 0.01160644, -0.026267206, 0.054367006
831127319000, 0.004581489, -0.028405234, 0.053450707
831132371000, -3.0543262E-4, -0.027488936, 0.054061573
831137340000, -0.004276057, -0.02321288, 0.04917465
831142435000, -0.004276057, -0.062308256, 0.05222898
831147304000, 0.027794369, -0.015271631, 0.055588737
831152365000, 0.0027488936, -0.01740966, 0.038179077
831157311000, -0.008857546, -0.016187929, 0.04520403
831162373000, -0.004886922, -0.023823744, 0.040927973
831167267000, 9.162979E-4, -0.019242255, 0.04153884
831172363000, -0.00580322, -0.014966198, 0.03726278
831177270000, -0.010079277, -0.009773844, 0.037873644
831182364000, -0.019547688, -0.021380283, 0.036957346
831187282000, -0.026572637, -0.0143553335, 0.031154128
831193152000, -0.011911872, -0.02076942, 0.027183503
831197359000, -0.009162978, -0.016493361, 0.03145956
831202343000, -0.0106901415, -0.020463986, 0.028710667
831207367000, -0.013439035, -0.029321533, 0.032375857
831212361000, -0.019242255, -0.02565634, 0.040927973
831217314000, -0.017104227, -0.030543262, 0.03634648
831222691000, -0.014660766, -0.029932396, 0.035124753
831227387000, -0.013439035, -0.032070424, 0.023518313
831232364000, -0.01160644, -0.03573562, 0.022602014
831237334000, -0.014660766, -0.021685716, 0.018325957
831242394000, -0.009162978, -0.031154128, 0.02321288
831247368000, -0.016493361, -0.02443461, 0.02687807
831252356000, -0.015882496, -0.02107485, 0.019547688
831257380000, -0.009468411, -0.016493361, 0.015882496
831262977000, -0.005497787, -0.027794369, 0.01985312
831267373000, -0.0018325958, -0.022602014, 0.014660766
831272348000, -0.005192355, -0.018020526, 0.015271631
831277370000, -0.0125227375, -0.028099801, 0.013133603
831282356000, -0.007941248, -0.027488936, 0.009468411
831287362000, -0.01282817, -0.031154128, 0.010995574
831292483000, -0.011301007, -0.028405234, 0.003970624
831297464000, -0.0125227375, -0.03634648, 0.003970624
831302326000, -0.016493361, -0.044593163, 0.009162978
831307361000, -0.015882496, -0.043982297, 0.003970624
831312366000, -0.0143553335, -0.04520403, 0.0012217305
831317370000, -0.016187929, -0.04153884, 0.008552114
831322329000, -0.023518313, -0.05497787, 0.0061086523
831327372000, -0.022296581, -0.06994407, 0.0027488936
831332941000, -0.00580322, -0.04734206, -0.0015271631
831337356000, -0.014049901, -0.043982297, 0.0021380284
831342322000, -0.024129177, -0.042760566, 0.004276057
831347368000, -0.016493361, -0.032986723, 0.011301007
831352262000, -0.011301007, -0.030848695, 0.019242255
831357382000, 0.008246681, -0.028710667, 0.013439035
831362293000, 0.013133603, -0.03176499, 0.013439035
831367359000, -9.162979E-4, -0.04184427, -0.0033597588
831372311000, -0.0061086523, -0.036651913, -0.0027488936
831377359000, -0.005192355, -0.030848695, -9.162979E-4
831382321000, -0.004276057, -0.04062254, 0.003970624
831387348000, -0.0012217305, -0.042760566, 0.01985312
831392397000, -0.0036651916, -0.04062254, 0.009468411
831397365000, -0.008246681, -0.0421497, 0.011301007
831402787000, -0.007941248, -0.049785517, 0.007330383
831407409000, -0.009162978, -0.051923547, 0.0106901415
831412593000, -0.010079277, -0.053145275, 0.0076358155
831417363000, -0.013744468, -0.054367006, 0.011911872
831422783000, -0.02321288, -0.0711658, 0.014660766
831427295000, -0.019547688, -0.06352998, 0.01282817
831432342000, -0.026267206, -0.06994407, 0.018020526
831437317000, -0.020463986, -0.06780604, 0.017715093
831442340000, -0.02565634, -0.07391469, 0.015271631
831447330000, -0.027183503, -0.07880162, 0.02076942
831452327000, -0.016187929, -0.07819075, 0.023823744
831457349000, -0.0143553335, -0.09682214, 0.027794369
831462336000, -0.004276057, -0.16065755, 0.013744468
831467520000, 0.030848695, -0.1432479, 0.009162978
831472313000, 0.033292156, -0.07574729, 0.019547688
831477681000, 0.004276057, -0.061086524, 0.033292156
831482326000, -0.012217305, -0.05497787, 0.03726278
831487288000, 0.0027488936, -0.0580322, 0.048258353
831492358000, 0.014966198, -0.03756821, 0.053450707
831497316000, 0.01038471, -0.034208454, 0.05131268
831502325000, 0.020463986, -0.028710667, 0.043982297
831507351000, 0.0143553335, -0.015577064, 0.038789943
831512347000, 0.018936822, -0.01863139, 0.036957346
831517270000, 0.012217305, -0.009162978, 0.033292156
831522308000, 0.0027488936, -0.017104227, 0.032986723
831527309000, -0.002443461, -0.014049901, 0.03756821
831532332000, -0.009162978, -0.013439035, 0.033292156
831537326000, -0.0076358155, -0.0012217305, 0.029932396
831542362000, -0.009162978, -0.009162978, 0.03390302
831547307000, -0.006414085, -0.004276057, 0.027794369
831552328000, -0.004886922, -0.0030543262, 0.03481932
831557365000, 0.006414085, -6.1086525E-4, 0.030848695
831562336000, 0.015271631, 0.01740966, 0.027183503
831567342000, 6.1086525E-4, 0.013133603, 0.028710667
831572315000, -0.0012217305, 0.012217305, 0.021991149
831577343000, 0.007330383, 0.019242255, 0.024129177
831582330000, 0.013439035, 0.025961773, 0.016187929
831587307000, 0.013744468, 0.02321288, 0.02321288
831592428000, 0.0012217305, 0.024740042, 0.02076942
831597350000, 0.0012217305, 0.021685716, 0.018325957
831602328000, 0.003970624, 0.019547688, 0.011911872
831607337000, 0.0027488936, 0.01863139, 0.011911872
831612335000, 0.0021380284, 0.016187929, 0.0143553335
831617324000, -0.016493361, 0.0070249503, 0.0070249503
831622700000, -0.0125227375, 0.006414085, 0.005192355
831627346000, -0.014966198, 0.009162978, 0.015882496
831632329000, -0.015577064, -3.0543262E-4, 0.005192355
831637309000, -0.019547688, 6.1086525E-4, 0.009162978
831642461000, -0.013133603, 0.008552114, 0.013133603
831647401000, -0.022907447, 0.0012217305, 0.00580322
831652324000, -0.015577064, -0.0036651916, 0.00580322
831657335000, -0.008857546, 0.0012217305, -0.0015271631
831662327000, -0.012217305, 0.0021380284, -0.0021380284
831667325000, -0.021380283, 9.162979E-4, 0.005192355
831672305000, -0.022602014, 0.015271631, 0.0021380284
831677347000, -0.013744468, 0.0033597588, -0.009468411
831682320000, -0.013744468, 0.008857546, -3.0543262E-4
831687308000, -0.013744468, 0.008246681, -0.0030543262
831692375000, -0.013744468, 0.019547688, 0.006414085
831697356000, -0.02076942, 0.01282817, 0.008857546
831702268000, -0.01863139, 0.0036651916, -0.0030543262
831707337000, -0.021991149, 0.0018325958, 0.008246681
831712260000, -0.025045475, 0.008246681, -9.162979E-4
831717324000, -0.02565634, 0.0018325958, -9.162979E-4
831722277000, -0.022296581, 0.008246681, -0.002443461
831727340000, -0.027183503, -0.002443461, -0.005192355
831732263000, -0.024129177, -0.0015271631, 0.0012217305
831737307000, -0.02107485, 0.004886922, 6.1086525E-4
831742475000, -0.022907447, -0.0061086523, -0.0061086523
831747398000, -0.01863139, -0.009773844, -0.0061086523
831752283000, -0.02076942, -0.0076358155, 0.0015271631
831757346000, -0.026572637, -0.0021380284, 0.0036651916
831762309000, -0.023823744, -0.013439035, 0.00580322
831767327000, -0.02687807, -0.013744468, 0.0027488936
831772324000, -0.022907447, -0.015882496, 6.1086525E-4
831777342000, -0.022907447, -0.022602014, 0.0033597588
831782332000, -0.028710667, -0.018936822, 0.0033597588
831787304000, -0.0143553335, -0.0143553335, 0.009162978
831792365000, -0.029626964, -0.01740966, 6.1086525E-4
831797334000, -0.015577064, -0.021685716, 0.0018325958
831802301000, -0.019547688, -0.019547688, 0.003970624
831807356000, -0.010995574, -0.018020526, 6.1086525E-4
831812274000, -0.01740966, -0.016187929, 0.002443461
831817324000, -0.016187929, -0.009468411, 0.009162978
831822339000, -0.014660766, -0.015882496, 0.010995574
831827341000, -0.008552114, -0.013133603, 0.01160644
831832320000, -0.0106901415, -0.007941248, 0.00580322
831837309000, -0.014660766, -0.0012217305, -0.0012217305
831842401000, -0.01740966, -0.01160644, 0.005192355
831847330000, -0.01160644, -0.014660766, 0.004886922
831852327000, -0.01160644, -0.005192355, 0.009773844
831857338000, -0.012217305, -0.006414085, 0.004581489
831862338000, -0.0036651916, -0.011911872, -6.1086525E-4
831867326000, -0.008552114, -0.0125227375, 0.0015271631
831872318000, -0.016187929, -0.008246681, 0.0106901415
831877340000, -0.01985312, -0.0076358155, 0.0036651916
831882328000, -0.0106901415, -0.0030543262, 0.0021380284
831887323000, -0.012217305, -0.006414085, 0.009773844
831892419000, -0.014966198, -0.0036651916, -3.0543262E-4
831897332000, -0.015577064, -0.004276057, 0.009468411
831902325000, -0.018020526, -0.0027488936, 0.006414085
831907325000, -0.01038471, 3.0543262E-4, 0.01038471
831912334000, -0.012217305, 0.003970624, 0.0125227375
831917324000, -0.013744468, 3.0543262E-4, 0.016493361
831922312000, -0.01160644, 0.004886922, 0.010079277
831927333000, -0.003970624, -0.00580322, 0.007330383
831932329000, -0.0021380284, -0.0061086523, 0.009773844
831937280000, -0.007941248, -0.00580322, 0.0061086523
831942387000, -0.014660766, -0.0021380284, 0.009162978
831947281000, -0.015271631, -0.009468411, 0.0143553335
831952326000, -0.012217305, -0.00580322, 0.0061086523
831957359000, -0.014966198, -0.008246681, 0.009162978
831962343000, -0.016187929, -0.011301007, 0.015882496
831967318000, -0.014049901, -0.006414085, 0.011301007
831972313000, -0.014966198, -0.009162978, 0.00580322
831977591000, -0.0106901415, -0.011301007, -0.0036651916
831982328000, -0.0125227375, -0.019547688, 0.004276057
831987319000, -0.015577064, -0.022602014, 0.004581489
831992383000, -0.01740966, -0.022296581, 0.004581489
831997263000, -0.016798794, -0.016798794, 0.004581489
832002326000, -0.015577064, -0.017104227, -9.162979E-4
832007311000, -0.005192355, -0.02076942, 0.006414085
832012332000, -0.010079277, -0.016187929, -0.0018325958
832017347000, -0.004276057, -0.008552114, -0.007330383
832022674000, -0.013439035, -0.0027488936, -0.00580322
832027340000, -0.0018325958, 3.0543262E-4, -0.0076358155
832032317000, 0.0027488936, 0.013744468, -0.0018325958
832037335000, 0.004276057, 0.03145956, 3.0543262E-4
832042322000, 0.0076358155, 0.042760566, 0.004886922
832047330000, 0.0061086523, 0.048563786, 0.00580322
832052262000, 0.013133603, 0.06291912, 0.0033597588
832057337000, 0.017104227, 0.06536258, 0.01160644
832062346000, 0.013744468, 0.06047566, 0.008857546
832067329000, 0.015577064, 0.061391957, 0.0106901415
832072312000, 0.025045475, 0.06963864, 0.01160644
832077338000, 0.022296581, 0.06291912, 0.0076358155
832082323000, 0.021380283, 0.06352998, 0.0061086523
832087315000, 0.009773844, 0.058337633, 0.0125227375
832092365000, 0.0015271631, 0.050396383, 0.014660766
832097329000, -0.0021380284, 0.042760566, 0.011911872
832102326000, -0.01740966, 0.03940081, 0.019242255
832107315000, -0.0143553335, 0.037873644, 0.016187929
832112341000, -0.027794369, 0.023823744, 0.020158553
832117327000, -0.03390302, 0.015882496, 0.021685716
832122320000, -0.01863139, 0.021380283, 0.019242255
832127338000, -0.029626964, 0.02076942, 0.017104227
832132330000, -0.018936822, 0.020158553, 0.015882496
832137302000, -0.016187929, 0.01985312, 0.005192355
832142338000, -0.0067195175, 0.017104227, 0.005192355
832147311000, -0.0076358155, 0.014966198, 0.0015271631
832152326000, 0.011911872, 0.013439035, -0.0027488936
832157344000, 0.009773844, 0.015577064, -0.006414085
832162338000, 0.007330383, 0.014660766, -0.006414085
832167295000, 0.01038471, 0.013744468, -0.0015271631
832172317000, 0.010995574, 0.01863139, 0.0036651916
832177293000, 0.013133603, 0.022296581, 0.0036651916
832182329000, -0.011911872, 0.0061086523, 0.004581489
832187331000, -0.015271631, -0.008552114, 0.0021380284
832192332000, -0.025961773, -0.012217305, 0.0067195175
832197312000, -0.03726278, -0.022602014, 0.003970624
832202326000, -0.040927973, -0.021685716, 0.008857546
832207357000, -0.05589417, -0.028710667, 0.018325957
832212311000, -0.058337633, -0.03726278, 0.015271631
832217330000, -0.07452556, -0.03848451, 0.01282817
832222701000, -0.07819075, -0.03481932, 0.018936822
832227341000, -0.07696902, -0.047036625, 0.00580322
832232330000, -0.08155051, -0.037873644, 0.009773844
832237324000, -0.07238753, -0.029932396, 0.0036651916
832242328000, -0.07696902, -0.021380283, -0.004886922
832247332000, -0.059253927, -0.021685716, -0.013744468
832252327000, -0.049785517, -0.014660766, -0.013439035
832257356000, -0.03848451, 6.1086525E-4, -0.014966198
832262332000, -0.03726278, -0.0012217305, -0.019242255
832267330000, -0.0106901415, 0.015577064, -0.020158553
832272305000, -0.005192355, 0.02321288, -0.013133603
832277347000, 0.008552114, 0.024129177, -0.0067195175
832282323000, -0.004581489, 0.02687807, -0.00580322
832287339000, 0.009162978, 0.03573562, -0.004581489
832292335000, 0.015882496, 0.034513887, -0.0012217305
832297331000, 0.007941248, 0.03268129, 9.162979E-4
832302292000, 0.0012217305, 0.032375857, 9.162979E-4
832307404000, 0.0067195175, 0.03481932, -0.0015271631
832312269000, 0.0021380284, 0.030543262, -3.0543262E-4
832317331000, -0.0106901415, 0.016187929, -0.005192355
832322271000, -0.0012217305, 0.011911872, -0.0061086523
832327339000, -0.004886922, 0.004581489, -0.008552114
832332273000, -0.015882496, -6.1086525E-4, -0.011301007
832337333000, -0.004276057, -0.0070249503, -0.014049901
832342357000, -0.0125227375, -9.162979E-4, -0.015271631
832347333000, -0.016187929, -0.014049901, -0.0036651916
832352308000, -0.018020526, -0.010079277, -0.004581489
832357388000, -0.016798794, -0.004886922, -0.007941248
832362323000, -0.023823744, -0.007330383, -0.004581489
832367370000, -0.018325957, -0.0021380284, -0.0018325958
832372323000, -0.01160644, -0.0021380284, -0.0018325958
832377338000, -0.013744468, 0.0012217305, -0.0021380284
832382352000, -0.0076358155, 0.005497787, 0.008246681
832387363000, -0.019547688, 0.004886922, 0.010995574
