#Rate of rotation around the x y z axes (Angular velocity).
#timestamp(ns),x,y,z(rad/s)
#Datetime: 18/05/2015 11:52:03
##########################################
#Activity: 8 - CSI - Car-Step in - 6s
#Subject ID: 54
#First Name: sub54
#Last Name: sub54
#Age: 27
#Height(cm): 164
#Weight(kg): 55
#Gender: Female
##########################################

@DATA
2224018060000, 0.03634648, 0.07422013, -0.005497787
2224023129000, 0.037873644, 0.077579886, -0.005497787
2224028128000, 0.029932396, 0.070554934, -0.005497787
2224033079000, 0.02687807, 0.07788532, 0.0018325958
2224038062000, 0.04062254, 0.08246681, 0.008857546
2224043033000, 0.035124753, 0.0870483, 0.004581489
2224048071000, 0.043982297, 0.087964594, 0.008246681
2224053065000, 0.04337143, 0.08979719, 0.002443461
2224058062000, 0.04520403, 0.09590584, 0.002443461
2224063078000, 0.044898596, 0.094989546, -0.0012217305
2224068072000, 0.044593163, 0.08124508, 0.002443461
2224073054000, 0.038179077, 0.07422013, 0.004581489
2224078114000, 0.027183503, 0.07269296, 0.011301007
2224083068000, 0.022907447, 0.05955936, 0.004581489
2224088057000, 0.016798794, 0.058337633, 0.004581489
2224093050000, 0.016493361, 0.048563786, -0.0036651916
2224098065000, 0.007330383, 0.040317107, -0.007330383
2224103069000, 0.020158553, 0.025350908, -0.008246681
2224108053000, 0.01985312, 0.021685716, -0.010079277
2224113109000, 0.017104227, 0.01038471, -0.009468411
2224118070000, 0.014966198, -0.008857546, -0.008246681
2224123072000, 0.013744468, -0.0076358155, -0.009162978
2224128183000, 0.021991149, -0.020158553, -0.0143553335
2224133121000, 0.018936822, -0.022296581, -0.015882496
2224138080000, 0.004581489, -0.03726278, -0.01160644
2224143064000, 0.009468411, -0.04642576, -9.162979E-4
2224148074000, 0.010079277, -0.054061573, -0.009468411
2224153063000, 0.015577064, -0.05375614, 0.004581489
2224158890000, 0.009162978, -0.064751714, -0.005497787
2224163045000, 0.003970624, -0.06872234, -0.0018325958
2224168066000, 0.0036651916, -0.06963864, -0.0021380284
2224173055000, -0.010995574, -0.06688975, -0.0033597588
2224178127000, -0.002443461, -0.071776666, -0.004276057
2224183109000, -0.015577064, -0.06688975, 0.008552114
2224188059000, -0.021991149, -0.07696902, 0.013439035
2224193038000, -0.01282817, -0.07696902, 0.017715093
2224198067000, -0.022602014, -0.082161374, 0.017715093
2224203092000, -0.02443461, -0.07513642, 0.018936822
2224208095000, -0.022602014, -0.06627888, 0.028405234
2224213105000, -0.02443461, -0.06169739, 0.0290161
2224218092000, -0.0290161, -0.0580322, 0.031154128
2224223074000, -0.017104227, -0.043066, 0.02687807
2224228155000, -0.019547688, -0.036651913, 0.03390302
2224233110000, -0.0290161, -0.03023783, 0.032375857
2224238096000, -0.018936822, -0.017715093, 0.036957346
2224243069000, -0.023823744, -0.007330383, 0.03940081
2224248068000, -0.02076942, -0.004581489, 0.03970624
2224253066000, -0.016493361, 0.00580322, 0.03481932
2224258044000, -0.0106901415, 0.009468411, 0.03481932
2224263072000, -0.016798794, 0.011911872, 0.039095376
2224268060000, -0.015577064, 0.028405234, 0.03481932
2224273055000, -0.026572637, 0.035430185, 0.026572637
2224278154000, -0.009773844, 0.04337143, 0.032986723
2224283133000, -0.0143553335, 0.04337143, 0.03604105
2224288067000, -0.013133603, 0.055588737, 0.029626964
2224293088000, -0.013133603, 0.064751714, 0.02565634
2224298042000, -0.0076358155, 0.07727446, 0.02687807
2224303070000, -0.016493361, 0.09682214, 0.022296581
2224308068000, -0.00580322, 0.09590584, 0.030543262
2224313081000, -0.004886922, 0.11453723, 0.025045475
2224318066000, -0.008857546, 0.12858713, 0.029932396
2224323086000, -0.012217305, 0.13041973, 0.032070424
2224328183000, -0.014966198, 0.1459968, 0.03390302
2224333132000, -0.018020526, 0.14905111, 0.042760566
2224338060000, -0.019242255, 0.16371189, 0.043676864
2224343062000, -0.02565634, 0.16737708, 0.049785517
2224348077000, -0.035430185, 0.17379116, 0.05375614
2224353064000, -0.04184427, 0.18173242, 0.052534413
2224358056000, -0.029932396, 0.18661933, 0.054367006
2224363085000, -0.04428773, 0.19822577, 0.06291912
2224368015000, -0.059253927, 0.19883664, 0.06566802
2224373028000, -0.05375614, 0.20891592, 0.07269296
2224378143000, -0.065973446, 0.21166481, 0.0852157
2224383067000, -0.07941248, 0.2171626, 0.094989546
2224388056000, -0.09040806, 0.21380283, 0.103847094
2224393087000, -0.09193522, 0.2125811, 0.11209377
2224398109000, -0.11209377, 0.20616703, 0.118202426
2224403093000, -0.122783914, 0.19456059, 0.12980886
2224408084000, -0.14446963, 0.17195857, 0.14477506
2224413103000, -0.16157386, 0.16554448, 0.15271631
2224418097000, -0.17531833, 0.16798794, 0.16584991
2224423076000, -0.18081611, 0.15607607, 0.17531833
2224428165000, -0.19517145, 0.1591304, 0.19242255
2224433109000, -0.21502456, 0.15424347, 0.20311269
2224438081000, -0.22204952, 0.13652839, 0.21899518
2224443085000, -0.22815818, 0.12064589, 0.23915374
2224448088000, -0.24312437, 0.11301007, 0.25289822
2224453077000, -0.26358834, 0.10720685, 0.2669481
2224458090000, -0.27030787, 0.11148291, 0.27366763
2224463102000, -0.27458394, 0.09162979, 0.2883284
2224468095000, -0.2950479, 0.10170906, 0.30787608
2224473088000, -0.31795537, 0.10170906, 0.3213151
2224478161000, -0.33414328, 0.09621128, 0.33475417
2224483076000, -0.34269542, 0.092240654, 0.34666604
2224488084000, -0.37995818, 0.0729984, 0.36132678
2224493078000, -0.39370266, 0.07269296, 0.38087448
2224498102000, -0.41172317, 0.06505715, 0.39675698
2224503101000, -0.41325033, 0.062002823, 0.41263947
2224508089000, -0.4196644, 0.06658431, 0.43218717
2224513081000, -0.42271876, 0.062002823, 0.45142943
2224518096000, -0.43279803, 0.058337633, 0.4636467
2224523085000, -0.4202753, 0.053450707, 0.47983465
2224528164000, -0.41080686, 0.05100725, 0.49449542
2224533045000, -0.39370266, 0.038789943, 0.5039638
2224538096000, -0.3811799, 0.041233405, 0.50885075
2224543064000, -0.36957347, 0.040011674, 0.5109888
2224548086000, -0.36010507, 0.033292156, 0.51007247
2224553859000, -0.3381139, 0.040011674, 0.5122105
2224558082000, -0.31123585, 0.043066, 0.5122105
2224563003000, -0.29840767, 0.043066, 0.50701815
2224568087000, -0.26206118, 0.05467244, 0.5036584
2224572999000, -0.22235495, 0.07391469, 0.50762904
2224578174000, -0.204029, 0.10995574, 0.49968776
2224583017000, -0.18325958, 0.12889257, 0.48991394
2224588056000, -0.14569137, 0.13561209, 0.4700608
2224593021000, -0.11209377, 0.14935656, 0.45998153
2224598066000, -0.07360926, 0.18051068, 0.44501534
2224603002000, -0.06352998, 0.21502456, 0.42241332
2224608041000, -0.070554934, 0.2519819, 0.4120286
2224613044000, -0.089491755, 0.2837469, 0.4016439
2224618064000, -0.10170906, 0.30085114, 0.38728857
2224623081000, -0.103847094, 0.3023783, 0.38056904
2224628105000, -0.089186326, 0.27855456, 0.37384954
2224633124000, -0.07422013, 0.25900686, 0.36285394
2224638055000, -0.062308256, 0.24220806, 0.35308012
2224643070000, -0.09621128, 0.2406809, 0.34238997
2224648092000, -0.13347405, 0.25259277, 0.3378085
2224653083000, -0.13958271, 0.24587326, 0.33383787
2224658082000, -0.15454891, 0.23243423, 0.32467487
2224663103000, -0.14905111, 0.19761491, 0.30176744
2224668095000, -0.12461651, 0.17073683, 0.28069258
2224673108000, -0.11789699, 0.16737708, 0.24404067
2224678207000, -0.12156218, 0.15393804, 0.21410827
2224683120000, -0.1142318, 0.14385876, 0.19883664
2224688045000, -0.109650314, 0.12736541, 0.18295415
2224693083000, -0.08735373, 0.11575896, 0.17501289
2224698066000, -0.040927973, 0.110872045, 0.16768251
2224703095000, -0.01985312, 0.110872045, 0.1695151
2224708047000, 0.004581489, 0.13561209, 0.17256944
2224713098000, 0.021380283, 0.17379116, 0.15515977
2224717990000, 0.028710667, 0.22082779, 0.13469578
2224723027000, 0.043982297, 0.24281894, 0.10415252
2224728103000, 0.061391957, 0.2648101, 0.081855945
2224733091000, 0.070249505, 0.27916542, 0.05100725
2224737990000, 0.076358154, 0.28985557, 0.02565634
2224743066000, 0.093767814, 0.2864958, 9.162979E-4
2224748057000, 0.08307768, 0.27397305, -0.020463986
2224753032000, 0.0711658, 0.2556471, -0.036651913
2224758053000, 0.0580322, 0.25961772, -0.056505036
2224763058000, 0.0290161, 0.24281894, -0.057421334
2224768036000, 0.025045475, 0.24190263, -0.062002823
2224773036000, 0.008246681, 0.26145032, -0.039095376
2224778058000, 0.015577064, 0.24220806, -0.019547688
2224783057000, 0.029321533, 0.23945917, 0.009162978
2224788053000, 0.047647487, 0.24220806, 0.058643065
2224793060000, 0.064446285, 0.24190263, 0.10567969
2224798035000, 0.080634214, 0.25228736, 0.15577064
2224802976000, 0.109650314, 0.25717425, 0.21868975
2224808366000, 0.12675454, 0.2773328, 0.27091873
2224812992000, 0.12644911, 0.28924468, 0.32162055
2224817982000, 0.15057829, 0.2919936, 0.37659842
2224822965000, 0.15393804, 0.29260445, 0.40011674
2224828016000, 0.16890424, 0.28893927, 0.4334089
2224832986000, 0.18295415, 0.2706133, 0.4428773
2224837981000, 0.17898351, 0.22815818, 0.45051312
2224842998000, 0.15882497, 0.20616703, 0.44501534
2224847984000, 0.14935656, 0.1328632, 0.43890667
2224853050000, 0.14110987, 0.06963864, 0.41905355
2224858439000, 0.1142318, -0.009162978, 0.3933972
2224863073000, 0.083383106, -0.100792766, 0.38148534
2224868116000, 0.070249505, -0.20219639, 0.36193767
2224873048000, 0.062308256, -0.29871312, 0.3472769
2224879855000, 0.052534413, -0.44806966, 0.3399465
2224883064000, 0.050396383, -0.4868596, 0.34116822
2224887986000, 0.042760566, -0.56016344, 0.35460728
2224893059000, 0.043982297, -0.60048056, 0.35918877
2224898075000, 0.06688975, -0.61850107, 0.36010507
2224903068000, 0.093767814, -0.61575216, 0.3744604
2224908088000, 0.1020145, -0.605062, 0.40469822
2224913075000, 0.11056661, -0.56413406, 0.42332962
2224918062000, 0.12461651, -0.49174652, 0.43035457
2224923059000, 0.129198, -0.4175264, 0.46578476
2224928102000, 0.13225232, -0.3359759, 0.48472157
2224933068000, 0.14630222, -0.25503623, 0.50610185
2224938070000, 0.14263703, -0.19272798, 0.5476407
2224943066000, 0.14813483, -0.15454891, 0.57635134
2224948030000, 0.14080444, -0.11362094, 0.5946773
2224953063000, 0.13744467, -0.08857546, 0.634689
2224958092000, 0.12705997, -0.08246681, 0.6740898
2224963086000, 0.10476339, -0.10140363, 0.732122
2224968064000, 0.10048734, -0.13805555, 0.7672467
2224973042000, 0.069027774, -0.17440203, 0.79320854
2224978138000, 0.042760566, -0.21655174, 0.8035932
2224983130000, 0.021991149, -0.24220806, 0.81122905
2224988059000, -0.0106901415, -0.28099802, 0.8197812
2224993071000, -0.047647487, -0.33567044, 0.8228355
2224998085000, -0.04734206, -0.36682457, 0.8240572
2225003081000, -0.08155051, -0.39278635, 0.8231409
2225008080000, -0.081855945, -0.41905355, 0.79198676
2225013146000, -0.0888809, -0.42913285, 0.7742717
2225018077000, -0.10629055, -0.43371433, 0.77763146
2225023057000, -0.10903945, -0.42271876, 0.7861836
2225028138000, -0.11728613, -0.40683624, 0.7641924
2225033083000, -0.12095132, -0.37201694, 0.74036866
2225038062000, -0.10598512, -0.3390302, 0.72418076
2225043024000, -0.08368854, -0.31490102, 0.72601336
2225048069000, -0.06994407, -0.24740042, 0.72356987
2225053058000, -0.05375614, -0.17806722, 0.7189884
2225058086000, -0.029932396, -0.122478485, 0.7199047
2225063036000, -0.018325957, -0.0870483, 0.70249504
2225068072000, -0.01038471, -0.100792766, 0.70646566
2225073070000, -0.01863139, -0.14446963, 0.6954701
2225078116000, -0.031154128, -0.20219639, 0.6939429
2225083071000, -0.058643065, -0.2507602, 0.6753115
2225088049000, -0.07941248, -0.27091873, 0.6575964
2225093045000, -0.093767814, -0.26053402, 0.6337727
2225098072000, -0.101098195, -0.26542094, 0.5879578
2225103040000, -0.108123146, -0.23518312, 0.54367006
2225108055000, -0.112704635, -0.21288654, 0.49571714
2225113077000, -0.116675265, -0.16676621, 0.44684792
2225118058000, -0.11209377, -0.13958271, 0.39645153
2225123058000, -0.10598512, -0.08399397, 0.3753767
2225128142000, -0.100792766, -0.022602014, 0.33841935
2225133094000, -0.08827003, 0.021685716, 0.31978795
2225138095000, -0.090713486, 0.035124753, 0.30604348
2225143260000, -0.07849618, 0.0729984, 0.2828306
2225148095000, -0.055588737, 0.090713486, 0.2764165
2225153396000, -0.05131268, 0.129198, 0.25992316
2225158070000, -0.049480084, 0.16371189, 0.25473082
2225163038000, -0.046120327, 0.20250183, 0.25045475
2225168057000, -0.03023783, 0.23976462, 0.23396139
2225172997000, -0.02687807, 0.2751948, 0.21777347
2225178102000, -0.02076942, 0.3200934, 0.19975294
2225183002000, -0.014660766, 0.344528, 0.18295415
2225188064000, -0.018936822, 0.36285394, 0.16432275
2225193051000, -0.008857546, 0.37598756, 0.13897185
2225198078000, -0.016187929, 0.37568212, 0.11178834
2225203072000, -0.029321533, 0.37201694, 0.0870483
2225208040000, -0.053145275, 0.36193767, 0.07360926
2225213043000, -0.04153884, 0.3622431, 0.04550946
2225218057000, -0.007941248, 0.3707952, 0.03145956
2225223027000, -0.002443461, 0.39003745, 0.020158553
2225228084000, 0.016187929, 0.40744713, 0.01160644
2225233046000, 0.018020526, 0.43249258, 0.0030543262
2225238053000, 0.03481932, 0.45173484, -0.008246681
2225243079000, 0.034208454, 0.46273044, -0.01282817
2225248077000, 0.03390302, 0.47128254, -0.02321288
2225253064000, 0.035124753, 0.46822822, -0.030543262
2225258035000, 0.036651913, 0.45234573, -0.03573562
2225263109000, 0.033292156, 0.4428773, -0.047647487
2225268059000, 0.03604105, 0.41263947, -0.06078109
2225273051000, 0.040317107, 0.39614612, -0.0693332
2225278070000, 0.051923547, 0.37782016, -0.08399397
2225283100000, 0.036957346, 0.3475823, -0.11453723
2225288052000, 0.020463986, 0.33200526, -0.1386664
2225293090000, -0.01160644, 0.31215215, -0.17012598
2225298083000, -0.030543262, 0.28008172, -0.19028452
2225303085000, -0.043982297, 0.24923302, -0.21074851
2225308092000, -0.036957346, 0.24373524, -0.22113322
2225313088000, -0.036651913, 0.21380283, -0.24281894
2225318086000, -0.042760566, 0.18936823, -0.25411993
2225323094000, -0.04886922, 0.16768251, -0.27305678
2225328172000, -0.06566802, 0.14355333, -0.28710666
2225333187000, -0.06352998, 0.11789699, -0.29840767
2225338091000, -0.06078109, 0.09865474, -0.31031954
2225343077000, -0.07544186, 0.0571159, -0.33475417
2225348086000, -0.089186326, 0.0571159, -0.34605515
2225353082000, -0.10873401, -0.0571159, -0.3481932
2225358039000, -0.13713925, -0.13744467, -0.3555236
2225363092000, -0.15027285, -0.24709499, -0.36835176
2225368058000, -0.15210545, -0.32834008, -0.37323865
2225373038000, -0.16554448, -0.39828414, -0.3744604
2225378165000, -0.15424347, -0.46639562, -0.38240165
2225383124000, -0.16035213, -0.5308419, -0.3933972
2225388058000, -0.1777618, -0.5897904, -0.39064834
2225393093000, -0.18753563, -0.6392705, -0.3857614
2225398071000, -0.20311269, -0.677755, -0.39095375
2225403084000, -0.20341812, -0.7119634, -0.3744604
2225408124000, -0.20922135, -0.74372846, -0.36743546
2225413175000, -0.21991149, -0.7669413, -0.36132678
2225418243000, -0.20647246, -0.78038037, -0.3659083
2225423107000, -0.20586158, -0.79168135, -0.37873647
2225428631000, -0.21135938, -0.8023715, -0.39095375
2225433115000, -0.2125811, -0.8054258, -0.39278635
2225438051000, -0.21930063, -0.8362745, -0.41691554
2225443089000, -0.21746802, -0.87872964, -0.4605924
2225448036000, -0.21746802, -0.87995136, -0.4605924
2225453080000, -0.24953845, -0.9007208, -0.42149702
2225458056000, -0.27763826, -0.91751957, -0.4147775
2225463108000, -0.27458394, -0.93370754, -0.41905355
2225468096000, -0.258396, -0.9398162, -0.44501534
2225473092000, -0.2510656, -0.9477574, -0.45753807
2225478215000, -0.25534168, -0.926988, -0.4841107
2225483131000, -0.24831672, -0.96852684, -0.5448918
2225488074000, -0.23457226, -1.0057896, -0.5354234
2225493088000, -0.22266038, -1.0283916, -0.50518554
2225498101000, -0.2489276, -1.0622946, -0.49541172
2225503092000, -0.2507602, -1.094976, -0.5109888
2225508082000, -0.25992316, -1.105666, -0.5412266
2225513091000, -0.27916542, -1.1374311, -0.571159
2225518093000, -0.2855795, -1.1734722, -0.5687156
2225523087000, -0.30207285, -1.2070698, -0.60231316
2225528184000, -0.32528573, -1.2406673, -0.6291912
2225533200000, -0.33414328, -1.2565498, -0.65668017
2225538090000, -0.3359759, -1.2614367, -0.6768387
2225543075000, -0.33658674, -1.2702943, -0.68416905
2225548086000, -0.3286455, -1.2721269, -0.67347896
2225553012000, -0.32620203, -1.2391402, -0.66675943
2225558042000, -0.33964106, -1.1976013, -0.66859204
2225563078000, -0.33383787, -1.1368202, -0.6743952
2225568029000, -0.33475417, -1.0778717, -0.6899723
2225574183000, -0.33567044, -1.0277808, -0.6743952
2225578096000, -0.34880406, -0.9859365, -0.6618725
2225583236000, -0.3463606, -0.95111716, -0.66431594
2225588065000, -0.36377025, -0.9080512, -0.6545421
2225593346000, -0.39553526, -0.8720101, -0.657291
2225598028000, -0.42577308, -0.8405506, -0.65148777
2225603438000, -0.4550946, -0.8213083, -0.6621779
2225608086000, -0.49754974, -0.8200866, -0.65179324
2225613023000, -0.54275376, -0.86101454, -0.63529986
2225618095000, -0.61361414, -0.9193522, -0.6414085
2225623037000, -0.65576386, -0.9999864, -0.6398814
2225628132000, -0.7180721, -1.047023, -0.6337727
2225632993000, -0.75655663, -1.1527027, -0.6258314
2225638088000, -0.77457714, -1.2495248, -0.61941737
2225643016000, -0.8045095, -1.3701707, -0.59895337
2225648103000, -0.8313876, -1.4944818, -0.5702427
2225653066000, -0.86620694, -1.613906, -0.55863625
2225658073000, -0.92149025, -1.7290541, -0.5369505
2225663073000, -0.9932669, -1.8356501, -0.52656585
2225668032000, -1.0668762, -1.9086485, -0.5036584
2225673118000, -1.146594, -1.9511036, -0.4908302
2225678133000, -1.1881329, -1.9666806, -0.4633413
2225683145000, -1.2330315, -1.9437732, -0.42424592
2225688051000, -1.2809844, -1.8524488, -0.37812558
2225693056000, -1.3396275, -1.7308867, -0.34116822
2225698034000, -1.3988814, -1.6166549, -0.30176744
2225703058000, -1.4349225, -1.5354098, -0.3005457
2225708035000, -1.4153748, -1.4853189, -0.35155296
2225713064000, -1.3448198, -1.4312572, -0.38881573
2225718069000, -1.273654, -1.3610078, -0.3924809
2225723093000, -1.2119566, -1.2647965, -0.4269948
2225728120000, -1.1264355, -1.2159272, -0.44165558
2225733106000, -1.0341948, -1.1264355, -0.4364632
2225738063000, -0.9761627, -1.0387764, -0.42424592
2225743058000, -0.89552844, -0.93126404, -0.42577308
2225748055000, -0.8045095, -0.78954333, -0.4092797
2225753052000, -0.70829827, -0.6224717, -0.38728857
2225758060000, -0.6001751, -0.49327368, -0.37598756
2225763062000, -0.5311473, -0.3387248, -0.34238997
2225768051000, -0.49418998, -0.15821409, -0.35277468
2225773009000, -0.45631635, -0.023823744, -0.36957347
2225778069000, -0.44623706, 0.09682214, -0.37384954
2225783071000, -0.44868052, 0.23793201, -0.41599923
2225788037000, -0.45723262, 0.3371976, -0.4605924
2225793078000, -0.49541172, 0.4092797, -0.5320636
2225798090000, -0.5204572, 0.50732356, -0.54153204
2225803084000, -0.5390886, 0.59681535, -0.5717699
2225807970000, -0.5549711, 0.64843345, -0.59559363
2225812994000, -0.5626069, 0.65209866, -0.6087272
2225817965000, -0.57543504, 0.62949663, -0.6246097
2225823014000, -0.58551437, 0.61727935, -0.6096435
2225827986000, -0.5864306, 0.464563, -0.5897904
2225832984000, -0.5888741, 0.3481932, -0.55863625
2225837931000, -0.5870415, 0.26542094, -0.5271767
2225843001000, -0.59895337, 0.14294247, -0.40775254
2225847929000, -0.61636305, -0.01863139, -0.35185838
2225852986000, -0.5934556, -0.121256754, -0.3652974
2225857958000, -0.5858198, -0.1881465, -0.35918877
2225862987000, -0.59223384, -0.2764165, -0.3820962
2225867964000, -0.5897904, -0.312763, -0.37782016
2225873014000, -0.6038403, -0.41691554, -0.37904188
2225878001000, -0.6105598, -0.4783075, -0.38973203
2225882989000, -0.61269784, -0.50579643, -0.3652974
2225887955000, -0.6282749, -0.5656612, -0.30573806
2225893070000, -0.64476824, -0.6218608, -0.26236662
2225898076000, -0.6630942, -0.6533204, -0.21074851
2225903083000, -0.67256266, -0.689056, -0.17134771
2225908051000, -0.70005155, -0.66981375, -0.12186762
2225913092000, -0.6963864, -0.64843345, -0.07819075
2225918059000, -0.68569624, -0.63071835, -0.07971791
2225923050000, -0.6771441, -0.6169739, -0.0852157
2225928146000, -0.68203104, -0.5699373, -0.08399397
2225933157000, -0.64996064, -0.50488013, -0.09407325
2225938030000, -0.6377433, -0.43585235, -0.11209377
2225943078000, -0.6105598, -0.34330627, -0.13927728
2225948047000, -0.602924, -0.27122417, -0.17898351
2225953065000, -0.6392705, -0.21288654, -0.23732115
2225958052000, -0.6588182, -0.14110987, -0.26358834
2225963104000, -0.70280045, -0.060170226, -0.2782491
2225968400000, -0.75655663, 9.162979E-4, -0.27550024
2225973054000, -0.79351395, 0.0076358155, -0.30268374
2225978094000, -0.8228355, 0.042760566, -0.28527406
2225983065000, -0.8555168, 0.045814894, -0.2669481
2225987991000, -0.890947, 0.061391957, -0.25289822
2225993043000, -0.9095783, 0.032070424, -0.23548855
2225998007000, -0.93187493, -0.04734206, -0.19456059
2226003067000, -0.9233228, -0.06811147, -0.17562376
2226008029000, -0.9233228, -0.06627888, -0.15943582
2226013179000, -0.90041536, -0.032070424, -0.14660765
2226018043000, -0.8790351, -0.0711658, -0.1160644
2226023142000, -0.8720101, -0.11026118, -0.071776666
2226028177000, -0.86376345, -0.15271631, -0.050396383
2226033109000, -0.8576548, -0.17745635, -0.035430185
2226038102000, -0.8793405, -0.14905111, 0.021380283
2226043095000, -0.89949906, -0.14202617, 0.058643065
2226048085000, -0.91415983, -0.13255776, 0.089186326
2226053095000, -0.9615019, -0.12705997, 0.12095132
2226058075000, -1.0198395, -0.11362094, 0.15149458
2226063105000, -1.065349, -0.09743301, 0.1695151
2226068082000, -1.1377366, -0.14721853, 0.18081611
2226073116000, -1.1664472, -0.11911872, 0.19517145
2226078213000, -1.2073752, -0.10445796, 0.17898351
2226083076000, -1.2330315, -0.12644911, 0.18081611
2226088060000, -1.2541064, -0.14172074, 0.18020524
2226093077000, -1.2757921, -0.13225232, 0.1572978
2226098106000, -1.2742649, -0.059864793, 0.13194689
2226103095000, -1.2733486, -0.01985312, 0.11759156
2226108075000, -1.289842, 0.049785517, 0.10170906
2226113103000, -1.3161092, 0.08735373, 0.077579886
2226118073000, -1.3692545, 0.13652839, 0.054061573
2226123134000, -1.3817772, 0.17134771, 0.054367006
2226128145000, -1.3842206, 0.2012801, 0.0421497
2226133169000, -1.4034629, 0.20616703, 0.034513887
2226138087000, -1.4306464, 0.21197024, 0.046731193
2226143067000, -1.4630222, 0.23060162, 0.03176499
2226148105000, -1.4828753, 0.21533, 0.031154128
2226153085000, -1.4883732, 0.1908954, 0.03848451
2226158077000, -1.4770721, 0.11453723, 0.0888809
2226163072000, -1.4789047, 0.09712757, 0.07513642
2226168088000, -1.5066991, 0.09773844, 0.058337633
2226173012000, -1.5118915, 0.06841691, 0.06169739
2226178157000, -1.5216653, 0.024740042, 0.090713486
2226183463000, -1.5305228, -0.020158553, 0.10048734
2226188067000, -1.5213599, -0.0842994, 0.13164146
2226193431000, -1.5302174, -0.14263703, 0.17165314
2226198100000, -1.5180001, -0.18203785, 0.15821409
2226203062000, -1.5176947, -0.21166481, 0.15210545
2226208062000, -1.5030339, -0.24190263, 0.1600467
2226213062000, -1.4920384, -0.27672195, 0.15271631
2226218095000, -1.4804319, -0.29138273, 0.15668693
2226223018000, -1.475545, -0.3295618, 0.16371189
2226228174000, -1.4370605, -0.26206118, 0.16920967
2226233039000, -1.4315627, -0.28710666, 0.1441642
2226238092000, -1.430341, -0.29443705, 0.12675454
2226243030000, -1.427592, -0.31642818, 0.13530666
2226248083000, -1.4257594, -0.3726278, 0.1328632
2226253010000, -1.430341, -0.3857614, 0.12736541
2226258060000, -1.4092661, -0.34605515, 0.14569137
2226263078000, -1.4239268, -0.364992, 0.1469131
2226268093000, -1.4465289, -0.36132678, 0.17623462
2226273124000, -1.4443909, -0.36132678, 0.20586158
2226278221000, -1.4337007, -0.37598756, 0.2489276
2226283078000, -1.41904, -0.38087448, 0.26511553
2226288048000, -1.3961325, -0.31703907, 0.2932153
2226293109000, -1.3912456, -0.3313944, 0.3231477
2226298087000, -1.3891076, -0.33322698, 0.3387248
2226303108000, -1.3814718, -0.3313944, 0.35979962
2226308073000, -1.3720033, -0.310625, 0.38759398
2226313103000, -1.3423764, -0.33414328, 0.4025602
2226318086000, -1.3329079, -0.3368922, 0.40775254
2226323085000, -1.328021, -0.33750305, 0.43066
2226328169000, -1.3206906, -0.36835176, 0.4382958
2226333144000, -1.3096951, -0.36987892, 0.45020768
2226338074000, -1.3139712, -0.34238997, 0.45020768
2226343084000, -1.2962561, -0.3857614, 0.45753807
2226348091000, -1.2968669, -0.40194935, 0.46944994
2226353063000, -1.3090842, -0.4456262, 0.49327368
2226358064000, -1.3341297, -0.40958515, 0.5119051
2226363109000, -1.3600914, -0.3368922, 0.5174029
2226368085000, -1.3735305, -0.355829, 0.5222898
2226372990000, -1.3729197, -0.38881573, 0.5384777
2226378079000, -1.3805555, -0.4392121, 0.5519168
2226383072000, -1.3860532, -0.4886922, 0.5684101
2226388059000, -1.3701707, -0.48899764, 0.74281216
2226393063000, -1.3677273, -0.46944994, 0.7733554
2226398073000, -1.3539828, -0.52503866, 0.75533485
2226403066000, -1.357648, -0.5717699, 0.7840455
2226408037000, -1.3582588, -0.5815437, 0.82802784
2226413128000, -1.3548992, -0.5366451, 0.84116143
2226418053000, -1.318858, -0.44501534, 0.8378017
2226423082000, -1.3093897, -0.4147775, 0.81122905
2226428183000, -1.2938126, -0.40317106, 0.782213
2226433089000, -1.2644911, -0.39584067, 0.8155051
2226438032000, -1.2412782, -0.39553526, 0.84665924
2226443067000, -1.2250903, -0.4007276, 0.86559606
2226448016000, -1.2186762, -0.4456262, 0.8552113
2226453063000, -1.2098186, -0.464563, 0.84879726
2226458015000, -1.2327261, -0.50610185, 0.8790351
2226463074000, -1.2654073, -0.593761, 0.9651671
2226468019000, -1.3029755, -0.66431594, 1.0183123
2226473080000, -1.3017539, -0.7134906, 1.0509937
2226478076000, -1.3203852, -0.72509706, 1.078788
2226483061000, -1.3466524, -0.73975784, 0.9947941
2226488045000, -1.349096, -0.77824235, 0.8561276
2226493079000, -1.3390167, -0.8344419, 0.93218035
2226498067000, -1.3503176, -0.87872964, 1.01312
2226503127000, -1.3228287, -0.9410379, 1.0317514
2226508042000, -1.2556335, -0.9401216, 1.0341948
2226513083000, -1.1542299, -0.9282097, 1.0506883
2226518075000, -1.1120802, -0.8680395, 1.0677924
2226523082000, -1.0158689, -0.7770206, 1.070236
2226528076000, -0.91324353, -0.6939429, 1.0665708
2226533066000, -0.8445212, -0.61391956, 1.0656544
2226538242000, -0.8173377, -0.5503896, 1.07665
2226543091000, -0.8396343, -0.46975538, 1.0900891
2226548402000, -0.883922, -0.37782016, 1.0943651
2226553084000, -0.91996306, -0.3839288, 1.0558805
2226558420000, -0.93401295, -0.2706133, 1.0531317
2226563106000, -0.9080512, -0.08002335, 1.1499538
2226568074000, -0.9773844, 0.020158553, 1.2886202
2226573021000, -1.1209377, 0.0033597588, 1.4016303
2226578057000, -1.2000448, 0.0070249503, 1.4321736
2226583132000, -1.1991285, 0.03176499, 1.31672
2226587991000, -1.2217305, 0.070554934, 1.1972959
2226593043000, -1.2522738, 0.099571034, 1.0812315
2226598075000, -1.2727377, 0.14935656, 0.9987647
2226603066000, -1.269378, 0.22327125, 0.95447695
2226608078000, -1.2815952, 0.24587326, 0.93951076
2226613088000, -1.2791518, 0.2947425, 0.95447695
2226618078000, -1.2696834, 0.33505958, 1.001819
2226623056000, -1.2620476, 0.3417791, 1.0687088
2226628116000, -1.2724323, 0.3304781, 1.1511755
2226633069000, -1.2895365, 0.2959642, 1.2339478
2226638056000, -1.3081679, 0.3023783, 1.2452488
2226643066000, -1.3084733, 0.3313944, 1.4025466
2226648095000, -1.3148874, 0.34972036, 1.5137241
2226653075000, -1.3115277, 0.30115658, 1.5598444
2226658074000, -1.2892311, 0.36468655, 1.5396858
2226663093000, -1.2644911, 0.4972443, 1.4239268
2226668087000, -1.2507466, 0.47219884, 1.5106697
2226673075000, -1.244638, 0.39828414, 1.7073684
2226678084000, -1.2153164, 0.3866777, 1.7785342
2226683094000, -1.1548407, 0.38912117, 1.7876972
2226688076000, -1.0977248, 0.41996986, 1.7944167
2226693027000, -1.0381655, 0.47800204, 1.7308867
2226698075000, -0.98349303, 0.51893, 1.6371188
2226703065000, -0.95447695, 0.47586402, 1.7391334
2226708031000, -0.94134337, 0.4636467, 1.8356501
2226713066000, -0.9086621, 0.46883908, 1.9016235
2226718060000, -0.8512407, 0.52412236, 1.8719965
2226723068000, -0.8054258, 0.6252206, 1.772731
2226728166000, -0.7715228, 0.6267477, 1.7724255
2226733102000, -0.7538077, 0.5867361, 1.8438967
2226738068000, -0.73426, 0.6072, 1.813659
2226743047000, -0.72173727, 0.6310238, 1.7464638
2226748052000, -0.7079928, 0.6395759, 1.7027869
2226753030000, -0.70371675, 0.63529986, 1.6914859
2226758049000, -0.6722572, 0.65301496, 1.6698002
2226763057000, -0.64873886, 0.6582073, 1.6307048
2226768036000, -0.6435465, 0.6215554, 1.5757269
2226773070000, -0.6414085, 0.5900958, 1.5491543
2226778054000, -0.6386596, 0.5876524, 1.5146403
2226783060000, -0.623388, 0.55924714, 1.4486669
2226788078000, -0.63621616, 0.55863625, 1.3997977
2226793445000, -0.6218608, 0.5311473, 1.402852
2226798042000, -0.6059783, 0.54336464, 1.3820826
2226803318000, -0.5934556, 0.5571091, 1.3704761
2226808014000, -0.5720753, 0.57604593, 1.3588698
2226812966000, -0.56230146, 0.5934556, 1.3319917
2226817980000, -0.5342017, 0.6105598, 1.310306
2226822976000, -0.4886922, 0.6236934, 1.3023647
2226828149000, -0.44043383, 0.65179324, 1.3121386
2226832954000, -0.38789943, 0.6569856, 1.3051136
2226837977000, -0.34880406, 0.6453791, 1.321607
2226842971000, -0.3036, 0.6246097, 1.3759739
2226847986000, -0.25534168, 0.6239988, 1.4318681
2226853020000, -0.21746802, 0.5928447, 1.4969252
2226858079000, -0.1777618, 0.54733527, 1.5528195
2226863100000, -0.15974127, 0.50793445, 1.6163495
2226868065000, -0.1469131, 0.5149594, 1.7079792
2226873074000, -0.12186762, 0.5519168, 1.7705929
2226878070000, -0.0870483, 0.6444628, 1.7788396
2226883058000, -0.044593163, 0.6973027, 1.7550159
2226888058000, 9.162979E-4, 0.691194, 1.7348573
2226893066000, 0.034513887, 0.659429, 1.7009543
2226898078000, 0.07147124, 0.6188065, 1.6737708
2226903069000, 0.08735373, 0.59223384, 1.6728544
2226908052000, 0.10170906, 0.6075055, 1.6890424
2226913130000, 0.12797627, 0.6178902, 1.7110336
2226918094000, 0.1386664, 0.6020077, 1.7290541
2226923082000, 0.14202617, 0.5693264, 1.7238617
2226928100000, 0.14080444, 0.54428095, 1.7238617
2226933029000, 0.15210545, 0.52320606, 1.7259997
2226938096000, 0.172264, 0.52290064, 1.7098118
2226943042000, 0.18936823, 0.46089783, 1.6869044
2226948073000, 0.18845193, 0.39461896, 1.6765196
2226953057000, 0.17989981, 0.2284636, 1.6844609
2226958017000, 0.15699236, 0.025350908, 1.7201965
2226963083000, 0.101098195, 0.17531833, 1.7308867
2226968043000, 0.1020145, 0.37690386, 1.6157386
2226973106000, 0.17440203, 0.33658674, 1.4694363
2226978012000, 0.21288654, 0.20189096, 1.2916746
2226983070000, 0.26816985, 0.07727446, 1.1044444
2226988036000, 0.3200934, -0.0015271631, 0.9602802
2226993064000, 0.3820962, -0.05100725, 0.8206975
2226998022000, 0.43951756, -0.09193522, 0.75228053
2227003038000, 0.50243664, -0.12217305, 0.7440339
2227008031000, 0.52656585, -0.14721853, 0.72143185
2227013106000, 0.559858, -0.14477506, 0.6835582
2227018053000, 0.5983425, -0.1432479, 0.66737026
2227023081000, 0.63438356, -0.12797627, 0.655153
2227028120000, 0.66645396, -0.16554448, 0.6719518
2227033073000, 0.6759224, -0.2144137, 0.6942484
2227038042000, 0.66645396, -0.21746802, 0.6545421
2227043069000, 0.66981375, -0.23243423, 0.6554584
2227048040000, 0.7058548, -0.2733622, 0.66920286
2227053065000, 0.71685034, -0.28893927, 0.7089091
2227058042000, 0.7098254, -0.31581733, 0.7440339
2227063117000, 0.6988298, -0.34483343, 0.7669413
2227068032000, 0.6743952, -0.355829, 0.79504114
2227073088000, 0.67164636, -0.36957347, 0.8426886
2227078119000, 0.6649268, -0.40500367, 0.8378017
2227083151000, 0.6805039, -0.43585235, 0.84238315
2227088053000, 0.68508536, -0.46700647, 0.8527679
2227093058000, 0.6914995, -0.4908302, 0.8588765
2227098077000, 0.7098254, -0.5009095, 0.82863873
2227103068000, 0.7415904, -0.54367006, 0.81122905
2227108051000, 0.7461719, -0.5766568, 0.79137594
2227113118000, 0.7675522, -0.59773165, 0.7663304
2227118068000, 0.77091193, -0.61819565, 0.7510588
2227123095000, 0.7812967, -0.6252206, 0.7144069
2227128071000, 0.7852673, -0.6356053, 0.68752885
2227133069000, 0.7892379, -0.6621779, 0.68294734
2227138063000, 0.79443026, -0.66706485, 0.6844745
2227143052000, 0.7791586, -0.6612616, 0.65270954
2227148077000, 0.77549344, -0.68508536, 0.6417139
2227153061000, 0.77396625, -0.7107417, 0.6392705
2227158041000, 0.77182823, -0.72051555, 0.62796944
2227163116000, 0.77457714, -0.7287622, 0.5992588
2227168071000, 0.7996226, -0.7147123, 0.59437186
2227173030000, 0.8045095, -0.7290677, 0.56077427
2227178066000, 0.81336707, -0.72387534, 0.5155703
2227183063000, 0.86070913, -0.74220127, 0.46944994
2227188713000, 0.8756753, -0.7629707, 0.42180246
2227193057000, 0.8784242, -0.81092364, 0.37140608
2227198075000, 0.88056225, -0.84421575, 0.32711834
2227203065000, 0.8885035, -0.95294976, 0.30604348
2227208038000, 0.88422745, -0.9807441, 0.2855795
2227213415000, 0.8735373, -0.999681, 0.2507602
2227218061000, 0.88606006, -1.0247264, 0.22388211
2227223084000, 0.8857546, -1.0571023, 0.20311269
2227228055000, 0.8949176, -1.1087204, 0.1872302
2227233029000, 0.8949176, -1.1600331, 0.16829337
2227238060000, 0.8979719, -1.1798862, 0.15943582
2227243025000, 0.9080512, -1.1896601, 0.16554448
2227248092000, 0.88025683, -1.1844677, 0.17012598
2227253045000, 0.84788096, -1.162782, 0.15943582
2227258792000, 0.8338311, -1.1081096, 0.1459968
2227263366000, 0.8127562, -1.0815369, 0.13561209
2227268099000, 0.7791586, -1.0616838, 0.112704635
2227273230000, 0.72326446, -1.0424415, 0.07971791
2227278095000, 0.6942484, -0.98349303, 0.07696902
2227283118000, 0.6206391, -0.95630956, 0.06780604
2227288054000, 0.54244834, -0.915687, 0.054367006
2227293053000, 0.49938235, -0.88697636, 0.046731193
2227298073000, 0.46578476, -0.82772243, 0.03848451
2227303009000, 0.44868052, -0.77213365, 0.03940081
2227308053000, 0.4279111, -0.7458665, 0.03481932
2227313112000, 0.43188173, -0.7275405, 0.03634648
2227318064000, 0.40439278, -0.70616025, 0.04520403
2227323080000, 0.40561453, -0.6976081, 0.049785517
2227328073000, 0.398895, -0.68386364, 0.048258353
2227333095000, 0.38728857, -0.6582073, 0.031154128
2227338057000, 0.37934732, -0.64751714, 0.021380283
2227343072000, 0.37568212, -0.6169739, 0.009773844
2227348075000, 0.36132678, -0.6001751, -0.024129177
2227353068000, 0.3659083, -0.5717699, -0.049785517
2227358052000, 0.36468655, -0.52626044, -0.06566802
2227363094000, 0.36896262, -0.49205196, -0.08735373
2227368064000, 0.36651915, -0.45753807, -0.11178834
2227373022000, 0.3539964, -0.42730024, -0.13683382
2227378047000, 0.36163223, -0.39278635, -0.15424347
2227383074000, 0.3576616, -0.36835176, -0.17012598
2227388067000, 0.35705075, -0.3576616, -0.16462818
2227393068000, 0.36682457, -0.34422258, -0.17470746
2227398083000, 0.36560285, -0.31948254, -0.1777618
2227403066000, 0.3643811, -0.2947425, -0.17562376
2227408055000, 0.38606682, -0.27091873, -0.15577064
2227413115000, 0.40439278, -0.25870144, -0.12736541
2227418067000, 0.4251622, -0.23976462, -0.13775012
2227423099000, 0.42943826, -0.20219639, -0.16126843
2227428098000, 0.45478916, -0.1908954, -0.16707164
2227433072000, 0.48380527, -0.1966986, -0.13652839
2227438053000, 0.50732356, -0.19394971, -0.12308934
2227443064000, 0.5296202, -0.17989981, -0.13652839
2227448030000, 0.52748215, -0.16340645, -0.13622294
2227453069000, 0.5488624, -0.14721853, -0.11911872
2227458054000, 0.5644395, -0.13897185, -0.09437868
2227463102000, 0.5714644, -0.17256944, -0.06780604
2227468025000, 0.56688297, -0.19028452, -0.0888809
2227473103000, 0.5494733, -0.20922135, -0.069027774
2227478097000, 0.54367006, -0.2275473, -0.03390302
2227483070000, 0.5140431, -0.26419923, 0.0036651916
2227488043000, 0.5015204, -0.25717425, 0.020463986
2227493073000, 0.47311515, -0.2275473, 0.0067195175
2227498041000, 0.46792278, -0.19853121, -0.016798794
2227503067000, 0.46853364, -0.14660765, -0.020463986
2227508043000, 0.47311515, -0.07696902, -0.014660766
2227513151000, 0.49205196, -0.036957346, -0.015271631
2227518110000, 0.5149594, -0.005497787, -0.016493361
2227523112000, 0.5390886, -0.005497787, -0.016493361
2227528033000, 0.56169057, -0.005192355, 0.043066
2227533066000, 0.5653558, -0.02107485, 0.094989546
2227538020000, 0.5476407, -0.025350908, 0.08155051
2227543094000, 0.52687126, -0.021685716, 0.105068825
2227548560000, 0.5183192, -0.013133603, 0.14996742
2227553086000, 0.50823987, 3.0543262E-4, 0.1966986
2227558003000, 0.4822781, 0.016187929, 0.24098633
2227563095000, 0.46395215, 0.030543262, 0.2669481
2227568061000, 0.4266894, 0.045814894, 0.28924468
2227572996000, 0.4034765, 0.06566802, 0.30207285
2227578013000, 0.37720928, 0.07696902, 0.31795537
2227583765000, 0.3481932, 0.087964594, 0.30207285
2227587990000, 0.3200934, 0.084910266, 0.2929099
2227593051000, 0.3032946, 0.08552113, 0.269697
2227598039000, 0.27366763, 0.08552113, 0.24465153
2227603089000, 0.2406809, 0.0888809, 0.20830505
2227608033000, 0.2125811, 0.086437434, 0.15790866
2227613193000, 0.19914207, 0.09132435, 0.10842858
2227618190000, 0.17654006, 0.07696902, 0.086437434
2227623155000, 0.17379116, 0.06688975, 0.023823744
2227628149000, 0.16187929, 0.06536258, -0.019547688
2227633100000, 0.16279559, 0.013133603, -0.04337143
2227638084000, 0.13316862, -0.04337143, -0.05467244
2227643085000, 0.09865474, -0.08246681, -0.06414085
2227648084000, 0.06291912, -0.09468412, -0.063224554
2227652967000, 0.01038471, -0.07574729, -0.050396383
2227657986000, -0.03145956, -0.039095376, -0.02687807
2227662997000, -0.07269296, 0.0070249503, -0.01282817
2227667991000, -0.116675265, 0.067500606, 0.0015271631
2227672989000, -0.16065755, 0.11942416, 0.007941248
2227678036000, -0.22632557, 0.17654006, 0.022602014
2227682996000, -0.269697, 0.2012801, 0.02107485
2227687974000, -0.30390546, 0.24740042, 0.026572637
2227692995000, -0.32803464, 0.26389378, 0.035430185
2227697978000, -0.35613444, 0.2764165, 0.042760566
2227702997000, -0.37690386, 0.2742785, 0.05589417
2227707980000, -0.37384954, 0.28069258, 0.057421334
2227713080000, -0.39064834, 0.27488935, 0.064751714
2227718086000, -0.39675698, 0.26145032, 0.074830994
2227723008000, -0.3933972, 0.22571471, 0.090713486
2227728101000, -0.38789943, 0.27397305, 0.09560041
2227733024000, -0.36010507, 0.28527406, 0.09590584
2227738098000, -0.34422258, 0.2678644, 0.09865474
2227743058000, -0.33964106, 0.269697, 0.10842858
2227748071000, -0.34666604, 0.29229903, 0.116980694
2227753028000, -0.33108896, 0.2947425, 0.13316862
2227758059000, -0.3191771, 0.3268129, 0.15057829
2227763035000, -0.31337386, 0.32284227, 0.16279559
2227768044000, -0.301462, 0.344528, 0.17195857
2227773065000, -0.30024028, 0.36071593, 0.17134771
2227778092000, -0.2932153, 0.3747658, 0.172264
2227783047000, -0.30298916, 0.3817908, 0.18020524
2227788042000, -0.3115413, 0.4016439, 0.18325958
2227793107000, -0.31703907, 0.43463063, 0.20922135
2227798089000, -0.33017266, 0.43371433, 0.19456059
2227803052000, -0.3399465, 0.4175264, 0.18967366
2227808059000, -0.35277468, 0.43371433, 0.18784106
2227812976000, -0.36377025, 0.4361578, 0.18692477
2227817981000, -0.35796702, 0.40225476, 0.17348573
2227822981000, -0.3659083, 0.35979962, 0.16249016
2227828007000, -0.37384954, 0.32803464, 0.1554652
2227832977000, -0.38973203, 0.2959642, 0.15332718
2227837971000, -0.39522982, 0.25778514, 0.14172074
2227842986000, -0.4025602, 0.22724187, 0.1386664
2227847994000, -0.39920044, 0.20891592, 0.1328632
2227853087000, -0.40622538, 0.20525073, 0.12492194
2227858029000, -0.42363504, 0.18906279, 0.12186762
2227863073000, -0.4288274, 0.20250183, 0.11453723
2227868058000, -0.4288274, 0.24312437, 0.11759156
2227873328000, -0.43249258, 0.2678644, 0.112704635
2227878057000, -0.4428773, 0.27488935, 0.084910266
2227883395000, -0.44776422, 0.2761111, 0.069027774
2227888059000, -0.47678033, 0.28680122, 0.06536258
2227893065000, -0.47678033, 0.3387248, 0.08674286
2227898069000, -0.47678033, 0.3463606, 0.056505036
2227902990000, -0.4831944, 0.32559118, 0.02687807
2227908631000, -0.50671273, 0.30818152, 0.019242255
2227913085000, -0.5363397, 0.29718593, 0.0125227375
2227918063000, -0.56505036, 0.3277292, 0.03145956
2227923024000, -0.571159, 0.33414328, 0.021685716
2227928091000, -0.57818395, 0.28985557, -0.0015271631
2227933027000, -0.58368176, 0.2657264, -0.01282817
2227938067000, -0.5705481, 0.25411993, -0.02443461
2227943093000, -0.5647449, 0.22999077, -0.026267206
2227948070000, -0.55771995, 0.20891592, -0.02687807
2227953060000, -0.535118, 0.21135938, -0.022296581
2227958050000, -0.49877146, 0.2489276, 0.00580322
2227963155000, -0.44532076, 0.23243423, -0.015577064
2227968066000, -0.42088616, 0.17745635, -0.03970624
2227973040000, -0.4034765, 0.14813483, -0.04062254
2227978053000, -0.38056904, 0.14202617, -0.03268129
2227983093000, -0.3378085, 0.11453723, -0.03268129
2227988056000, -0.3200934, 0.10262536, -0.013439035
2227993054000, -0.30298916, 0.09101892, 0.0015271631
2227998062000, -0.27275133, 0.087659165, 0.022907447
2228003070000, -0.23701571, 0.1020145, 0.057421334
2228008047000, -0.19150625, 0.106595986, 0.0842994
2228013091000, -0.172264, 0.095294975, 0.093767814
2228018068000, -0.14935656, 0.12644911, 0.14049901
2228023062000, -0.13408493, 0.20280726, 0.12675454
2228028065000, -0.10262536, 0.19730948, 0.11575896
2228033072000, -0.10720685, 0.1414153, 0.12186762
2228038067000, -0.11148291, 0.0021380284, 0.13225232
2228043058000, -0.15088372, -0.01740966, 0.1441642
2228048059000, -0.17592919, 0.008552114, 0.15454891
2228053066000, -0.172264, 0.03176499, 0.14721853
2228058046000, -0.18448131, 0.058948494, 0.17195857
2228063074000, -0.17470746, 0.055588737, 0.17592919
2228068069000, -0.17654006, 0.047036625, 0.17195857
2228073066000, -0.20189096, 0.004886922, 0.16065755
2228078100000, -0.21288654, -0.01160644, 0.15149458
2228083070000, -0.23915374, -0.010079277, 0.1563815
2228088064000, -0.23793201, 0.01863139, 0.15882497
2228093031000, -0.24465153, 0.0290161, 0.15332718
2228098061000, -0.24007004, 0.0421497, 0.16035213
2228103092000, -0.22418754, 0.11301007, 0.18112154
2228108030000, -0.17623462, 0.17379116, 0.21624629
2228113084000, -0.14966199, 0.14966199, 0.1908954
2228118029000, -0.13775012, 0.116980694, 0.16676621
2228123057000, -0.13836098, 0.09193522, 0.17684549
2228128077000, -0.14477506, 0.08032878, 0.18784106
2228133072000, -0.13072516, 0.0842994, 0.18387043
2228138064000, -0.12675454, 0.11301007, 0.18478674
2228143062000, -0.116980694, 0.11453723, 0.18600847
2228148041000, -0.110872045, 0.094989546, 0.18967366
2228153064000, -0.10293079, 0.09743301, 0.20189096
2228158036000, -0.095294975, 0.09865474, 0.24404067
2228163077000, -0.09560041, 0.07238753, 0.22907446
2228168011000, -0.10629055, 0.04642576, 0.19822577
2228172991000, -0.118507855, 0.03970624, 0.18753563
2228178066000, -0.13958271, 0.038179077, 0.19639318
2228183084000, -0.15485434, 0.0842994, 0.21074851
2228188039000, -0.1459968, 0.15241088, 0.23151793
2228193046000, -0.1414153, 0.14446963, 0.23243423
2228198083000, -0.13958271, 0.116675265, 0.25289822
2228203084000, -0.14019357, 0.07727446, 0.24556783
2228208067000, -0.14660765, 0.03481932, 0.21319197
2228213145000, -0.1600467, 0.0125227375, 0.19883664
2228218095000, -0.15302174, 0.020463986, 0.20616703
2228223091000, -0.15118915, 0.016187929, 0.21197024
2228228059000, -0.12767084, -0.004276057, 0.19822577
2228233448000, -0.11453723, -0.018325957, 0.19181168
2228238045000, -0.10842858, -0.022907447, 0.17623462
2228243057000, -0.08368854, 0.012217305, 0.18112154
2228248076000, -0.05222898, 0.03756821, 0.19058995
2228253062000, -0.03726278, 0.026572637, 0.15851954
2228258110000, -0.021685716, 0.02321288, 0.14355333
2228263083000, -0.027183503, 0.005497787, 0.1518
2228268112000, -0.021380283, -0.003970624, 0.14660765
2228273062000, -0.014660766, -0.003970624, 0.14508049
2228278226000, -0.021685716, -0.0018325958, 0.14263703
2228283071000, -0.011301007, 0.02107485, 0.14355333
2228288062000, -0.009773844, 0.0421497, 0.16218472
2228293054000, -0.0033597588, 0.06352998, 0.15577064
2228298081000, 9.162979E-4, 0.087659165, 0.15760323
2228303030000, -9.162979E-4, 0.07513642, 0.15454891
2228308042000, -0.01282817, 0.061086524, 0.17470746
2228313118000, -0.01282817, 0.004581489, 0.19517145
2228318054000, -0.015577064, -0.058337633, 0.20799962
2228323082000, -0.04886922, -0.08674286, 0.21746802
2228328127000, -0.07819075, -0.086437434, 0.20799962
2228333104000, -0.08368854, -0.07238753, 0.19853121
2228338095000, -0.094989546, -0.06505715, 0.160963
2228343077000, -0.096516706, -0.04642576, 0.12675454
2228348082000, -0.106901415, -0.021991149, 0.093462385
2228353090000, -0.08674286, 0.01038471, 0.0720821
2228358086000, -0.06627888, 0.005497787, 0.041233405
2228363125000, -0.056505036, 0.006414085, 0.016187929
2228368083000, -0.0421497, 0.009468411, 0.008857546
2228373015000, -0.02076942, 0.009162978, 0.008857546
2228378131000, -0.022296581, -0.0027488936, 0.009162978
2228383017000, 0.0021380284, 0.022602014, 0.020158553
2228388092000, 0.021991149, 0.027794369, 0.015271631
2228393029000, 0.017104227, -0.010079277, 9.162979E-4
2228398104000, 0.016798794, -0.047036625, 3.0543262E-4
2228403068000, 0.01038471, -0.064446285, 9.162979E-4
2228408071000, -9.162979E-4, -0.035124753, -0.007941248
2228413152000, -0.004276057, -0.0076358155, -0.015577064
2228418069000, 0.016187929, 0.0018325958, -0.0290161
2228423062000, 0.021685716, -3.0543262E-4, -0.03176499
2228428079000, 0.01985312, 0.0106901415, -0.025961773
2228433072000, 0.023823744, 0.018936822, -0.013439035
2228438055000, 0.03359759, 0.026572637, 6.1086525E-4
2228443062000, 0.03604105, 0.027794369, 0.009773844
2228448071000, 0.049480084, 0.042760566, 0.010995574
2228452992000, 0.055283304, 0.05467244, 0.005497787
2228458042000, 0.0571159, 0.081855945, 0.005192355
2228463039000, 0.04550946, 0.05681047, 3.0543262E-4
2228468062000, 0.030848695, 0.034208454, 0.009468411
2228473006000, 0.020463986, 0.023823744, 0.014660766
2228478093000, 0.027794369, 0.03145956, 0.017715093
2228483057000, 0.022296581, 0.018936822, 0.00580322
2228488053000, 0.023823744, 0.02321288, -0.0027488936
2228493039000, 0.01863139, 0.02321288, -0.010995574
2228498072000, 0.015577064, 0.02107485, -0.0067195175
2228503059000, 0.01740966, 0.033292156, -0.017104227
2228508076000, 0.025350908, 0.03573562, -0.007330383
2228513122000, 0.02565634, 0.034208454, -0.0036651916
2228518107000, 0.016187929, 0.030848695, 0.028099801
2228523271000, 0.021991149, 0.023518313, 0.028099801
2228528090000, 0.028710667, 0.014966198, -0.004886922
2228533083000, 0.020463986, -0.0018325958, -0.030543262
2228538095000, 0.0036651916, -0.009773844, -0.0070249503
2228543094000, -0.003970624, 0.0021380284, 0.011301007
2228548092000, 0.003970624, 0.0290161, 0.015577064
2228553083000, 0.012217305, 0.02687807, 0.01160644
2228558743000, 0.015271631, 0.03390302, 0.015271631
2228563156000, 0.016798794, 0.035124753, 0.02687807
2228568082000, 0.01160644, 0.03848451, 0.037873644
2228572994000, 0.007330383, 0.027488936, 0.045814894
2228578086000, 0.016798794, 0.022602014, 0.04184427
2228583105000, 0.0027488936, 0.02687807, 0.044898596
2228588085000, 0.0015271631, 0.028099801, 0.048258353
2228593182000, 0.0070249503, 0.038789943, 0.053450707
2228598072000, -0.004276057, 0.038179077, 0.05375614
2228603073000, -0.002443461, 0.003970624, 0.113926366
2228608065000, 0.008857546, -0.0030543262, 0.11453723
2228613181000, 0.019547688, 0.020158553, 0.06658431
2228617989000, 0.01160644, 0.025045475, 0.065973446
2228623081000, 0.0070249503, 0.02076942, 0.06627888
2228628830000, -0.0106901415, 0.01160644, 0.069027774
2228633103000, -0.014966198, 0.017715093, 0.0720821
2228638037000, 6.1086525E-4, 0.021380283, 0.061391957
2228643094000, -0.004886922, 0.023518313, 0.062308256
2228648081000, -0.0076358155, 0.031154128, 0.020463986
2228653096000, -0.01038471, 0.038789943, 0.015271631
2228658094000, -0.032375857, 0.01863139, 0.051618114
2228663141000, -0.027794369, 0.0125227375, 0.04734206
2228668102000, -0.009468411, 0.01740966, 0.03940081
2228673070000, -0.013744468, 0.018325957, 0.04428773
2228678088000, -0.024129177, 0.013133603, 0.051923547
2228683100000, -0.03023783, 0.013133603, 0.04734206
2228688436000, -0.043676864, 0.005192355, 0.055283304
2228693055000, -0.04917465, -0.003970624, 0.07086037
2228698010000, -0.060170226, -0.013133603, 0.05497787
2228703096000, -0.051923547, 0.009162978, 0.029932396
2228708042000, -0.07391469, 0.009773844, 0.020463986
2228713096000, -0.06780604, -0.0036651916, 0.010079277
2228717985000, -0.058948494, -0.003970624, -0.029626964
2228723093000, -0.083383106, -0.007941248, -0.01282817
2228728029000, -0.06994407, -0.02565634, 0.01160644
2228733091000, -0.057421334, -0.026267206, 0.0076358155
2228738002000, -0.04795292, -0.020463986, 0.007330383
2228743065000, -0.047036625, -0.031154128, -0.0015271631
2228748006000, -0.04550946, -0.034208454, -9.162979E-4
2228753093000, -0.048258353, -0.03848451, -0.006414085
2228758051000, -0.052534413, -0.034513887, -0.015882496
2228763129000, -0.048258353, -0.040927973, -0.019547688
2228768277000, -0.054061573, -0.046120327, -0.03268129
2228772998000, -0.06994407, -0.042455133, -0.035430185
2228778118000, -0.06352998, -0.041233405, -0.03756821
2228783086000, -0.06169739, -0.037873644, -0.049480084
2228788081000, -0.07696902, -0.04184427, -0.0693332
2228793069000, -0.08032878, -0.030848695, -0.10903945
2228798029000, -0.086132, -0.027183503, -0.08735373
2228803063000, -0.06994407, -0.043066, -0.049785517
2228808027000, -0.04795292, -0.03573562, -0.046120327
2228813088000, -0.05497787, -0.027794369, -0.05375614
2228818061000, -0.055283304, -0.022296581, -0.062308256
2228823089000, -0.06414085, -0.020158553, -0.058643065
2228828134000, -0.0842994, -0.032986723, -0.06078109
2228833089000, -0.0888809, -0.04153884, -0.06261369
2228838096000, -0.08368854, -0.043982297, -0.060170226
2228843039000, -0.10751228, -0.053450707, -0.05589417
2228848104000, -0.0870483, -0.049480084, -0.058337633
2228853034000, -0.0870483, -0.062002823, -0.06536258
2228858101000, -0.08857546, -0.06811147, -0.0571159
2228863061000, -0.08093964, -0.070554934, -0.050701816
2228868093000, -0.07452556, -0.07147124, -0.062308256
2228872996000, -0.07819075, -0.070249505, -0.055283304
2228878133000, -0.080634214, -0.07574729, -0.06414085
2228883004000, -0.089491755, -0.076358154, -0.0580322
2228888088000, -0.087964594, -0.067500606, -0.062002823
2228893037000, -0.08674286, -0.065973446, -0.0571159
2228898097000, -0.08735373, -0.07880162, -0.06169739
2228903052000, -0.09285152, -0.07544186, -0.0580322
2228908080000, -0.09407325, -0.06688975, -0.06627888
2228913088000, -0.089186326, -0.06047566, -0.061086524
2228918097000, -0.08277224, -0.051923547, -0.06627888
2228923067000, -0.09162979, -0.058948494, -0.06780604
2228928101000, -0.08735373, -0.052839845, -0.052839845
2228933047000, -0.07422013, -0.049785517, -0.03604105
2228938095000, -0.074830994, -0.03848451, -0.032375857
2228943216000, -0.07574729, -0.02565634, -0.028099801
2228948109000, -0.07971791, -0.028405234, -0.01740966
2228953423000, -0.08307768, -0.021991149, -0.004886922
2228958080000, -0.07880162, -0.017104227, -0.005497787
2228963070000, -0.071776666, -0.018325957, -0.007941248
2228968085000, -0.07696902, -0.017104227, -0.008246681
2228972993000, -0.06688975, -0.007330383, -9.162979E-4
2228978116000, -0.064446285, -0.0067195175, 0.0033597588
2228983109000, -0.05955936, 0.0021380284, 0.0061086523
2228988086000, -0.046731193, -0.0106901415, 0.0067195175
2228993041000, -0.04062254, -0.0125227375, 0.0033597588
2228998078000, -0.027488936, -0.009468411, 0.007330383
2229003093000, -0.017715093, -0.013744468, 0.006414085
2229008076000, -0.0143553335, -0.014049901, 0.0018325958
2229013116000, -0.016493361, -0.006414085, 0.0061086523
2229018088000, -0.0061086523, -0.010079277, 0.005192355
2229023077000, 0.0061086523, -0.003970624, 0.0125227375
2229028042000, 0.018325957, -0.0021380284, 0.015271631
2229033072000, 0.021991149, -0.0036651916, 0.011301007
2229038062000, 0.014049901, -0.0012217305, 0.014660766
2229043095000, 0.016493361, -0.0021380284, 0.01160644
2229048096000, 0.010995574, 0.005497787, 0.018936822
2229053094000, 0.01038471, 0.011911872, 0.017715093
2229058092000, 0.006414085, 0.004581489, 0.015577064
2229063130000, 0.005192355, 0.007330383, 0.020158553
2229068058000, 0.0036651916, 0.005192355, 0.016493361
2229073093000, -0.005497787, 0.004581489, 0.015882496
2229078012000, -0.013439035, -0.005192355, 0.008552114
2229083103000, -0.009773844, 0.008246681, 0.019547688
2229087993000, -0.01985312, -0.0015271631, 0.01863139
2229093048000, -0.011301007, 0.01282817, 0.021991149
2229098001000, -0.014966198, 0.004276057, 0.010079277
2229103093000, -0.014966198, -0.004581489, 0.0061086523
2229108031000, -0.010995574, -0.005192355, 0.016798794
2229113121000, -0.025350908, -0.0030543262, 0.0143553335
2229118045000, -0.013133603, -0.0030543262, 0.01038471
2229123090000, -0.010079277, -0.0030543262, 0.0070249503
2229128078000, -0.009162978, -0.00580322, 0.011301007
2229133103000, -0.02076942, -0.0106901415, 0.016187929
2229138226000, -0.0106901415, -0.005192355, 0.016187929
2229143083000, -0.0070249503, -6.1086525E-4, -0.0018325958
2229148075000, -0.007330383, -0.009773844, 0.0018325958
2229153093000, -0.004276057, -0.010079277, -0.004581489
2229158099000, -0.006414085, -0.0106901415, -0.002443461
2229163128000, -0.004581489, -0.00580322, -0.0033597588
2229168385000, -0.015577064, -0.005497787, -0.0021380284
2229172992000, -0.013439035, -0.007941248, -0.0027488936
2229178221000, -0.016187929, -0.004581489, -0.0033597588
2229183077000, -0.016187929, -0.008246681, -0.009468411
2229188353000, -0.0106901415, -0.0033597588, -0.006414085
2229193036000, -0.018020526, -0.0067195175, 0.0012217305
2229198405000, -0.007330383, -0.007330383, -0.008246681
2229203060000, -0.0125227375, -0.006414085, 9.162979E-4
2229208051000, -0.014966198, -0.0012217305, -0.0070249503
2229213135000, -0.012217305, 0.0033597588, -0.01160644
2229218058000, -0.016187929, 0.0021380284, -0.002443461
2229223094000, -0.028710667, -0.004581489, -0.00580322
2229228018000, -0.019547688, 0.005192355, -9.162979E-4
2229233105000, -0.025961773, 0.007330383, -0.0018325958
2229237989000, -0.023823744, 0.005497787, -0.0061086523
2229243088000, -0.019242255, 0.0106901415, -0.0067195175
2229248020000, -0.031154128, 0.002443461, -0.0015271631
2229253088000, -0.021380283, 0.0106901415, 0.004276057
2229258078000, -0.024740042, 0.0021380284, -3.0543262E-4
2229263153000, -0.032070424, 0.0015271631, 0.0061086523
2229268063000, -0.03268129, 0.010995574, 0.0033597588
2229273088000, -0.032070424, 0.010079277, 0.003970624
2229278119000, -0.042455133, 0.013744468, 0.004886922
2229283098000, -0.0290161, 0.003970624, 0.0027488936
2229288116000, -0.032070424, 0.0067195175, -9.162979E-4
2229293030000, -0.03573562, 0.00580322, 0.004886922
2229298104000, -0.030848695, 0.00580322, 0.004276057
2229303090000, -0.0290161, 0.004276057, 0.0015271631
2229308078000, -0.021991149, 0.0015271631, 0.0076358155
2229313146000, -0.029932396, 0.0076358155, 0.0076358155
2229318095000, -0.030848695, 0.0018325958, 0.013439035
2229323090000, -0.01740966, 0.004276057, 0.012217305
2229328064000, -0.02687807, 0.0061086523, 0.016493361
2229333066000, -0.03359759, 0.0027488936, 0.013439035
2229338055000, -0.027183503, 0.005192355, 0.011911872
2229343035000, -0.024129177, 0.011911872, 0.012217305
2229348075000, -0.0290161, 0.008552114, 0.005192355
2229353063000, -0.023823744, 0.003970624, 0.012217305
2229358047000, -0.0290161, 6.1086525E-4, 0.01160644
2229363091000, -0.032986723, 0.0033597588, 0.007941248
2229368074000, -0.04062254, 0.00580322, 0.004886922
2229373012000, -0.027488936, 0.003970624, 0.004276057
2229378107000, -0.03848451, 0.010995574, 0.005192355
2229383025000, -0.04062254, -0.0018325958, 0.007330383
2229388056000, -0.029626964, 0.0106901415, 0.0067195175
2229393044000, -0.031154128, 0.0018325958, 0.0018325958
2229398100000, -0.03848451, 0.0018325958, 0.004276057
2229403060000, -0.03634648, -0.0021380284, 9.162979E-4
2229408104000, -0.03756821, 0.005497787, -0.004886922
2229413105000, -0.023518313, 0.0067195175, 0.0033597588
2229418097000, -0.025961773, 0.0061086523, 0.0076358155
2229423087000, -0.025961773, 0.009773844, 0.010079277
2229428116000, -0.02565634, 0.006414085, 0.0106901415
2229433217000, -0.0290161, 0.0076358155, 0.0012217305
2229438095000, -0.024129177, 0.008246681, 0.015271631
2229443055000, -0.023518313, 0.01740966, 0.013439035
2229448107000, -0.041233405, 0.01160644, 0.016493361
2229452991000, -0.03634648, 0.0125227375, 0.0143553335
2229458084000, -0.034513887, 0.0106901415, 0.0033597588
2229463045000, -0.025045475, 0.0067195175, 0.004886922
2229468089000, -0.03970624, 0.0030543262, 0.0033597588
2229473006000, -0.033292156, 0.014049901, 0.0076358155
2229478083000, -0.035430185, 0.009468411, 0.0106901415
2229483055000, -0.026267206, 0.0076358155, 0.011301007
2229488024000, -0.035124753, 0.008552114, 0.013439035
2229493084000, -0.0290161, 0.008552114, 0.01160644
2229498117000, -0.034208454, 0.010995574, 0.009162978
2229503085000, -0.032070424, 0.013133603, 0.009773844
2229508107000, -0.040011674, 0.008246681, 0.013744468
2229513107000, -0.03940081, -0.005192355, 0.008857546
2229518006000, -0.035430185, -0.0030543262, 0.010995574
2229522995000, -0.029321533, 0.004886922, 0.007941248
2229528019000, -0.03756821, 0.005497787, 0.0143553335
2229532996000, -0.034513887, 0.005192355, 0.0021380284
2229537991000, -0.032375857, 0.0021380284, 0.007330383
2229542995000, -0.036651913, 0.0106901415, 0.0015271631
2229548010000, -0.039095376, 0.0012217305, 0.0021380284
2229552995000, -0.035430185, -0.008246681, 9.162979E-4
2229558070000, -0.034513887, -0.0067195175, 0.006414085
2229563158000, -0.03390302, -0.014049901, -3.0543262E-4
2229568082000, -0.023518313, -0.0018325958, 0.004276057
2229572992000, -0.0290161, -0.0061086523, 0.0033597588
2229578097000, -0.033292156, -0.013744468, 0.0018325958
2229583106000, -0.03726278, -0.016493361, 0.0018325958
2229588091000, -0.021685716, -0.0106901415, -0.0012217305
2229593035000, -0.018020526, -0.0033597588, -0.0012217305
2229598088000, -0.024129177, -0.0021380284, -0.004276057
2229603092000, -0.015577064, -0.006414085, 0.0015271631
2229608040000, -0.019547688, -0.0033597588, -0.0027488936
2229613158000, -0.02076942, -6.1086525E-4, -0.004886922
2229618069000, -0.018936822, 0.0021380284, -0.0015271631
2229623101000, -0.019547688, 0.007330383, 0.003970624
2229628033000, -0.011301007, -3.0543262E-4, 0.005192355
2229633078000, -0.010995574, 0.009773844, 0.013744468
2229638009000, -0.0143553335, 0.0061086523, 0.009468411
2229643036000, -0.013439035, 0.0076358155, 0.021380283
2229648016000, -0.021991149, 0.0030543262, 0.01863139
2229653056000, -0.02321288, 0.002443461, 0.013744468
2229658075000, -0.02076942, 0.0076358155, 0.011301007
2229663100000, -0.02076942, 0.006414085, 0.01038471
2229668073000, -0.01740966, 0.003970624, 0.010995574
2229673062000, -0.015882496, 0.004886922, 0.019242255
2229678062000, -0.022296581, 0.016187929, 0.01740966
2229683084000, -0.011911872, 0.007330383, 0.013133603
2229688040000, -0.02443461, 0.004276057, 0.0033597588
2229693033000, -0.014049901, 0.009468411, 0.010079277
2229698035000, -0.024129177, 0.01282817, 0.003970624
2229703057000, -0.018020526, 0.0030543262, 0.01160644
2229708043000, -0.013744468, 0.0030543262, 0.007330383
2229713065000, -0.016187929, 0.003970624, 0.005497787
