#Rate of rotation around the x y z axes (Angular velocity).
#timestamp(ns),x,y,z(rad/s)
#Datetime: 22/04/2015 16:06:58
##########################################
#Activity: 8 - CSI - Car-Step in - 6s
#Subject ID: 48
#First Name: sub48
#Last Name: sub48
#Age: 22
#Height(cm): 180
#Weight(kg): 80
#Gender: Male
##########################################

@DATA
12855690118000, -0.005192355, 0.013133603, 0.0061086523
12855695136000, -0.025045475, 0.014966198, 0.011301007
12855700150000, -0.020463986, 0.015271631, 0.010995574
12855705136000, -0.021991149, 0.012217305, 0.011911872
12855710091000, -0.016798794, 0.014966198, 0.014049901
12855715106000, -0.02321288, 0.014966198, 0.006414085
12855720099000, -0.032070424, 0.01282817, 0.0018325958
12855725105000, -0.030848695, 0.01863139, 0.0012217305
12855730143000, -0.02687807, 0.01863139, 0.008857546
12855735142000, -0.032070424, 0.015271631, 0.010079277
12855740152000, -0.03359759, 0.0143553335, 0.012217305
12855745110000, -0.034208454, 0.008246681, 0.008552114
12855750159000, -0.0290161, 0.007941248, 0.010079277
12855755146000, -0.026267206, 0.008857546, 0.004581489
12855760120000, -0.034513887, 0.007941248, 0.0125227375
12855765123000, -0.035430185, -3.0543262E-4, 0.0076358155
12855770132000, -0.03390302, -0.00580322, 0.018936822
12855775126000, -0.030543262, -0.017715093, 0.017715093
12855780187000, -0.02076942, -0.019547688, 0.014660766
12855785183000, -0.024740042, -0.007330383, 0.014966198
12855790094000, -0.03359759, -0.029626964, 0.025961773
12855795156000, -0.035430185, -0.030848695, 0.024129177
12855800219000, -0.022602014, -0.03481932, 0.018936822
12855805178000, -0.03848451, -0.03481932, 0.028405234
12855810095000, -0.03604105, -0.046120327, 0.022907447
12855815195000, -0.03970624, -0.04550946, 0.024740042
12855820137000, -0.03268129, -0.051618114, 0.022296581
12855825107000, -0.03390302, -0.050396383, 0.02076942
12855830098000, -0.041233405, -0.050701816, 0.027488936
12855835139000, -0.038179077, -0.04520403, 0.02443461
12855840099000, -0.034513887, -0.049480084, 0.021380283
12855845106000, -0.039095376, -0.040927973, 0.008246681
12855850260000, -0.040317107, -0.032070424, 0.015882496
12855855119000, -0.04153884, -0.03390302, 0.016493361
12855860101000, -0.030848695, -0.03023783, 0.010995574
12855865124000, -0.037873644, -0.019242255, 0.0125227375
12855870135000, -0.03390302, -0.019242255, 0.0061086523
12855876585000, -0.030848695, -0.014966198, 0.00580322
12855880138000, -0.02321288, -0.022296581, 0.009162978
12855885201000, -0.025961773, -0.01740966, 0.004886922
12855890100000, -0.02107485, -0.015882496, 0.007330383
12855895100000, -0.025961773, -0.022907447, -0.0036651916
12855900227000, -0.019242255, -0.016493361, -0.006414085
12855905186000, -0.03023783, -0.016493361, -0.002443461
12855910127000, -0.018020526, -0.0143553335, 9.162979E-4
12855915125000, -0.018936822, -0.012217305, -0.0018325958
12855920123000, -0.02076942, -0.011911872, 3.0543262E-4
12855925111000, -0.025350908, -0.0033597588, 0.003970624
12855930503000, -0.024740042, -0.0061086523, 0.004276057
12855935287000, -0.0143553335, 0.0070249503, -9.162979E-4
12855940133000, -0.022296581, -0.0012217305, 0.0036651916
12855945112000, -0.024129177, -0.0012217305, 0.0067195175
12855950193000, -0.027183503, 0.008552114, 0.003970624
12855955137000, -0.025045475, 0.0076358155, 0.008552114
12855960099000, -0.03023783, 0.014966198, 0.017104227
12855965146000, -0.02687807, 0.013133603, 0.016798794
12855970102000, -0.03176499, 0.01863139, 0.021380283
12855975116000, -0.028405234, 0.024129177, 0.023518313
12855980154000, -0.035124753, 0.022602014, 0.014966198
12855985203000, -0.03176499, 0.026267206, 0.019242255
12855990126000, -0.03390302, 0.040317107, 0.01863139
12855995126000, -0.046731193, 0.03268129, 0.021685716
12856001213000, -0.040927973, 0.029626964, 0.016187929
12856005146000, -0.040927973, 0.029626964, 0.020463986
12856010120000, -0.048258353, 0.04062254, 0.016493361
12856015130000, -0.046120327, 0.040011674, 0.014660766
12856020172000, -0.048258353, 0.03940081, 0.019547688
12856025133000, -0.04153884, 0.044593163, 0.017104227
12856030126000, -0.04428773, 0.038789943, 0.013439035
12856035242000, -0.05131268, 0.03940081, 0.01160644
12856040120000, -0.043982297, 0.035124753, 0.015271631
12856045125000, -0.037873644, 0.025350908, 0.006414085
12856050156000, -0.032070424, 0.010995574, 0.009468411
12856055134000, -0.03359759, 0.01740966, 0.013744468
12856060120000, -0.036651913, 0.011301007, 0.005497787
12856065120000, -0.029626964, 0.008246681, 0.007330383
12856070194000, -0.008857546, 0.01038471, 0.0033597588
12856076578000, -0.0106901415, 0.00580322, 6.1086525E-4
12856080151000, -0.011911872, 0.013133603, -0.0027488936
12856085140000, -0.013744468, 9.162979E-4, -0.0012217305
12856090105000, -0.0076358155, 0.0033597588, 0.00580322
12856095098000, -0.0015271631, -0.0067195175, -9.162979E-4
12856100267000, 0.0018325958, -0.0061086523, 0.003970624
12856105204000, -0.0143553335, -0.0067195175, -0.0036651916
12856110120000, -0.010995574, -0.007941248, -0.0076358155
12856115129000, -0.010995574, 0.005497787, 0.004581489
12856120124000, 0.004581489, 0.008857546, 0.0012217305
12856125116000, -0.009773844, -0.018325957, -0.0021380284
12856130126000, -0.007330383, -0.02076942, 0.0027488936
12856135205000, -0.0018325958, -0.02565634, 0.01038471
12856140120000, -0.019547688, -0.035124753, 0.014966198
12856145123000, -0.018936822, -0.013133603, 0.003970624
12856150183000, -0.019242255, -0.016493361, 0.014049901
12856155125000, -0.02687807, -0.043066, 0.023823744
12856160122000, -0.032070424, -0.05009095, 0.013744468
12856165136000, -0.028099801, -0.044898596, 0.023518313
12856170143000, -0.03634648, -0.044593163, 0.031154128
12856175120000, -0.04062254, -0.060170226, 0.032070424
12856180194000, -0.04642576, -0.062308256, 0.03756821
12856185220000, -0.040011674, -0.062308256, 0.036957346
12856190123000, -0.042760566, -0.057726767, 0.03481932
12856195122000, -0.049480084, -0.06169739, 0.034513887
12856200136000, -0.04886922, -0.04642576, 0.02443461
12856205122000, -0.056505036, -0.06078109, 0.03970624
12856210157000, -0.054367006, -0.064751714, 0.03848451
12856215123000, -0.052839845, -0.06566802, 0.041233405
12856220145000, -0.059864793, -0.069027774, 0.043676864
12856225119000, -0.057726767, -0.059864793, 0.043676864
12856230122000, -0.050701816, -0.051923547, 0.03726278
12856235126000, -0.049785517, -0.045814894, 0.032070424
12856240130000, -0.05467244, -0.04184427, 0.040317107
12856245101000, -0.059253927, -0.04153884, 0.03604105
12856250188000, -0.044593163, -0.029321533, 0.04062254
12856255972000, -0.046120327, -0.02107485, 0.03726278
12856260129000, -0.03756821, -0.021380283, 0.04153884
12856265094000, -0.03940081, -0.021685716, 0.043066
12856270134000, -0.043066, -0.019242255, 0.04550946
12856275084000, -0.038789943, -0.01740966, 0.04062254
12856280208000, -0.04184427, -0.012217305, 0.035430185
12856285183000, -0.04062254, -3.0543262E-4, 0.03481932
12856290143000, -0.044593163, 0.004581489, 0.04184427
12856295065000, -0.053145275, 0.008246681, 0.040317107
12856300142000, -0.048563786, 0.0143553335, 0.041233405
12856305098000, -0.04886922, 0.022907447, 0.04428773
12856310127000, -0.053450707, 0.023518313, 0.040011674
12856315121000, -0.06078109, 0.029932396, 0.048258353
12856320131000, -0.049785517, 0.05681047, 0.050701816
12856325863000, -0.04734206, 0.08277224, 0.05681047
12856330128000, -0.03970624, 0.073303826, 0.057726767
12856335174000, -0.04642576, 0.07360926, 0.069027774
12856340124000, -0.03726278, 0.07513642, 0.0720821
12856345089000, -0.036651913, 0.09315695, 0.076052725
12856350183000, -0.03970624, 0.1001819, 0.069027774
12856355195000, -0.046731193, 0.1020145, 0.08093964
12856360123000, -0.059253927, 0.11728613, 0.089491755
12856365297000, -0.059253927, 0.15271631, 0.10262536
12856370122000, -0.058643065, 0.17806722, 0.11148291
12856375452000, -0.08277224, 0.20372356, 0.116980694
12856380160000, -0.09101892, 0.21838433, 0.13500121
12856385178000, -0.09040806, 0.23304509, 0.1441642
12856390122000, -0.081855945, 0.26542094, 0.15515977
12856395238000, -0.09407325, 0.30085114, 0.17379116
12856400188000, -0.09712757, 0.3390302, 0.18936823
12856405148000, -0.095294975, 0.41080686, 0.20280726
12856410126000, -0.090713486, 0.46273044, 0.22174409
12856415136000, -0.09743301, 0.49266282, 0.24281894
12856420121000, -0.10354166, 0.5647449, 0.25717425
12856425118000, -0.10140363, 0.6310238, 0.2837469
12856430125000, -0.11209377, 0.68539083, 0.30970868
12856435123000, -0.10751228, 0.7119634, 0.3268129
12856440094000, -0.09132435, 0.7244862, 0.34513888
12856445129000, -0.08857546, 0.7360926, 0.36774087
12856450111000, -0.07849618, 0.7473936, 0.38698313
12856455122000, -0.086437434, 0.75441855, 0.40286562
12856460121000, -0.0870483, 0.75441855, 0.41050145
12856465443000, -0.10781772, 0.7293731, 0.41416663
12856470027000, -0.11789699, 0.70066243, 0.3979787
12856476286000, -0.13530666, 0.6719518, 0.38240165
12856480060000, -0.1441642, 0.65484756, 0.36163223
12856485110000, -0.16493362, 0.64812803, 0.33414328
12856490025000, -0.18051068, 0.6582073, 0.30482176
12856495065000, -0.1994475, 0.67347896, 0.2751948
12856500071000, -0.20372356, 0.7144069, 0.2443461
12856505035000, -0.22479841, 0.7507534, 0.22235495
12856509968000, -0.24984388, 0.7663304, 0.2125811
12856515050000, -0.2602286, 0.7703011, 0.20158553
12856520046000, -0.27122417, 0.77396625, 0.16920967
12856525035000, -0.27488935, 0.75594574, 0.15302174
12856529979000, -0.26542094, 0.73853606, 0.14294247
12856535064000, -0.26206118, 0.71959925, 0.13836098
12856539976000, -0.23793201, 0.7287622, 0.12736541
12856545033000, -0.22266038, 0.7470882, 0.12797627
12856550067000, -0.20891592, 0.76174897, 0.12339478
12856555122000, -0.18753563, 0.7877107, 0.13041973
12856560126000, -0.15515977, 0.81061816, 0.13439035
12856565127000, -0.121256754, 0.84482664, 0.1441642
12856570130000, -0.080634214, 0.8738427, 0.15302174
12856575123000, -0.039095376, 0.8958339, 0.1685988
12856580976000, -0.0070249503, 0.9230174, 0.17623462
12856585187000, 0.023823744, 0.94897914, 0.18784106
12856590126000, 0.055588737, 0.9630291, 0.19058995
12856595121000, 0.069027774, 0.9807441, 0.1966986
12856600131000, 0.08399397, 0.9981538, 0.20555615
12856605200000, 0.09254608, 0.9963212, 0.19517145
12856610160000, 0.089491755, 0.99173975, 0.19364429
12856615133000, 0.10354166, 0.9718866, 0.1881465
12856620297000, 0.09896017, 0.93951076, 0.18081611
12856625141000, 0.08582657, 0.9272934, 0.16126843
12856630135000, 0.07391469, 0.9056077, 0.14355333
12856635183000, 0.051923547, 0.87995136, 0.13255776
12856640079000, 0.03268129, 0.8573494, 0.11056661
12856645117000, 0.0027488936, 0.82894415, 0.0888809
12856650255000, -0.033292156, 0.82741696, 0.061391957
12856655115000, -0.06261369, 0.8341365, 0.02687807
12856660142000, -0.08857546, 0.84849185, -0.02443461
12856665140000, -0.11911872, 0.8738427, -0.05131268
12856670204000, -0.14446963, 0.9104946, -0.08002335
12856675238000, -0.17562376, 0.9434814, -0.099571034
12856680147000, -0.18875736, 0.9837985, -0.12339478
12856685170000, -0.19639318, 1.01312, -0.14110987
12856690115000, -0.20189096, 1.0235047, -0.14935656
12856695126000, -0.21135938, 1.0213667, -0.15851954
12856700162000, -0.20189096, 1.022283, -0.15271631
12856705062000, -0.18173242, 1.0354166, -0.13805555
12856710064000, -0.1572978, 1.0161743, -0.12858713
12856715062000, -0.1337795, 1.0241156, -0.12461651
12856720108000, -0.1020145, 1.0641272, -0.11056661
12856725065000, -0.087659165, 1.119716, -0.06658431
12856730062000, -0.044593163, 1.1829406, -0.056505036
12856735092000, -0.026572637, 1.2134838, -0.05497787
12856739991000, -0.009162978, 1.2455542, -0.051923547
12856745084000, 0.005497787, 1.2528846, -0.07422013
12856750229000, 0.008857546, 1.2974777, -0.11362094
12856755038000, -0.0067195175, 1.3625349, -0.11209377
12856760030000, -0.03634648, 1.4563028, -0.13439035
12856765053000, -0.063224554, 1.5613716, -0.172264
12856770059000, -0.07849618, 1.640784, -0.21563543
12856775028000, -0.1160644, 1.68385, -0.24129178
12856780092000, -0.13347405, 1.7131716, -0.2782491
12856785053000, -0.15241088, 1.7140878, -0.312763
12856790034000, -0.15393804, 1.6701056, -0.32436943
12856795033000, -0.15088372, 1.6224581, -0.32834008
12856800292000, -0.18112154, 1.5601498, -0.32345316
12856805124000, -0.17287487, 1.5070046, -0.310625
12856810056000, -0.14294247, 1.3897184, -0.30024028
12856815147000, -0.115453534, 1.2559389, -0.2724459
12856820077000, -0.065973446, 1.1187997, -0.23060162
12856825124000, -0.021991149, 0.98990715, -0.18478674
12856830086000, 0.0061086523, 0.8891144, -0.1301143
12856835205000, 0.048563786, 0.8045095, -0.092240654
12856840068000, 0.08399397, 0.7086037, -0.06658431
12856845120000, 0.08827003, 0.63255095, -0.042455133
12856850186000, 0.06414085, 0.552833, -0.026572637
12856855128000, 0.023518313, 0.49846604, 0.02565634
12856860079000, -0.0106901415, 0.46639562, 0.06536258
12856865128000, -0.047036625, 0.4447099, 0.12034045
12856870133000, -0.08155051, 0.44440445, 0.17531833
12856876580000, -0.105068825, 0.4569272, 0.20005837
12856880148000, -0.1469131, 0.4615087, 0.21074851
12856885159000, -0.1695151, 0.4868596, 0.21563543
12856890129000, -0.17440203, 0.5006041, 0.22785273
12856895096000, -0.16035213, 0.49418998, 0.21960606
12856900246000, -0.15210545, 0.47616947, 0.20372356
12856905108000, -0.15454891, 0.47800204, 0.20738874
12856910102000, -0.16310102, 0.48502702, 0.20861048
12856915109000, -0.17195857, 0.51068336, 0.22479841
12856920106000, -0.19028452, 0.51068336, 0.2452624
12856925105000, -0.17745635, 0.48349985, 0.2706133
12856930135000, -0.17989981, 0.44868052, 0.29840767
12856935185000, -0.19028452, 0.42852196, 0.32620203
12856940118000, -0.20922135, 0.43004912, 0.35063666
12856945102000, -0.23548855, 0.41447207, 0.36987892
12856950214000, -0.22968534, 0.4120286, 0.39553526
12856955107000, -0.21899518, 0.39950588, 0.4288274
12856960099000, -0.21197024, 0.37965274, 0.4538729
12856965103000, -0.17684549, 0.3912592, 0.47800204
12856970128000, -0.16401732, 0.3857614, 0.5140431
12856975755000, -0.1441642, 0.3585779, 0.535118
12856980152000, -0.124311075, 0.31429017, 0.54733527
12856985141000, -0.11911872, 0.2687807, 0.56046885
12856990130000, -0.10903945, 0.2742785, 0.5589417
12856995111000, -0.115453534, 0.29077184, 0.5656612
12857000142000, -0.1282817, 0.26633725, 0.56382865
12857005092000, -0.14202617, 0.24281894, 0.56505036
12857010098000, -0.15851954, 0.24495697, 0.54550266
12857015086000, -0.17104226, 0.28588495, 0.5311473
12857020100000, -0.19150625, 0.2874121, 0.52626044
12857025090000, -0.22082779, 0.24556783, 0.52931476
12857030106000, -0.23762658, 0.16920967, 0.539394
12857035146000, -0.25167647, 0.10140363, 0.5338962
12857040161000, -0.29046643, 0.12461651, 0.5186246
12857045444000, -0.3475823, 0.12339478, 0.50915617
12857050166000, -0.4089743, 0.10629055, 0.49388456
12857055080000, -0.44959682, 0.04520403, 0.47036624
12857060116000, -0.473726, 0.025045475, 0.47128254
12857065106000, -0.50946164, 0.035430185, 0.4905248
12857070139000, -0.5348125, 0.0106901415, 0.5006041
12857075082000, -0.5537493, -0.02443461, 0.5006041
12857080161000, -0.569021, -0.040927973, 0.49968776
12857085442000, -0.6081163, -0.06169739, 0.49663344
12857090100000, -0.64476824, -0.07971791, 0.4859433
12857095097000, -0.6627888, -0.12950343, 0.50518554
12857100206000, -0.6612616, -0.14446963, 0.48930305
12857105070000, -0.7141015, -0.046731193, 0.47800204
12857110104000, -0.7489208, 0.061086524, 0.4746423
12857115285000, -0.80664754, 0.119729586, 0.47403142
12857120136000, -0.83108217, 0.2003638, 0.5045747
12857125060000, -0.86345804, 0.24678956, 0.5119051
12857130141000, -0.8854492, 0.20952678, 0.56107974
12857135118000, -0.89369583, 0.15607607, 0.59895337
12857140111000, -0.8958339, 0.24312437, 0.5910121
12857145099000, -0.93034774, 0.3200934, 0.600786
12857150181000, -0.9669997, 0.39920044, 0.61758476
12857155106000, -0.979217, 0.45142943, 0.6337727
12857160123000, -0.97035944, 0.4886922, 0.6478226
12857165109000, -0.956615, 0.51251596, 0.68783426
12857170137000, -0.956615, 0.52412236, 0.6762278
12857175100000, -0.958753, 0.51343226, 0.68477994
12857180166000, -0.93218035, 0.51343226, 0.63316184
12857185242000, -0.9193522, 0.6239988, 0.5500842
12857190107000, -0.9621128, 0.68783426, 0.5198463
12857195099000, -0.9798279, 0.7110472, 0.4728097
12857200230000, -0.990518, 0.71837753, 0.42241332
12857205138000, -1.0189233, 0.7302894, 0.40500367
12857210125000, -1.0155635, 0.74006325, 0.36896262
12857215113000, -1.0091494, 0.75502944, 0.32742378
12857220134000, -1.0027353, 0.75625116, 0.28863382
12857225098000, -0.9972375, 0.75411314, 0.24373524
12857230137000, -0.9636399, 0.7504479, 0.20586158
12857235151000, -0.9275989, 0.7486154, 0.18142697
12857240116000, -0.89369583, 0.7519751, 0.16584991
12857245098000, -0.8405506, 0.72509706, 0.14538592
12857250125000, -0.7690793, 0.72234815, 0.16187929
12857255088000, -0.745561, 0.72387534, 0.12339478
12857260099000, -0.72692966, 0.70005155, 0.08857546
12857265112000, -0.70738196, 0.7012733, 0.05955936
12857270106000, -0.68111473, 0.698219, 0.03634648
12857276550000, -0.6585127, 0.6918049, 0.03726278
12857280111000, -0.6582073, 0.66156703, 0.06078109
12857285200000, -0.6740898, 0.59131753, 0.07971791
12857290130000, -0.6881397, 0.45051312, 0.13255776
12857295123000, -0.7098254, 0.4810564, 0.058337633
12857300655000, -0.8335256, 0.5329799, 0.03970624
12857305136000, -0.97005403, 0.60994893, 0.050396383
12857310077000, -1.0235047, 0.6404922, 0.07666359
12857315104000, -1.1203269, 0.66431594, 0.087659165
12857320105000, -1.2089024, 0.6719518, 0.08582657
12857325105000, -1.2965615, 0.65270954, 0.0711658
12857330257000, -1.3640621, 0.6065892, 0.050701816
12857335195000, -1.3918564, 0.54733527, 0.027488936
12857340102000, -1.3897184, 0.46120325, 0.0070249503
12857345093000, -1.3622295, 0.3811799, -0.020463986
12857350190000, -1.3371841, 0.31764993, -0.047647487
12857355106000, -1.3075571, 0.29138273, -0.057421334
12857360194000, -1.2654073, 0.28344148, -0.0693332
12857365149000, -1.2382239, 0.34025195, -0.0720821
12857370318000, -1.2156218, 0.4334089, -0.059864793
12857375113000, -1.2043208, 0.552833, -0.03970624
12857380195000, -1.207986, 0.6737844, -0.0033597588
12857385250000, -1.2281445, 0.7987063, 0.026572637
12857390259000, -1.2583824, 0.85154617, 0.06841691
12857395116000, -1.3002267, 0.8552113, 0.100792766
12857400289000, -1.310306, 0.8542951, 0.09987647
12857405040000, -1.3063353, 0.8362745, 0.0983493
12857410054000, -1.2846496, 0.78984874, 0.09040806
12857415068000, -1.2617421, 0.7806858, 0.092240654
12857420084000, -1.2751812, 0.79412484, 0.08979719
12857425057000, -1.2947289, 0.818254, 0.10354166
12857430083000, -1.2947289, 0.86009824, 0.13347405
12857435115000, -1.3057245, 0.91996306, 0.17928895
12857440217000, -1.3045027, 0.9624182, 0.24251351
12857445056000, -1.321607, 1.0091494, 0.3203988
12857450142000, -1.3356569, 1.0012082, 0.3484986
12857454992000, -1.3744467, 0.95630956, 0.37323865
12857460042000, -1.4001031, 0.90408057, 0.3903429
12857464998000, -1.4065173, 0.88789266, 0.41691554
12857469991000, -1.3979651, 0.9242391, 0.5540548
12857474975000, -1.3854424, 0.9776898, 0.5723807
12857480047000, -1.3924674, 1.031446, 0.56321776
12857485062000, -1.3939945, 1.035722, 0.571159
12857490002000, -1.3857478, 1.0213667, 0.62949663
12857494992000, -1.3390167, 0.990518, 0.6603453
12857500185000, -1.3121386, 0.9944886, 0.7098254
12857504983000, -1.2672399, 1.0183123, 0.75716746
12857509996000, -1.2373075, 1.0454959, 0.8228355
12857515000000, -1.2296717, 1.063211, 0.89644474
12857520062000, -1.2290609, 1.0732902, 0.95203346
12857524989000, -1.2394456, 1.0864239, 0.9990701
12857529987000, -1.2348641, 1.0998629, 1.0442741
12857535039000, -1.210124, 1.0952814, 1.0891727
12857539996000, -1.1960741, 1.0616838, 1.1078042
12857545023000, -1.1664472, 1.02717, 1.1117748
12857550087000, -1.0989466, 1.0238101, 1.0974194
12857554999000, -1.0094548, 1.0708468, 1.0647382
12857559992000, -0.93615097, 1.1591167, 1.0189233
12857565047000, -0.9120218, 1.287093, 0.9761627
12857569996000, -0.9288206, 1.4205672, 0.95325524
12857574996000, -0.97005403, 1.4682146, 0.93401295
12857579989000, -1.003957, 1.4581354, 0.9257663
12857585038000, -1.0659598, 1.4453071, 0.92149025
12857589994000, -1.1090258, 1.4480561, 0.91354895
12857594996000, -1.1230757, 1.4373659, 0.9104946
12857600244000, -1.1594223, 1.412015, 0.9245446
12857605067000, -1.1994339, 1.3240504, 0.95722586
12857610091000, -1.2198979, 1.1820242, 0.9877691
12857615378000, -1.2476922, 0.9779953, 1.0106765
12857620105000, -1.2773192, 0.8231409, 1.0433578
12857625173000, -1.2626585, 0.7263188, 1.065349
12857630094000, -1.2272283, 0.6383542, 1.0873401
12857635121000, -1.1563679, 0.548557, 1.0815369
12857640100000, -1.1026118, 0.38515055, 1.056186
12857645058000, -1.0616838, 0.21410827, 1.0167851
12857650316000, -1.040609, 0.074830994, 0.9816604
12857655093000, -1.0170907, -0.1001819, 0.95325524
12857660698000, -1.0122037, -0.25473082, 0.91965765
12857665085000, -1.0088439, -0.3827071, 0.8793405
12857670152000, -1.0082331, -0.4615087, 0.8393288
12857676533000, -1.0146471, -0.505491, 0.81061816
12857680171000, -1.0228939, -0.48563787, 0.8035932
12857685197000, -1.0387764, -0.4175264, 0.806953
12857690104000, -1.0522153, -0.38820487, 0.81183994
12857695177000, -1.0687088, -0.31581733, 0.8246681
12857700198000, -1.071763, -0.25809056, 0.8509353
12857705138000, -1.0638218, -0.1826487, 0.8857546
12857710110000, -1.0250319, -0.095294975, 0.93951076
12857715110000, -0.979217, 0.030543262, 0.99021256
12857720137000, -0.93309665, 0.2003638, 1.0094548
12857725118000, -0.8915578, 0.35613444, 1.028697
12857730699000, -0.87109387, 0.42332962, 1.044885
12857735157000, -0.8417723, 0.39767328, 1.058324
12857740100000, -0.8167268, 0.3555236, 1.0641272
12857745099000, -0.7910705, 0.31703907, 1.0531317
12857750189000, -0.7651087, 0.29352075, 1.0183123
12857755129000, -0.7959574, 0.25778514, 0.96669424
12857760118000, -0.80573124, 0.20677789, 0.91721416
12857765113000, -0.8213083, 0.13683382, 0.8784242
12857770126000, -0.82986045, 0.067500606, 0.8491027
12857775117000, -0.838718, 0.005192355, 0.83199847
12857780165000, -0.8561276, -0.060170226, 0.7870999
12857785170000, -0.88514376, -0.10751228, 0.7770206
12857790116000, -0.89644474, -0.119729586, 0.7651087
12857795130000, -0.9034697, -0.118202426, 0.75991637
12857800212000, -0.8756753, -0.09712757, 0.75747293
12857805130000, -0.86009824, -0.076052725, 0.7272351
12857810122000, -0.82924956, -0.025961773, 0.72234815
12857815125000, -0.7901542, 0.013133603, 0.7134906
12857820125000, -0.76083267, 0.016493361, 0.70829827
12857825125000, -0.7293731, 0.024129177, 0.7122689
12857830134000, -0.7031059, 0.01160644, 0.72204274
12857835168000, -0.679893, 0.020158553, 0.74464476
12857840064000, -0.6603453, 0.03970624, 0.7693848
12857845121000, -0.68630713, 0.07971791, 0.81122905
12857850119000, -0.7012733, 0.11575896, 0.818254
12857855130000, -0.74281216, 0.15118915, 0.83016586
12857860055000, -0.7834347, 0.18142697, 0.8378017
12857865125000, -0.8011498, 0.20219639, 0.86834496
12857870114000, -0.79198676, 0.17470746, 0.8512407
12857876572000, -0.795652, 0.14996742, 0.8564331
12857880163000, -0.79504114, 0.12950343, 0.86590147
12857885181000, -0.79076505, 0.0888809, 0.87872964
12857890132000, -0.79168135, 0.070554934, 0.8857546
12857895123000, -0.79320854, 0.034513887, 0.9114109
12857900220000, -0.7761043, -0.005497787, 0.93859446
12857905132000, -0.7324274, -0.090713486, 0.9624182
12857910068000, -0.6908886, -0.16523905, 0.96761054
12857915124000, -0.64660084, -0.18112154, 1.0002918
12857920075000, -0.6301075, -0.13072516, 1.0613784
12857925120000, -0.61483586, -0.05955936, 1.1169671
12857930087000, -0.59956425, -0.048258353, 1.208597
12857935162000, -0.57696223, -0.16707164, 1.3090842
12857940077000, -0.49327368, -0.31215215, 1.4141531
12857945120000, -0.42149702, -0.4025602, 1.395827
12857950152000, -0.4007276, -0.2733622, 1.2822062
12857955125000, -0.40439278, -0.057421334, 1.221425
12857960118000, -0.42302418, 0.10873401, 1.2238685
12857965124000, -0.45753807, 0.10170906, 1.276403
12857970129000, -0.47433686, -0.08002335, 1.385137
12857975124000, -0.4868596, -0.32406402, 1.4517213
12857980151000, -0.46517387, -0.39675698, 1.5054774
12857985845000, -0.40011674, -0.36163223, 1.493871
12857990124000, -0.37018433, -0.15668693, 1.4740179
12857995110000, -0.36957347, 0.0870483, 1.4083499
12858000159000, -0.408058, 0.23823744, 1.3594806
12858005132000, -0.46914452, 0.26389378, 1.3396275
12858010112000, -0.505491, 0.21471913, 1.3332134
12858015208000, -0.5345071, 0.17806722, 1.3347405
12858020226000, -0.54702985, 0.18967366, 1.325883
12858025136000, -0.5503896, 0.22174409, 1.3185526
12858030151000, -0.56382865, 0.25167647, 1.2962561
12858035163000, -0.5891795, 0.2742785, 1.2809844
12858040120000, -0.6209445, 0.2996294, 1.2944235
12858045081000, -0.6591236, 0.2828306, 1.3035865
12858050265000, -0.6728681, 0.18967366, 1.2962561
12858055322000, -0.65393126, 0.16157386, 1.289842
12858059995000, -0.66553766, 0.16493362, 1.2904528
12858064977000, -0.68630713, 0.25717425, 1.2953397
12858069996000, -0.70463306, 0.32742378, 1.312444
12858076183000, -0.72784597, 0.30726522, 1.3148874
12858080056000, -0.75961095, 0.3231477, 1.3023647
12858085083000, -0.7791586, 0.42149702, 1.2980887
12858089989000, -0.7849618, 0.55680364, 1.278541
12858095164000, -0.8011498, 0.65393126, 1.2373075
12858100170000, -0.8362745, 0.68386364, 1.205848
12858104981000, -0.87598073, 0.66798115, 1.1725558
12858110028000, -0.89980453, 0.6792821, 1.1340714
12858115313000, -0.9428705, 0.70371675, 1.0705414
12858119984000, -0.9987647, 0.7012733, 1.0256428
12858124971000, -1.056186, 0.70096785, 0.9923506
12858130002000, -1.1129965, 0.66859204, 0.9483683
12858135068000, -1.1560625, 0.6637051, 0.9642508
12858139990000, -1.2165382, 0.6200282, 0.91507614
12858144968000, -1.2638801, 0.65240407, 0.9068295
12858150078000, -1.3133603, 0.68508536, 0.92271197
12858154968000, -1.359786, 0.73456544, 0.9034697
12858159978000, -1.393689, 0.79137594, 0.9007208
12858165043000, -1.4410311, 0.8707884, 0.91690874
12858169985000, -1.4819591, 0.9334021, 0.89949906
12858175036000, -1.5128077, 0.9682214, 0.8924741
12858179982000, -1.5326608, 0.9767735, 0.89461213
12858185064000, -1.5409076, 0.9776898, 0.8756753
12858190029000, -1.5790867, 0.945314, 0.8164214
12858195013000, -1.642922, 0.86070913, 0.7440339
12858200046000, -1.704925, 0.7519751, 0.6637051
12858205027000, -1.7308867, 0.63621616, 0.6221663
12858210037000, -1.7033978, 0.49968776, 0.58093286
12858215070000, -1.6566665, 0.3567453, 0.5305365
12858220036000, -1.6245961, 0.27855456, 0.5021312
12858225024000, -1.5946637, 0.2773328, 0.49510628
12858229986000, -1.5415184, 0.28771752, 0.51159966
12858235048000, -1.4514158, 0.25809056, 0.5271767
12858240029000, -1.3133603, 0.183565, 0.6105598
12858245023000, -1.1490375, 0.09010262, 0.58551437
12858250244000, -0.9837985, 0.11026118, 0.60994893
12858255062000, -0.81397796, 0.13225232, 0.6768387
12858260079000, -0.6462954, 0.183565, 0.7012733
12858265069000, -0.5112942, 0.25442538, 0.61453044
12858270086000, -0.43860126, 0.34483343, 0.6068946
12858275244000, -0.398895, 0.39003745, 0.63224554
12858280071000, -0.36254853, 0.38728857, 0.63071835
12858285102000, -0.3436117, 0.38331795, 0.5555819
12858290059000, -0.33933565, 0.38148534, 0.5326745
12858295054000, -0.31245756, 0.34238997, 0.537256
12858300122000, -0.27397305, 0.2611449, 0.5186246
12858305142000, -0.21655174, 0.18173242, 0.49388456
12858310761000, -0.1572978, 0.12522738, 0.4456262
12858315103000, -0.08979719, 0.06963864, 0.38515055
12858320103000, -0.020158553, -0.006414085, 0.37720928
12858325109000, 0.03268129, -0.10842858, 0.39370266
12858330096000, 0.09193522, -0.2049453, 0.37384954
12858335173000, 0.14172074, -0.26939157, 0.3484986
12858340073000, 0.17531833, -0.33505958, 0.3182608
12858345100000, 0.20219639, -0.42455134, 0.31215215
12858350098000, 0.21288654, -0.5513059, 0.30879238
12858355123000, 0.24373524, -0.7067711, 0.28893927
12858360046000, 0.29046643, -0.84513205, 0.2828306
12858365124000, 0.3313944, -0.979217, 0.26145032
12858370095000, 0.36193767, -1.0925325, 0.23823744
12858375122000, 0.3894266, -1.2024882, 0.24129178
12858380675000, 0.40744713, -1.2455542, 0.24465153
12858385175000, 0.40469822, -1.3356569, 0.24281894
12858390292000, 0.39614612, -1.416902, 0.23182335
12858395119000, 0.364992, -1.4715744, 0.23884831
12858400131000, 0.34483343, -1.4944818, 0.25350907
12858405130000, 0.32834008, -1.5030339, 0.27305678
12858410121000, 0.30451632, -1.5027285, 0.2837469
12858415182000, 0.27214047, -1.4978416, 0.29229903
12858420117000, 0.23151793, -1.4850134, 0.2950479
12858425130000, 0.18936823, -1.4651603, 0.2959642
12858430199000, 0.13561209, -1.4257594, 0.3005457
12858435170000, 0.0711658, -1.38025, 0.29626966
12858440123000, 0.004886922, -1.3329079, 0.29718593
12858445154000, -0.053450707, -1.2657127, 0.29626966
12858453265000, -0.13255776, -1.1264355, 0.2938262
12858455028000, -0.24098633, -1.0824533, 0.2910773
12858460031000, -0.28099802, -0.9816604, 0.28680122
12858465037000, -0.40744713, -0.86437434, 0.2706133
12858476175000, -0.68875057, -0.6924158, 0.23426682
12858479991000, -0.7473936, -0.62980205, 0.23243423
12858485055000, -0.86315256, -0.55955255, 0.23854288
12858490035000, -0.9596693, -0.4728097, 0.24770586
12858495024000, -1.0369438, -0.37232238, 0.26939157
12858500226000, -1.1114693, -0.25625798, 0.2947425
12858505058000, -1.1820242, -0.13988814, 0.3136793
12858510055000, -1.2516629, -0.044593163, 0.35124752
12858515055000, -1.3234396, 0.01985312, 0.38759398
12858520066000, -1.3713925, 0.081855945, 0.43096542
12858525070000, -1.4123205, 0.11942416, 0.47403142
12858530059000, -1.430341, 0.14935656, 0.52412236
12858535105000, -1.4489723, 0.19425514, 0.58246
12858540075000, -1.4822645, 0.22327125, 0.63224554
12858545071000, -1.498147, 0.24953845, 0.68783426
12858550123000, -1.5140295, 0.25992316, 0.74036866
12858555053000, -1.5326608, 0.2415972, 0.79626286
12858560109000, -1.5302174, 0.21594086, 0.8723156
12858565077000, -1.518611, 0.20647246, 0.95539325
12858570128000, -1.5027285, 0.19333886, 1.0430524
12858575046000, -1.5066991, 0.18387043, 1.0888673
12858580177000, -1.505172, 0.14538592, 1.1667526
12858585128000, -1.4950926, 0.10262536, 1.2452488
12858590176000, -1.4825699, 0.06963864, 1.3347405
12858595057000, -1.4752395, 0.03756821, 1.4337007
12858600174000, -1.464244, 0.010995574, 1.5201381
12858605088000, -1.42973, -0.023518313, 1.6172657
12858610118000, -1.3854424, -0.06536258, 1.709201
12858615110000, -1.3552046, -0.12034045, 1.7928895
12858620126000, -1.3121386, -0.16890424, 1.9028453
12858625094000, -1.2773192, -0.20341812, 2.0152445
12858630121000, -1.2302825, -0.2415972, 2.1325307
12858635136000, -1.1829406, -0.2764165, 2.2088888
12858640123000, -1.1377366, -0.30757064, 2.238821
12858645330000, -1.0827587, -0.35063666, 2.2623394
12858650148000, -1.0235047, -0.35643986, 2.2879958
12858655414000, -0.9624182, -0.3631594, 2.3316727
12858660120000, -0.88606006, -0.3933972, 2.357329
12858665086000, -0.84604836, -0.35796702, 2.4058928
12858670159000, -0.7828238, -0.29932398, 2.4740043
12858676532000, -0.70616025, -0.2843578, 2.5011878
12858680161000, -0.6759224, -0.27275133, 2.503631
12858685211000, -0.6133087, -0.22693644, 2.521041
12858690118000, -0.5919284, -0.18906279, 2.5583036
12858695123000, -0.5873469, -0.10598512, 2.559831
12858700143000, -0.5885687, -0.038179077, 2.5665503
12858705925000, -0.5882632, 0.02107485, 2.5558603
12858710172000, -0.58062744, 0.07880162, 2.5488353
12858715117000, -0.5708536, 0.12858713, 2.5231788
12858720128000, -0.5717699, 0.18417588, 2.4782803
12858725136000, -0.5549711, 0.23426682, 2.4330764
12858730108000, -0.5717699, 0.29260445, 2.377793
12858735161000, -0.5757405, 0.35002577, 2.3408356
12858740173000, -0.5992588, 0.39522982, 2.2837198
12858745097000, -0.6429357, 0.4578435, 2.2525656
12858750215000, -0.6585127, 0.55833083, 2.2241604
12858755136000, -0.69913524, 0.6337727, 2.1856759
12858760092000, -0.71685034, 0.71685034, 2.1294763
12858765085000, -0.75625116, 0.7806858, 2.058005
12858770189000, -0.7840455, 0.79259765, 1.9895881
12858775056000, -0.7825184, 0.79412484, 1.9538525
12858780123000, -0.79198676, 0.7877107, 1.8866574
12858785173000, -0.80848014, 0.77824235, 1.8414533
12858790147000, -0.82741696, 0.75686204, 1.8102992
12858795100000, -0.8384125, 0.77274454, 1.8249599
12858800195000, -0.84391034, 0.8200866, 1.8203784
12858805130000, -0.86254174, 0.88361657, 1.7253889
12858810098000, -0.9166033, 0.929126, 1.666135
12858815094000, -0.97433007, 0.93431836, 1.5873333
12858820098000, -1.0064005, 0.9306532, 1.498147
12858825096000, -1.0204504, 0.9239337, 1.4129313
12858830115000, -1.0348058, 0.9242391, 1.3203852
12858835156000, -1.042747, 0.9224065, 1.2336423
12858840203000, -1.0372492, 0.9492846, 1.1322387
12858845288000, -1.0311406, 0.96761054, 1.0363328
12858850139000, -1.0192287, 0.9779953, 0.9230174
12858855089000, -0.9963212, 0.9682214, 0.829555
12858860122000, -0.9935723, 0.9297369, 0.7672467
12858865097000, -0.95814216, 0.86009824, 0.7125743
12858870125000, -0.9224065, 0.81306165, 0.6783658
12858875084000, -0.88422745, 0.7360926, 0.65240407
12858880104000, -0.86345804, 0.66950834, 0.61086524
12858885121000, -0.84299403, 0.60903263, 0.5555819
12858890137000, -0.8179486, 0.5739079, 0.4886922
12858895075000, -0.8008443, 0.5305365, 0.43066
12858900172000, -0.7690793, 0.5207626, 0.38026363
12858905067000, -0.72418076, 0.5009095, 0.33414328
12858910118000, -0.68630713, 0.4633413, 0.28405234
12858915139000, -0.63499445, 0.4251622, 0.26328292
12858920167000, -0.5696318, 0.3885103, 0.23426682
12858925163000, -0.49388456, 0.355829, 0.20311269
12858930118000, -0.43279803, 0.30909783, 0.15332718
12858935224000, -0.36102137, 0.23426682, 0.10598512
12858940196000, -0.3155119, 0.16187929, 0.040927973
12858945111000, -0.2611449, 0.100792766, -0.03756821
12858950194000, -0.19333886, 0.040011674, -0.12980886
12858955117000, -0.10934488, -0.01740966, -0.18997909
12858960100000, -0.004276057, -0.05681047, -0.23976462
12858965122000, 0.093767814, -0.076052725, -0.29749137
12858970109000, 0.16646078, -0.087964594, -0.32803464
12858975110000, 0.21227567, -0.08979719, -0.38240165
12858980162000, 0.2855795, -0.07544186, -0.4251622
12858985117000, 0.33750305, -0.094989546, -0.4636467
12858990133000, 0.41996986, -0.050701816, -0.4841107
12858995161000, 0.49938235, -0.0076358155, -0.49663344
12859000198000, 0.5885687, 0.027794369, -0.5039638
12859005294000, 0.68294734, 0.032986723, -0.48563787
12859010122000, 0.7641924, -0.010079277, -0.47494772
12859015412000, 0.8533788, -0.009773844, -0.45265114
12859020130000, 0.94989544, -0.005192355, -0.41874814
12859025091000, 1.0464121, -0.018936822, -0.39461896
12859030751000, 1.1349876, -0.02687807, -0.37995818
12859035129000, 1.2296717, -0.054367006, -0.3555236
12859040096000, 1.3203852, -0.10781772, -0.34605515
12859045073000, 1.4074335, -0.18173242, -0.31856623
12859050162000, 1.4782939, -0.27397305, -0.28069258
12859055071000, 1.5445728, -0.33628133, -0.2611449
12859060098000, 1.5940529, -0.3735441, -0.22388211
12859065266000, 1.63437, -0.3839288, -0.17287487
12859070115000, 1.6685784, -0.37782016, -0.15057829
12859077009000, 1.6786577, -0.3368922, -0.12064589
12859080106000, 1.6951511, -0.2883284, -0.09560041
12859085150000, 1.6960673, -0.2843578, -0.07971791
12859090099000, 1.6945401, -0.32895094, -0.06383542
12859095094000, 1.707063, -0.37598756, -0.057726767
12859100855000, 1.7253889, -0.43890667, -0.055588737
12859105100000, 1.7571539, -0.5510005, -0.030543262
12859110071000, 1.7880026, -0.6554584, -0.024740042
12859115102000, 1.8182404, -0.70707655, -0.025045475
12859120069000, 1.8435913, -0.7348709, -0.015271631
12859125097000, 1.8646661, -0.7855727, 0.009468411
12859130097000, 1.8826867, -0.8393288, 0.036957346
12859135120000, 1.89918, -0.8924741, 0.064751714
12859140083000, 1.8790215, -0.9379836, 0.079107046
12859145094000, 1.8939877, -0.96577793, 0.077579886
12859150101000, 1.894904, -0.9993755, 0.07269296
12859155108000, 1.8710803, -0.9963212, 0.058948494
12859160085000, 1.8457294, -1.0103711, 0.05375614
12859165100000, 1.817935, -1.0177015, 0.044593163
12859170422000, 1.7907515, -1.0619892, 0.029626964
12859175100000, 1.7052304, -1.087951, 0.024129177
12859180090000, 1.6734654, -1.105666, 0.010995574
12859185185000, 1.6077974, -1.0855075, -0.010995574
12859190127000, 1.5683966, -1.0607675, -0.07971791
12859195127000, 1.5008959, -0.9718866, -0.15790866
12859200125000, 1.4333953, -0.8717047, -0.25686884
12859205148000, 1.3435981, -0.77396625, -0.3454443
12859210141000, 1.2220359, -0.6612616, -0.42577308
12859215091000, 1.1068878, -0.56138515, -0.52106804
12859220111000, 0.98990715, -0.43004912, -0.6203337
12859225191000, 0.8741482, -0.26236662, -0.6976081
12859230117000, 0.7666359, -0.11301007, -0.7968737
12859235183000, 0.67011917, 0.054061573, -0.8784242
12859240126000, 0.58032197, 0.19730948, -0.94806284
12859245079000, 0.50610185, 0.29443705, -0.9984592
12859250166000, 0.44104472, 0.30848694, -1.0341948
12859255096000, 0.39950588, 0.21868975, -1.0213667
12859260093000, 0.344528, 0.1255328, -0.9831876
12859265121000, 0.2510656, -0.04795292, -0.9642508
12859270106000, 0.18112154, -0.07544186, -0.92179567
12859275109000, -0.061086524, 0.03481932, -0.8857546
12859280098000, -0.37048978, 0.30298916, -0.89980453
12859285173000, -0.677755, 0.63255095, -0.8918633
12859290164000, -0.95417154, 0.915687, -0.8335256
12859295057000, -1.2018774, 1.1468995, -0.77946407
12859300188000, -1.4187346, 1.2333369, -0.7528914
12859305073000, -1.5815301, 1.2153164, -0.73914695
12859310099000, -1.6621643, 1.1389582, -0.70280045
12859315086000, -1.6639969, 0.97097033, -0.6444628
12859320253000, -1.5931365, 0.7174612, -0.5647449
12859325055000, -1.4682146, 0.3408628, -0.49449542
12859330134000, -1.2959507, -0.04917465, -0.41874814
12859335168000, -1.1148291, -0.3827071, -0.36896262
12859340182000, -0.9550878, -0.6221663, -0.35002577
12859345064000, -0.8362745, -0.70066243, -0.34697145
12859350150000, -0.768163, -0.6759224, -0.37140608
12859355774000, -0.70646566, -0.6178902, -0.42210788
12859360120000, -0.65301496, -0.56291234, -0.44501534
12859365133000, -0.5873469, -0.3640757, -0.44165558
12859370123000, -0.5381723, -0.16310102, -0.4266894
12859375124000, -0.4370741, -0.043982297, -0.40317106
12859380161000, -0.36254853, 0.01863139, -0.39614612
12859385240000, -0.31306845, 0.055283304, -0.3576616
12859390288000, -0.28527406, 0.070554934, -0.32467487
12859395124000, -0.24831672, 0.080634214, -0.2751948
12859400126000, -0.204029, 0.07666359, -0.22266038
12859405163000, -0.17287487, 0.07452556, -0.17195857
12859410127000, -0.12705997, 0.07147124, -0.13988814
12859415159000, -0.108123146, 0.04337143, -0.11026118
12859420092000, -0.06811147, 0.022296581, -0.09590584
12859425825000, -0.025350908, 0.016798794, -0.108123146
12859430078000, -0.004276057, 0.019242255, -0.12522738
12859435080000, 0.031154128, 0.013744468, -0.13133603
12859440100000, 0.04184427, 0.016187929, -0.15363261
12859445092000, 0.04734206, 0.03176499, -0.18295415
12859450102000, 0.03634648, 0.057726767, -0.19639318
12859455097000, 0.019547688, 0.086437434, -0.22571471
12859460093000, -0.006414085, 0.09468412, -0.23793201
12859465108000, -0.014966198, 0.10751228, -0.24709499
12859476826000, -0.039095376, 0.19028452, -0.2434298
12859479999000, -0.04917465, 0.22999077, -0.22968534
12859485068000, -0.055588737, 0.25778514, -0.18997909
12859490028000, -0.06841691, 0.27855456, -0.1518
12859495038000, -0.06536258, 0.3023783, -0.1386664
12859500241000, -0.08032878, 0.3210097, -0.09437868
12859505098000, -0.08674286, 0.3368922, -0.047647487
12859510090000, -0.10903945, 0.37904188, -0.013744468
12859515113000, -0.10873401, 0.42119157, 0.012217305
12859520072000, -0.09896017, 0.462425, 0.023518313
12859525102000, -0.08552113, 0.4810564, 0.04642576
12859530097000, -0.08155051, 0.47525316, 0.07513642
12859535161000, -0.07391469, 0.45051312, 0.11575896
12859540086000, -0.07147124, 0.4456262, 0.13713925
12859545098000, -0.057726767, 0.44073927, 0.14905111
12859550199000, -0.041233405, 0.43066, 0.1518
12859555140000, -0.008246681, 0.41508293, 0.16737708
12859560104000, -0.0067195175, 0.38789943, 0.17745635
12859565116000, 0.01038471, 0.35246924, 0.1826487
12859570252000, -0.006414085, 0.30787608, 0.18753563
12859575106000, -3.0543262E-4, 0.29443705, 0.18295415
12859580415000, -0.009773844, 0.3023783, 0.18509217
12859585238000, -0.0036651916, 0.31429017, 0.17592919
12859590326000, -0.00580322, 0.3268129, 0.16890424
12859595118000, -0.010995574, 0.3390302, 0.16646078
12859600696000, -0.011911872, 0.3594942, 0.16646078
12859605103000, 0.003970624, 0.3735441, 0.160963
12859610056000, 0.019242255, 0.39278635, 0.15210545
12859615101000, 0.039095376, 0.40317106, 0.15607607
12859620076000, 0.059864793, 0.42119157, 0.1518
12859625098000, 0.09560041, 0.4175264, 0.15363261
12859630102000, 0.124311075, 0.4111123, 0.14477506
12859635195000, 0.15485434, 0.4016439, 0.14538592
12859640114000, 0.17654006, 0.37232238, 0.13836098
12859645100000, 0.1881465, 0.33108896, 0.13072516
12859650116000, 0.20341812, 0.27397305, 0.121256754
12859655108000, 0.22113322, 0.2489276, 0.10262536
12859660061000, 0.22724187, 0.19547687, 0.09132435
12859665124000, 0.22388211, 0.15882497, 0.056505036
12859670077000, 0.22143865, 0.13988814, 0.02687807
12859676586000, 0.21013765, 0.1282817, -0.008246681
12859680128000, 0.19028452, 0.09712757, -0.034208454
12859685207000, 0.16462818, 0.08002335, -0.058643065
12859690081000, 0.1432479, 0.03756821, -0.08032878
12859695112000, 0.12614368, 3.0543262E-4, -0.096516706
12859700163000, 0.12217305, -0.03940081, -0.102319926
12859705113000, 0.12492194, -0.101098195, -0.106595986
12859710100000, 0.13469578, -0.1685988, -0.11209377
12859715252000, 0.13958271, -0.21502456, -0.112704635
12859720106000, 0.13133603, -0.2489276, -0.116675265
12859725116000, 0.122783914, -0.26236662, -0.11759156
12859730094000, 0.10140363, -0.26542094, -0.1160644
12859735167000, 0.0870483, -0.28069258, -0.11575896
12859740126000, 0.08857546, -0.2968805, -0.11942416
12859745109000, 0.07971791, -0.3051272, -0.1160644
12859750919000, 0.089491755, -0.29718593, -0.1160644
12859755114000, 0.084910266, -0.2938262, -0.111177474
12859760099000, 0.07666359, -0.26175576, -0.121256754
12859765131000, 0.06414085, -0.24220806, -0.13530666
12859770106000, 0.054367006, -0.21930063, -0.13041973
12859775116000, 0.04337143, -0.20097467, -0.14294247
12859780106000, 0.022296581, -0.17837265, -0.14172074
12859785197000, 0.00580322, -0.17623462, -0.14263703
12859790104000, -0.021991149, -0.183565, -0.14080444
12859795122000, -0.046731193, -0.17684549, -0.15302174
12859800161000, -0.06261369, -0.19120082, -0.16279559
12859805129000, -0.09132435, -0.19975294, -0.17837265
12859810103000, -0.105374254, -0.20677789, -0.18173242
12859815135000, -0.13255776, -0.1908954, -0.19853121
12859820617000, -0.14813483, -0.17440203, -0.2134974
12859825114000, -0.1731803, -0.16187929, -0.22357668
12859830092000, -0.18967366, -0.1423316, -0.24129178
12859835153000, -0.18784106, -0.116980694, -0.2556471
12859840106000, -0.18417588, -0.10903945, -0.26847526
12859845109000, -0.1777618, -0.096516706, -0.28588495
12859850159000, -0.17379116, -0.09132435, -0.30298916
12859855090000, -0.17256944, -0.07819075, -0.30787608
12859860134000, -0.16401732, -0.07422013, -0.31245756
12859865115000, -0.1572978, -0.06047566, -0.32253686
12859870139000, -0.16554448, -0.04795292, -0.33658674
12859875089000, -0.15577064, -0.021380283, -0.35124752
12859880121000, -0.1563815, 0.0018325958, -0.35979962
12859885147000, -0.15699236, 0.023823744, -0.37904188
12859890291000, -0.16982053, 0.024129177, -0.38789943
12859895063000, -0.17592919, 0.029626964, -0.3943135
12859900158000, -0.18387043, 0.024740042, -0.40622538
12859905073000, -0.18234327, 0.022602014, -0.4120286
12859910102000, -0.17348573, 0.0021380284, -0.41722095
12859915373000, -0.18875736, -0.028099801, -0.41508293
12859920149000, -0.1908954, -0.05589417, -0.41141775
12859925112000, -0.1872302, -0.079107046, -0.40744713
12859930088000, -0.19425514, -0.0983493, -0.41691554
12859935188000, -0.19608775, -0.13255776, -0.42363504
12859940105000, -0.19853121, -0.15057829, -0.42241332
12859945360000, -0.20830505, -0.16157386, -0.4251622
12859950157000, -0.1994475, -0.15821409, -0.4156938
12859955087000, -0.2012801, -0.16218472, -0.419359
12859960103000, -0.20463985, -0.16890424, -0.42455134
12859965096000, -0.20433442, -0.15424347, -0.41813725
12859970137000, -0.20097467, -0.14813483, -0.42210788
12859975084000, -0.21135938, -0.14630222, -0.42149702
12859980100000, -0.22602014, -0.1731803, -0.40378192
12859985177000, -0.2180789, -0.204029, -0.4025602
12859990103000, -0.20341812, -0.21105394, -0.4089743
12859995085000, -0.18570304, -0.21838433, -0.39614612
12860000110000, -0.17837265, -0.22602014, -0.38759398
12860005803000, -0.16493362, -0.23732115, -0.3848451
12860010102000, -0.15332718, -0.23915374, -0.37812558
12860015152000, -0.14660765, -0.2415972, -0.38056904
12860020131000, -0.12583824, -0.2507602, -0.3744604
12860025158000, -0.11759156, -0.24923302, -0.3594942
12860030149000, -0.110872045, -0.25870144, -0.34269542
12860035162000, -0.09468412, -0.24617869, -0.32162055
12860040147000, -0.07544186, -0.2312125, -0.2959642
12860045095000, -0.06566802, -0.2049453, -0.28160888
12860050174000, -0.05100725, -0.20189096, -0.2751948
12860055110000, -0.05131268, -0.1826487, -0.2565634
12860060104000, -0.040011674, -0.172264, -0.24648413
12860065111000, -0.03726278, -0.17898351, -0.23579398
12860070107000, -0.04337143, -0.17684549, -0.21991149
12860075860000, -0.032070424, -0.1826487, -0.20525073
12860080155000, -0.028099801, -0.18997909, -0.19608775
12860085167000, -0.03023783, -0.1966986, -0.18020524
12860090151000, -0.032070424, -0.20616703, -0.17134771
12860095123000, -0.027488936, -0.21655174, -0.15760323
12860100126000, -0.017715093, -0.21135938, -0.15118915
12860105124000, -0.0125227375, -0.20525073, -0.13103059
12860110208000, -0.017715093, -0.18936823, -0.118202426
12860115156000, -0.014049901, -0.19272798, -0.100792766
12860120091000, -0.014966198, -0.1740966, -0.093767814
12860125097000, -0.02076942, -0.16584991, -0.083383106
12860130105000, -0.02107485, -0.13958271, -0.076358154
12860135153000, -0.02687807, -0.10842858, -0.06780604
12860140124000, -0.027183503, -0.09101892, -0.056199603
12860145704000, -0.03390302, -0.061086524, -0.06078109
12860150100000, -0.040011674, -0.048258353, -0.055588737
12860155132000, -0.04184427, -0.03481932, -0.05131268
12860160074000, -0.048563786, -0.021380283, -0.044593163
12860165106000, -0.061086524, -0.004581489, -0.04153884
12860170103000, -0.051618114, 0.009162978, -0.029321533
12860175097000, -0.056505036, 0.015577064, -0.028710667
12860180122000, -0.052839845, 0.014966198, -0.024740042
12860185134000, -0.05589417, 0.016187929, -0.01863139
12860190101000, -0.054367006, 0.022907447, -0.013744468
12860195102000, -0.05222898, 0.021685716, -0.003970624
12860200109000, -0.042760566, 0.027488936, -3.0543262E-4
12860205108000, -0.04184427, 0.03634648, 0.0076358155
12860210062000, -0.036651913, 0.03176499, 0.011301007
12860215140000, -0.039095376, 0.040317107, 0.014049901
12860220084000, -0.03145956, 0.05375614, 0.018325957
12860225106000, -0.030848695, 0.061086524, 0.024740042
12860230094000, -0.02321288, 0.07238753, 0.025350908
12860235166000, -0.014660766, 0.07574729, 0.021991149
12860240182000, -0.025045475, 0.07727446, 0.019242255
12860245103000, -0.0143553335, 0.08460484, 0.029321533
12860250156000, -0.028405234, 0.086132, 0.027794369
12860255136000, -0.014049901, 0.07849618, 0.021380283
12860260077000, -0.0125227375, 0.08124508, 0.03481932
12860265110000, -0.006414085, 0.08307768, 0.025961773
12860270142000, -0.0061086523, 0.07880162, 0.023518313
12860276549000, -0.0067195175, 0.07513642, 0.036651913
12860280121000, -0.0030543262, 0.06261369, 0.04428773
12860285184000, -0.004581489, 0.06811147, 0.04550946
12860290140000, -0.007941248, 0.06383542, 0.0421497
12860295103000, -0.013744468, 0.061391957, 0.049785517
12860300181000, -0.01282817, 0.06505715, 0.045814894
12860305110000, -0.015882496, 0.06536258, 0.04520403
12860310120000, -0.0106901415, 0.06688975, 0.04428773
12860315111000, -0.024129177, 0.067500606, 0.04337143
12860320131000, -0.015577064, 0.06505715, 0.043066
12860325103000, -0.018325957, 0.062002823, 0.03573562
12860330099000, -0.023518313, 0.06047566, 0.03726278
12860335192000, -0.02687807, 0.06566802, 0.040011674
12860340133000, -0.021685716, 0.064751714, 0.03359759
12860345093000, -0.030848695, 0.058643065, 0.041233405
12860350236000, -0.036957346, 0.06414085, 0.029932396
12860355090000, -0.022296581, 0.056505036, 0.030848695
12860360135000, -0.01985312, 0.05681047, 0.030543262
12860365201000, -0.022296581, 0.04520403, 0.022907447
12860370141000, -0.03726278, 0.03940081, 0.019242255
12860375080000, -0.021380283, 0.034208454, 0.03145956
12860380182000, -0.025350908, 0.02565634, 0.016798794
12860385137000, -0.015271631, 0.021685716, 0.017104227
12860390163000, -0.016798794, 0.015271631, 0.015577064
12860395065000, -0.020158553, 0.006414085, 0.016187929
12860401063000, -0.01985312, 9.162979E-4, 0.014966198
12860405097000, -0.024740042, -0.0012217305, 0.011301007
12860410100000, -0.018936822, -0.009162978, 0.010079277
12860415114000, -0.02565634, -0.024740042, 0.009468411
12860420138000, -0.034208454, -0.03634648, 0.009773844
12860425189000, -0.03756821, -0.034513887, 0.017104227
12860430096000, -0.03359759, -0.03848451, 0.017715093
12860435208000, -0.029321533, -0.03726278, 0.017715093
12860440176000, -0.028405234, -0.046731193, 0.016493361
12860445101000, -0.030848695, -0.044593163, 0.013439035
12860450173000, -0.02687807, -0.050701816, 0.0125227375
12860455108000, -0.029932396, -0.061086524, 0.01038471
12860460122000, -0.029932396, -0.05222898, 0.0125227375
12860465251000, -0.023518313, -0.0580322, 0.0067195175
12860470780000, -0.015882496, -0.05009095, 0.01282817
12860476576000, -0.027794369, -0.040927973, 0.013439035
12860480111000, -0.02687807, -0.042760566, 0.0070249503
12860485138000, -0.036651913, -0.043982297, 0.01282817
12860490129000, -0.03268129, -0.03634648, 0.018936822
12860495058000, -0.030543262, -0.033292156, 0.008857546
12860500180000, -0.027488936, -0.0290161, 0.006414085
12860505082000, -0.03940081, -0.021991149, -3.0543262E-4
12860510111000, -0.02687807, -0.02076942, -0.0012217305
12860515116000, -0.03176499, -0.022296581, -0.0033597588
12860520158000, -0.03268129, -0.021380283, 0.0021380284
12860525100000, -0.029626964, -0.02076942, 0.0027488936
12860530138000, -0.03726278, -0.01740966, 0.002443461
12860535227000, -0.030848695, -0.018020526, 0.0021380284
12860540172000, -0.036651913, -0.01160644, -0.005192355
12860545101000, -0.038789943, -0.01740966, -0.009468411
12860550165000, -0.042455133, -0.017104227, -0.0021380284
12860555138000, -0.03634648, -0.0143553335, -0.009773844
12860560120000, -0.03848451, -0.01160644, -0.0027488936
12860565112000, -0.037873644, -0.009468411, -0.003970624
12860570112000, -0.03756821, -0.02076942, -0.0070249503
12860575102000, -0.030543262, -0.009468411, -0.0067195175
12860580154000, -0.03940081, -0.014049901, -0.0067195175
12860585211000, -0.026572637, -0.009162978, -0.0067195175
12860590202000, -0.023823744, -0.005192355, -0.0027488936
12860595098000, -0.032375857, -0.01160644, -0.004581489
12860600153000, -0.027794369, -0.007330383, 0.0021380284
12860605107000, -0.026572637, -0.01038471, -0.004886922
12860610087000, -0.02565634, 0.0015271631, -0.011911872
12860615110000, -0.028405234, -0.0018325958, -0.0106901415
12860620093000, -0.028099801, 6.1086525E-4, -9.162979E-4
12860625103000, -0.032070424, -0.0067195175, -0.002443461
12860630105000, -0.028405234, -0.0067195175, -0.004886922
12860635187000, -0.03756821, -0.008552114, 0.0036651916
12860640168000, -0.032986723, -0.009773844, -0.0012217305
12860645110000, -0.033292156, -3.0543262E-4, -0.004276057
12860650166000, -0.034513887, 6.1086525E-4, -0.0015271631
12860655142000, -0.033292156, 0.004886922, 0.003970624
12860660101000, -0.034208454, -9.162979E-4, 0.002443461
12860665123000, -0.039095376, -3.0543262E-4, 0.00580322
12860670088000, -0.02687807, 0.009162978, 0.00580322
12860676564000, -0.032070424, 0.005192355, 0.0125227375
12860680107000, -0.028099801, 0.008246681, 0.01160644
12860685223000, -0.03848451, 0.009162978, 0.008857546
12860690166000, -0.036957346, 0.005192355, 0.02076942
12860695106000, -0.025350908, 0.01160644, 0.01038471
12860700165000, -0.029626964, 0.011301007, 0.011301007
12860705132000, -0.02565634, 0.010995574, 0.0076358155
12860710231000, -0.02107485, 0.004276057, 0.008857546
12860715134000, -0.028405234, 0.0070249503, 0.00580322
12860720106000, -0.01740966, 3.0543262E-4, 0.010995574
12860725126000, -0.02565634, 0.0036651916, 0.003970624
12860730098000, -0.018936822, 0.008246681, 0.015882496
12860735208000, -0.027794369, 0.004581489, 0.017715093
12860740125000, -0.025045475, 0.01038471, 0.013744468
12860745110000, -0.030848695, 0.013439035, 0.016187929
12860750108000, -0.03268129, 0.007330383, 0.014660766
12860755131000, -0.038179077, 0.0125227375, 0.015577064
12860760102000, -0.031154128, 0.009162978, 0.0106901415
12860765100000, -0.023518313, 0.01282817, 0.014049901
12860770142000, -0.020158553, 0.014049901, 0.017715093
12860775157000, -0.016798794, 0.014049901, 0.01740966
12860780105000, -0.024740042, 0.008552114, 0.018936822
12860785157000, -0.023518313, 0.014966198, 0.020158553
12860790106000, -0.021685716, 0.007941248, 0.014966198
12860795082000, -0.018020526, 0.01282817, 0.016187929
12860800149000, -0.028099801, 0.016798794, 0.016798794
12860805081000, -0.027794369, 0.013133603, 0.01160644
12860810102000, -0.021685716, 0.01985312, 0.025045475
12860815101000, -0.022602014, 0.032375857, 0.02565634
12860820139000, -0.03604105, 0.016798794, 0.021380283
12860825081000, -0.018936822, 0.01863139, 0.008552114
12860830087000, -0.02076942, 0.025045475, 0.015271631
12860835118000, -0.027488936, 0.028405234, 0.013744468
12860840135000, -0.029626964, 0.023518313, 0.018325957
12860845076000, -0.029321533, 0.0143553335, 0.012217305
12860850158000, -0.030543262, 0.019242255, 0.008857546
12860855106000, -0.024129177, 0.021991149, 0.0061086523
12860860100000, -0.018936822, 0.020463986, 0.009773844
12860865115000, -0.022296581, 0.013439035, 0.005497787
12860870160000, -0.015271631, 0.01282817, 0.006414085
12860876578000, -0.024129177, 0.010995574, 0.008857546
12860880104000, -0.016493361, 0.0125227375, 0.008857546
12860885132000, -0.013439035, 0.0036651916, 0.008246681
12860890103000, -0.018936822, -0.0012217305, 0.01038471
12860895059000, -0.021991149, -0.003970624, 0.011911872
12860900154000, -0.018936822, -0.0021380284, 0.014660766
12860905106000, -0.014660766, 0.004581489, 0.01740966
12860910105000, -0.02107485, 0.007941248, 0.015271631
12860915117000, -0.022907447, 0.008552114, 0.01985312
12860920133000, -0.027488936, 0.008857546, 0.019242255
12860925102000, -0.03023783, 0.003970624, 0.017715093
12860930094000, -0.022907447, 0.0033597588, 0.017104227
12860935234000, -0.02321288, -6.1086525E-4, 0.015577064
12860940132000, -0.027183503, 0.003970624, 0.016798794
12860945117000, -0.019547688, 0.0143553335, 0.02076942
12860950194000, -0.026267206, 0.016493361, 0.02321288
12860955110000, -0.027488936, 0.02443461, 0.02443461
12860960120000, -0.029932396, 0.0143553335, 0.018020526
12860965108000, -0.027183503, 0.018936822, 0.016493361
12860970139000, -0.022907447, 0.023518313, 0.018020526
12860975103000, -0.0421497, 0.015271631, 0.017104227
12860980102000, -0.025045475, 0.022602014, 0.016798794
12860985157000, -0.0290161, 0.009773844, 0.020463986
12860990101000, -0.028405234, 0.016798794, 0.021380283
12860995100000, -0.014660766, 0.011911872, 0.013744468
12861000176000, -0.021991149, 0.010079277, 0.01863139
12861005110000, -0.028710667, 0.0018325958, 0.023518313
12861010101000, -0.02565634, 9.162979E-4, 0.022296581
12861015107000, -0.027794369, 0.0012217305, 0.021685716
12861020110000, -0.03359759, 0.0106901415, 0.019547688
12861025101000, -0.025961773, 0.004276057, 0.017104227
12861030100000, -0.027183503, -0.004886922, 0.015577064
12861035164000, -0.02107485, -0.0012217305, 0.012217305
12861040080000, -0.02565634, -0.0076358155, 0.015271631
12861045098000, -0.031154128, -0.004276057, 0.025961773
12861050116000, -0.036651913, -0.005192355, 0.016493361
12861055107000, -0.027794369, 0.0021380284, 0.013744468
12861060080000, -0.018325957, -0.004276057, 0.0067195175
12861065110000, -0.014966198, -0.0067195175, 0.014966198
12861070073000, -0.029321533, -0.00580322, 0.01038471
12861076549000, -0.030543262, 0.0036651916, 0.018325957
12861080113000, -0.038179077, 0.0012217305, 0.007941248
12861085158000, -0.038789943, 0.007330383, 0.011911872
12861090086000, -0.029626964, 0.0012217305, 0.015271631
12861095099000, -0.028099801, 0.0027488936, 0.0076358155
12861100177000, -0.03940081, 0.005497787, 0.01038471
12861105107000, -0.03970624, 0.011301007, 0.008246681
12861110082000, -0.03726278, 0.0027488936, 0.005497787
12861115109000, -0.029932396, 0.0015271631, 3.0543262E-4
12861120072000, -0.03726278, 0.0036651916, 0.0036651916
12861125103000, -0.036957346, 0.0030543262, 0.00580322
12861130126000, -0.034513887, 0.005497787, 0.007330383
12861135164000, -0.03604105, 0.002443461, 0.005497787
12861140077000, -0.03604105, 0.004886922, 0.006414085
12861145102000, -0.036957346, 0.004276057, -6.1086525E-4
12861150121000, -0.022296581, 0.0076358155, 0.0021380284
12861155106000, -0.030848695, 3.0543262E-4, 0.005192355
12861160099000, -0.030543262, -0.0036651916, 0.0067195175
12861165128000, -0.028099801, -0.003970624, 0.004276057
12861170109000, -0.02565634, -6.1086525E-4, 0.009162978
12861175118000, -0.026267206, 0.004581489, 0.008246681
12861180173000, -0.028710667, 0.009468411, 0.005192355
12861185193000, -0.028099801, 0.004886922, 0.009162978
12861190174000, -0.022602014, 0.0012217305, 0.0070249503
12861195114000, -0.027488936, 0.0067195175, 0.008857546
12861200126000, -0.02443461, 0.013744468, 0.007330383
12861205124000, -0.026572637, 0.009773844, 0.0067195175
12861210119000, -0.021685716, 0.012217305, 0.01160644
12861215124000, -0.028710667, 0.016493361, 0.01038471
12861220130000, -0.025045475, 0.02107485, 0.014049901
12861225118000, -0.015882496, 0.022602014, 0.01160644
12861230127000, -0.021380283, 0.027488936, 0.008552114
12861235211000, -0.019242255, 0.02687807, 0.018020526
12861240158000, -0.027488936, 0.028710667, 0.01740966
12861245117000, -0.018020526, 0.025961773, 0.013439035
12861250130000, -0.024740042, 0.02107485, 0.01282817
12861255126000, -0.021380283, 0.021991149, 0.007941248
12861260118000, -0.016798794, 0.025045475, 0.012217305
12861265099000, -0.017104227, 0.027488936, 0.02076942
12861270125000, -0.029321533, 0.023823744, 0.018936822
12861276642000, -0.02565634, 0.031154128, 0.014660766
12861280170000, -0.023518313, 0.029321533, 0.010079277
12861285389000, -0.03604105, 0.019242255, 0.013744468
12861290101000, -0.02107485, 0.018936822, 0.013439035
12861295095000, -0.01863139, 0.032375857, 0.0125227375
12861300145000, -0.03940081, 0.023518313, 0.011301007
12861305099000, -0.042760566, 0.022296581, 0.009773844
12861310097000, -0.036957346, 0.028405234, 0.018936822
12861315488000, -0.034513887, 0.028405234, 0.021685716
12861320109000, -0.03756821, 0.0290161, 0.018936822
12861325262000, -0.044898596, 0.018325957, 0.017104227
12861330118000, -0.040317107, 0.021685716, 0.018936822
12861335466000, -0.030848695, 0.0076358155, 0.016187929
12861340131000, -0.02107485, 0.008246681, 0.01282817
12861345053000, -0.02565634, 0.007330383, 0.014660766
12861350185000, -0.03145956, 0.004276057, 0.017104227
12861355067000, -0.02076942, 0.007330383, 0.01282817
12861360116000, -0.023823744, -0.003970624, 0.01160644
12861365099000, -0.024129177, 0.0012217305, 0.014660766
12861370125000, -0.029626964, -0.0067195175, 0.016493361
12861375082000, -0.032375857, -9.162979E-4, 0.017715093
12861380164000, -0.028099801, 0.010079277, 0.015577064
12861385202000, -0.03359759, 0.011301007, 0.013744468
12861390171000, -0.028710667, -3.0543262E-4, 0.009773844
