#Rate of rotation around the x y z axes (Angular velocity).
#timestamp(ns),x,y,z(rad/s)
#Datetime: 03/04/2015 11:02:48
##########################################
#Activity: 8 - CSI - Car-Step in - 6s
#Subject ID: 43
#First Name: sub43
#Last Name: sub43
#Age: 24
#Height(cm): 179
#Weight(kg): 80
#Gender: Male
##########################################

@DATA
7811274430000, -0.02443461, 0.009773844, 0.004886922
7811279390000, -0.028099801, 0.010995574, 0.010995574
7811284770000, -0.031154128, 0.007941248, 0.011911872
7811289330000, -0.03481932, 0.011301007, 0.015882496
7811294431000, -0.034208454, 0.009773844, 0.014966198
7811299375000, -0.03176499, 0.007941248, 0.009162978
7811304432000, -0.035430185, 0.005192355, 0.013744468
7811309377000, -0.03848451, 0.011301007, 0.014966198
7811314420000, -0.027183503, 0.013439035, 0.017104227
7811319387000, -0.04184427, 0.013439035, 0.0125227375
7811324424000, -0.040317107, 0.013439035, 0.014966198
7811329432000, -0.030543262, 0.012217305, 0.01740966
7811334411000, -0.030543262, 0.008552114, 0.013133603
7811339341000, -0.025045475, 0.010995574, 0.014049901
7811344393000, -0.030848695, 0.004276057, 0.0076358155
7811349361000, -0.018020526, 0.004276057, 0.0036651916
7811354471000, -0.018325957, 0.0070249503, 0.008246681
7811359330000, -0.020158553, 0.005192355, 0.0070249503
7811364414000, -0.01282817, 0.006414085, 0.01038471
7811369339000, -0.031154128, 0.0021380284, 0.012217305
7811374423000, -0.03268129, -0.0027488936, 0.014049901
7811379417000, -0.025961773, 0.005192355, 0.0125227375
7811384559000, -0.03268129, 0.008552114, 0.015882496
7811389472000, -0.03359759, 3.0543262E-4, 0.0125227375
7811394432000, -0.034513887, -0.003970624, 0.017104227
7811399425000, -0.028710667, 0.0033597588, 0.015577064
7811404443000, -0.027488936, 0.0021380284, 0.012217305
7811409427000, -0.02565634, -0.005497787, 0.009773844
7811414418000, -0.02443461, -0.014660766, 0.016493361
7811419471000, -0.019242255, 6.1086525E-4, 0.01985312
7811424378000, -0.024740042, 0.0030543262, 0.015577064
7811429468000, -0.022907447, 0.007330383, 0.016187929
7811434489000, -0.025350908, 0.008857546, 0.009468411
7811439463000, -0.030543262, 0.015882496, 0.011301007
7811444423000, -0.027183503, 0.014966198, 0.010995574
7811449432000, -0.022602014, 0.020463986, 0.010995574
7811454430000, -0.01985312, 0.02443461, 0.008857546
7811459421000, -0.026572637, 0.019547688, 0.0018325958
7811464405000, -0.022907447, 0.017715093, 0.0033597588
7811469449000, -0.02687807, 0.016187929, 0.010079277
7811474409000, -0.029932396, 0.030848695, 0.01863139
7811479480000, -0.035124753, 0.02687807, 0.0143553335
7811484517000, -0.024129177, 0.020158553, 0.008857546
7811489526000, -0.02076942, 0.024129177, 0.010079277
7811494402000, -0.033292156, 0.028710667, 0.011301007
7811499440000, -0.02687807, 0.016798794, 0.009162978
7811504362000, -0.0290161, 0.018020526, 0.0070249503
7811509424000, -0.036957346, 0.021991149, 0.0125227375
7811514364000, -0.025045475, 0.02321288, 0.018020526
7811519418000, -0.038789943, 0.02321288, 0.01038471
7811524323000, -0.032070424, 0.022907447, 0.012217305
7811529447000, -0.043066, 0.01740966, 0.008857546
7811534388000, -0.043982297, 0.0143553335, 0.011301007
7811539724000, -0.040927973, 0.02076942, 0.0076358155
7811544355000, -0.044898596, 0.027183503, 0.004886922
7811549439000, -0.037873644, 0.022602014, -0.004276057
7811554371000, -0.04886922, 0.018020526, -0.0076358155
7811559426000, -0.040317107, 0.025961773, -0.01740966
7811564406000, -0.03940081, 0.021991149, -0.028405234
7811569481000, -0.043676864, 0.027488936, -0.032070424
7811574431000, -0.056505036, 0.024129177, -0.038789943
7811579449000, -0.06688975, 0.024129177, -0.04734206
7811584511000, -0.06627888, 0.02687807, -0.044593163
7811589418000, -0.06291912, 0.047647487, -0.045814894
7811594388000, -0.05467244, 0.051923547, -0.021685716
7811599383000, -0.051618114, 0.07544186, -0.01282817
7811604400000, -0.02443461, 0.094989546, -0.0021380284
7811609749000, 0.00580322, 0.115453534, 0.0143553335
7811614407000, 0.027183503, 0.12767084, 0.025961773
7811619499000, 0.04795292, 0.13347405, 0.044898596
7811624645000, 0.060170226, 0.14782938, 0.06261369
7811629471000, 0.076358154, 0.1685988, 0.08827003
7811634406000, 0.0888809, 0.18478674, 0.11759156
7811639428000, 0.08735373, 0.20738874, 0.1337795
7811644425000, 0.0842994, 0.23151793, 0.15760323
7811649426000, 0.06261369, 0.26908615, 0.18661933
7811654431000, 0.040011674, 0.30848694, 0.21074851
7811659428000, 0.0012217305, 0.35796702, 0.22174409
7811664420000, -0.03634648, 0.39461896, 0.23671028
7811669400000, -0.07452556, 0.43463063, 0.24831672
7811674435000, -0.11789699, 0.45356745, 0.24953845
7811679461000, -0.1600467, 0.45112398, 0.25992316
7811684412000, -0.19181168, 0.4428773, 0.26450464
7811689369000, -0.22632557, 0.43004912, 0.27672195
7811694392000, -0.24770586, 0.39187005, 0.2874121
7811699368000, -0.258396, 0.36560285, 0.30573806
7811704413000, -0.26389378, 0.34391713, 0.32070425
7811709390000, -0.26511553, 0.31642818, 0.33628133
7811714375000, -0.25900686, 0.30451632, 0.3472769
7811719385000, -0.21594086, 0.30879238, 0.34208453
7811724430000, -0.17928895, 0.32467487, 0.32650748
7811729365000, -0.12767084, 0.34025195, 0.30573806
7811734475000, -0.09101892, 0.36926803, 0.2837469
7811739433000, -0.03390302, 0.40469822, 0.27580565
7811744420000, 0.018936822, 0.43066, 0.2706133
7811749446000, 0.06291912, 0.44257188, 0.27183503
7811754440000, 0.09315695, 0.45020768, 0.28191432
7811759371000, 0.10995574, 0.45723262, 0.29443705
7811764418000, 0.11728613, 0.46120325, 0.310625
7811769385000, 0.12583824, 0.46822822, 0.32498032
7811774437000, 0.11728613, 0.45478916, 0.33261612
7811779382000, 0.10048734, 0.4550946, 0.34025195
7811784470000, 0.07941248, 0.46028697, 0.35430184
7811789452000, 0.060170226, 0.46670106, 0.3680463
7811794431000, 0.03756821, 0.45631635, 0.37018433
7811799467000, 0.02321288, 0.44257188, 0.38606682
7811804434000, 0.011301007, 0.43860126, 0.40500367
7811809581000, -0.018936822, 0.41996986, 0.42302418
7811814409000, -0.030543262, 0.41783184, 0.43371433
7811819433000, -0.04520403, 0.41080686, 0.4456262
7811824410000, -0.048563786, 0.40775254, 0.46670106
7811829806000, -0.051923547, 0.4071417, 0.46914452
7811834425000, -0.044898596, 0.41783184, 0.47800204
7811839332000, -0.029626964, 0.44348818, 0.48533243
7811844438000, -0.022907447, 0.4538729, 0.4868596
7811849455000, 9.162979E-4, 0.46731192, 0.49510628
7811854426000, 0.024740042, 0.47983465, 0.4896085
7811859439000, 0.06078109, 0.48533243, 0.4914411
7811865133000, 0.102319926, 0.48930305, 0.49174652
7811869480000, 0.14172074, 0.48258355, 0.4877759
7811874490000, 0.18173242, 0.473726, 0.48899764
7811879489000, 0.21624629, 0.46089783, 0.4813618
7811884483000, 0.2510656, 0.45142943, 0.47891834
7811889549000, 0.27152961, 0.44837508, 0.46975538
7811894427000, 0.28252518, 0.42394048, 0.46273044
7811899457000, 0.3032946, 0.42271876, 0.45051312
7811904423000, 0.3231477, 0.40408736, 0.43585235
7811909433000, 0.34238997, 0.39278635, 0.42424592
7811914461000, 0.35338554, 0.3933972, 0.41263947
7811919482000, 0.36743546, 0.3924809, 0.40286562
7811924444000, 0.39645153, 0.40622538, 0.3930918
7811929507000, 0.40775254, 0.43127087, 0.3885103
7811935290000, 0.42363504, 0.45570546, 0.39645153
7811939435000, 0.4456262, 0.48349985, 0.39492437
7811944353000, 0.45356745, 0.5216789, 0.40286562
7811949447000, 0.4642576, 0.54061574, 0.40775254
7811954322000, 0.47616947, 0.56138515, 0.41325033
7811959440000, 0.48808134, 0.5693264, 0.4098906
7811964347000, 0.48991394, 0.57360244, 0.4111123
7811969459000, 0.5158757, 0.5870415, 0.40958515
7811974323000, 0.54092115, 0.6075055, 0.40561453
7811979435000, 0.56016344, 0.61269784, 0.40591997
7811984393000, 0.5910121, 0.61178154, 0.39400807
7811989449000, 0.63316184, 0.61178154, 0.38912117
7811994372000, 0.64812803, 0.6310238, 0.37598756
7811999378000, 0.675617, 0.63132924, 0.36987892
7812004402000, 0.7079928, 0.64476824, 0.3717115
7812009399000, 0.732122, 0.63591075, 0.3744604
7812014403000, 0.7715228, 0.63285637, 0.3903429
7812019393000, 0.7852673, 0.6469063, 0.39920044
7812024400000, 0.80848014, 0.6954701, 0.4111123
7812029445000, 0.84238315, 0.6356053, 0.4288274
7812034398000, 0.818254, 0.6200282, 0.4373795
7812039416000, 0.8374963, 0.55741453, 0.45814893
7812044697000, 0.8268061, 0.49846604, 0.47555858
7812049421000, 0.81031275, 0.4334089, 0.48655418
7812054302000, 0.7984009, 0.37751472, 0.47952923
7812059331000, 0.7663304, 0.3323107, 0.4859433
7812064304000, 0.73364913, 0.28771752, 0.4813618
7812069333000, 0.7089091, 0.2779437, 0.48288897
7812074614000, 0.66614854, 0.2687807, 0.4877759
7812079324000, 0.6398814, 0.2761111, 0.50488013
7812084356000, 0.6062838, 0.27885997, 0.51251596
7812089332000, 0.59681535, 0.2910773, 0.5149594
7812094354000, 0.5714644, 0.30451632, 0.54092115
7812099365000, 0.56505036, 0.32253686, 0.5516113
7812104558000, 0.550695, 0.35369098, 0.5687156
7812109328000, 0.55833083, 0.3921755, 0.56505036
7812114530000, 0.5564982, 0.41447207, 0.5522222
7812119333000, 0.57635134, 0.44623706, 0.5213735
7812124369000, 0.5830709, 0.49693888, 0.48533243
7812129424000, 0.6041457, 0.5317582, 0.44898596
7812134425000, 0.61911196, 0.59406644, 0.408058
7812139432000, 0.6392705, 0.6542367, 0.36163223
7812144388000, 0.659429, 0.7122689, 0.30940324
7812149444000, 0.6951646, 0.7779369, 0.27091873
7812154331000, 0.7440339, 0.86101454, 0.23243423
7812159427000, 0.80878556, 0.9611965, 0.19333886
7812164432000, 0.86162543, 1.0525209, 0.17806722
7812169518000, 0.91354895, 1.1438452, 0.17073683
7812174482000, 0.97310835, 1.2311989, 0.13927728
7812179430000, 1.0280862, 1.317331, 0.10293079
7812184496000, 1.0699304, 1.3503176, 0.06872234
7812189886000, 1.1078042, 1.3955216, 0.049480084
7812194443000, 1.1261301, 1.4321736, 0.0027488936
7812199373000, 1.142318, 1.4459181, -0.030848695
7812204406000, 1.1520919, 1.432479, -0.07238753
7812209389000, 1.1407908, 1.4062119, -0.116675265
7812214374000, 1.1242975, 1.3753631, -0.15882497
7812219435000, 1.087951, 1.3289373, -0.20861048
7812224416000, 1.0604621, 1.2968669, -0.2519819
7812229409000, 1.0235047, 1.2690725, -0.29626966
7812234416000, 0.98532563, 1.2275337, -0.3399465
7812239360000, 0.95294976, 1.1960741, -0.3930918
7812244433000, 0.9251554, 1.16492, -0.43554693
7812249339000, 0.8958339, 1.1221595, -0.47433686
7812254434000, 0.8924741, 1.0913107, -0.50579643
7812260194000, 0.8958339, 1.0790935, -0.50762904
7812264421000, 0.9007208, 1.0210613, -0.52442783
7812269433000, 0.89461213, 0.95172805, -0.5476407
7812274432000, 0.88086766, 0.8732319, -0.57971114
7812279410000, 0.8750645, 0.7797695, -0.5882632
7812284434000, 0.8362745, 0.72234815, -0.5882632
7812289404000, 0.8191703, 0.61300325, -0.5870415
7812294429000, 0.7348709, 0.49235737, -0.5656612
7812299444000, 0.65209866, 0.3827071, -0.53878313
7812304437000, 0.56505036, 0.30604348, -0.5122105
7812309672000, 0.46883908, 0.25625798, -0.505491
7812314427000, 0.35827246, 0.22693644, -0.5143485
7812319467000, 0.27580565, 0.20891592, -0.5290093
7812324425000, 0.21838433, 0.17715092, -0.5571091
7812329530000, 0.20799962, 0.13072516, -0.5876524
7812334408000, 0.22693644, 0.118507855, -0.59986967
7812339453000, 0.22602014, 0.17440203, -0.6102544
7812344425000, 0.26847526, 0.2669481, -0.61422503
7812349396000, 0.33169982, 0.4025602, -0.6197228
7812354348000, 0.40683624, 0.5647449, -0.61086524
7812359395000, 0.50671273, 0.7495316, -0.61666846
7812364339000, 0.6169739, 0.9654725, -0.61178154
7812369474000, 0.74097955, 1.2232577, -0.6261369
7812374323000, 0.86132, 1.5253305, -0.64568454
7812379441000, 0.95814216, 1.6994271, -0.67164636
7812384390000, 1.0494665, 2.0622811, -0.6835582
7812389508000, 1.0870347, 2.4468207, -0.70829827
7812394364000, 1.1594223, 2.8368583, -0.71868294
7812399687000, 1.2339478, 3.1557298, -0.6927212
7812404398000, 1.2800682, 3.3762522, -0.6239988
7812409426000, 1.312444, 3.4797938, -0.5381723
7812414377000, 1.3548992, 3.486208, -0.4392121
7812419459000, 1.3979651, 3.3857207, -0.33169982
7812424563000, 1.4456125, 3.1902437, -0.22449298
7812429443000, 1.4566082, 2.881146, -0.13041973
7812434424000, 1.4957036, 2.4098635, -0.09437868
7812439530000, 1.5714508, 1.8930714, -0.108123146
7812444326000, 1.7009543, 1.2119566, -0.12308934
7812449443000, 1.7052304, 0.49327368, -0.15607607
7812454446000, 1.6716328, -0.23701571, -0.16493362
7812459425000, 1.5757269, -0.82802784, -0.14202617
7812464395000, 1.393689, -1.1178834, -0.14905111
7812469444000, 1.2675453, -1.1377366, -0.17012598
7812474412000, 1.131017, -0.9868528, -0.21166481
7812479408000, 1.0164797, -0.8552113, -0.26511553
7812484458000, 0.9425651, -0.53786683, -0.29779682
7812489471000, 0.7724391, -0.1414153, -0.38087448
7812494405000, 0.6072, 0.29138273, -0.47342056
7812499382000, 0.43554693, 0.6921103, -0.58062744
7812504437000, 0.29352075, 0.98746365, -0.70524395
7812509427000, 0.20738874, 1.1704178, -0.8530733
7812515333000, 0.1518, 1.25319, -0.9896017
7812519451000, 0.13805555, 1.2788464, -1.0974194
7812524474000, 0.14263703, 1.2186762, -1.1533136
7812529424000, 0.1853976, 1.0870347, -1.1453724
7812534439000, 0.27672195, 0.8756753, -1.10139
7812539468000, 0.44409904, 0.6087272, -1.0125091
7812544438000, 0.6032294, 0.35155296, -0.8918633
7812549381000, 0.77518797, 0.14538592, -0.7367035
7812554438000, 0.94134337, 0.055283304, -0.58032197
7812559324000, 1.0778717, 0.08460484, -0.43860126
7812564423000, 1.1774428, 0.23182335, -0.33353242
7812569376000, 1.2324207, 0.4746423, -0.2669481
7812574429000, 1.244027, 0.766025, -0.22266038
7812579380000, 1.212262, 0.929126, -0.21013765
7812585366000, 1.1976013, 1.4089607, -0.1572978
7812589367000, 1.10139, 1.5674802, -0.14630222
7812594432000, 1.0534371, 1.8362609, -0.129198
7812599400000, 0.95478237, 2.0433443, -0.12705997
7812604436000, 0.84207773, 2.1615467, -0.1328632
7812609581000, 0.7351763, 2.2036965, -0.14660765
7812614425000, 0.6218608, 2.198504, -0.15241088
7812619699000, 0.54641896, 2.180789, -0.13164146
7812624412000, 0.5128214, 2.1887302, -0.11636983
7812629650000, 0.5222898, 2.2660046, -0.1001819
7812634415000, 0.5739079, 2.4077253, -0.10354166
7812639777000, 0.655153, 2.581211, -0.1255328
7812644434000, 0.7199047, 2.7250698, -0.17715092
7812649406000, 0.7715228, 2.8160887, -0.23732115
7812654612000, 0.7849618, 2.803566, -0.30176744
7812659326000, 0.786489, 2.7052166, -0.37293324
7812664422000, 0.7602218, 2.5250115, -0.42058071
7812669413000, 0.6973027, 2.2757785, -0.4334089
7812674358000, 0.5928447, 2.1386392, -0.42455134
7812679454000, 0.51923543, 1.8411479, -0.42363504
7812684439000, 0.33964106, 1.5424347, -0.41416663
7812689377000, 0.116980694, 1.29198, -0.41538838
7812694358000, -0.13072516, 1.1404854, -0.41996986
7812699403000, -0.38087448, 1.0974194, -0.41355577
7812704395000, -0.6273586, 1.1215485, -0.3903429
7812709405000, -0.86437434, 1.201572, -0.34605515
7812714396000, -1.0824533, 1.31672, -0.28313604
7812719494000, -1.2654073, 1.4468343, -0.19853121
7812724399000, -1.4388931, 1.5906931, -0.09682214
7812729462000, -1.59558, 1.7534887, 0.01160644
7812734448000, -1.7293595, 2.0134118, 0.12186762
7812739424000, -1.8701639, 2.3979516, 0.22632557
7812744535000, -2.0073032, 2.8258626, 0.35216382
7812749453000, -2.160325, 3.225674, 0.49235737
7812754317000, -2.3576343, 3.5650096, 0.6264423
7812759319000, -2.5470026, 3.769344, 0.75319684
7812764345000, -2.6984973, 3.8023307, 0.87689704
7812769316000, -2.809064, 3.8038578, 1.0494665
7812774315000, -2.8863382, 3.837761, 1.17897
7812779362000, -2.934902, 3.9623773, 1.5247196
7812784365000, -3.0039299, 4.0979896, 1.9703459
7812789330000, -3.0699034, 4.091881, 2.3991733
7812794304000, -3.1264083, 3.8857138, 2.7629435
7812799366000, -3.1676416, 3.4752123, 3.0515773
7812804310000, -3.255301, 2.9507847, 3.2391129
7812809336000, -3.361897, 2.4620924, 3.2965343
7812814309000, -3.4880404, 1.8643607, 3.120605
7812819326000, -3.74888, 1.4019357, 2.8545732
7812824274000, -4.119675, 1.2583824, 2.5537221
7812829336000, -4.4819183, 1.3026701, 2.2962425
7812834314000, -4.8478265, 1.1264355, 1.9926424
7812839286000, -5.1074443, 0.7733554, 1.8063285
7812844278000, -5.158146, 0.30695978, 1.7406605
7812849281000, -5.0173416, -0.07391469, 1.6719382
7812854271000, -4.910135, -0.21777347, 1.6508633
7812859292000, -4.803539, -0.16707164, 1.738217
7812864314000, -4.5668287, -0.04886922, 1.9065105
7812869335000, -4.195728, 0.020158553, 2.0100522
7812874289000, -3.9950588, 0.08155051, 2.0360138
7812879341000, -3.6764925, -0.06994407, 2.0638082
7812884365000, -3.53355, -0.27885997, 2.1230621
7812889331000, -3.5069773, -0.30787608, 2.225993
7812894288000, -3.4810157, -0.29138273, 2.3267858
7812899356000, -3.562566, -0.1957823, 2.4324653
7812904330000, -3.7048976, -0.06627888, 2.5320365
7812909569000, -3.8976257, 0.06719518, 2.5702155
7812914321000, -4.1303654, 0.13439035, 2.5909848
7812919347000, -4.3316455, 0.095294975, 2.6251934
7812924311000, -4.5152106, -0.05589417, 2.687807
7812929331000, -4.6938887, -0.30115658, 2.7421741
7812934335000, -4.8530188, -0.5476407, 2.7345383
7812939314000, -4.9367075, -0.8060367, 2.7006352
7812944305000, -4.9171596, -1.1355985, 2.6789496
7812949307000, -4.7687197, -1.5180001, 2.6838365
7812954300000, -4.5766025, -1.8274034, 2.7058277
7812959294000, -4.414723, -1.8924606, 2.7046058
7812964355000, -4.3282857, -1.7146988, 2.6991081
7812969300000, -4.2647557, -1.5512923, 2.6914723
7812974295000, -4.219857, -1.2443326, 2.6615398
7812979467000, -4.1221185, -1.0726794, 2.6154196
7812984293000, -3.9843686, -0.9334021, 2.595261
7812989304000, -3.7745364, -0.80848014, 2.5799894
7812994289000, -3.5317173, -0.7516697, 2.531731
7812999301000, -3.2873714, -0.7431176, 2.4569001
7813004649000, -3.0976977, -0.6478226, 2.406809
7813009365000, -2.9358184, -0.48838675, 2.3722951
7813014364000, -2.7876835, -0.3032946, 2.3527474
7813019381000, -2.5964828, -0.29260445, 2.291661
7813024361000, -2.447737, -0.3042109, 2.2030854
7813029361000, -2.3194554, -0.29932398, 2.1273382
7813034370000, -2.162463, -0.37598756, 2.0253236
7813039339000, -2.0222695, -0.4596761, 1.9016235
7813044383000, -1.8845193, -0.50671273, 1.7947221
7813049791000, -1.7486018, -0.5476407, 1.6985108
7813054291000, -1.5980235, -0.58368176, 1.6056592
7813059313000, -1.4425583, -0.636827, 1.5265522
7813064301000, -1.3008375, -0.65148777, 1.4404203
7813069314000, -1.1838568, -0.6750061, 1.3814718
7813074313000, -1.135904, -0.70249504, 1.2614367
7813079327000, -1.0332786, -0.7348709, 1.1478158
7813084347000, -0.95478237, -0.7504479, 1.0280862
7813089314000, -0.8866709, -0.79626286, 0.91599244
7813094307000, -0.8304713, -0.8784242, 0.7834347
7813099337000, -0.763887, -0.9437868, 0.65148777
7813104379000, -0.6948592, -1.0097603, 0.5140431
7813109584000, -0.61636305, -1.0650436, 0.37201694
7813114367000, -0.5338962, -1.1184943, 0.22571471
7813119977000, -0.45112398, -1.1658363, 0.07880162
7813124393000, -0.3924809, -1.2180653, -0.06169739
7813129349000, -0.30848694, -1.2953397, -0.1994475
7813134393000, -0.18875736, -1.3567317, -0.31306845
7813139372000, -0.084910266, -1.3949108, -0.42730024
7813144390000, 0.016187929, -1.4248432, -0.52656585
7813149404000, 0.13591751, -1.4413365, -0.6203337
7813154399000, 0.26419923, -1.4556919, -0.69058317
7813159394000, 0.38362336, -1.455081, -0.7800749
7813164373000, 0.49327368, -1.4608842, -0.8539896
7813169429000, 0.59315014, -1.4495832, -0.8961393
7813174391000, 0.6401868, -1.4257594, -0.96883225
7813179459000, 0.7113526, -1.3961325, -1.0180069
7813184445000, 0.7593055, -1.3393221, -1.0772609
7813189401000, 0.81183994, -1.2687671, -1.1282681
7813194389000, 0.86315256, -1.1866057, -1.1826351
7813199381000, 0.9114109, -1.1261301, -1.2470814
7813204393000, 0.9599747, -1.0833695, -1.3335189
7813209391000, 1.0030408, -1.1029172, -1.3939945
7813214366000, 1.0519099, -1.1517864, -1.4618006
7813219473000, 1.1093313, -1.2238685, -1.5204436
7813224412000, 1.1508701, -1.2788464, -1.5613716
7813229478000, 1.1646146, -1.3249667, -1.5909985
7813234450000, 1.180497, -1.3478742, -1.6157386
7813239431000, 1.2260065, -1.3231341, -1.6190983
7813244413000, 1.276403, -1.2709051, -1.6206255
7813249418000, 1.3662001, -1.1939361, -1.647809
7813254371000, 1.4498887, -1.0916162, -1.6636915
7813259428000, 1.5506815, -1.0097603, -1.6575829
7813264376000, 1.6105462, -0.97494096, -1.647809
7813270250000, 1.6404786, -0.9447031, -1.5974126
7813274323000, 1.6997325, -0.9630291, -1.5787812
7813279487000, 1.7150042, -0.98899084, -1.5509869
7813284383000, 1.7559321, -0.9999864, -1.5296066
7813289436000, 1.8191566, -0.9630291, -1.5085317
7813294328000, 1.8811595, -0.8921687, -1.4899004
7813299413000, 1.9703459, -0.8005389, -1.4569136
7813304487000, 2.0512855, -0.6817256, -1.4398094
7813309428000, 2.1300871, -0.5748242, -1.4037683
7813314383000, 2.1981986, -0.50976706, -1.3390167
7813319464000, 2.2369885, -0.54275376, -1.2742649
7813324409000, 2.2214115, -0.61850107, -1.1869112
7813329489000, 2.108096, -0.72265357, -1.099252
7813334418000, 1.9782871, -0.8051204, -1.0207558
7813340101000, 1.8096883, -0.8436049, -0.93218035
7813344418000, 1.6471981, -0.8219192, -0.8512407
7813349429000, 1.5314392, -0.7284568, -0.7819075
7813354412000, 1.4388931, -0.6084218, -0.74220127
7813359427000, 1.3884968, -0.51893, -0.72692966
7813364522000, 1.3680327, -0.45478916, -0.7110472
7813369499000, 1.3671165, -0.42943826, -0.6994407
7813374560000, 1.3613132, -0.37965274, -0.6976081
7813379494000, 1.3460416, -0.29718593, -0.70066243
7813384411000, 1.3213016, -0.23426682, -0.70432764
7813389432000, 1.2907583, -0.22876903, -0.70371675
7813394324000, 1.2379184, -0.27000242, -0.7089091
7813399431000, 1.1566733, -0.3436117, -0.7110472
7813404535000, 1.0531317, -0.40011674, -0.6768387
7813409659000, 0.9468411, -0.3848451, -0.64812803
7813414611000, 0.8729264, -0.2938262, -0.63224554
7813419433000, 0.84513205, -0.15424347, -0.6401868
7813424737000, 0.84940815, 0.005192355, -0.6417139
7813429505000, 0.86376345, 0.1572978, -0.65270954
7813434378000, 0.8594874, 0.24923302, -0.6600399
7813439432000, 0.8671232, 0.28038713, -0.66920286
7813444324000, 0.8570439, 0.2843578, -0.66920286
7813449417000, 0.84574294, 0.30695978, -0.6740898
7813454331000, 0.8194757, 0.3371976, -0.6737844
7813459421000, 0.7849618, 0.35002577, -0.6731735
7813464337000, 0.7302894, 0.35613444, -0.66828656
7813469454000, 0.7144069, 0.36651915, -0.6609562
7813474326000, 0.6591236, 0.34330627, -0.65576386
7813479509000, 0.58184916, 0.28680122, -0.65026605
7813484433000, 0.5030475, 0.24373524, -0.6435465
7813489484000, 0.42577308, 0.20647246, -0.63591075
7813494367000, 0.37140608, 0.18020524, -0.6200282
7813499430000, 0.30818152, 0.1853976, -0.6053675
7813504403000, 0.25289822, 0.26297748, -0.5757405
7813509426000, 0.1777618, 0.45265114, -0.54641896
7813514425000, 0.09743301, 0.732122, -0.51893
7813519436000, 0.009162978, 1.0671816, -0.47036624
7813524413000, -0.10903945, 1.4263704, -0.3839288
7813529507000, -0.2501493, 1.7391334, -0.25442538
7813534468000, -0.46028697, 1.9550742, -0.079107046
7813539438000, -0.7128797, 1.9911152, 0.14813483
7813544427000, -1.0238101, 1.8017471, 0.39522982
7813549426000, -1.4065173, 1.3875804, 0.68203104
7813554418000, -1.8924606, 0.8597928, 0.9624182
7813559449000, -2.4266622, 0.5925393, 1.2333369
7813564398000, -2.924212, 0.1328632, 1.3487904
7813569451000, -3.1309898, -0.24678956, 1.5476271
7813574431000, -3.3722816, -0.50762904, 1.6371188
7813579503000, -3.3939674, -0.6469063, 1.5943583
7813584492000, -3.209486, -0.6478226, 1.4156802
7813589427000, -2.856406, -0.49846604, 1.1301007
7813594932000, -2.377793, -0.2171626, 0.8051204
7813599411000, -1.8252654, 0.14569137, 0.47555858
7813604430000, -1.244027, 0.54733527, 0.21838433
7813609422000, -0.72143185, 0.838718, 0.028710667
7813614417000, -0.34269542, 0.915687, -0.10873401
7813619443000, -0.14080444, 0.729984, -0.19700404
7813624414000, -0.09040806, 0.38423425, -0.24862215
7813629380000, -0.1872302, 0.04153884, -0.27397305
7813634418000, -0.441961, -0.16432275, -0.26725355
7813639318000, -0.81336707, -0.095294975, -0.17195857
7813644428000, -1.1945469, 0.30879238, -0.054061573
7813649336000, -1.4526376, 0.75441855, 0.03756821
7813654431000, -1.5289958, 1.2498302, 0.1432479
7813659322000, -1.4385877, 1.4703526, 0.19333886
7813665083000, -1.361924, 1.8090774, 0.21899518
7813669414000, -1.1679744, 1.781894, 0.21227567
7813674429000, -1.1572843, 1.5683966, 0.19914207
7813679382000, -1.1905763, 1.1737776, 0.17959438
7813684437000, -1.319469, 0.8026769, 0.15302174
7813689426000, -1.473407, 0.5119051, 0.13469578
7813694425000, -1.627345, 0.29871312, 0.09621128
7813699393000, -1.7663169, 0.11759156, 0.06352998
7813704440000, -1.8637499, -0.0290161, 0.026267206
7813709429000, -1.917506, -0.09407325, -0.007330383
7813714419000, -1.9159788, -0.03268129, -0.03848451
7813719490000, -1.8683313, 0.113926366, -0.06719518
7813724429000, -1.7959439, 0.31520647, -0.084910266
7813729408000, -1.704925, 0.49357912, -0.11453723
7813734872000, -1.6404786, 0.61117065, -0.13194689
7813739410000, -1.5683966, 0.66645396, -0.12980886
7813744423000, -1.5311338, 0.729984, -0.11759156
7813749392000, -1.5085317, 0.8035932, -0.086132
7813754429000, -1.4871514, 0.8472701, -0.03940081
7813759421000, -1.466382, 0.9193522, -0.018936822
7813764420000, -1.4559973, 0.95264435, 0.02076942
7813769417000, -1.4679092, 0.89766645, 0.052839845
7813774424000, -1.502423, 0.8268061, 0.07727446
7813779399000, -1.5653422, 0.754724, 0.09621128
7813784468000, -1.5848899, 0.73426, 0.12370021
7813789376000, -1.5732834, 0.7254025, 0.13927728
7813794423000, -1.5314392, 0.7290677, 0.14508049
7813799353000, -1.4966198, 0.7492262, 0.14721853
7813804452000, -1.4767667, 0.79045963, 0.16340645
7813809365000, -1.4355333, 0.8240572, 0.16279559
7813814406000, -1.3881912, 0.8668178, 0.16279559
7813819441000, -1.3341297, 0.904386, 0.16340645
7813824414000, -1.284955, 0.9379836, 0.14996742
7813829357000, -1.2544118, 0.95325524, 0.13775012
7813834487000, -1.1945469, 0.945314, 0.12797627
7813839407000, -1.144456, 0.9456194, 0.09101892
7813844464000, -1.0693196, 0.93431836, 0.050396383
7813849440000, -1.0329732, 0.8756753, 0.059864793
7813854427000, -1.0458013, 0.84574294, 0.057726767
7813859427000, -1.0650436, 0.8035932, 0.059864793
7813864396000, -1.0821478, 0.7733554, 0.0711658
7813869514000, -1.1044444, 0.7370089, 0.06841691
7813874423000, -1.0897835, 0.68966687, 0.06872234
7813879428000, -1.1218541, 0.6291912, 0.05681047
7813884649000, -1.1468995, 0.57818395, 0.056505036
7813889431000, -1.180497, 0.56505036, 0.0711658
7813894424000, -1.1878275, 0.58276546, 0.09285152
7813899420000, -1.2006557, 0.6432411, 0.10720685
7813904428000, -1.2232577, 0.7031059, 0.108123146
7813909419000, -1.294118, 0.75991637, 0.1020145
7813914406000, -1.346347, 0.75777835, 0.07727446
7813920123000, -1.3704761, 0.70921457, 0.06688975
7813924424000, -1.3600914, 0.61819565, 0.08124508
7813929427000, -1.350623, 0.5479461, 0.09468412
7813934406000, -1.3640621, 0.5522222, 0.12614368
7813939434000, -1.382388, 0.625526, 0.16249016
7813944426000, -1.3875804, 0.6786713, 0.19547687
7813949430000, -1.3662001, 0.7156286, 0.20555615
7813954517000, -1.3197744, 0.71837753, 0.24129178
7813959428000, -1.2819008, 0.7305948, 0.2556471
7813964400000, -1.2611313, 0.782213, 0.29046643
7813969489000, -1.2324207, 0.87872964, 0.3051272
7813974356000, -1.2147056, 0.9492846, 0.32620203
7813979428000, -1.1664472, 0.9950995, 0.34574974
7813984372000, -1.1279627, 0.9932669, 0.37690386
7813990195000, -1.1282681, 1.0424415, 0.43554693
7813994326000, -1.1200215, 1.0167851, 0.51159966
7813999387000, -1.074512, 0.97433007, 0.56046885
7814004335000, -1.0793989, 1.0015136, 0.5830709
7814009405000, -1.0430524, 1.0393872, 0.6010914
7814014383000, -1.0125091, 1.0848967, 0.5849035
7814019421000, -0.979217, 1.2281445, 0.5647449
7814024371000, -1.0177015, 1.133155, 0.6065892
7814029425000, -1.0262536, 0.91507614, 0.64476824
7814034390000, -1.0341948, 0.82650065, 0.6789767
7814039403000, -1.0607675, 0.93370754, 0.70005155
7814044428000, -1.099252, 1.1276573, 0.72295904
7814049503000, -1.1349876, 1.2977833, 0.7593055
7814054371000, -1.1093313, 1.3582588, 0.7770206
7814059401000, -1.0757337, 1.393689, 0.8200866
7814064322000, -1.0112875, 1.391551, 0.8604037
7814069331000, -0.9443977, 1.423316, 0.8772025
7814074332000, -0.9114109, 1.5180001, 0.88178396
7814079330000, -0.9074403, 1.6334536, 0.86834496
7814084365000, -0.90133166, 1.6865989, 0.8741482
7814089331000, -0.89644474, 1.6569719, 0.8604037
7814094331000, -0.8906415, 1.6200147, 0.84574294
7814099344000, -0.8970556, 1.5952746, 0.83077675
7814104321000, -0.93218035, 1.5848899, 0.82772243
7814109423000, -0.9379836, 1.5601498, 0.84940815
7814114422000, -0.9266826, 1.5668694, 0.8753699
7814119421000, -0.89949906, 1.6368134, 0.9071349
7814124427000, -0.8781188, 1.6966782, 0.94806284
7814129408000, -0.86406887, 1.7012597, 1.0067059
7814134414000, -0.8738427, 1.7684549, 1.0806206
7814139385000, -0.87872964, 1.8029687, 1.1187997
7814144433000, -0.8881981, 1.7876972, 1.144456
7814149409000, -0.90469146, 1.7821994, 1.1594223
7814154431000, -0.9059132, 1.8032742, 1.1640037
7814159366000, -0.9129381, 1.8646661, 1.1951579
7814164427000, -0.9092729, 1.9355265, 1.2137892
7814169706000, -0.86467975, 2.0302107, 1.2403619
7814174417000, -0.8011498, 2.087021, 1.2443326
7814179641000, -0.7657196, 2.094657, 1.2345587
7814184453000, -0.7657196, 2.0894647, 1.2333369
7814189746000, -0.74372846, 1.9969184, 1.2409728
7814194427000, -0.73975784, 1.8567249, 1.244638
7814199760000, -0.7144069, 1.6896533, 1.244027
7814204433000, -0.68386364, 1.5641204, 1.2516629
7814209365000, -0.6444628, 1.5231925, 1.2687671
7814214416000, -0.59864795, 1.4874569, 1.276403
7814219394000, -0.54153204, 1.4501941, 1.2800682
7814224415000, -0.47311515, 1.3808609, 1.2748758
7814229323000, -0.4007276, 1.284955, 1.2592987
7814234401000, -0.29718593, 1.2327261, 1.2211196
7814239332000, -0.19242255, 1.2565498, 1.1325442
7814245073000, -0.08582657, 1.2748758, 1.0250319
7814249343000, 0.004581489, 1.2412782, 0.9828822
7814254400000, 0.03268129, 1.1933253, 0.8866709
7814259324000, 0.09254608, 1.1255192, 0.806953
7814264370000, 0.13897185, 1.0680978, 0.73884153
7814269415000, 0.17623462, 1.0054842, 0.68539083
7814274391000, 0.18417588, 0.98349303, 0.64965516
7814279366000, 0.17989981, 0.981355, 0.6218608
7814284423000, 0.16401732, 1.0054842, 0.59864795
7814289384000, 0.14477506, 1.0512991, 0.5852089
7814294391000, 0.12522738, 1.0974194, 0.58368176
7814299405000, 0.07941248, 1.1502593, 0.5830709
7814304401000, 0.021991149, 1.1725558, 0.5742133
7814309414000, -0.024740042, 1.176221, 0.58123827
7814315101000, -0.076052725, 1.1600331, 0.5644395
7814319409000, -0.12003502, 1.1453724, 0.5571091
7814324391000, -0.15088372, 1.0903945, 0.52778757
7814329386000, -0.17684549, 1.0173961, 0.5021312
7814334412000, -0.19700404, 0.9798279, 0.4783075
7814339400000, -0.21471913, 0.9288206, 0.46211955
7814344376000, -0.24129178, 0.9056077, 0.4364632
7814349392000, -0.25473082, 0.870483, 0.42913285
7814354403000, -0.27305678, 0.8576548, 0.42424592
7814359393000, -0.30268374, 0.86467975, 0.40591997
7814364375000, -0.34025195, 0.89888823, 0.41447207
7814369408000, -0.37720928, 0.9294315, 0.4034765
7814374394000, -0.3866777, 0.95417154, 0.39278635
7814379384000, -0.42424592, 0.99265605, 0.3894266
7814384913000, -0.42241332, 1.0393872, 0.37232238
7814389397000, -0.4071417, 1.099252, 0.3539964
7814394386000, -0.36682457, 1.1475104, 0.35827246
7814399382000, -0.3155119, 1.1899655, 0.3640757
7814404397000, -0.29657507, 1.1972959, 0.36285394
7814409397000, -0.2843578, 1.2003502, 0.35308012
7814414371000, -0.29535335, 1.2061534, 0.3359759
7814419404000, -0.2874121, 1.2027937, 0.32650748
7814424390000, -0.27183503, 1.1670581, 0.29046643
7814429399000, -0.2434298, 1.1203269, 0.25259277
7814434385000, -0.2180789, 1.0485502, 0.20525073
7814439399000, -0.20250183, 0.9560041, 0.15699236
7814444334000, -0.17898351, 0.9086621, 0.13225232
7814449377000, -0.16279559, 0.79229224, 0.06719518
7814454549000, -0.122478485, 0.6789767, -0.01740966
7814459390000, -0.093767814, 0.5729916, -0.106595986
7814464347000, -0.06994407, 0.4801401, -0.19364429
7814469482000, -0.056199603, 0.3915646, -0.29565877
7814474415000, -0.037873644, 0.32162055, -0.3921755
7814479393000, -0.03634648, 0.29565877, -0.49449542
7814484424000, -0.040927973, 0.29810223, -0.591623
7814489392000, -0.059864793, 0.3295618, -0.68294734
7814494389000, -0.06383542, 0.35918877, -0.7761043
7814499370000, -0.08368854, 0.3744604, -0.8698721
7814504411000, -0.09254608, 0.36987892, -0.9602802
7814509392000, -0.10445796, 0.36346483, -1.0375546
7814514367000, -0.129198, 0.35338554, -1.1032226
7814519439000, -0.14538592, 0.35613444, -1.1490375
7814524634000, -0.17348573, 0.36377025, -1.1753048
7814529389000, -0.23671028, 0.38912117, -1.2006557
7814534471000, -0.28588495, 0.39858958, -1.246776
7814539434000, -0.33658674, 0.3817908, -1.2660183
7814544374000, -0.38423425, 0.37690386, -1.278541
7814549432000, -0.40469822, 0.37812558, -1.2938126
7814554540000, -0.42638394, 0.39920044, -1.3115277
7814559430000, -0.43127087, 0.4111123, -1.3402383
7814564599000, -0.4175264, 0.41416663, -1.359786
7814570110000, -0.40408736, 0.3979787, -1.3750577
7814574385000, -0.36835176, 0.38026363, -1.3900238
7814579423000, -0.32803464, 0.35705075, -1.3817772
7814584815000, -0.29657507, 0.3231477, -1.3692545
7814589426000, -0.26358834, 0.2773328, -1.3720033
7814594776000, -0.22479841, 0.24251351, -1.3805555
7814599428000, -0.19058995, 0.16829337, -1.3344351
7814604354000, -0.16157386, 0.13072516, -1.3121386
7814609426000, -0.12675454, 0.13622294, -1.2904528
7814614345000, -0.12217305, 0.12644911, -1.2705997
7814619453000, -0.12003502, 0.16890424, -1.2366967
7814624393000, -0.14569137, 0.21930063, -1.2052372
7814629354000, -0.14813483, 0.30298916, -1.1612549
7814634418000, -0.15332718, 0.37812558, -1.1108584
7814639802000, -0.12583824, 0.41508293, -1.0754282
7814644435000, -0.09407325, 0.50335294, -0.9941832
7814649332000, -0.030543262, 0.58093286, -0.91690874
7814654431000, 0.012217305, 0.62949663, -0.85154617
7814659318000, 0.035124753, 0.6337727, -0.7623598
7814664409000, 0.03940081, 0.6218608, -0.67347896
7814669398000, 0.011301007, 0.5723807, -0.56169057
7814674395000, -0.034513887, 0.51159966, -0.44165558
7814679367000, -0.080634214, 0.4288274, -0.3313944
7814684455000, -0.13316862, 0.34025195, -0.2275473
7814689386000, -0.1731803, 0.23823744, -0.116675265
7814694431000, -0.2125811, 0.14446963, -0.005497787
7814699412000, -0.24556783, 0.050396383, 0.08277224
7814704431000, -0.2968805, -0.041233405, 0.15454891
7814709993000, -0.35338554, -0.12095132, 0.22388211
7814714428000, -0.3839288, -0.18020524, 0.26206118
7814719466000, -0.41080686, -0.22418754, 0.29352075
7814724428000, -0.43768495, -0.24862215, 0.32498032
7814729328000, -0.46761733, -0.2574797, 0.35521814
7814734395000, -0.50793445, -0.24953845, 0.36865717
7814739426000, -0.54305923, -0.24831672, 0.3839288
7814744392000, -0.5564982, -0.23823744, 0.3830125
7814749407000, -0.571159, -0.20891592, 0.37843102
7814754404000, -0.5626069, -0.17592919, 0.364992
7814759395000, -0.54702985, -0.13805555, 0.33505958
7814764377000, -0.5143485, -0.099571034, 0.30940324
7814769428000, -0.47647488, -0.064446285, 0.2919936
7814774391000, -0.42149702, -0.024129177, 0.2883284
7814779660000, -0.38453966, -0.013744468, 0.2919936
7814784438000, -0.33017266, -0.013133603, 0.30757064
7814789399000, -0.27580565, -0.009162978, 0.3213151
7814794389000, -0.2180789, -0.009468411, 0.33108896
7814799374000, -0.15821409, 0.002443461, 0.3359759
7814804398000, -0.102319926, 0.0290161, 0.33383787
7814809395000, -0.06352998, 0.06536258, 0.31856623
7814814375000, -0.01038471, 0.10934488, 0.31948254
7814819417000, 0.03604105, 0.14110987, 0.30085114
7814824393000, 0.05681047, 0.16157386, 0.28863382
7814829435000, 0.077579886, 0.18661933, 0.2773328
7814834422000, 0.09468412, 0.21746802, 0.2660318
7814839437000, 0.099571034, 0.23304509, 0.26206118
7814844422000, 0.099571034, 0.24312437, 0.2510656
7814849416000, 0.116980694, 0.25137106, 0.22266038
7814854429000, 0.13652839, 0.26083946, 0.19150625
7814859431000, 0.15668693, 0.25411993, 0.1423316
7814864413000, 0.16371189, 0.25595254, 0.093767814
7814869489000, 0.1777618, 0.27000242, 0.029321533
7814874420000, 0.16982053, 0.28344148, -0.018020526
7814879431000, 0.16707164, 0.3210097, -0.0693332
7814884410000, 0.12889257, 0.34025195, -0.10567969
7814889432000, 0.06963864, 0.3680463, -0.12370021
7814894352000, 0.0125227375, 0.38453966, -0.1328632
7814899429000, -0.043066, 0.38087448, -0.13530666
7814904324000, -0.08277224, 0.37415496, -0.1151481
7814909426000, -0.11362094, 0.355829, -0.0983493
7814914344000, -0.1328632, 0.3136793, -0.07696902
7814919489000, -0.118507855, 0.28405234, -0.04153884
7814924327000, -0.090713486, 0.24678956, -0.003970624
7814929417000, -0.05589417, 0.24281894, 0.02107485
7814934393000, -0.03604105, 0.24373524, 0.044593163
7814939399000, -0.030543262, 0.26389378, 0.053145275
7814944358000, -0.029932396, 0.3200934, 0.07819075
7814949376000, -0.041233405, 0.39553526, 0.090713486
7814954363000, -0.06994407, 0.46731192, 0.098043874
7814959391000, -0.0842994, 0.5131268, 0.105374254
7814964989000, -0.10140363, 0.54244834, 0.105068825
7814969404000, -0.106901415, 0.5360342, 0.094989546
7814974383000, -0.105068825, 0.49693888, 0.09315695
7814979389000, -0.111177474, 0.42852196, 0.08277224
7814984418000, -0.1142318, 0.33261612, 0.07544186
7814989401000, -0.10445796, 0.22296582, 0.06627888
7814994405000, -0.10903945, 0.11148291, 0.06536258
7814999439000, -0.11209377, 0.0076358155, 0.061391957
7815004412000, -0.12308934, -0.089491755, 0.060170226
7815009351000, -0.12156218, -0.16982053, 0.04795292
7815014376000, -0.12308934, -0.22204952, 0.035430185
7815019393000, -0.10720685, -0.25320363, 0.02107485
7815024562000, -0.10720685, -0.27763826, 0.0067195175
7815029367000, -0.10934488, -0.2846632, -0.0070249503
7815035080000, -0.087964594, -0.2660318, -0.016798794
7815039370000, -0.07360926, -0.258396, -0.023823744
7815044365000, -0.07269296, -0.25411993, -0.036957346
7815049367000, -0.058948494, -0.23793201, -0.047647487
7815054317000, -0.047036625, -0.20066923, -0.048258353
7815059310000, -0.046120327, -0.1966986, -0.04184427
7815064292000, -0.057726767, -0.20341812, -0.03634648
7815069325000, -0.0720821, -0.2284636, -0.01740966
7815074312000, -0.08002335, -0.25961772, -0.00580322
7815079307000, -0.08277224, -0.2910773, 0.017104227
7815084345000, -0.09865474, -0.31581733, 0.029626964
7815089310000, -0.13530666, -0.3594942, 0.040011674
7815094308000, -0.14508049, -0.40194935, 0.05467244
7815099322000, -0.18234327, -0.4361578, 0.087964594
7815104733000, -0.1966986, -0.46853364, 0.11209377
7815109387000, -0.20952678, -0.4990769, 0.14446963
7815114395000, -0.21288654, -0.5164866, 0.18845193
7815119401000, -0.19120082, -0.50946164, 0.22174409
7815124393000, -0.17348573, -0.4972443, 0.26358834
7815129390000, -0.13164146, -0.47586402, 0.29168814
7815134426000, -0.09621128, -0.43463063, 0.30543262
7815139392000, -0.06963864, -0.39706242, 0.35705075
7815144391000, -0.016187929, -0.37782016, 0.3915646
7815149360000, 0.0421497, -0.36713, 0.43463063
7815154404000, 0.098043874, -0.3622431, 0.4831944
7815159387000, 0.14385876, -0.31795537, 0.52687126
7815164396000, 0.1740966, -0.25350907, 0.56688297
7815169389000, 0.20952678, -0.16584991, 0.6102544
7815174427000, 0.21868975, -0.0852157, 0.65668017
7815179331000, 0.23243423, -0.02565634, 0.69058317
7815184472000, 0.24404067, 9.162979E-4, 0.732122
7815189325000, 0.24801129, 0.01160644, 0.7806858
7815194393000, 0.2434298, 0.008246681, 0.8323039
7815199341000, 0.24923302, 0.02565634, 0.87995136
7815204401000, 0.21013765, -0.01863139, 0.929126
7815209323000, 0.19272798, -0.095294975, 0.96577793
7815214383000, 0.15668693, -0.21685717, 0.99296147
7815219387000, 0.1432479, -0.3481932, 1.0308352
7815224395000, 0.1301143, -0.47036624, 1.0564915
7815229351000, 0.12644911, -0.5335908, 1.0732902
7815234475000, 0.12675454, -0.65270954, 1.0839803
7815239368000, 0.14752395, -0.73853606, 1.0995574
7815244396000, 0.17440203, -0.8072584, 1.1157454
7815249382000, 0.20799962, -0.8381071, 1.1123856
7815254484000, 0.2751948, -0.838718, 1.1071932
7815259390000, 0.3472769, -0.81000733, 1.0980303
7815264377000, 0.42241332, -0.7877107, 1.0919216
7815269416000, 0.44012842, -0.7761043, 1.0635164
7815274394000, 0.4541783, -0.7687739, 1.035722
7815279396000, 0.45204028, -0.7806858, 0.98899084
7815284452000, 0.42241332, -0.784351, 0.93034774
7815289984000, 0.37812558, -0.8017606, 0.87872964
7815294417000, 0.34422258, -0.8240572, 0.8145888
7815299585000, 0.3200934, -0.8735373, 0.7489208
7815304435000, 0.32375857, -0.92271197, 0.68875057
7815309479000, 0.3472769, -0.96486163, 0.64904433
7815314437000, 0.4025602, -0.9465357, 0.59742624
7815319416000, 0.46914452, -0.8772025, 0.5714644
7815324574000, 0.5305365, -0.7663304, 0.56138515
7815329440000, 0.5696318, -0.7089091, 0.55955255
7815334396000, 0.5867361, -0.61941737, 0.56016344
7815339387000, 0.5766568, -0.57726765, 0.58459806
7815344359000, 0.5534439, -0.57360244, 0.6239988
7815350492000, 0.50732356, -0.5561928, 0.65026605
7815354352000, 0.41080686, -0.5907067, 0.6618725
7815359984000, 0.38056904, -0.72021013, 0.6792821
7815364348000, 0.30573806, -0.8533788, 0.68875057
7815369410000, 0.24098633, -0.95386606, 0.6939429
7815374325000, 0.17073683, -1.0280862, 0.6930266
7815379392000, 0.0888809, -1.0616838, 0.7012733
7815384456000, 0.017715093, -1.0552697, 0.6933321
7815389434000, -0.0125227375, -1.0137309, 0.70738196
7815394746000, 0.008857546, -0.9297369, 0.7309003
7815399425000, 0.0888809, -0.78954333, 0.7489208
7815404383000, 0.1994475, -0.625526, 0.77121735
7815409427000, 0.3118467, -0.5021312, 0.81581056
7815414423000, 0.4083634, -0.42119157, 0.8677341
7815419458000, 0.4822781, -0.3747658, 0.91232723
7815424434000, 0.537256, -0.35185838, 0.94989544
7815429339000, 0.5739079, -0.2996294, 0.96852684
7815434439000, 0.57879484, -0.25411993, 0.97524637
7815439419000, 0.61636305, -0.21746802, 0.97035944
7815444431000, 0.6377433, -0.20586158, 0.95356065
7815449416000, 0.6432411, -0.21960606, 0.9419542
7815454430000, 0.6441574, -0.23579398, 0.93767816
7815459423000, 0.61422503, -0.22479841, 0.9398162
7815464414000, 0.56046885, -0.24862215, 0.93462384
7815469443000, 0.5222898, -0.27672195, 0.93218035
7815474416000, 0.462425, -0.30207285, 0.9266826
7815479424000, 0.41630468, -0.3222314, 0.915687
7815484458000, 0.41263947, -0.30909783, 0.90469146
7815489430000, 0.42241332, -0.29229903, 0.88331115
7815494424000, 0.43401974, -0.27152961, 0.8585711
7815499402000, 0.4202753, -0.23640485, 0.82894415
7815504432000, 0.3998113, -0.19486602, 0.79443026
7815509428000, 0.3817908, -0.14110987, 0.75747293
7815514448000, 0.35216382, -0.053450707, 0.70280045
7815519410000, 0.30207285, 0.027183503, 0.65576386
7815524427000, 0.26358834, 0.059253927, 0.6062838
7815529424000, 0.23273966, 0.11942416, 0.5879578
7815534398000, 0.23671028, 0.1881465, 0.54825157
7815539412000, 0.24312437, 0.26206118, 0.5109888
7815544412000, 0.27580565, 0.35033122, 0.47494772
7815549396000, 0.2947425, 0.4334089, 0.4382958
7815554431000, 0.32406402, 0.4822781, 0.410196
7815559347000, 0.3368922, 0.55680364, 0.35979962
7815564469000, 0.3662137, 0.58123827, 0.31795537
7815569408000, 0.38820487, 0.5152648, 0.28344148
7815574431000, 0.3857614, 0.48808134, 0.26053402
7815579441000, 0.3744604, 0.5152648, 0.24190263
7815584446000, 0.37048978, 0.5662721, 0.2302962
7815589441000, 0.38881573, 0.63132924, 0.22388211
7815594432000, 0.40133846, 0.70463306, 0.21563543
7815599381000, 0.40866885, 0.7797695, 0.19914207
7815604435000, 0.3924809, 0.82741696, 0.18325958
7815609599000, 0.37232238, 0.82986045, 0.16310102
7815615137000, 0.33567044, 0.81397796, 0.14385876
7815619419000, 0.27305678, 0.77732605, 0.12003502
7815624485000, 0.2171626, 0.75686204, 0.09865474
7815629357000, 0.1572978, 0.70341134, 0.09101892
7815634492000, 0.13530666, 0.6704246, 0.0729984
7815639389000, 0.1001819, 0.65301496, 0.061391957
7815644412000, 0.07666359, 0.63224554, 0.0421497
7815649437000, 0.05009095, 0.5888741, 0.03726278
7815654322000, 0.027488936, 0.56321776, 0.023518313
7815659340000, 9.162979E-4, 0.48991394, 0.01160644
7815664315000, -0.0070249503, 0.42638394, 0.011911872
7815669369000, -0.0076358155, 0.3811799, 0.018325957
7815674331000, -0.015577064, 0.35063666, 0.0125227375
7815679332000, -0.016493361, 0.34788775, 0.01038471
7815684680000, -0.028405234, 0.33261612, -0.005497787
7815689331000, -0.019547688, 0.33322698, -0.023823744
7815694329000, -0.008246681, 0.3323107, -0.028710667
7815699365000, 0.002443461, 0.3295618, -0.043066
7815704342000, 0.026572637, 0.3145956, -0.056505036
7815709331000, 0.046120327, 0.30695978, -0.08246681
7815714311000, 0.06352998, 0.28802297, -0.100792766
7815719371000, 0.08277224, 0.27885997, -0.12461651
7815724331000, 0.09590584, 0.25534168, -0.1432479
7815729327000, 0.10048734, 0.2452624, -0.17165314
7815734336000, 0.11301007, 0.24312437, -0.19700404
7815739425000, 0.118202426, 0.23518312, -0.21410827
7815744413000, 0.11789699, 0.21685717, -0.21655174
7815749426000, 0.12950343, 0.19333886, -0.21777347
7815754811000, 0.13500121, 0.15149458, -0.20952678
7815759428000, 0.13927728, 0.10781772, -0.2012801
7815764355000, 0.14752395, 0.07819075, -0.20005837
7815769500000, 0.15118915, 0.049785517, -0.1957823
7815774325000, 0.16737708, 0.01985312, -0.2144137
7815779433000, 0.19517145, 0.02076942, -0.23060162
7815784373000, 0.20555615, 0.04184427, -0.25381452
7815789402000, 0.22815818, 0.0729984, -0.2910773
7815794359000, 0.25259277, 0.076052725, -0.3295618
7815799373000, 0.28221974, 0.069027774, -0.3549127
7815804575000, 0.2770274, 0.06872234, -0.3753767
7815809392000, 0.27030787, 0.06047566, -0.39370266
7815814412000, 0.25045475, 0.07513642, -0.3912592
7815819399000, 0.21227567, 0.07452556, -0.37201694
7815824452000, 0.20433442, 0.076358154, -0.36743546
7815829388000, 0.17928895, 0.093462385, -0.35460728
7815834404000, 0.15302174, 0.12522738, -0.32589662
7815839399000, 0.13897185, 0.172264, -0.29229903
7815844391000, 0.14355333, 0.22571471, -0.24923302
7815849362000, 0.16554448, 0.28710666, -0.19425514
7815854407000, 0.20066923, 0.3463606, -0.14172074
7815859342000, 0.23487769, 0.40286562, -0.09193522
7815864416000, 0.2687807, 0.43890667, -0.046731193
7815869371000, 0.30695978, 0.47128254, -0.014049901
7815874387000, 0.31581733, 0.49510628, 0.016798794
7815879323000, 0.33200526, 0.5235115, 0.03970624
7815884399000, 0.34422258, 0.55741453, 0.0571159
7815889348000, 0.33841935, 0.5830709, 0.063224554
7815894392000, 0.35002577, 0.6093381, 0.058948494
7815899361000, 0.34697145, 0.623388, 0.059864793
7815904438000, 0.35063666, 0.61819565, 0.056505036
7815909367000, 0.35063666, 0.6072, 0.06352998
7815914438000, 0.32406402, 0.5891795, 0.058643065
7815919428000, 0.31429017, 0.5858198, 0.07269296
7815924431000, 0.29901853, 0.55833083, 0.070249505
7815929452000, 0.2669481, 0.5366451, 0.0729984
7815934444000, 0.24220806, 0.5140431, 0.08399397
7815940178000, 0.21899518, 0.49602258, 0.08857546
7815944431000, 0.1826487, 0.48624873, 0.0983493
7815949677000, 0.14080444, 0.46578476, 0.09468412
7815954432000, 0.110872045, 0.42210788, 0.09193522
7815959372000, 0.06688975, 0.40561453, 0.083383106
7815964433000, 0.05589417, 0.36896262, 0.07452556
7815969368000, 0.020463986, 0.32650748, 0.064446285
7815974423000, 0.009773844, 0.27366763, 0.04734206
7815979323000, -0.009773844, 0.22632557, 0.03634648
7815984440000, -0.03390302, 0.19730948, 0.029932396
7815989384000, -0.049785517, 0.17745635, 0.021380283
7815994374000, -0.07544186, 0.15974127, 0.009773844
7815999353000, -0.09162979, 0.16432275, 0.0143553335
7816004392000, -0.12339478, 0.19181168, 0.02076942
7816009862000, -0.14049901, 0.23701571, 0.028710667
7816014406000, -0.15515977, 0.25534168, 0.035124753
7816019495000, -0.17898351, 0.26939157, 0.048258353
7816024447000, -0.1908954, 0.2733622, 0.062002823
7816029372000, -0.20525073, 0.2565634, 0.07269296
7816034429000, -0.2275473, 0.22449298, 0.092240654
7816039413000, -0.24740042, 0.16371189, 0.110872045
7816044416000, -0.2678644, 0.122783914, 0.14049901
7816049409000, -0.26847526, 0.092240654, 0.1423316
7816054318000, -0.267559, 0.0852157, 0.13683382
7816059313000, -0.27458394, 0.09193522, 0.12217305
7816064333000, -0.2864958, 0.115453534, 0.101098195
7816069448000, -0.3286455, 0.14080444, 0.07941248
7816074308000, -0.3594942, 0.1518, 0.050701816
7816079411000, -0.37110063, 0.15515977, 0.026572637
7816084341000, -0.41263947, 0.13072516, 0.0021380284
7816089313000, -0.45234573, 0.09865474, -0.012217305
7816094307000, -0.46211955, 0.039095376, -0.029626964
7816099336000, -0.46089783, -0.003970624, -0.047647487
7816104400000, -0.44898596, -0.03848451, -0.0571159
7816109360000, -0.45051312, -0.05497787, -0.06658431
7816114367000, -0.45540005, -0.070554934, -0.07880162
7816119400000, -0.45142943, -0.07452556, -0.09101892
7816124363000, -0.46486846, -0.073303826, -0.11148291
7816129357000, -0.46303585, -0.081855945, -0.11789699
7816134419000, -0.45814893, -0.10476339, -0.12003502
7816139440000, -0.45631635, -0.13255776, -0.111177474
7816144361000, -0.453262, -0.1685988, -0.10415252
7816149380000, -0.45265114, -0.19639318, -0.089491755
7816154359000, -0.46761733, -0.24831672, -0.074830994
7816159395000, -0.4810564, -0.29443705, -0.056199603
7816164378000, -0.4877759, -0.31978795, -0.04153884
7816169395000, -0.49296826, -0.34300083, -0.03940081
7816174390000, -0.5103779, -0.32528573, -0.04795292
7816179384000, -0.5204572, -0.25320363, -0.049785517
7816184389000, -0.54305923, -0.16157386, -0.06169739
7816189400000, -0.55741453, -0.06414085, -0.09101892
7816194388000, -0.54550266, 0.0036651916, -0.13591751
7816199379000, -0.5290093, 0.055283304, -0.18173242
7816204383000, -0.54275376, 0.094989546, -0.2312125
7816209392000, -0.5653558, 0.11148291, -0.2828306
7816214391000, -0.6017023, 0.13408493, -0.30115658
7816219402000, -0.61636305, 0.12370021, -0.34513888
7816224334000, -0.6569856, 0.103847094, -0.3747658
7816229386000, -0.6600399, 0.069027774, -0.4147775
7816234375000, -0.65087694, 0.049480084, -0.44501534
7816239410000, -0.6536258, 0.030543262, -0.47403142
7816244358000, -0.65393126, 0.008246681, -0.48166725
7816249406000, -0.6780604, -0.029321533, -0.49021935
7816254342000, -0.6768387, -0.080634214, -0.49938235
7816259391000, -0.6597345, -0.13164146, -0.5103779
7816264352000, -0.6386596, -0.17684549, -0.52320606
7816269476000, -0.60994893, -0.21044308, -0.5412266
7816274402000, -0.58062744, -0.22632557, -0.54458636
7816279388000, -0.5476407, -0.226631, -0.5491679
7816284421000, -0.52412236, -0.22479841, -0.5580254
7816289406000, -0.4896085, -0.20677789, -0.56107974
7816294387000, -0.45173484, -0.18112154, -0.5580254
7816299375000, -0.4071417, -0.1591304, -0.5510005
7816304408000, -0.3576616, -0.12461651, -0.55680364
7816309388000, -0.31673363, -0.10934488, -0.5522222
7816314370000, -0.30024028, -0.07574729, -0.54702985
7816319400000, -0.28008172, -0.041233405, -0.54275376
7816324395000, -0.24617869, -0.0076358155, -0.5213735
7816329418000, -0.24251351, 0.015577064, -0.49754974
7816334438000, -0.23426682, 0.043676864, -0.47128254
7816339440000, -0.22571471, 0.06383542, -0.44012842
7816344411000, -0.21471913, 0.08368854, -0.419359
7816349415000, -0.183565, 0.10873401, -0.39461896
7816354411000, -0.1600467, 0.13836098, -0.36743546
7816359423000, -0.14721853, 0.15790866, -0.33933565
7816364415000, -0.11362094, 0.1695151, -0.31948254
7816369487000, -0.08735373, 0.17989981, -0.30695978
7816374523000, -0.064751714, 0.18448131, -0.2929099
7816379425000, -0.045814894, 0.18875736, -0.28069258
7816384487000, -0.032375857, 0.1908954, -0.269697
7816389448000, -0.02443461, 0.17898351, -0.25503623
7816394561000, -0.014966198, 0.160963, -0.24495697
7816399447000, 0.015271631, 0.14752395, -0.23915374
7816404438000, 0.032070424, 0.11484267, -0.22876903
7816409411000, 0.052839845, 0.09621128, -0.22540927
7816414407000, 0.05375614, 0.064446285, -0.22510384
7816419471000, 0.049480084, 0.047036625, -0.22296582
7816424373000, 0.064446285, 0.035124753, -0.2171626
7816429428000, 0.07544186, 0.03390302, -0.20341812
7816434484000, 0.08979719, 0.032375857, -0.20433442
7816439410000, 0.105068825, 0.047036625, -0.18448131
7816444378000, 0.122478485, 0.06566802, -0.17012598
7816449425000, 0.12370021, 0.09590584, -0.14966199
7816454441000, 0.13713925, 0.129198, -0.13347405
7816459430000, 0.14294247, 0.1469131, -0.11453723
7816464436000, 0.14385876, 0.15118915, -0.106595986
7816469468000, 0.17256944, 0.13622294, -0.10048734
7816474438000, 0.18173242, 0.10476339, -0.10751228
7816479427000, 0.19272798, 0.049480084, -0.11728613
7816484441000, 0.21471913, 0.005497787, -0.12797627
7816489423000, 0.23793201, -0.015577064, -0.13897185
7816494431000, 0.26816985, 0.004581489, -0.14996742
7816499419000, 0.28221974, 0.05100725, -0.15974127
7816504428000, 0.29840767, 0.084910266, -0.16554448
7816509421000, 0.32253686, 0.17959438, -0.16371189
7816514424000, 0.33169982, 0.27152961, -0.16279559
7816519432000, 0.3652974, 0.3484986, -0.15943582
7816524429000, 0.37873647, 0.40653083, -0.15302174
7816529414000, 0.38362336, 0.41722095, -0.13713925
7816534402000, 0.39675698, 0.398895, -0.12156218
7816539424000, 0.37751472, 0.34483343, -0.09468412
7816544426000, 0.35918877, 0.27977628, -0.06963864
7816549415000, 0.32925636, 0.21166481, -0.040011674
7816554431000, 0.30787608, 0.1441642, -0.019547688
7816559388000, 0.27152961, 0.101098195, -0.005192355
7816564425000, 0.23732115, 0.06719518, 0.007330383
7816569358000, 0.17287487, 0.04550946, 0.028099801
7816574426000, 0.13133603, 0.047036625, 0.02687807
7816579318000, 0.09193522, 0.079107046, 0.028405234
7816584428000, 0.0580322, 0.13561209, 0.038789943
7816589320000, 0.02076942, 0.19914207, 0.038789943
7816594425000, -0.0030543262, 0.26419923, 0.029321533
7816599337000, -0.017104227, 0.32498032, 0.009468411
7816604434000, -0.030543262, 0.35308012, 0.0021380284
7816609336000, -0.042760566, 0.39003745, -0.005192355
7816614444000, -0.047647487, 0.3998113, -0.01282817
7816619422000, -0.04917465, 0.39064834, -0.026572637
7816624416000, -0.03604105, 0.35460728, -0.034513887
7816629386000, -0.027183503, 0.32925636, -0.03176499
7816634401000, -0.021685716, 0.2950479, -0.040927973
7816639414000, -0.0076358155, 0.2556471, -0.04642576
7816644425000, 0.011911872, 0.22296582, -0.044898596
7816649397000, 0.028099801, 0.19181168, -0.05375614
7816654431000, 0.031154128, 0.16126843, -0.054367006
7816659410000, 0.026267206, 0.15118915, -0.054367006
7816664432000, 0.018020526, 0.14172074, -0.056505036
7816669441000, 0.014966198, 0.13805555, -0.05497787
7816674427000, 0.018325957, 0.13225232, -0.05955936
7816679395000, 0.01740966, 0.122478485, -0.05222898
7816684452000, 0.012217305, 0.110872045, -0.058337633
7816689406000, 0.017715093, 0.10873401, -0.05100725
7816694424000, 0.018325957, 0.105068825, -0.056505036
7816699461000, 0.020463986, 0.118507855, -0.04428773
7816704432000, 0.034208454, 0.12308934, -0.03634648
7816709483000, 0.040011674, 0.13194689, -0.03481932
7816714448000, 0.0580322, 0.14019357, -0.028099801
7816719433000, 0.077579886, 0.12858713, -0.016798794
7816724426000, 0.07788532, 0.10445796, -0.0070249503
7816729647000, 0.071776666, 0.07666359, 0.004276057
7816734402000, 0.08246681, 0.047647487, 0.013744468
7816739741000, 0.08032878, 0.04337143, 0.010995574
7816744421000, 0.07696902, 0.04153884, 0.022907447
7816749339000, 0.07971791, 0.042455133, 0.018936822
7816754372000, 0.063224554, 0.051618114, 0.018936822
7816759394000, 0.049480084, 0.069027774, 0.014049901
7816764390000, 0.036957346, 0.06811147, 0.014660766
7816769378000, 0.0106901415, 0.056199603, 0.016493361
7816774393000, -0.0067195175, 0.03390302, 0.025961773
7816779321000, -0.032070424, 0.005192355, 0.019242255
7816784406000, -0.049785517, -0.0036651916, 0.020158553
7816789357000, -0.065973446, -0.004581489, 0.018936822
7816794388000, -0.070249505, 0.005497787, 0.010079277
7816799386000, -0.08460484, 0.013744468, 0.005497787
7816804395000, -0.09865474, 0.021685716, 6.1086525E-4
7816809384000, -0.101098195, 0.016798794, -0.006414085
7816814378000, -0.09682214, -0.00580322, -0.0061086523
7816819440000, -0.1151481, -0.013133603, -0.023518313
7816824394000, -0.11636983, -0.028710667, -0.02687807
7816829429000, -0.1328632, -0.03390302, -0.03023783
7816834388000, -0.15454891, -0.025961773, -0.027488936
7816839455000, -0.172264, -0.012217305, -0.034513887
7816844419000, -0.18325958, -0.0018325958, -0.036651913
7816849410000, -0.18142697, 0.0018325958, -0.051923547
7816854432000, -0.18448131, 0.00580322, -0.047036625
7816859422000, -0.18753563, 0.027183503, -0.04520403
7816864419000, -0.19822577, 0.048563786, -0.04428773
7816869461000, -0.18875736, 0.07941248, -0.055283304
7816874425000, -0.19028452, 0.11178834, -0.0580322
7816879414000, -0.18509217, 0.116675265, -0.06291912
7816884461000, -0.17806722, 0.10323623, -0.0711658
7816889424000, -0.17592919, 0.0842994, -0.08155051
7816894420000, -0.1704314, 0.056199603, -0.09040806
7816899424000, -0.17501289, 0.04153884, -0.09193522
7816904428000, -0.17287487, 0.009773844, -0.09682214
7816909424000, -0.17195857, -0.007941248, -0.106595986
7816914431000, -0.16920967, -0.026267206, -0.1133155
7816919456000, -0.15515977, -0.03970624, -0.12797627
7816924423000, -0.15943582, -0.051618114, -0.13164146
7816929417000, -0.14385876, -0.048258353, -0.13775012
7816934393000, -0.13439035, -0.048258353, -0.14172074
7816939435000, -0.118507855, -0.06078109, -0.12797627
7816944420000, -0.09162979, -0.07544186, -0.12308934
7816949422000, -0.08674286, -0.096516706, -0.11178834
7816954423000, -0.074830994, -0.10873401, -0.09162979
7816959424000, -0.06658431, -0.0983493, -0.08246681
7816964358000, -0.051618114, -0.067500606, -0.064751714
7816969447000, -0.040011674, -0.013744468, -0.04428773
