#Rate of rotation around the x y z axes (Angular velocity).
#timestamp(ns),x,y,z(rad/s)
#Datetime: 18/05/2015 11:55:43
##########################################
#Activity: 8 - CSI - Car-Step in - 6s
#Subject ID: 54
#First Name: sub54
#Last Name: sub54
#Age: 27
#Height(cm): 164
#Weight(kg): 55
#Gender: Female
##########################################

@DATA
2444569813000, -0.0036651916, -0.06383542, -0.019547688
2444574736000, -0.003970624, -0.06872234, -0.026267206
2444579739000, -0.008552114, -0.07238753, -0.015882496
2444584770000, -0.006414085, -0.08277224, -0.01038471
2444589754000, 0.007330383, -0.06811147, -0.006414085
2444594736000, 0.00580322, -0.059864793, -0.011301007
2444599756000, 0.0036651916, -0.052839845, -0.009162978
2444604895000, 0.005497787, -0.05100725, -0.011911872
2444609841000, 0.0030543262, -0.043982297, -0.014966198
2444614729000, 6.1086525E-4, -0.03940081, -0.01160644
2444619861000, 0.004581489, -0.035430185, -0.002443461
2444624773000, 0.005192355, -0.035430185, 0.004581489
2444630436000, 0.016187929, -0.021380283, 0.004276057
2444634822000, 0.015577064, -0.0125227375, 0.005192355
2444639780000, 0.01160644, -0.002443461, -6.1086525E-4
2444644775000, 0.0106901415, -0.0027488936, 0.004886922
2444649806000, 0.005497787, 0.008857546, 0.010995574
2444654885000, 0.006414085, 0.024129177, 0.006414085
2444659780000, 0.011911872, 0.03940081, 0.008552114
2444664735000, 0.007941248, 0.055283304, 0.01038471
2444669888000, 0.008246681, 0.0571159, 0.009162978
2444674778000, 0.004276057, 0.07360926, 0.012217305
2444679784000, 0.005497787, 0.07849618, 0.015577064
2444684813000, 0.00580322, 0.09040806, 0.01038471
2444689780000, 0.007330383, 0.09865474, 0.0106901415
2444694773000, 0.004276057, 0.100792766, 0.0061086523
2444700142000, -0.005497787, 0.10995574, 0.004276057
2444704885000, -0.00580322, 0.12675454, 0.014966198
2444709779000, 0.004581489, 0.14049901, 0.01985312
2444714776000, -0.0012217305, 0.13927728, 0.01985312
2444719834000, -0.005497787, 0.1469131, 0.015271631
2444724788000, 0.003970624, 0.15302174, 0.020158553
2444729773000, 0.002443461, 0.14721853, 0.024129177
2444734776000, -0.002443461, 0.15821409, 0.029932396
2444739744000, -6.1086525E-4, 0.1572978, 0.034513887
2444744738000, -9.162979E-4, 0.17287487, 0.043066
2444749805000, -9.162979E-4, 0.17195857, 0.043066
2444754801000, -6.1086525E-4, 0.17867808, 0.048563786
2444759738000, 0.010079277, 0.1853976, 0.03726278
2444764725000, 0.004886922, 0.18417588, 0.042455133
2444769806000, 0.009773844, 0.17440203, 0.04184427
2444774741000, 0.025045475, 0.18692477, 0.043676864
2444779739000, 0.022907447, 0.18051068, 0.046731193
2444784763000, 0.019242255, 0.17898351, 0.0421497
2444789744000, 0.021991149, 0.18295415, 0.03756821
2444794744000, 0.032070424, 0.183565, 0.034208454
2444799764000, 0.04062254, 0.18142697, 0.030848695
2444804791000, 0.03970624, 0.17928895, 0.01863139
2444809739000, 0.036651913, 0.17684549, 0.01863139
2444814773000, 0.044898596, 0.172264, 0.020158553
2444819775000, 0.04795292, 0.16310102, 0.01282817
2444824742000, 0.053145275, 0.1554652, 0.01038471
2444829736000, 0.057726767, 0.14508049, 0.0015271631
2444834772000, 0.058337633, 0.13897185, 3.0543262E-4
2444839776000, 0.0571159, 0.1469131, 9.162979E-4
2444844739000, 0.055588737, 0.14569137, -0.0067195175
2444849786000, 0.059253927, 0.14080444, -0.0012217305
2444854796000, 0.05681047, 0.13622294, -0.0021380284
2444859739000, 0.052534413, 0.13225232, -0.0021380284
2444864744000, 0.064751714, 0.14782938, -0.0015271631
2444869808000, 0.05589417, 0.14844026, 0.004886922
2444874741000, 0.05375614, 0.14294247, -0.0027488936
2444879738000, 0.052534413, 0.14019357, -0.004581489
2444884769000, 0.053145275, 0.15027285, -0.0021380284
2444889757000, 0.052839845, 0.14752395, 0.0033597588
2444894736000, 0.0421497, 0.15515977, 0.0030543262
2444899775000, 0.043676864, 0.15424347, 0.01282817
2444904801000, 0.043066, 0.15210545, 0.0106901415
2444909752000, 0.041233405, 0.15668693, 0.011911872
2444914740000, 0.035430185, 0.14782938, 0.007941248
2444919774000, 0.030848695, 0.14263703, 0.013744468
2444924741000, 0.024740042, 0.15271631, 0.015271631
2444929734000, 0.027183503, 0.15515977, 0.017715093
2444934776000, 0.034208454, 0.14874569, 0.026267206
2444939744000, 0.028405234, 0.14782938, 0.032375857
2444944736000, 0.022907447, 0.14630222, 0.025045475
2444949808000, 0.021685716, 0.15393804, 0.025350908
2444955305000, 0.024740042, 0.15363261, 0.034208454
2444959782000, 0.021685716, 0.16035213, 0.037873644
2444964740000, 0.0030543262, 0.15485434, 0.03604105
2444969838000, 0.013744468, 0.14660765, 0.03970624
2444974789000, 0.009468411, 0.15668693, 0.04153884
2444979783000, 0.009162978, 0.16218472, 0.040011674
2444984806000, 0.0030543262, 0.15974127, 0.03970624
2444989782000, 0.004886922, 0.16218472, 0.03756821
2444994774000, 0.002443461, 0.16035213, 0.03573562
2444999774000, 0.0021380284, 0.15118915, 0.038179077
2445004909000, 0.004276057, 0.15210545, 0.035124753
2445009876000, 0.009468411, 0.14508049, 0.033292156
2445014764000, -0.0030543262, 0.15149458, 0.03756821
2445019838000, 0.004886922, 0.15393804, 0.035124753
2445025316000, 0.009468411, 0.1459968, 0.038789943
2445029774000, 0.008552114, 0.1469131, 0.038179077
2445034807000, 0.012217305, 0.14355333, 0.03940081
2445039778000, 0.018020526, 0.1459968, 0.040317107
2445044771000, 0.007330383, 0.1414153, 0.03390302
2445049826000, 0.004581489, 0.13622294, 0.040317107
2445054857000, -3.0543262E-4, 0.13836098, 0.03604105
2445059869000, 0.0015271631, 0.13652839, 0.039095376
2445064743000, 0.012217305, 0.14630222, 0.042760566
2445069862000, 9.162979E-4, 0.1414153, 0.049480084
2445074791000, 0.008246681, 0.15149458, 0.042760566
2445079772000, -0.0030543262, 0.15363261, 0.042455133
2445084805000, -0.0076358155, 0.15271631, 0.05467244
2445089775000, -0.004276057, 0.15057829, 0.058948494
2445094910000, -0.004276057, 0.18081611, 0.056505036
2445099822000, -0.008246681, 0.19792034, 0.060170226
2445104869000, -0.008552114, 0.16920967, 0.07696902
2445109713000, -0.015577064, 0.17165314, 0.082161374
2445114770000, -0.011911872, 0.17959438, 0.07941248
2445119792000, -0.021685716, 0.1863139, 0.08827003
2445124762000, -0.032986723, 0.19517145, 0.098043874
2445129735000, -0.03604105, 0.19792034, 0.109650314
2445134768000, -0.027488936, 0.21288654, 0.11148291
2445139742000, -0.04734206, 0.21838433, 0.122478485
2445144740000, -0.04886922, 0.22937989, 0.13591751
2445149775000, -0.05222898, 0.23701571, 0.14080444
2445154797000, -0.061391957, 0.24801129, 0.15210545
2445159737000, -0.064446285, 0.2556471, 0.1563815
2445164870000, -0.0729984, 0.26419923, 0.15699236
2445169809000, -0.08827003, 0.27152961, 0.1704314
2445174745000, -0.09193522, 0.2770274, 0.16462818
2445179732000, -0.09560041, 0.2968805, 0.18661933
2445184767000, -0.1001819, 0.30665436, 0.1826487
2445189749000, -0.101098195, 0.31337386, 0.19058995
2445194734000, -0.10354166, 0.3387248, 0.1957823
2445199830000, -0.11178834, 0.34666604, 0.20219639
2445204838000, -0.10873401, 0.35613444, 0.20586158
2445209772000, -0.10934488, 0.35430184, 0.2098322
2445214776000, -0.11362094, 0.36682457, 0.2134974
2445219834000, -0.12095132, 0.37201694, 0.21594086
2445224782000, -0.113926366, 0.38331795, 0.21838433
2445229773000, -0.122478485, 0.3903429, 0.22876903
2445234814000, -0.12003502, 0.39461896, 0.23243423
2445239779000, -0.13194689, 0.3903429, 0.23335053
2445244771000, -0.1414153, 0.3912592, 0.24312437
2445249802000, -0.1432479, 0.3943135, 0.25289822
2445254837000, -0.15668693, 0.3924809, 0.25411993
2445259777000, -0.16829337, 0.38240165, 0.25442538
2445264742000, -0.17379116, 0.38362336, 0.26816985
2445269845000, -0.17592919, 0.38820487, 0.27366763
2445274780000, -0.1777618, 0.408058, 0.27000242
2445280355000, -0.1853976, 0.4166101, 0.2733622
2445284818000, -0.19486602, 0.42241332, 0.27305678
2445289779000, -0.18509217, 0.41783184, 0.27885997
2445294773000, -0.17592919, 0.43493605, 0.2770274
2445299810000, -0.1704314, 0.43096542, 0.28405234
2445304798000, -0.16310102, 0.43890667, 0.2843578
2445309751000, -0.1704314, 0.43799037, 0.28680122
2445314878000, -0.15057829, 0.43951756, 0.28863382
2445319759000, -0.1554652, 0.43890667, 0.28771752
2445324859000, -0.16340645, 0.4279111, 0.29810223
2445329816000, -0.18051068, 0.42424592, 0.29871312
2445334849000, -0.1881465, 0.41813725, 0.30482176
2445339781000, -0.18753563, 0.42119157, 0.30665436
2445344815000, -0.18906279, 0.42058071, 0.3155119
2445350630000, -0.18081611, 0.419359, 0.31520647
2445354792000, -0.1872302, 0.42058071, 0.3231477
2445384763000, -0.122783914, 0.49357912, 0.29535335
2445389726000, -0.08979719, 0.52442783, 0.2782491
2445394836000, -0.059253927, 0.5681047, 0.2761111
2445399819000, -0.04337143, 0.5815437, 0.2602286
2445404833000, -0.027488936, 0.5876524, 0.25473082
2445409724000, 0.0125227375, 0.5873469, 0.24831672
2445414770000, 0.029321533, 0.59131753, 0.2501493
2445419965000, 0.048258353, 0.61300325, 0.25045475
2445424777000, 0.080634214, 0.63316184, 0.26236662
2445429775000, 0.124005646, 0.6444628, 0.26725355
2445434812000, 0.14630222, 0.6417139, 0.25686884
2445439781000, 0.15851954, 0.6365216, 0.26053402
2445444782000, 0.1563815, 0.63132924, 0.26389378
2445449834000, 0.14019357, 0.6065892, 0.26145032
2445454834000, 0.15515977, 0.5858198, 0.25961772
2445459778000, 0.16646078, 0.56413406, 0.26908615
2445464733000, 0.16737708, 0.5308419, 0.2657264
2445469789000, 0.1572978, 0.48258355, 0.2764165
2445474716000, 0.14508049, 0.4437936, 0.28496864
2445479740000, 0.13805555, 0.3943135, 0.2837469
2445484757000, 0.14019357, 0.3494149, 0.2883284
2445489962000, 0.12705997, 0.30176744, 0.2947425
2445494726000, 0.12522738, 0.28771752, 0.28496864
2445499838000, 0.12644911, 0.25503623, 0.28527406
2445504802000, 0.1160644, 0.22143865, 0.2773328
2445509777000, 0.10170906, 0.20738874, 0.27091873
2445514778000, 0.094989546, 0.19822577, 0.26358834
2445519858000, 0.0852157, 0.19639318, 0.25473082
2445524816000, 0.06811147, 0.17806722, 0.23915374
2445529774000, 0.059864793, 0.16676621, 0.21930063
2445534924000, 0.03756821, 0.15393804, 0.19853121
2445539749000, 0.01740966, 0.14110987, 0.18325958
2445544717000, -0.004581489, 0.13713925, 0.15485434
2445549804000, -0.011301007, 0.13713925, 0.13713925
2445554850000, -0.01985312, 0.12705997, 0.11942416
2445559846000, -0.011911872, 0.10751228, 0.108123146
2445564750000, -0.022296581, 0.098043874, 0.096516706
2445569811000, -0.005192355, 0.093462385, 0.09254608
2445574741000, 0.0076358155, 0.087964594, 0.080634214
2445579731000, 0.018325957, 0.07849618, 0.093462385
2445584775000, 0.012217305, 0.07971791, 0.09621128
2445589739000, 0.005497787, 0.06994407, 0.093767814
2445594735000, -0.0018325958, 0.07422013, 0.0888809
2445599760000, -0.02076942, 0.06536258, 0.101098195
2445605362000, -0.050396383, 0.05009095, 0.105374254
2445609757000, -0.0580322, 0.03145956, 0.08857546
2445614774000, -0.06383542, 0.013744468, 0.07452556
2445619793000, -0.063224554, -0.0036651916, 0.08277224
2445624787000, -0.06688975, -0.03573562, 0.089491755
2445629832000, -0.067500606, -0.073303826, 0.10598512
2445634812000, -0.08124508, -0.09743301, 0.124005646
2445639764000, -0.08827003, -0.13652839, 0.14813483
2445644771000, -0.086437434, -0.17837265, 0.19425514
2445649841000, -0.09773844, -0.20066923, 0.22082779
2445654845000, -0.099265605, -0.22327125, 0.25992316
2445659903000, -0.103847094, -0.24465153, 0.30970868
2445664733000, -0.0870483, -0.2602286, 0.35094208
2445670096000, -0.08674286, -0.267559, 0.39492437
2445675420000, -0.07941248, -0.2489276, 0.43585235
2445679717000, -0.070554934, -0.22449298, 0.46517387
2445684824000, -0.04550946, -0.17531833, 0.48533243
2445689724000, -0.029932396, -0.1518, 0.49449542
2445694773000, -0.015882496, -0.1151481, 0.51343226
2445699758000, 0.01038471, -0.069027774, 0.52931476
2445704849000, 0.049480084, -0.028405234, 0.528093
2445709721000, 0.08827003, 0.0070249503, 0.52748215
2445714772000, 0.111177474, 0.016187929, 0.5143485
2445719790000, 0.13561209, 0.028405234, 0.4978552
2445724781000, 0.14049901, 0.025350908, 0.49510628
2445729777000, 0.13591751, 0.013439035, 0.47342056
2445734814000, 0.11759156, -0.015271631, 0.47708577
2445739781000, 0.10629055, -0.05955936, 0.47769663
2445745121000, 0.093767814, -0.11759156, 0.48533243
2445749812000, 0.08093964, -0.17501289, 0.4886922
2445754834000, 0.06841691, -0.22999077, 0.49510628
2445759780000, 0.06658431, -0.28344148, 0.4905248
2445764732000, 0.055588737, -0.34666604, 0.48716503
2445769894000, 0.05681047, -0.38698313, 0.46914452
2445774777000, 0.06414085, -0.41630468, 0.45234573
2445779772000, 0.0720821, -0.43585235, 0.43982297
2445784800000, 0.07666359, -0.46211955, 0.42332962
2445789782000, 0.089186326, -0.45998153, 0.42210788
2445794752000, 0.09468412, -0.46303585, 0.4184427
2445799789000, 0.105068825, -0.47891834, 0.41141775
2445804758000, 0.12308934, -0.48899764, 0.41355577
2445809779000, 0.122478485, -0.4978552, 0.4288274
2445815075000, 0.116980694, -0.5317582, 0.4465425
2445819919000, 0.11362094, -0.5751296, 0.47158796
2445824770000, 0.09896017, -0.591623, 0.5018258
2445829775000, 0.08307768, -0.6215554, 0.5164866
2445834804000, 0.08307768, -0.6377433, 0.5323691
2445839789000, 0.0729984, -0.6627888, 0.5537493
2445844765000, 0.033292156, -0.6814202, 0.56382865
2445849784000, 0.0018325958, -0.6973027, 0.5702427
2445855140000, -0.028405234, -0.6939429, 0.5870415
2445859739000, -0.052839845, -0.6994407, 0.5925393
2445864935000, -0.089186326, -0.7058548, 0.59712076
2445869864000, -0.13652839, -0.71959925, 0.5928447
2445875115000, -0.17104226, -0.7272351, 0.57757306
2445879775000, -0.19822577, -0.73823065, 0.5751296
2445884837000, -0.2098322, -0.7370089, 0.55863625
2445889784000, -0.204029, -0.74067414, 0.550695
2445894714000, -0.20158553, -0.7644979, 0.54550266
2445899820000, -0.19058995, -0.8038987, 0.52778757
2445904777000, -0.1704314, -0.8167268, 0.51068336
2445909779000, -0.17531833, -0.8594874, 0.48899764
2445914778000, -0.18295415, -0.89736104, 0.4654793
2445919874000, -0.19486602, -0.92485, 0.45051312
2445924780000, -0.19486602, -0.93034774, 0.42913285
2445930681000, -0.19486602, -0.91415983, 0.410196
2445934775000, -0.18325958, -0.8933904, 0.38331795
2445939781000, -0.16554448, -0.8594874, 0.36713
2445944775000, -0.14538592, -0.8127562, 0.34788775
2445949815000, -0.14630222, -0.7672467, 0.33078352
2445954920000, -0.13927728, -0.7318166, 0.2947425
2445959775000, -0.1432479, -0.6939429, 0.26511553
2445964743000, -0.15241088, -0.6774496, 0.24648413
2445969777000, -0.13225232, -0.6649268, 0.21319197
2445974743000, -0.14080444, -0.6420194, 0.18020524
2445979734000, -0.15363261, -0.6239988, 0.1459968
2445984774000, -0.16462818, -0.6215554, 0.111177474
2445989740000, -0.16676621, -0.5888741, 0.087964594
2445994733000, -0.16157386, -0.5842926, 0.059864793
2446000125000, -0.14538592, -0.54550266, 0.05131268
2446004805000, -0.1282817, -0.4999932, 0.027183503
2446009711000, -0.09987647, -0.47586402, 0.008857546
2446014778000, -0.06994407, -0.45723262, -0.008552114
2446019766000, -0.054367006, -0.45540005, -0.02687807
2446024788000, -0.049480084, -0.43982297, -0.039095376
2446029713000, -0.05375614, -0.38759398, -0.080634214
2446034777000, -0.06658431, -0.4147775, -0.08399397
2446039718000, -0.07513642, -0.40561453, -0.076052725
2446044740000, -0.07666359, -0.38637227, -0.09437868
2446049721000, -0.08857546, -0.38545597, -0.112399206
2446054866000, -0.10445796, -0.38331795, -0.13133603
2446059728000, -0.13225232, -0.39400807, -0.1572978
2446064733000, -0.14721853, -0.39706242, -0.18325958
2446070268000, -0.15515977, -0.39553526, -0.21410827
2446074745000, -0.160963, -0.39584067, -0.24831672
2446079732000, -0.17959438, -0.39400807, -0.2770274
2446084757000, -0.18478674, -0.3839288, -0.2843578
2446089776000, -0.17837265, -0.39278635, -0.3436117
2446094778000, -0.1881465, -0.4098906, -0.38973203
2446099804000, -0.23243423, -0.43982297, -0.3921755
2446104858000, -0.23945917, -0.4288274, -0.38453966
2446109801000, -0.24251351, -0.41233405, -0.4007276
2446114776000, -0.26358834, -0.43066, -0.40683624
2446119782000, -0.2864958, -0.47067168, -0.41538838
2446124762000, -0.312763, -0.5140431, -0.4251622
2446129784000, -0.3371976, -0.55924714, -0.41996986
2446134770000, -0.3659083, -0.5992588, -0.41783184
2446140161000, -0.40439278, -0.657291, -0.43004912
2446144734000, -0.41050145, -0.7098254, -0.47525316
2446149783000, -0.43951756, -0.7846564, -0.47525316
2446154863000, -0.4428773, -0.83658, -0.44623706
2446159797000, -0.44868052, -0.87872964, -0.41386122
2446164740000, -0.48808134, -0.9266826, -0.40378192
2446169772000, -0.51251596, -0.9779953, -0.3930918
2446174785000, -0.539394, -1.0421361, -0.3933972
2446179713000, -0.56138515, -1.0650436, -0.38973203
2446184798000, -0.58032197, -1.1258247, -0.38606682
2446189725000, -0.59895337, -1.1808025, -0.38362336
2446194771000, -0.61483586, -1.2391402, -0.39278635
2446199742000, -0.6252206, -1.2925909, -0.38362336
2446204864000, -0.66339964, -1.3588698, -0.376293
2446209875000, -0.6740898, -1.4147639, -0.37995818
2446214768000, -0.65270954, -1.4437801, -0.37140608
2446219760000, -0.64873886, -1.4492778, -0.3585779
2446224783000, -0.62888575, -1.4379768, -0.34666604
2446229777000, -0.6230826, -1.4288138, -0.35308012
2446234814000, -0.6243043, -1.4230106, -0.35002577
2446239780000, -0.61453044, -1.4153748, -0.35979962
2446244773000, -0.6059783, -1.3881912, -0.3680463
2446249807000, -0.6020077, -1.3677273, -0.38545597
2446254894000, -0.58184916, -1.3478742, -0.40683624
2446259803000, -0.5821546, -1.3139712, -0.41080686
2446264728000, -0.58093286, -1.2901474, -0.41783184
2446269904000, -0.57940567, -1.2495248, -0.42332962
2446274779000, -0.5891795, -1.2046263, -0.43279803
2446279802000, -0.57726765, -1.1850786, -0.43585235
2446284812000, -0.5757405, -1.151481, -0.44959682
2446289779000, -0.5726862, -1.1328496, -0.45112398
2446294771000, -0.5448918, -1.1053606, -0.44837508
2446299812000, -0.5549711, -1.0885619, -0.44684792
2446304826000, -0.5671884, -1.0684034, -0.43585235
2446309811000, -0.58246, -1.0473285, -0.43004912
2446314734000, -0.6038403, -1.0311406, -0.42485678
2446319799000, -0.63163465, -0.9954049, -0.4098906
2446325119000, -0.6407976, -0.979217, -0.36865717
2446329816000, -0.66920286, -0.9578367, -0.344528
2446334718000, -0.6774496, -0.9288206, -0.33078352
2446339804000, -0.6780604, -0.8604037, -0.29901853
2446344749000, -0.6750061, -0.7867944, -0.25167647
2446349800000, -0.6942484, -0.7247916, -0.19975294
2446364736000, -0.8035932, -0.50243664, -0.008552114
2446369834000, -0.8219192, -0.4392121, 0.029321533
2446374773000, -0.82711154, -0.41355577, 0.058337633
2446379776000, -0.81092364, -0.35613444, 0.06780604
2446384790000, -0.8063421, -0.28680122, 0.09712757
2446389784000, -0.80756384, -0.22571471, 0.11362094
2446395245000, -0.79412484, -0.19181168, 0.09712757
2446399822000, -0.7846564, -0.17592919, 0.07147124
2446404870000, -0.77213365, -0.20586158, 0.069027774
2446409768000, -0.7678576, -0.25289822, 0.038179077
2446414987000, -0.7495316, -0.30695978, 0.021380283
2446419848000, -0.72418076, -0.39614612, 0.006414085
2446425077000, -0.6930266, -0.5015204, -0.030848695
2446430428000, -0.67103547, -0.6093381, -0.021991149
2446434781000, -0.634689, -0.7431176, -0.041233405
2446439778000, -0.59498274, -0.81397796, -0.02076942
2446444713000, -0.5112942, -0.91324353, 0.022296581
2446449808000, -0.43218717, -1.0213667, 0.014049901
2446454775000, -0.35796702, -1.0952814, 0.06261369
2446459778000, -0.29901853, -1.1407908, 0.1151481
2446464714000, -0.25595254, -1.1001683, 0.16982053
2446469834000, -0.22907446, -1.0134255, 0.23151793
2446474764000, -0.21991149, -0.9850202, 0.24862215
2446479770000, -0.22327125, -0.9379836, 0.28893927
2446484844000, -0.24037547, -0.8588765, 0.29810223
2446489779000, -0.24740042, -0.73975784, 0.2779437
2446494776000, -0.27763826, -0.6151413, 0.22388211
2446499783000, -0.3213151, -0.5170974, 0.14202617
2446504842000, -0.31703907, -0.36743546, 0.045814894
2446509776000, -0.38240165, -0.24373524, -0.047036625
2446514774000, -0.37293324, -0.10048734, -0.08002335
2446519819000, -0.32070425, 0.040317107, -0.09040806
2446524784000, -0.2932153, 0.13255776, -0.10873401
2446529769000, -0.2574797, 0.22357668, -0.13591751
2446534810000, -0.24312437, 0.29443705, -0.1282817
2446539777000, -0.18081611, 0.4129449, -0.13744467
2446544778000, -0.15485434, 0.38606682, -0.14202617
2446549844000, -0.15607607, 0.3735441, -0.13194689
2446554844000, -0.160963, 0.35827246, -0.12583824
2446559775000, -0.15057829, 0.3304781, -0.14080444
2446564737000, -0.15027285, 0.25717425, -0.17623462
2446569765000, -0.15943582, 0.24190263, -0.17348573
2446574786000, -0.17134771, 0.24373524, -0.17623462
2446579771000, -0.15851954, 0.2519819, -0.19822577
2446584820000, -0.16187929, 0.24770586, -0.20616703
2446589779000, -0.16249016, 0.26053402, -0.23396139
2446594776000, -0.17287487, 0.2864958, -0.26939157
2446599792000, -0.18020524, 0.31978795, -0.30176744
2446604838000, -0.18845193, 0.34269542, -0.37873647
2446609897000, -0.21013765, 0.32559118, -0.43860126
2446614755000, -0.20891592, 0.39187005, -0.42943826
2446619949000, -0.21197024, 0.42913285, -0.4196644
2446624777000, -0.22021692, 0.45112398, -0.4266894
2446629973000, -0.23304509, 0.46303585, -0.40744713
2446634817000, -0.24190263, 0.48258355, -0.39767328
2446639796000, -0.27885997, 0.48075095, -0.38026363
2446644777000, -0.31978795, 0.42546764, -0.37843102
2446649833000, -0.36132678, 0.46822822, -0.32803464
2446654858000, -0.37415496, 0.50243664, -0.20463985
2446659751000, -0.42210788, 0.52687126, -0.061391957
2446664736000, -0.39370266, 0.54336464, -0.04550946
2446669836000, -0.42821655, 0.5384777, -0.07086037
2446674778000, -0.44684792, 0.54183745, -0.08979719
2446679774000, -0.5021312, 0.5467244, -0.11759156
2446685137000, -0.5317582, 0.5653558, -0.1441642
2446689781000, -0.58001655, 0.5516113, -0.20830505
2446694772000, -0.62980205, 0.54061574, -0.23243423
2446699816000, -0.677755, 0.54092115, -0.23640485
2446704825000, -0.7309003, 0.559858, -0.22968534
2446709778000, -0.79229224, 0.60139686, -0.21105394
2446714766000, -0.8604037, 0.6123924, -0.19822577
2446719895000, -0.9309586, 0.6068946, -0.183565
2446724741000, -0.98929626, 0.6026186, -0.18081611
2446729734000, -1.0442741, 0.59712076, -0.18020524
2446734758000, -1.102001, 0.6032294, -0.18295415
2446739747000, -1.1450669, 0.6078109, -0.20952678
2446744732000, -1.1844677, 0.6310238, -0.21074851
2446749770000, -1.1795808, 0.6337727, -0.24556783
2446755593000, -1.1801916, 0.634689, -0.28038713
2446759737000, -1.1728612, 0.6065892, -0.32559118
2446764728000, -1.1710287, 0.59315014, -0.38056904
2446769847000, -1.169807, 0.5674938, -0.39187005
2446774732000, -1.1582005, 0.57604593, -0.34208453
2446779736000, -1.1643091, 0.57787853, -0.26175576
2446784751000, -1.146594, 0.49877146, -0.34208453
2446789744000, -1.1792754, 0.40194935, -0.3915646
2446794735000, -1.2165382, 0.33444872, -0.44593164
2446799755000, -1.2574661, 0.2996294, -0.5122105
2446804752000, -1.3271047, 0.310625, -0.5122105
2446809738000, -1.3820826, 0.3191771, -0.49174652
2446814710000, -1.4294246, 0.344528, -0.48655418
2446819786000, -1.4837917, 0.36285394, -0.50854534
2446825079000, -1.5427402, 0.36957347, -0.50885075
2446829736000, -1.5757269, 0.35735616, -0.5170974
2446834761000, -1.6123788, 0.33169982, -0.5158757
2446839743000, -1.6230689, 0.37018433, -0.5467244
2446844734000, -1.6551393, 0.33292156, -0.5723807
2446849771000, -1.6649132, 0.3145956, -0.56291234
2446854805000, -1.6780468, 0.27916542, -0.5555819
2446859740000, -1.6872098, 0.24465153, -0.5335908
2446864730000, -1.6734654, 0.22999077, -0.52106804
2446869808000, -1.677436, 0.20861048, -0.52412236
2446874744000, -1.668273, 0.1301143, -0.49510628
2446879734000, -1.6523905, 0.083383106, -0.45112398
2446884764000, -1.6511687, 0.0711658, -0.3827071
2446889744000, -1.6878207, 0.11575896, -0.105374254
2446894730000, -1.6410894, -0.004886922, -0.15302174
2446899774000, -1.6603317, -0.1704314, -0.16279559
2446904807000, -1.7128662, -0.24617869, -0.1695151
2446909736000, -1.7654005, -0.31245756, -0.16187929
2446915100000, -1.8472565, -0.3387248, -0.0842994
2446919788000, -1.9459113, -0.35888332, 0.008246681
2446924721000, -2.0390682, -0.37690386, 0.070554934
2446929735000, -2.1096232, -0.39553526, 0.12308934
2446934738000, -2.196366, -0.42363504, 0.16707164
2446939744000, -2.2449298, -0.45081854, 0.19822577
2446944712000, -2.2809708, -0.47983465, 0.22113322
2446949768000, -2.289523, -0.48380527, 0.25167647
2446954899000, -2.303573, -0.46853364, 0.26816985
2446959807000, -2.302962, -0.4654793, 0.29535335
2446964732000, -2.3063216, -0.44623706, 0.3042109
2446969811000, -2.307849, -0.4813618, 0.32406402
2446974877000, -2.3310618, -0.49846604, 0.34574974
2446979730000, -2.3322835, -0.40194935, 0.37812558
2446984773000, -2.307238, -0.33964106, 0.41599923
2446989745000, -2.2947154, -0.30543262, 0.4156938
2446994735000, -2.2531765, -0.31490102, 0.44226643
2446999756000, -2.2339342, -0.26847526, 0.45173484
2447004810000, -2.2079725, -0.23854288, 0.45448375
2447010414000, -2.1917844, -0.14844026, 0.5235115
2447014713000, -2.1688771, 0.015882496, 0.5882632
2447019773000, -2.147802, 0.12003502, 0.6270532
2447024796000, -2.1273382, 0.18570304, 0.64843345
2447029683000, -2.1270328, 0.25320363, 0.7309003
2447034727000, -2.1398609, 0.29260445, 0.7693848
2447039722000, -2.144137, 0.3115413, 0.7965683
2447044815000, -2.1502457, 0.3652974, 0.8179486
2447049747000, -2.1065688, 0.3549127, 0.84971356
2447054771000, -2.076331, 0.35918877, 0.8503244
2447059788000, -1.994475, 0.36713, 0.8686504
2447064692000, -1.9407189, 0.3585779, 0.8570439
2447069748000, -1.8515326, 0.33414328, 0.8240572
2447074747000, -1.7638733, 0.31245756, 0.8359691
2447080281000, -1.642922, 0.3042109, 0.8072584
2447084904000, -1.5314392, 0.29749137, 0.7272351
2447089828000, -1.4309518, 0.22449298, 0.7104363
2447094971000, -1.3359623, 0.26206118, 0.68600166
2447099871000, -1.2357804, 0.2883284, 0.63224554
2447104724000, -1.1560625, 0.24007004, 0.63255095
2447109684000, -1.1007792, 0.21991149, 0.6569856
2447114745000, -1.0793989, 0.18906279, 0.6249151
2447119947000, -1.1114693, 0.13316862, 0.6618725
2447124819000, -1.1365148, 0.13041973, 0.7431176
2447129766000, -1.1523973, 0.1001819, 0.79137594
2447134910000, -1.1575897, 0.008246681, 0.85918194
2447139664000, -1.1792754, -0.06780604, 0.9251554
2447144754000, -1.1808025, -0.12217305, 0.9807441
2447149809000, -1.1582005, -0.21533, 1.0118983
2447155257000, -1.1453724, -0.27885997, 1.0372492
2447159709000, -1.1047498, -0.2919936, 1.0302242
2447164728000, -1.0635164, -0.2996294, 1.0329732
2447169731000, -0.9954049, -0.28160888, 1.0115929
2447174969000, -0.9230174, -0.27580565, 0.9624182
2447179709000, -0.81306165, -0.27550024, 0.89980453
2447184761000, -0.70524395, -0.24373524, 0.84116143
2447189906000, -0.6404922, -0.19028452, 0.7959574
2447194744000, -0.59528816, -0.16310102, 0.7147123
2447199686000, -0.569021, -0.115453534, 0.6450737
2447205213000, -0.57757306, -0.09254608, 0.6038403
2447209677000, -0.56138515, -0.050701816, 0.56169057
2447214772000, -0.5439755, 0.003970624, 0.5357288
2447220709000, -0.5357288, 0.046731193, 0.48930305
2447225339000, -0.52290064, 0.095294975, 0.46639562
2447229925000, -0.548557, 0.12461651, 0.42271876
2447235064000, -0.58123827, 0.1282817, 0.39614612
2447239841000, -0.6249151, 0.13988814, 0.36010507
2447244661000, -0.6554584, 0.16554448, 0.33292156
2447250120000, -0.68203104, 0.16462818, 0.30757064
2447254728000, -0.70952, 0.16798794, 0.29626966
2447259749000, -0.7244862, 0.16493362, 0.267559
2447264691000, -0.73853606, 0.17562376, 0.28191432
2447269676000, -0.71776664, 0.19211712, 0.30818152
2447274709000, -0.6966918, 0.20280726, 0.3286455
2447279721000, -0.6646214, 0.23701571, 0.34574974
2447284719000, -0.64721173, 0.2724459, 0.3662137
2447289705000, -0.65393126, 0.3182608, 0.37995818
2447294754000, -0.6814202, 0.36254853, 0.37904188
2447299698000, -0.70249504, 0.41080686, 0.37568212
2447304745000, -0.72051555, 0.44776422, 0.34513888
2447309739000, -0.73945236, 0.47769663, 0.2843578
2447314704000, -0.7458665, 0.48624873, 0.267559
2447319706000, -0.75747293, 0.48563787, 0.24740042
2447324667000, -0.784351, 0.44868052, 0.22235495
2447329687000, -0.8060367, 0.40775254, 0.21533
2447334685000, -0.84757555, 0.36193767, 0.22113322
2447339655000, -0.8872818, 0.32498032, 0.23304509
2447344678000, -0.92179567, 0.3136793, 0.25473082
2447349693000, -0.9776898, 0.29749137, 0.27947086
2447354685000, -0.99173975, 0.28496864, 0.29138273
2447359660000, -1.0024298, 0.28863382, 0.33017266
2447364652000, -1.0305296, 0.27855456, 0.3494149
2447369709000, -1.039998, 0.25686884, 0.3744604
2447374657000, -1.0564915, 0.2574797, 0.4034765
2447379651000, -1.0607675, 0.24251351, 0.43035457
2447384677000, -1.0629056, 0.22296582, 0.4615087
2447389659000, -1.0797043, 0.19700404, 0.51343226
2447394655000, -1.0928379, 0.16523905, 0.5742133
2447399687000, -1.119716, 0.19394971, 0.70066243
2447405454000, -1.1563679, 0.23854288, 0.8530733
2447409737000, -1.1982121, 0.18936823, 0.88117313
2447414710000, -1.2021828, 0.1872302, 0.7156286
2447419805000, -1.1881329, 0.1872302, 0.65148777
2447424752000, -1.2208142, 0.16065755, 0.8194757
2447429735000, -1.2119566, 0.16829337, 0.8927795
2447434762000, -1.1954633, 0.25442538, 0.895223
2447439767000, -1.2009611, 0.29046643, 0.8897252
2447444745000, -1.2253957, 0.3399465, 0.7257079
2447449758000, -1.2443326, 0.36743546, 0.7189884
2447454834000, -1.2684617, 0.34391713, 0.7812967
2447459736000, -1.2837334, 0.3368922, 0.9578367
2447464749000, -1.2815952, 0.35185838, 1.2208142
2447469835000, -1.2443326, 0.41813725, 1.3842206
2447475235000, -1.1982121, 0.41599923, 1.3735305
2447479732000, -1.17897, 0.39187005, 1.3274102
2447484770000, -1.1795808, 0.3707952, 1.1911873
2447489741000, -1.1887437, 0.32925636, 0.9492846
2447494734000, -1.2061534, 0.3286455, 0.9502009
2447499769000, -1.2229522, 0.35888332, 1.042747
2447504810000, -1.2030991, 0.44104472, 1.1985176
2447509794000, -1.180497, 0.59528816, 1.5393804
2447514728000, -1.10139, 0.7089091, 1.847562
2447519762000, -1.0412198, 0.66614854, 1.9120082
2447524742000, -1.0082331, 0.6407976, 1.9086485
2447529730000, -0.9569204, 0.61117065, 1.8658879
2447534768000, -0.9236283, 0.61544675, 1.8093829
2447539743000, -0.8732319, 0.6426302, 1.7721201
2447544859000, -0.8188649, 0.66706485, 1.7171422
2447549763000, -0.7696902, 0.6533204, 1.6355917
2447554799000, -0.7693848, 0.6227771, 1.2965615
2447559745000, -0.75319684, 0.5910121, 1.1475104
2447564725000, -0.7272351, 0.52931476, 1.2840388
2447569752000, -0.6872234, 0.47800204, 1.3994923
2447574740000, -0.63285637, 0.47128254, 1.3142766
2447579738000, -0.58184916, 0.419359, 1.2382239
2447584775000, -0.57451874, 0.33628133, 1.2272283
2447589739000, -0.57971114, 0.26328292, 1.1936307
2447594734000, -0.571159, 0.22082779, 1.1246029
2447599819000, -0.5644395, 0.14538592, 1.1108584
2447604841000, -0.573297, 0.093767814, 1.135293
2447609743000, -0.5503896, 0.1001819, 1.187522
2447614779000, -0.5015204, 0.14477506, 1.1902709
2447619804000, -0.4456262, 0.12950343, 1.2275337
2447624777000, -0.38973203, 0.14630222, 1.2709051
2447629755000, -0.34422258, 0.17837265, 1.320996
2447634818000, -0.2932153, 0.24404067, 1.4288138
2447639721000, -0.2144137, 0.31856623, 1.5961909
2447644773000, -0.1469131, 0.34513888, 1.7864754
2447649747000, -0.106901415, 0.39064834, 1.8842138
2447654838000, -0.038179077, 0.43860126, 2.0460932
2447659729000, -0.016493361, 0.4896085, 2.2547035
2447664733000, 0.03573562, 0.5687156, 2.4346035
2447669882000, 0.06994407, 0.65270954, 2.525317
2447674779000, 0.10567969, 0.6988298, 2.5653286
2447679775000, 0.12614368, 0.75319684, 2.5482244
2447684820000, 0.16523905, 0.7788532, 2.459038
2447689781000, 0.19364429, 0.71929383, 2.3286183
2447694796000, 0.19822577, 0.63132924, 2.1697934
2447699825000, 0.20066923, 0.5635232, 2.0094411
2447704833000, 0.19242255, 0.5345071, 1.8585575
2447709784000, 0.17379116, 0.58062744, 1.7482964
2447714770000, 0.17165314, 0.636827, 1.6792686
2447719825000, 0.18661933, 0.6973027, 1.6462818
2447724775000, 0.19181168, 0.73639804, 1.6389514
2447730125000, 0.1881465, 0.72784597, 1.636508
2447734796000, 0.16218472, 0.6948592, 1.616044
2447739794000, 0.15485434, 0.6795876, 1.6221527
2447744770000, 0.17073683, 0.6630942, 1.6157386
2447749817000, 0.17562376, 0.58551437, 1.5876387
2447754862000, 0.19792034, 0.4813618, 1.5421293
2447759847000, 0.21380283, 0.35155296, 1.464244
2447764825000, 0.22907446, 0.21410827, 1.3848315
2447769822000, 0.25717425, 0.07360926, 1.2922854
2447774774000, 0.28008172, -0.055588737, 1.2095132
2447779776000, 0.30085114, -0.17104226, 1.133155
2447784804000, 0.34269542, -0.28527406, 1.0241156
2447789785000, 0.36102137, -0.36193767, 0.92057395
2447794747000, 0.3915646, -0.43890667, 0.88422745
2447799759000, 0.43768495, -0.50701815, 0.84757555
2447804752000, 0.4428773, -0.5699373, 0.8231409
2447809775000, 0.4541783, -0.61666846, 0.80481493
2447814713000, 0.45112398, -0.63194007, 0.7791586
2447819833000, 0.4642576, -0.64812803, 0.7498371
2447824716000, 0.47739118, -0.65301496, 0.72326446
2447829774000, 0.50823987, -0.7357872, 0.6942484
2447834754000, 0.53969944, -0.7180721, 0.6588182
2447839777000, 0.56107974, -0.6881397, 0.59315014
2447844753000, 0.5897904, -0.6426302, 0.5580254
2447849828000, 0.64965516, -0.6337727, 0.49235737
2447854817000, 0.7156286, -0.6310238, 0.44135013
2447859863000, 0.75502944, -0.6243043, 0.37904188
2447864761000, 0.78893244, -0.6395759, 0.33414328
2447870077000, 0.8414669, -0.64904433, 0.29779682
2447874784000, 0.8732319, -0.6658431, 0.24648413
2447879778000, 0.8949176, -0.68233645, 0.18936823
2447884795000, 0.9074403, -0.72112644, 0.17195857
2447889784000, 0.9095783, -0.75869465, 0.15974127
2447894761000, 0.90224797, -0.79076505, 0.16340645
2447899815000, 0.90316427, -0.83291477, 0.20372356
2447904923000, 0.9016371, -0.8781188, 0.21838433
2447909792000, 0.8921687, -0.95264435, 0.25045475
2447914716000, 0.88056225, -1.0158689, 0.2959642
2447919829000, 0.8555168, -1.0858129, 0.32406402
2447924786000, 0.8481864, -1.1523973, 0.32803464
2447929769000, 0.8240572, -1.1658363, 0.35185838
2447934825000, 0.8072584, -1.1652255, 0.3539964
2447939797000, 0.8011498, -1.1615603, 0.35063666
2447944777000, 0.80481493, -1.1481212, 0.34055737
2447949816000, 0.8008443, -1.162782, 0.3118467
2447954840000, 0.7892379, -1.1872166, 0.2950479
2447959879000, 0.77854776, -1.1991285, 0.28955013
2447964738000, 0.77366084, -1.2095132, 0.2706133
2447969888000, 0.76174897, -1.2492194, 0.29138273
2447974786000, 0.75228053, -1.2999213, 0.29626966
2447979772000, 0.72295904, -1.3029755, 0.27763826
2447984792000, 0.6954701, -1.2873985, 0.25167647
2447989777000, 0.6881397, -1.2534955, 0.23732115
2447994776000, 0.67347896, -1.2067643, 0.19181168
2447999761000, 0.6365216, -1.1591167, 0.13164146
2448004849000, 0.5861252, -1.1074986, 0.06780604
2448009744000, 0.5555819, -1.0186177, -0.0076358155
2448014775000, 0.5369505, -0.9263771, -0.094989546
2448019827000, 0.5366451, -0.8561276, -0.18448131
2448024779000, 0.514654, -0.8304713, -0.2648101
2448029746000, 0.5045747, -0.8081747, -0.33475417
2448034826000, 0.5002986, -0.80909103, -0.3848451
2448039763000, 0.5195409, -0.8213083, -0.40653083
2448044779000, 0.5290093, -0.8445212, -0.44135013
2448049807000, 0.5403103, -0.86437434, -0.4465425
2448055458000, 0.54702985, -0.9569204, -0.47219884
2448059858000, 0.5320636, -0.9447031, -0.49480084
2448064734000, 0.5180137, -0.90316427, -0.516792
2448069965000, 0.4972443, -0.8536842, -0.5360342
2448074777000, 0.48624873, -0.8155051, -0.55833083
2448079750000, 0.44348818, -0.7834347, -0.5729916
2448084818000, 0.41813725, -0.72112644, -0.5626069
2448089768000, 0.3885103, -0.6621779, -0.5332854
2448094772000, 0.3640757, -0.59712076, -0.516792
2448099736000, 0.3368922, -0.5705481, -0.50885075
2448104923000, 0.29260445, -0.5549711, -0.4804455
2448109797000, 0.24678956, -0.56321776, -0.44532076
2448114775000, 0.18387043, -0.5739079, -0.42638394
2448119821000, 0.11911872, -0.5907067, -0.41996986
2448124728000, 0.05100725, -0.5861252, -0.37965274
2448129774000, -0.003970624, -0.5729916, -0.36071593
2448134816000, -0.034208454, -0.56016344, -0.33353242
2448139783000, -0.054061573, -0.52564955, -0.3191771
2448144772000, -0.079107046, -0.49266282, -0.2938262
2448149808000, -0.081855945, -0.4550946, -0.2770274
2448154847000, -0.09590584, -0.4382958, -0.25992316
2448159783000, -0.09285152, -0.4071417, -0.24831672
2448164734000, -0.084910266, -0.36835176, -0.23151793
2448169835000, -0.077579886, -0.32986724, -0.21991149
2448174775000, -0.05222898, -0.29657507, -0.1994475
2448179772000, -0.03726278, -0.28619036, -0.1872302
2448184809000, -0.03970624, -0.2593123, -0.15882497
2448189783000, -0.03848451, -0.24404067, -0.1328632
2448195067000, -0.038179077, -0.22632557, -0.1020145
2448199781000, -0.03359759, -0.22876903, -0.060170226
2448204853000, -0.03756821, -0.23609942, -0.015271631
2448209872000, -0.048258353, -0.24648413, 0.017104227
2448214768000, -0.05497787, -0.23671028, 0.05131268
2448219844000, -0.06261369, -0.23335053, 0.087964594
2448224770000, -0.065973446, -0.22571471, 0.10903945
2448229775000, -0.07391469, -0.22602014, 0.13072516
2448234780000, -0.09315695, -0.20341812, 0.14477506
2448239785000, -0.09590584, -0.15760323, 0.15424347
2448244728000, -0.108123146, -0.13072516, 0.18112154
2448249807000, -0.094989546, -0.093767814, 0.19181168
2448254806000, -0.09162979, -0.04734206, 0.15760323
2448259802000, -0.08093964, 0.015882496, 0.14538592
2448264716000, -0.052534413, 0.050701816, 0.14569137
2448269823000, -0.028405234, 0.05955936, 0.15363261
2448274742000, -0.016493361, 0.04337143, 0.17073683
2448279776000, 9.162979E-4, 0.021380283, 0.19058995
2448284777000, 3.0543262E-4, -0.005497787, 0.23640485
2448289784000, 0.0061086523, -0.03756821, 0.27488935
2448294747000, -0.011911872, -0.08307768, 0.321926
2448299784000, -0.02107485, -0.0852157, 0.36957347
2448304780000, -0.026572637, 0.01160644, 0.38698313
2448309768000, -0.025045475, 0.116675265, 0.3885103
2448314797000, -0.0021380284, 0.18295415, 0.3817908
2448319846000, -0.0021380284, 0.20922135, 0.37812558
2448324848000, -0.0125227375, 0.23457226, 0.37568212
2448329834000, -0.0290161, 0.2556471, 0.37720928
2448334837000, -0.041233405, 0.28955013, 0.376293
2448339823000, -0.056505036, 0.29443705, 0.3827071
2448344931000, -0.07666359, 0.31429017, 0.37201694
2448350002000, -0.07819075, 0.3115413, 0.35369098
2448354751000, -0.08124508, 0.28680122, 0.32559118
2448359746000, -0.09162979, 0.26511553, 0.2883284
2448364720000, -0.08735373, 0.22540927, 0.258396
2448369734000, -0.08368854, 0.18325958, 0.23915374
2448374686000, -0.08124508, 0.12003502, 0.21991149
2448379744000, -0.077579886, 0.0852157, 0.20433442
2448384795000, -0.098043874, 0.043676864, 0.20463985
2448389682000, -0.115453534, 0.016187929, 0.19883664
2448394696000, -0.13469578, 0.018020526, 0.16982053
2448399707000, -0.14874569, 0.020463986, 0.14538592
2448404773000, -0.16676621, 0.049480084, 0.1142318
2448409653000, -0.17104226, 0.093462385, 0.07696902
2448414728000, -0.17654006, 0.15485434, 0.040011674
2448419657000, -0.18173242, 0.17623462, 0.01740966
2448424651000, -0.19333886, 0.18173242, 0.010079277
2448429634000, -0.19792034, 0.183565, 0.002443461
2448434683000, -0.21533, 0.15943582, 0.004581489
2448439639000, -0.23151793, 0.14294247, -0.0027488936
2448444644000, -0.23365596, 0.13103059, 0.0030543262
2448449876000, -0.22204952, 0.09743301, 0.006414085
2448454674000, -0.22632557, 0.07574729, 0.016493361
2448459650000, -0.20861048, 0.06414085, 0.015271631
2448464647000, -0.17898351, 0.035430185, 0.019547688
2448469674000, -0.18112154, 0.03176499, 0.022907447
2448474649000, -0.15577064, 0.04337143, 0.01985312
2448479646000, -0.14905111, 0.0711658, 0.02565634
2448484672000, -0.13958271, 0.076358154, 0.01863139
2448489695000, -0.14202617, 0.07238753, 0.01160644
2448494646000, -0.14446963, 0.11942416, 0.0106901415
2448499676000, -0.13194689, 0.14538592, 0.0076358155
2448504786000, -0.121256754, 0.15363261, 0.004581489
2448509774000, -0.12186762, 0.15241088, 0.0027488936
2448514731000, -0.11728613, 0.16157386, 0.016187929
2448520200000, -0.10598512, 0.15699236, 0.040317107
2448524739000, -0.08582657, 0.1423316, 0.036957346
2448529757000, -0.08460484, 0.15241088, 0.028710667
2448534773000, -0.06536258, 0.1328632, 0.024740042
2448539753000, -0.06169739, 0.115453534, 0.03756821
2448544737000, -0.046120327, 0.09132435, 0.03726278
2448550688000, -0.044593163, 0.07513642, 0.046731193
2448554879000, -0.031154128, 0.06536258, 0.050396383
2448560159000, -0.028405234, 0.07238753, 0.050701816
2448564727000, -0.025350908, 0.061391957, 0.05100725
2448570110000, -0.04184427, 0.010079277, 0.061086524
2448574740000, -0.054367006, 0.008246681, 0.07147124
2448579715000, -0.058643065, 0.042455133, 0.10720685
2448584773000, -0.051618114, 0.06352998, 0.09285152
2448589751000, -0.058337633, 0.06352998, 0.06352998
2448594735000, -0.062308256, 0.08155051, 0.070249505
2448599737000, -0.06872234, 0.08277224, 0.07696902
2448604833000, -0.0711658, 0.089186326, 0.089491755
2448609721000, -0.09010262, 0.07971791, 0.09621128
2448614774000, -0.09712757, 0.082161374, 0.09468412
2448619759000, -0.10720685, 0.048258353, 0.11636983
2448624738000, -0.1160644, 0.009773844, 0.14049901
2448629747000, -0.14202617, 0.003970624, 0.15851954
2448634770000, -0.1518, 0.007330383, 0.18081611
2448639737000, -0.15607607, -0.005497787, 0.15974127
2448644734000, -0.1563815, 0.008246681, 0.12767084
2448649770000, -0.13164146, 0.027794369, 0.12583824
2448654817000, -0.13225232, 0.0290161, 0.12003502
2448659876000, -0.13652839, 0.02565634, 0.118202426
2448664732000, -0.13408493, 0.031154128, 0.12217305
2448669942000, -0.13897185, 0.02321288, 0.11911872
2448674742000, -0.14874569, 0.013133603, 0.110872045
2448679733000, -0.14569137, 0.017715093, 0.094989546
2448684771000, -0.15027285, 0.013744468, 0.08124508
2448689746000, -0.15057829, 0.010995574, 0.07422013
2448694735000, -0.14202617, 0.01863139, 0.07544186
2448699761000, -0.13439035, 0.021685716, 0.0870483
2448705600000, -0.14660765, -0.009162978, 0.074830994
2448709831000, -0.15607607, -0.010995574, 0.035124753
2448714732000, -0.1441642, 0.004886922, 0.028099801
2448719766000, -0.14080444, 0.027794369, 0.028099801
2448724738000, -0.13744467, 0.046731193, 0.021991149
2448729742000, -0.12889257, 0.028710667, 0.015577064
2448734767000, -0.12705997, 0.01985312, 0.032375857
2448739883000, -0.10781772, 0.013133603, 0.031154128
2448744729000, -0.112704635, 0.02443461, 0.0061086523
2448749761000, -0.12492194, 0.0061086523, -0.007330383
2448754804000, -0.11759156, -0.009773844, 0.0015271631
2448759783000, -0.098043874, -0.08124508, 0.010995574
2448764724000, -0.12461651, -0.12492194, 0.036957346
2448769774000, -0.116675265, -0.105374254, 0.043066
2448775403000, -0.12186762, -0.07452556, 0.044898596
2448779734000, -0.10873401, -0.059253927, 0.008857546
2448784734000, -0.094989546, -0.04795292, -0.010995574
2448789745000, -0.0729984, -0.013744468, -0.010995574
2448794718000, -0.06566802, 0.018020526, -0.006414085
2448799791000, -0.07391469, 0.013744468, -0.01160644
2448804859000, -0.06627888, 0.024740042, 3.0543262E-4
2448809821000, -0.077579886, 0.046731193, 0.023823744
2448814745000, -0.08307768, 0.03604105, 0.007330383
2448819775000, -0.086132, 0.024740042, -0.0015271631
2448824753000, -0.08002335, 0.017104227, 0.0033597588
2448829735000, -0.08399397, -0.01740966, 0.01740966
2448834917000, -0.10781772, 0.0012217305, 0.030543262
2448839778000, -0.11789699, 0.01282817, 0.042760566
2448845227000, -0.10934488, 0.031154128, 0.049480084
2448849760000, -0.099265605, 0.06872234, 0.08674286
2448854946000, -0.08002335, 0.07269296, 0.087659165
2448859824000, -0.07880162, 0.06566802, 0.056199603
2448864729000, -0.07849618, 0.069027774, 0.050396383
2448869780000, -0.089186326, 0.06963864, 0.05955936
2448874745000, -0.079107046, 0.08460484, 0.063224554
2448879733000, -0.101098195, 0.07819075, 0.055588737
2448885079000, -0.090713486, 0.071776666, 0.057726767
2448889778000, -0.09407325, 0.05497787, 0.064751714
2448894741000, -0.06780604, 0.03390302, 0.07696902
2448899764000, -0.049480084, 0.043982297, 0.09010262
2448904949000, -0.043982297, 0.050701816, 0.11453723
2448909827000, -0.03023783, 0.052534413, 0.10170906
2448914836000, -0.040011674, 0.051618114, 0.08032878
2448919771000, -0.03634648, 0.09193522, 0.065973446
2448924752000, -0.032070424, 0.076052725, 0.053145275
2448929731000, -0.027794369, 0.06414085, 0.064446285
2448934765000, -0.026267206, 0.060170226, 0.061391957
2448939805000, -0.009468411, 0.04428773, 0.064751714
2448944801000, 0.011301007, 0.04520403, 0.06963864
2448949777000, 0.025961773, 0.05589417, 0.054061573
2448954797000, 0.021685716, 0.07360926, 0.048563786
2448959738000, 0.021991149, 0.09040806, 0.043982297
2448964736000, 0.02687807, 0.1001819, 0.042455133
2448969771000, 0.024129177, 0.113926366, 0.03573562
2448974746000, 0.03756821, 0.11026118, 0.03359759
2448979730000, 0.050701816, 0.096516706, 0.02443461
2448984770000, 0.03848451, 0.094989546, 0.01863139
2448989736000, 0.038789943, 0.09468412, 0.021380283
2448994822000, 0.044898596, 0.082161374, 0.005497787
2448999829000, 0.048563786, 0.071776666, 0.009162978
2449004830000, 0.03940081, 0.059253927, 0.005497787
2449009805000, 0.049480084, 0.054367006, 9.162979E-4
2449014774000, 0.040927973, 0.030543262, -0.0015271631
2449019800000, 0.046120327, 0.0015271631, -0.0030543262
2449024763000, 0.053145275, -0.005192355, -0.0012217305
2449030735000, 0.046731193, -0.022296581, 0.004886922
2449034771000, 0.053145275, -0.040011674, -0.0015271631
2449039727000, 0.043066, -0.051923547, -0.0012217305
2449044736000, 0.044593163, -0.07086037, -0.008857546
2449049766000, 0.04184427, -0.079107046, -0.0076358155
2449054854000, 0.03848451, -0.08399397, -0.016493361
2449059852000, 0.031154128, -0.09285152, -0.013133603
2449064765000, 0.032375857, -0.093767814, -0.021380283
2449069796000, 0.015271631, -0.09987647, -0.019547688
2449074737000, 0.016187929, -0.101098195, -0.025961773
2449079739000, 0.009468411, -0.09437868, -0.03023783
2449084768000, -0.005497787, -0.09743301, -0.032070424
2449089747000, -0.009162978, -0.09621128, -0.03848451
2449094735000, -0.004581489, -0.09010262, -0.024740042
2449100427000, -0.016187929, -0.08979719, -0.0290161
2449104788000, -0.023518313, -0.0870483, -0.02443461
2449109771000, -0.035430185, -0.08735373, -0.015577064
2449114732000, -0.03268129, -0.08979719, -0.015882496
2449119797000, -0.03390302, -0.0870483, -0.012217305
2449124742000, -0.033292156, -0.079107046, -0.012217305
2449129735000, -0.03970624, -0.07819075, -0.01740966
2449134794000, -0.051618114, -0.08002335, -0.014049901
2449139749000, -0.048258353, -0.07238753, -0.008552114
2449144723000, -0.058337633, -0.06566802, -0.0067195175
2449149783000, -0.05589417, -0.06383542, -0.011911872
2449154868000, -0.061391957, -0.06505715, -0.0143553335
2449159771000, -0.06078109, -0.0571159, -0.020158553
2449164720000, -0.056505036, -0.047036625, -0.02076942
2449170399000, -0.061086524, -0.043066, -0.011911872
2449174760000, -0.064446285, -0.03390302, -0.015882496
2449179737000, -0.06414085, -0.0290161, -0.01985312
2449185003000, -0.06169739, -0.029932396, -0.021991149
2449189747000, -0.060170226, -0.020463986, -0.016798794
2449194819000, -0.055588737, -0.01863139, -0.015577064
2449199783000, -0.056199603, -0.014966198, -0.013744468
2449204879000, -0.056505036, -0.015577064, -0.012217305
2449209792000, -0.06505715, -0.013744468, -0.007941248
2449214865000, -0.062308256, -0.01282817, -0.01160644
2449219782000, -0.06658431, -0.012217305, -0.008552114
2449225105000, -0.058643065, -0.010995574, -0.0033597588
2449229732000, -0.060170226, -0.009468411, 0.0030543262
2449234788000, -0.055588737, -0.011301007, 0.0027488936
2449239844000, -0.055588737, -0.0021380284, 0.0027488936
2449244740000, -0.05100725, 6.1086525E-4, 0.0036651916
2449249801000, -0.052839845, 0.009773844, 0.004581489
2449254746000, -0.051923547, 0.008246681, -0.0018325958
2449259747000, -0.047036625, 0.007941248, 0.002443461
2449264716000, -0.041233405, 0.011301007, 0.0036651916
2449269779000, -0.04337143, 0.009773844, 0.008857546
2449274723000, -0.05100725, 0.010079277, 0.009162978
2449279731000, -0.041233405, 0.007941248, 0.009468411
2449284739000, -0.038179077, 0.01863139, 0.015882496
2449289801000, -0.03359759, 0.016798794, 0.014660766
2449294739000, -0.027488936, 0.014966198, 0.0070249503
2449299877000, -0.024740042, 0.011911872, 0.014966198
2449304839000, -0.027794369, 0.015882496, 0.020463986
2449309765000, -0.0143553335, 0.017104227, 0.019547688
2449314752000, -0.018325957, 0.012217305, 0.012217305
2449319778000, -0.015882496, 0.011911872, 0.01038471
2449324802000, -0.01038471, 0.0143553335, 0.026572637
2449329775000, -0.01038471, 0.01038471, 0.014049901
2449334813000, -0.0076358155, 0.009162978, 0.013133603
2449339816000, -0.0021380284, 0.005192355, 0.016187929
2449344777000, -0.008857546, 0.014049901, 0.02321288
2449349839000, 0.003970624, 0.015882496, 0.021991149
2449355824000, 0.0030543262, 0.007330383, 0.02076942
2449359844000, 0.0030543262, 0.0018325958, 0.027794369
2449364737000, 0.01038471, 0.006414085, 0.024740042
2449369773000, 0.0018325958, 0.005497787, 0.022296581
2449374789000, 0.006414085, -0.0036651916, 0.02107485
2449379752000, 0.009773844, -0.011301007, 0.025961773
2449384768000, 0.011911872, -0.0076358155, 0.022602014
2449389809000, 0.0027488936, -0.010995574, 0.017715093
2449394736000, -3.0543262E-4, -0.005192355, 0.0143553335
2449399783000, 0.005497787, -0.0076358155, 0.015882496
2449404791000, 0.007330383, -0.014049901, 0.017104227
2449409748000, 0.003970624, -0.0143553335, 0.011911872
2449414736000, 0.004276057, -0.010995574, 0.021991149
2449419747000, 0.006414085, -0.006414085, 0.01282817
2449424748000, 0.009468411, -0.01038471, 0.010079277
2449429714000, 0.0012217305, -0.0106901415, 0.0106901415
2449434773000, 0.007941248, -0.020158553, 0.014049901
2449439729000, 0.0012217305, -0.0125227375, 0.0033597588
2449444732000, -0.005497787, -0.011301007, 0.0033597588
2449449782000, -0.004276057, -0.008857546, -0.0015271631
2449454833000, -0.01740966, -0.017715093, -0.009773844
2449459796000, -0.010995574, -0.0125227375, -0.008246681
2449464730000, -0.02076942, -0.013439035, -0.0018325958
2449469744000, -0.017104227, -0.0076358155, -0.009468411
2449474776000, -0.021380283, -0.010079277, -3.0543262E-4
2449479761000, -0.035430185, -0.004581489, 9.162979E-4
2449484769000, -0.03634648, -0.01282817, 0.004886922
2449489868000, -0.03634648, -0.0076358155, 0.0067195175
2449494796000, -0.04062254, -0.0021380284, -6.1086525E-4
2449499824000, -0.047036625, -0.002443461, 3.0543262E-4
2449504897000, -0.041233405, -0.01038471, 0.0076358155
2449509786000, -0.046731193, -0.0061086523, 0.008552114
2449514920000, -0.053145275, -0.009468411, 0.004581489
2449519772000, -0.04428773, -0.0018325958, 0.005497787
2449524956000, -0.044593163, -0.0067195175, 0.004581489
2449529732000, -0.050701816, -0.0067195175, 0.004276057
2449534779000, -0.048563786, -0.0067195175, 9.162979E-4
2449539808000, -0.049785517, -0.0076358155, 0.0012217305
2449544715000, -0.053450707, -0.0015271631, 0.004581489
2449549759000, -0.058337633, -0.0067195175, 0.004581489
2449554779000, -0.053145275, -0.009162978, 0.004276057
2449559735000, -0.05497787, -6.1086525E-4, 0.0076358155
2449564736000, -0.060170226, -0.0012217305, 0.004276057
2449569762000, -0.062308256, -0.0067195175, 0.0067195175
2449574743000, -0.04886922, -0.002443461, 0.00580322
2449579732000, -0.049480084, -6.1086525E-4, 0.004276057
2449584770000, -0.04428773, -0.003970624, 0.005192355
2449589846000, -0.04795292, -0.0076358155, 0.009162978
2449594737000, -0.049785517, -0.00580322, 0.007941248
2449599758000, -0.047036625, -0.0018325958, 0.014660766
2449604879000, -0.03756821, -0.0015271631, 0.008246681
2449609798000, -0.040317107, 0.0012217305, 0.01160644
2449614730000, -0.040927973, 0.0125227375, 0.019242255
2449620111000, -0.033292156, 0.0027488936, 0.0143553335
2449624743000, -0.025350908, 0.004886922, 0.0143553335
2449630088000, -0.01985312, 0.006414085, 0.016493361
2449634767000, -0.01740966, 0.01160644, 0.018936822
2449639731000, -0.020463986, 0.003970624, 0.007941248
2449644731000, -0.01282817, 0.013439035, 0.0125227375
2449649769000, -0.0061086523, 0.014049901, 0.021685716
2449654844000, 0.0076358155, 0.0061086523, 0.018936822
2449659808000, -0.009468411, 0.007941248, 0.018325957
2449664731000, 0.0067195175, 0.0067195175, 0.01740966
2449669743000, -0.0027488936, 0.0067195175, 0.013133603
2449674738000, 0.0106901415, 0.009773844, 0.014660766
2449679752000, 0.017104227, 0.011301007, 0.016493361
2449684758000, 0.008552114, 0.01038471, 0.01160644
2449689759000, 0.014049901, 0.01160644, 0.009773844
2449694734000, 0.013133603, 0.013439035, 0.007330383
2449699805000, 0.0030543262, 0.009773844, 0.0076358155
2449704870000, 0.01160644, 0.00580322, 0.006414085
2449709829000, 0.0125227375, 0.009468411, 0.0027488936
2449714731000, 0.0143553335, 0.0125227375, 0.002443461
2449719779000, 0.005497787, 0.008246681, 6.1086525E-4
2449724740000, 0.012217305, 0.005497787, 0.007330383
2449729735000, 0.010995574, -3.0543262E-4, 0.01038471
2449734764000, 0.016493361, 0.00580322, 0.014966198
2449739788000, 0.01160644, 0.002443461, 0.010995574
2449744734000, 0.005192355, -0.0030543262, 0.002443461
2449749762000, 0.007330383, -0.006414085, 9.162979E-4
2449754884000, 0.0018325958, -0.00580322, 0.0070249503
2449759855000, 0.0036651916, -0.004886922, 0.0021380284
2449764733000, -0.004886922, -0.01160644, 0.004886922
2449769815000, 0.004581489, 0.003970624, 0.004276057
2449774771000, -0.011301007, -0.016798794, 9.162979E-4
2449779773000, -0.0067195175, -0.01038471, -0.004276057
2449784799000, 6.1086525E-4, -0.013439035, 0.0033597588
2449789800000, -0.0143553335, -0.008246681, 0.0067195175
2449794768000, -0.013439035, -0.019242255, 0.0061086523
2449799779000, -0.017104227, -0.014049901, 0.011911872
2449804909000, -0.014966198, -0.0061086523, 0.004276057
2449809837000, -0.021991149, -0.013133603, 0.007941248
2449814769000, -0.023823744, -0.014966198, 0.0067195175
2449819817000, -0.025961773, -0.02107485, 0.012217305
2449824762000, -0.03481932, -0.015271631, 0.0106901415
2449829773000, -0.030543262, -0.014660766, 0.008552114
2449834760000, -0.039095376, -0.017715093, 0.002443461
2449839779000, -0.046120327, -0.013439035, 0.008857546
2449844776000, -0.05375614, -0.019242255, 0.01038471
2449849825000, -0.048563786, -0.01740966, 0.0070249503
2449854816000, -0.045814894, -0.013439035, 0.011911872
2449859801000, -0.04642576, -0.019242255, 0.01160644
2449864706000, -0.050701816, -0.030848695, 9.162979E-4
2449869820000, -0.049785517, -0.020158553, 0.008552114
2449874716000, -0.050396383, -0.016493361, 0.008552114
2449879774000, -0.04520403, -0.022296581, 0.008246681
2449884745000, -0.04153884, -0.015577064, 0.004581489
2449889803000, -0.04734206, -0.02321288, 0.0018325958
2449894743000, -0.038789943, -0.020158553, 0.0021380284
2449899812000, -0.03481932, -0.015271631, -0.0061086523
2449904852000, -0.038179077, -0.024129177, -0.0021380284
2449909791000, -0.03145956, -0.018936822, 6.1086525E-4
2449914744000, -0.038789943, -0.019547688, 0.0015271631
2449919813000, -0.027794369, -0.0076358155, 9.162979E-4
2449924735000, -0.032070424, -0.007941248, 9.162979E-4
2449929772000, -0.03726278, -0.008246681, 0.0012217305
2449934732000, -0.03726278, -0.018020526, -0.0076358155
2449939800000, -0.02076942, -3.0543262E-4, 0.0027488936
2449944713000, -0.01985312, 0.003970624, 0.00580322
2449949802000, -0.027488936, 0.0030543262, 0.004581489
2449954834000, -0.023518313, 0.002443461, 0.0015271631
2449959852000, -0.01863139, 0.005497787, 0.0027488936
2449964735000, -0.01740966, -0.0015271631, -3.0543262E-4
2449969824000, -0.014966198, 0.0036651916, -0.0012217305
2449974778000, -0.01160644, 0.0027488936, -0.0012217305
2449979769000, -0.007941248, -0.00580322, -0.0125227375
2449984798000, -0.01160644, -0.0067195175, -0.01038471
2449989807000, -0.01282817, 0.002443461, -0.0027488936
2449994773000, -0.010079277, 0.01160644, -0.002443461
2449999777000, 0.002443461, 0.01038471, -0.009468411
2450004942000, -0.0070249503, 0.009468411, -0.0018325958
2450009764000, -0.004276057, 0.009162978, -0.005192355
2450014773000, 0.002443461, 0.016493361, -0.0027488936
2450019762000, 3.0543262E-4, 0.008246681, -0.005497787
2450024777000, -0.0015271631, 0.004581489, -0.0027488936
2450029745000, 0.0012217305, 0.010079277, 0.004581489
2450034799000, -0.002443461, 0.004886922, -0.0106901415
2450039791000, -0.004581489, 0.01160644, -0.0027488936
2450044772000, -0.004581489, 0.003970624, -0.0027488936
2450049800000, -0.010995574, 6.1086525E-4, 0.005192355
2450054872000, 3.0543262E-4, 0.00580322, 0.004886922
2450059834000, -0.0061086523, 0.007330383, -0.0012217305
2450064735000, -0.009773844, 0.005192355, 0.007330383
2450069879000, -0.005192355, -0.0021380284, 0.007330383
2450074776000, -0.014049901, -0.0036651916, 0.004276057
2450079980000, -0.016187929, -0.006414085, 0.009773844
2450084808000, -0.022907447, -0.009468411, 0.004581489
2450089779000, -0.013439035, -0.006414085, 0.005192355
2450094772000, -0.015271631, -0.0021380284, -0.004581489
2450099787000, -0.011301007, -0.002443461, -0.0015271631
2450104904000, -0.022907447, -0.01038471, -0.0070249503
2450109768000, -0.02443461, -0.004886922, 0.0012217305
2450114772000, -0.02443461, -0.01038471, -0.005192355
2450119737000, -0.024129177, -0.00580322, -0.0067195175
2450124744000, -0.024129177, -0.0018325958, 0.0030543262
2450129713000, -0.0290161, -0.004886922, -0.0067195175
2450134761000, -0.023518313, 0.003970624, -0.007941248
2450139767000, -0.03023783, -0.0061086523, -0.0021380284
2450144732000, -0.02687807, 0.004276057, -0.0021380284
2450149787000, -0.029932396, 9.162979E-4, -0.005192355
2450154887000, -0.03481932, -0.0021380284, -0.004886922
2450159793000, -0.0290161, 0.002443461, -0.004276057
2450164727000, -0.031154128, -0.005497787, -0.004581489
2450169794000, -0.033292156, -0.003970624, -0.0036651916
2450174738000, -0.03023783, -0.0030543262, -0.004276057
2450179736000, -0.034208454, 0.002443461, -0.0076358155
2450184757000, -0.02443461, -0.008246681, -0.006414085
2450189821000, -0.02565634, 0.0030543262, 0.0012217305
2450194734000, -0.02107485, 0.0033597588, -0.006414085
2450199829000, -0.029932396, -0.005192355, -0.002443461
2450204841000, -0.032375857, -0.010079277, 0.0018325958
2450209828000, -0.029932396, -0.005497787, 6.1086525E-4
2450214732000, -0.023823744, -3.0543262E-4, 0.002443461
2450219780000, -0.02565634, 0.006414085, 0.0067195175
2450224738000, -0.032070424, -0.0033597588, 0.0018325958
2450229736000, -0.0290161, -0.004581489, 0.003970624
2450234757000, -0.028405234, -0.004276057, 0.0015271631
2450239768000, -0.029626964, -0.008246681, 0.0033597588
2450244733000, -0.0290161, -0.008552114, 0.0033597588
2450249799000, -0.026267206, -0.014049901, -0.0033597588
2450254874000, -0.0143553335, -0.01282817, 0.0021380284
2450259778000, -0.016798794, -0.0070249503, 9.162979E-4
2450264733000, -0.020158553, -0.004886922, -0.0015271631
2450269787000, -0.01038471, -0.013744468, -0.00580322
