#Rate of rotation around the x y z axes (Angular velocity).
#timestamp(ns),x,y,z(rad/s)
#Datetime: 22/04/2015 16:08:30
##########################################
#Activity: 8 - CSI - Car-Step in - 6s
#Subject ID: 48
#First Name: sub48
#Last Name: sub48
#Age: 22
#Height(cm): 180
#Weight(kg): 80
#Gender: Male
##########################################

@DATA
12947151274000, -0.04642576, -0.0021380284, 0.029626964
12947156220000, -0.05589417, 0.004276057, 0.03023783
12947161202000, -0.048563786, 0.009162978, 0.035430185
12947166194000, -0.056505036, 0.019547688, 0.02687807
12947171207000, -0.052839845, 0.004276057, 0.033292156
12947176211000, -0.061391957, 0.008857546, 0.033292156
12947181159000, -0.048563786, 0.0036651916, 0.028710667
12947186183000, -0.051923547, -0.009162978, 0.029626964
12947191169000, -0.065973446, -0.008857546, 0.02565634
12947196284000, -0.064751714, -0.0125227375, 0.026572637
12947201322000, -0.06352998, -0.015271631, 0.021991149
12947206316000, -0.062308256, -0.02107485, 0.027183503
12947211221000, -0.073303826, -0.025045475, 0.022907447
12947216372000, -0.071776666, -0.029321533, 0.018020526
12947221199000, -0.071776666, -0.03634648, 0.01863139
12947226207000, -0.06352998, -0.036957346, 0.015577064
12947231204000, -0.06383542, -0.044593163, 0.017715093
12947236223000, -0.0693332, -0.042760566, 0.018020526
12947241217000, -0.07238753, -0.03940081, 0.020158553
12947246231000, -0.059864793, -0.035430185, 0.023518313
12947251187000, -0.06352998, -0.028405234, 0.02107485
12947256183000, -0.053145275, -0.0290161, 0.02321288
12947261172000, -0.05681047, -0.028099801, 0.016187929
12947266172000, -0.047647487, -0.02076942, 0.027183503
12947271179000, -0.0421497, -0.019547688, 0.027794369
12947276991000, -0.043066, -0.01863139, 0.0290161
12947281155000, -0.043982297, -0.00580322, 0.01985312
12947286203000, -0.03726278, 0.0012217305, 0.02565634
12947291175000, -0.03573562, 0.00580322, 0.027488936
12947296187000, -0.034513887, 0.0030543262, 0.017104227
12947301274000, -0.04337143, 0.0021380284, 0.015882496
12947306241000, -0.049480084, -0.0012217305, 0.01863139
12947311176000, -0.052839845, -0.00580322, 0.014966198
12947316153000, -0.04062254, -0.0015271631, 0.016187929
12947321170000, -0.047647487, -0.0015271631, 0.015577064
12947326173000, -0.044593163, -0.0027488936, 0.016493361
12947331942000, -0.048258353, 0.0036651916, 0.017715093
12947336233000, -0.04917465, 0.0027488936, 0.0106901415
12947341210000, -0.05589417, -0.0027488936, 0.016493361
12947346236000, -0.04734206, 0.004581489, 0.022602014
12947351186000, -0.06047566, 0.0125227375, 0.016187929
12947356188000, -0.04642576, 0.014966198, 0.013439035
12947361156000, -0.040927973, 0.02107485, 0.019547688
12947366158000, -0.04734206, 0.027183503, 0.022296581
12947371179000, -0.043066, 0.018936822, 0.016187929
12947376175000, -0.042455133, 0.021380283, 0.024740042
12947381148000, -0.05131268, 0.02076942, 0.027183503
12947386213000, -0.045814894, 0.02321288, 0.01985312
12947391172000, -0.050701816, 0.018936822, 0.013439035
12947396147000, -0.057421334, 0.016493361, 0.01985312
12947402045000, -0.059864793, 0.025350908, 0.018020526
12947406179000, -0.04886922, 0.034208454, 0.021685716
12947411173000, -0.05375614, 0.031154128, 0.023518313
12947416159000, -0.054061573, 0.020463986, 0.025045475
12947421177000, -0.058948494, 0.02565634, 0.024740042
12947426179000, -0.06169739, 0.027794369, 0.023823744
12947431146000, -0.0571159, 0.013133603, 0.024129177
12947436213000, -0.05222898, 0.005497787, 0.023518313
12947441171000, -0.06047566, 0.008857546, 0.021380283
12947446169000, -0.054367006, 0.007941248, 0.02076942
12947451259000, -0.052839845, 0.013744468, 0.02321288
12947456257000, -0.06383542, 0.007941248, 0.021991149
12947461170000, -0.059864793, 0.011911872, 0.018936822
12947466160000, -0.052534413, 0.008857546, 0.017104227
12947471446000, -0.05375614, 0.004581489, 0.026267206
12947477005000, -0.061086524, -0.004276057, 0.021685716
12947481144000, -0.048258353, -0.00580322, 0.027488936
12947486192000, -0.061391957, -0.007330383, 0.028710667
12947491172000, -0.050396383, 0.0021380284, 0.028710667
12947496188000, -0.056199603, -0.004886922, 0.030848695
12947501283000, -0.052839845, 0.00580322, 0.024740042
12947506258000, -0.053450707, -0.004886922, 0.024129177
12947511171000, -0.06261369, -0.007941248, 0.021991149
12947516151000, -0.055283304, -0.005192355, 0.020158553
12947521200000, -0.051618114, -0.0143553335, 0.02321288
12947526174000, -0.056505036, -0.018020526, 0.02565634
12947531151000, -0.053145275, -0.011301007, 0.02107485
12947536176000, -0.056199603, -0.008246681, 0.01740966
12947541387000, -0.06780604, -0.0125227375, 0.01740966
12947546225000, -0.058643065, -0.0018325958, 0.025961773
12947551255000, -0.06811147, -0.017715093, 0.02443461
12947556297000, -0.06047566, -0.022296581, 0.027183503
12947561165000, -0.06414085, -0.02687807, 0.029321533
12947566214000, -0.052534413, -0.0421497, 0.028099801
12947571153000, -0.056199603, -0.05131268, 0.036651913
12947576174000, -0.062002823, -0.057726767, 0.03940081
12947581163000, -0.06658431, -0.057726767, 0.03940081
12947586131000, -0.0720821, -0.06963864, 0.05131268
12947591183000, -0.074830994, -0.06841691, 0.04917465
12947596165000, -0.08552113, -0.07086037, 0.051923547
12947601176000, -0.08460484, -0.087964594, 0.051618114
12947606148000, -0.08979719, -0.095294975, 0.054061573
12947611174000, -0.09315695, -0.12156218, 0.058948494
12947616165000, -0.095294975, -0.1386664, 0.059864793
12947621196000, -0.09743301, -0.17562376, 0.06352998
12947626257000, -0.09254608, -0.20677789, 0.065973446
12947631186000, -0.093767814, -0.21044308, 0.06566802
12947636159000, -0.08368854, -0.18784106, 0.06963864
12947641136000, -0.08155051, -0.1386664, 0.074830994
12947646154000, -0.067500606, -0.08368854, 0.070554934
12947651203000, -0.034513887, -0.051923547, 0.06414085
12947656990000, -0.008857546, -0.03176499, 0.064751714
12947661151000, -0.008857546, -0.05467244, 0.06047566
12947666128000, -0.035430185, -0.08979719, 0.06566802
12947671165000, -0.102319926, -0.13897185, 0.06872234
12947676111000, -0.16157386, -0.17592919, 0.07360926
12947681210000, -0.20952678, -0.19058995, 0.070554934
12947686291000, -0.23060162, -0.19120082, 0.059864793
12947691280000, -0.21624629, -0.17715092, 0.047647487
12947696161000, -0.21197024, -0.17898351, 0.04734206
12947701255000, -0.19425514, -0.18387043, 0.046731193
12947706235000, -0.17592919, -0.19517145, 0.057726767
12947711211000, -0.18387043, -0.21777347, 0.06566802
12947716212000, -0.19456059, -0.22724187, 0.08002335
12947721197000, -0.19303341, -0.25686884, 0.077579886
12947726688000, -0.19181168, -0.29840767, 0.08307768
12947731212000, -0.183565, -0.30726522, 0.08277224
12947736228000, -0.19150625, -0.3032946, 0.074830994
12947741213000, -0.20341812, -0.28893927, 0.07544186
12947746225000, -0.22052236, -0.26328292, 0.06536258
12947751226000, -0.24984388, -0.22296582, 0.05222898
12947756221000, -0.26939157, -0.17928895, 0.040927973
12947761211000, -0.28955013, -0.13316862, 0.024740042
12947766213000, -0.32345316, -0.0870483, 0.008552114
12947771214000, -0.33658674, -0.026572637, -0.005497787
12947776216000, -0.36468655, 0.03634648, -0.027183503
12947781203000, -0.38728857, 0.106901415, -0.048258353
12947786277000, -0.40866885, 0.19975294, -0.08368854
12947791213000, -0.41080686, 0.3100141, -0.10567969
12947796157000, -0.4260785, 0.40683624, -0.11911872
12947801220000, -0.441961, 0.4746423, -0.14874569
12947806219000, -0.46211955, 0.5299256, -0.16310102
12947811210000, -0.46089783, 0.5714644, -0.1685988
12947816217000, -0.45937067, 0.5879578, -0.17440203
12947821182000, -0.44990227, 0.59773165, -0.16982053
12947826209000, -0.4266894, 0.59650993, -0.17104226
12947831170000, -0.41416663, 0.5751296, -0.1704314
12947836246000, -0.3979787, 0.5510005, -0.14110987
12947841161000, -0.40133846, 0.50793445, -0.11942416
12947846201000, -0.40225476, 0.4550946, -0.09590584
12947851166000, -0.43004912, 0.40561453, -0.0693332
12947856179000, -0.47158796, 0.32803464, -0.03970624
12947861103000, -0.5155703, 0.21899518, -0.009162978
12947866299000, -0.56169057, 0.0983493, 0.029321533
12947871132000, -0.59803706, -0.016798794, 0.053145275
12947876107000, -0.6591236, -0.100792766, 0.076052725
12947881173000, -0.70616025, -0.16768251, 0.105374254
12947886138000, -0.7275405, -0.25992316, 0.15088372
12947891142000, -0.7483099, -0.39767328, 0.17867808
12947896184000, -0.7987063, -0.54000485, 0.24770586
12947901120000, -0.82619524, -0.62858033, 0.30298916
12947906129000, -0.82833326, -0.67073005, 0.36865717
12947911135000, -0.82558435, -0.68844515, 0.41599923
12947916138000, -0.8213083, -0.6988298, 0.4370741
12947921152000, -0.8020661, -0.6945538, 0.4633413
12947926189000, -0.7690793, -0.7076874, 0.48166725
12947931176000, -0.77732605, -0.70554936, 0.49327368
12947936201000, -0.7809912, -0.6942484, 0.5002986
12947941196000, -0.8002335, -0.6753115, 0.50701815
12947946217000, -0.81397796, -0.65087694, 0.51893
12947951321000, -0.8188649, -0.6200282, 0.5216789
12947956098000, -0.8347474, -0.57848936, 0.5311473
12947961095000, -0.82558435, -0.50732356, 0.539394
12947966101000, -0.8237518, -0.42913285, 0.537256
12947971096000, -0.8072584, -0.32284227, 0.5329799
12947976088000, -0.7877107, -0.23151793, 0.5213735
12947981073000, -0.77457714, -0.12156218, 0.5112942
12947986099000, -0.73914695, -0.035124753, 0.49938235
12947991093000, -0.71929383, 0.018325957, 0.49388456
12947996089000, -0.6768387, 0.04428773, 0.4908302
12948001413000, -0.65148777, 0.047036625, 0.4877759
12948006180000, -0.62796944, 0.044593163, 0.48991394
12948011475000, -0.59742624, 0.035124753, 0.4999932
12948016155000, -0.55741453, 0.032986723, 0.5103779
12948021161000, -0.5332854, 0.036651913, 0.5112942
12948026170000, -0.5158757, -6.1086525E-4, 0.5119051
12948031131000, -0.49388456, -0.016798794, 0.49327368
12948036176000, -0.50243664, -0.03359759, 0.4636467
12948041110000, -0.52595496, -0.036651913, 0.44929138
12948046230000, -0.5580254, -0.029932396, 0.4615087
12948051632000, -0.5726862, -0.013133603, 0.45845437
12948056172000, -0.5674938, -0.0106901415, 0.42302418
12948061152000, -0.552833, 0.0027488936, 0.39736784
12948066148000, -0.5357288, 0.019547688, 0.37018433
12948071208000, -0.50732356, 0.03268129, 0.33383787
12948076107000, -0.4896085, 0.038789943, 0.2929099
12948081163000, -0.49113566, 0.008857546, 0.2678644
12948086187000, -0.46853364, -0.022907447, 0.23396139
12948091178000, -0.46517387, -0.043982297, 0.20372356
12948096232000, -0.48533243, -0.05375614, 0.18661933
12948101183000, -0.4914411, -0.082161374, 0.18448131
12948106176000, -0.49113566, -0.09896017, 0.20341812
12948111172000, -0.47891834, -0.13072516, 0.20922135
12948116149000, -0.4718934, -0.15210545, 0.21502456
12948121633000, -0.48747048, -0.14446963, 0.21685717
12948126173000, -0.4813618, -0.13408493, 0.22418754
12948131151000, -0.47800204, -0.07452556, 0.23884831
12948136183000, -0.4908302, -0.02565634, 0.2275473
12948141174000, -0.505491, 0.0290161, 0.22388211
12948146248000, -0.5152648, 0.082161374, 0.2284636
12948151223000, -0.50640726, 0.111177474, 0.28496864
12948156267000, -0.48258355, 0.07086037, 0.31887165
12948161173000, -0.4642576, 0.08735373, 0.25503623
12948166146000, -0.5329799, 0.12950343, 0.20463985
12948171187000, -0.569021, 0.15149458, 0.19730948
12948176170000, -0.5882632, 0.14477506, 0.19547687
12948181157000, -0.59406644, 0.15607607, 0.18997909
12948186215000, -0.61544675, 0.17592919, 0.16279559
12948191520000, -0.6337727, 0.19058995, 0.1518
12948196177000, -0.6603453, 0.21044308, 0.13591751
12948201280000, -0.6621779, 0.24587326, 0.11575896
12948206163000, -0.6872234, 0.2443461, 0.0983493
12948211173000, -0.6988298, 0.19822577, 0.09193522
12948216334000, -0.7113526, 0.14294247, 0.06780604
12948221182000, -0.72509706, 0.105374254, 0.049480084
12948226246000, -0.7492262, 0.08093964, 0.026572637
12948231161000, -0.7791586, 0.074830994, 0.009468411
12948236491000, -0.7806858, 0.089491755, -0.0061086523
12948241179000, -0.79259765, 0.11789699, 0.006414085
12948246147000, -0.7959574, 0.18570304, 0.03604105
12948251190000, -0.7910705, 0.226631, 0.009162978
12948256115000, -0.8011498, 0.20922135, 0.04917465
12948261260000, -0.7690793, 0.24281894, 0.06627888
12948266146000, -0.766025, 0.28313604, 0.020463986
12948271178000, -0.8023715, 0.34697145, 0.0027488936
12948276242000, -0.8026769, 0.3848451, -0.018325957
12948281158000, -0.7819075, 0.40469822, -0.018325957
12948286215000, -0.7498371, 0.38698313, -0.017104227
12948291176000, -0.70341134, 0.33536503, -0.0033597588
12948296175000, -0.64599, 0.28130344, -0.008857546
12948301182000, -0.5907067, 0.24831672, -0.008857546
12948306174000, -0.54519725, 0.23732115, 0.009468411
12948311174000, -0.5170974, 0.2574797, 0.010995574
12948316159000, -0.45753807, 0.3231477, 0.024129177
12948321177000, -0.41263947, 0.4343252, 0.029932396
12948326167000, -0.35124752, 0.5626069, 0.027183503
12948331143000, -0.31978795, 0.7104363, -0.013744468
12948336234000, -0.3136793, 0.84482664, -0.042455133
12948341177000, -0.3145956, 0.97249746, -0.050396383
12948346175000, -0.32895094, 1.0577132, -0.0571159
12948351184000, -0.33017266, 1.1261301, -0.032986723
12948356182000, -0.33078352, 1.2131784, 0.029932396
12948361134000, -0.3454443, 1.2501358, 0.049480084
12948366214000, -0.3726278, 1.2635747, 0.06841691
12948371105000, -0.39095375, 1.2614367, 0.10354166
12948376885000, -0.39736784, 1.2629639, 0.1282817
12948381126000, -0.42058071, 1.2614367, 0.16737708
12948386254000, -0.44043383, 1.2907583, 0.20647246
12948391107000, -0.44837508, 1.3035865, 0.25442538
12948396239000, -0.45723262, 1.3350459, 0.267559
12948401185000, -0.48166725, 1.366811, 0.27305678
12948406317000, -0.5030475, 1.4291192, 0.2773328
12948411538000, -0.51068336, 1.5030339, 0.28527406
12948416219000, -0.5699373, 1.5222762, 0.2941316
12948421511000, -0.5888741, 1.559539, 0.3182608
12948426214000, -0.61636305, 1.5830573, 0.35369098
12948431188000, -0.66981375, 1.6050484, 0.3915646
12948436269000, -0.72387534, 1.6313156, 0.4352415
12948441112000, -0.77091193, 1.6701056, 0.46639562
12948446975000, -0.8026769, 1.677436, 0.4841107
12948451158000, -0.82772243, 1.6701056, 0.4801401
12948456174000, -0.84238315, 1.6716328, 0.49846604
12948461163000, -0.84604836, 1.7171422, 0.5131268
12948466154000, -0.838718, 1.7944167, 0.5656612
12948471186000, -0.8539896, 1.8765781, 0.5897904
12948476131000, -0.88361657, 1.9382755, 0.5748242
12948481150000, -0.9447031, 1.9819523, 0.54519725
12948486177000, -1.0042624, 2.0399845, 0.52503866
12948491178000, -1.0549643, 2.117259, 0.54305923
12948496166000, -1.0989466, 2.1975877, 0.56138515
12948501196000, -1.1386528, 2.2311852, 0.61391956
12948506176000, -1.1383474, 2.2608123, 0.63591075
12948511171000, -1.1206323, 2.2272146, 0.6606508
12948516353000, -1.0833695, 2.2177463, 0.61300325
12948521184000, -1.0845913, 2.2299635, 0.5513059
12948526170000, -1.0806206, 2.2009475, 0.49021935
12948531148000, -1.0601566, 2.1481075, 0.44837508
12948536179000, -1.0415252, 2.087632, 0.41813725
12948541181000, -1.0250319, 2.025629, 0.38881573
12948546170000, -1.0345002, 1.9691241, 0.35918877
12948551182000, -1.031446, 1.9007072, 0.36102137
12948556170000, -1.0210613, 1.8267925, 0.3903429
12948561168000, -0.97158116, 1.7785342, 0.41874814
12948566149000, -0.904386, 1.7333301, 0.44012842
12948571179000, -0.8371908, 1.6972891, 0.46028697
12948576165000, -0.7797695, 1.7192802, 0.48716503
12948581145000, -0.7153232, 1.6872098, 0.5549711
12948586237000, -0.6365216, 1.6893479, 0.5934556
12948591255000, -0.6282749, 1.7046194, 0.63591075
12948596183000, -0.6010914, 1.649947, 0.69974613
12948601171000, -0.56077427, 1.6371188, 0.7528914
12948606190000, -0.5421429, 1.5906931, 0.77732605
12948611173000, -0.5015204, 1.5540411, 0.816116
12948616143000, -0.49480084, 1.5158621, 0.8268061
12948621180000, -0.49266282, 1.4947872, 0.83169305
12948626364000, -0.5143485, 1.4953982, 0.8313876
12948631144000, -0.550695, 1.5213599, 0.8335256
12948636196000, -0.6044512, 1.5460999, 0.8374963
12948641172000, -0.68325275, 1.566564, 0.840856
12948646152000, -0.743423, 1.5430456, 0.850019
12948651193000, -0.7657196, 1.4737124, 0.8381071
12948656119000, -0.77579886, 1.3808609, 0.83658
12948661169000, -0.79137594, 1.2687671, 0.8396343
12948666169000, -0.80756384, 1.1676689, 0.84665924
12948671174000, -0.820392, 1.078788, 0.84513205
12948676637000, -0.82527894, 0.9969321, 0.86009824
12948681165000, -0.82833326, 0.93859446, 0.8793405
12948686227000, -0.8414669, 0.8176431, 0.90224797
12948691229000, -0.82527894, 0.7632761, 0.88178396
12948696164000, -0.88422745, 0.77091193, 0.872621
12948701804000, -0.93645644, 0.74372846, 0.89766645
12948706179000, -0.9502009, 0.72112644, 0.91415983
12948711168000, -0.9755518, 0.7458665, 0.9443977
12948716161000, -0.9923506, 0.7693848, 0.9746355
12948721174000, -0.9972375, 0.7690793, 0.9728029
12948726176000, -1.0033462, 0.7483099, 0.9810496
12948731145000, -1.0118983, 0.72418076, 0.96761054
12948736232000, -1.0225884, 0.74097955, 0.9425651
12948741170000, -1.0433578, 0.7690793, 0.926988
12948746204000, -1.0644327, 0.7974846, 0.9193522
12948751135000, -1.0812315, 0.77121735, 0.88300574
12948756152000, -1.0955868, 0.70188415, 0.8576548
12948761137000, -1.0903945, 0.61086524, 0.8368854
12948766160000, -1.097114, 0.59437186, 0.8026769
12948771880000, -1.1142182, 0.58032197, 0.79504114
12948776173000, -1.1484267, 0.58062744, 0.79351395
12948781115000, -1.178359, 0.5748242, 0.8045095
12948786242000, -1.1921035, 0.5412266, 0.8240572
12948791206000, -1.2140946, 0.4792238, 0.8552113
12948796185000, -1.2226468, 0.4474588, 0.890947
12948801152000, -1.2321151, 0.36285394, 0.9239337
12948806184000, -1.2287555, 0.31642818, 0.95386606
12948811127000, -1.2220359, 0.31398472, 0.9651671
12948816162000, -1.2253957, 0.37659842, 0.9599747
12948821152000, -1.2296717, 0.45723262, 0.958753
12948826181000, -1.2366967, 0.52473325, 0.9627236
12948831496000, -1.2486086, 0.52106804, 0.97341377
12948836230000, -1.2498302, 0.4352415, 0.98624194
12948841506000, -1.2217305, 0.3323107, 0.9807441
12948846200000, -1.1856894, 0.2669481, 0.97524637
12948851207000, -1.1554517, 0.23762658, 0.97524637
12948856177000, -1.153619, 0.24770586, 0.979217
12948861107000, -1.1704178, 0.25992316, 1.0002918
12948866166000, -1.2021828, 0.19883664, 1.0091494
12948871176000, -1.2040154, 0.09987647, 1.0491611
12948876851000, -1.1606439, -0.027183503, 1.1591167
12948881145000, -1.03786, -0.11728613, 1.1985176
12948886192000, -0.96669424, -0.13041973, 1.1979067
12948891134000, -0.8979719, -0.12156218, 1.2189816
12948896160000, -0.86590147, -0.046120327, 1.2373075
12948901199000, -0.8374963, 0.010995574, 1.2892311
12948906165000, -0.79443026, 0.04184427, 1.3771957
12948911194000, -0.7464773, 0.021685716, 1.5146403
12948916194000, -0.6881397, 0.024740042, 1.6151277
12948921159000, -0.6249151, 0.23793201, 1.575116
12948926181000, -0.6239988, 0.46028697, 1.5176947
12948931209000, -0.6401868, 0.6096435, 1.5082263
12948936203000, -0.634689, 0.66737026, 1.5259414
12948941221000, -0.60048056, 0.6835582, 1.525636
12948946221000, -0.5720753, 0.6609562, 1.5204436
12948951258000, -0.5338962, 0.6239988, 1.5262468
12948956238000, -0.48563787, 0.59498274, 1.534799
12948961120000, -0.45265114, 0.5323691, 1.5488489
12948966121000, -0.4382958, 0.441961, 1.5766432
12948971118000, -0.40103304, 0.3191771, 1.5992452
12948976111000, -0.35979962, 0.22999077, 1.6099354
12948981101000, -0.32711834, 0.19883664, 1.6145169
12948986115000, -0.32650748, 0.17959438, 1.647809
12948991114000, -0.3475823, 0.18967366, 1.6826283
12948996104000, -0.3408628, 0.18936823, 1.6994271
12949001153000, -0.34116822, 0.204029, 1.7119498
12949006110000, -0.3463606, 0.2706133, 1.7046194
12949011105000, -0.344528, 0.36071593, 1.6694947
12949016113000, -0.3491095, 0.5002986, 1.6630806
12949021127000, -0.33261612, 0.5540548, 1.6936239
12949026288000, -0.33658674, 0.63194007, 1.647809
12949031192000, -0.37018433, 0.6814202, 1.565953
12949036154000, -0.43890667, 0.68233645, 1.5286902
12949041210000, -0.46486846, 0.6658431, 1.5115861
12949046142000, -0.47555858, 0.6728681, 1.4984524
12949051274000, -0.49571714, 0.66706485, 1.4798211
12949056112000, -0.5039638, 0.6597345, 1.4483615
12949061823000, -0.50946164, 0.63499445, 1.4333953
12949066164000, -0.54092115, 0.6032294, 1.4208726
12949071206000, -0.5653558, 0.5861252, 1.4110987
12949076104000, -0.5873469, 0.52626044, 1.3884968
12949081181000, -0.5885687, 0.47952923, 1.3695599
12949086167000, -0.5891795, 0.43035457, 1.3710871
12949091213000, -0.571159, 0.40775254, 1.3741413
12949096128000, -0.5299256, 0.3454443, 1.3805555
12949101181000, -0.50946164, 0.26450464, 1.3884968
12949106108000, -0.441961, 0.20861048, 1.3918564
12949111171000, -0.36285394, 0.17989981, 1.4373659
12949116173000, -0.267559, 0.1432479, 1.4648548
12949121186000, -0.18173242, 0.12217305, 1.4795157
12949126199000, -0.12095132, 0.12492194, 1.4715744
12949131790000, -0.08155051, 0.12644911, 1.4850134
12949136259000, -0.079107046, 0.07544186, 1.4758505
12949141174000, -0.10293079, 0.059864793, 1.4853189
12949146196000, -0.1301143, 0.059864793, 1.5018122
12949151177000, -0.16310102, 0.057421334, 1.5054774
12949156212000, -0.21319197, 0.06811147, 1.5005904
12949161206000, -0.2501493, 0.07513642, 1.4892895
12949166146000, -0.2938262, 0.069027774, 1.491122
12949171182000, -0.30879238, 0.07422013, 1.5161675
12949176201000, -0.3182608, 0.09407325, 1.5372424
12949181166000, -0.31673363, 0.18203785, 1.5806139
12949186218000, -0.301462, 0.21685717, 1.6001616
12949191174000, -0.30634892, 0.23915374, 1.5845845
12949196169000, -0.30268374, 0.28863382, 1.5262468
12949201734000, -0.29657507, 0.42088616, 1.4410311
12949206173000, -0.30176744, 0.4822781, 1.4236214
12949211210000, -0.30665436, 0.6084218, 1.396438
12949216228000, -0.3222314, 0.7266242, 1.3805555
12949221175000, -0.37415496, 0.86345804, 1.3542882
12949226207000, -0.42271876, 0.98624194, 1.3231341
12949231185000, -0.4633413, 1.0616838, 1.2993103
12949236247000, -0.49938235, 1.0891727, 1.2641857
12949241207000, -0.5357288, 1.0965031, 1.2260065
12949246231000, -0.5839872, 1.0708468, 1.1841623
12949251252000, -0.6441574, 1.0393872, 1.151481
12949256289000, -0.7101309, 0.98868537, 1.1279627
12949261177000, -0.76083267, 0.9285152, 1.1102476
12949266185000, -0.81183994, 0.8784242, 1.10139
12949271213000, -0.8472701, 0.8356637, 1.0974194
12949277012000, -0.8536842, 0.7984009, 1.0855075
12949281180000, -0.8368854, 0.7770206, 1.0910053
12949286285000, -0.8142834, 0.73456544, 1.0797043
12949291268000, -0.7770206, 0.7788532, 1.1221595
12949296236000, -0.7699956, 0.7476991, 1.108415
12949301724000, -0.7788532, 0.72021013, 1.0757337
12949306270000, -0.7287622, 0.7312057, 1.0891727
12949311102000, -0.6948592, 0.7348709, 1.1053606
12949316195000, -0.63316184, 0.7351763, 1.0995574
12949321114000, -0.5674938, 0.7651087, 1.0937542
12949326202000, -0.5363397, 0.7852673, 1.0824533
12949331181000, -0.5122105, 0.82772243, 1.0903945
12949336217000, -0.4972443, 0.8518516, 1.1078042
12949341180000, -0.505491, 0.8179486, 1.0885619
12949346208000, -0.55771995, 0.7968737, 1.0616838
12949351430000, -0.57910025, 0.79779, 1.0329732
12949356212000, -0.5681047, 0.8042041, 1.003957
12949361204000, -0.5543602, 0.8304713, 1.0192287
12949366209000, -0.5357288, 0.80664754, 0.99112886
12949371209000, -0.50793445, 0.8014552, 0.9828822
12949376197000, -0.48166725, 0.7669413, 0.96852684
12949381193000, -0.4373795, 0.71776664, 0.97494096
12949386883000, -0.3866777, 0.6918049, 0.97433007
12949391213000, -0.36132678, 0.6597345, 0.9822713
12949396223000, -0.3491095, 0.6249151, 0.9877691
12949401365000, -0.32498032, 0.5546656, 1.0073168
12949406238000, -0.30482176, 0.48349985, 1.0228939
12949411213000, -0.2883284, 0.43890667, 1.0198395
12949416198000, -0.2837469, 0.43127087, 1.0152581
12949421189000, -0.2602286, 0.4550946, 0.97585726
12949426202000, -0.24220806, 0.4783075, 0.9416488
12949431167000, -0.2443461, 0.46731192, 0.9101892
12949436294000, -0.2556471, 0.44501534, 0.90102625
12949441208000, -0.2764165, 0.39828414, 0.8940013
12949446228000, -0.26053402, 0.34422258, 0.8671232
12949451331000, -0.27397305, 0.3268129, 0.8258898
12949456949000, -0.28985557, 0.32711834, 0.75686204
12949461199000, -0.3213151, 0.32406402, 0.7131852
12949466194000, -0.3390302, 0.32070425, 0.6933321
12949471182000, -0.34025195, 0.30451632, 0.68233645
12949476198000, -0.36926803, 0.29138273, 0.6747007
12949481192000, -0.37720928, 0.2938262, 0.61819565
12949486194000, -0.3680463, 0.3051272, 0.6068946
12949491208000, -0.3717115, 0.31764993, 0.6114761
12949496156000, -0.3726278, 0.2782491, 0.6444628
12949501181000, -0.355829, 0.2687807, 0.63621616
12949506122000, -0.3594942, 0.2611449, 0.57787853
12949511141000, -0.3662137, 0.24678956, 0.5626069
12949516113000, -0.37201694, 0.19425514, 0.6038403
12949521180000, -0.35460728, 0.16462818, 0.61208695
12949526111000, -0.3494149, 0.1777618, 0.5714644
12949531201000, -0.37934732, 0.17348573, 0.5491679
12949536229000, -0.3912592, 0.12797627, 0.56321776
12949541212000, -0.38515055, 0.074830994, 0.59773165
12949546220000, -0.36254853, 0.046731193, 0.59498274
12949551369000, -0.3659083, 0.01863139, 0.56779927
12949556208000, -0.3652974, -0.036651913, 0.5381723
12949561207000, -0.3408628, -0.09560041, 0.59437186
12949566202000, -0.30085114, -0.15363261, 0.65393126
12949571201000, -0.25473082, -0.14935656, 0.6230826
12949576202000, -0.24007004, -0.18051068, 0.6178902
12949581197000, -0.20158553, -0.19517145, 0.6093381
12949586223000, -0.1572978, -0.25381452, 0.59528816
12949591217000, -0.13744467, -0.33536503, 0.59956425
12949596444000, -0.09162979, -0.40194935, 0.63041294
12949601188000, -0.027488936, -0.36346483, 0.5656612
12949606154000, -0.008552114, -0.32467487, 0.5412266
12949611169000, 0.004581489, -0.30176744, 0.5036584
12949616166000, 0.02443461, -0.2996294, 0.52778757
12949621180000, 0.035124753, -0.28038713, 0.54275376
12949626105000, 0.025045475, -0.31031954, 0.5342017
12949631182000, 0.0021380284, -0.35246924, 0.5143485
12949636170000, -0.024740042, -0.42241332, 0.4804455
12949641172000, -0.024129177, -0.48624873, 0.43310347
12949646133000, -0.03359759, -0.5308419, 0.40194935
12949651178000, -0.043066, -0.52503866, 0.37965274
12949656115000, -0.06169739, -0.5140431, 0.3567453
12949661170000, -0.095294975, -0.514654, 0.33383787
12949666134000, -0.122478485, -0.5180137, 0.30024028
12949671177000, -0.16890424, -0.52442783, 0.25595254
12949677043000, -0.18967366, -0.54061574, 0.22999077
12949681155000, -0.22602014, -0.5332854, 0.23518312
12949686204000, -0.23854288, -0.49357912, 0.2302962
12949691170000, -0.28221974, -0.4709771, 0.22052236
12949696231000, -0.31123585, -0.44501534, 0.1994475
12949701144000, -0.34025195, -0.4364632, 0.19394971
12949706220000, -0.36987892, -0.42546764, 0.16982053
12949711878000, -0.41722095, -0.41325033, 0.16707164
12949716200000, -0.47433686, -0.40133846, 0.15974127
12949721181000, -0.5390886, -0.36713, 0.14263703
12949726213000, -0.6062838, -0.36926803, 0.14874569
12949731171000, -0.6411031, -0.3549127, 0.16584991
12949736235000, -0.6597345, -0.36132678, 0.1600467
12949741166000, -0.65057147, -0.34574974, 0.16126843
12949746243000, -0.6239988, -0.32528573, 0.17195857
12949751211000, -0.62980205, -0.30940324, 0.17440203
12949756202000, -0.6762278, -0.30543262, 0.16982053
12949761194000, -0.7357872, -0.2751948, 0.17470746
12949766206000, -0.81122905, -0.23579398, 0.16829337
12949771153000, -0.8927795, -0.19303341, 0.16982053
12949776210000, -0.9569204, -0.18142697, 0.16829337
12949781680000, -1.0225884, -0.19914207, 0.1704314
12949786283000, -1.0393872, -0.23945917, 0.17928895
12949791102000, -1.0708468, -0.267559, 0.19120082
12949796273000, -1.1209377, -0.28924468, 0.20677789
12949801146000, -1.171945, -0.3136793, 0.2321288
12949806219000, -1.2180653, -0.36254853, 0.25870144
12949811107000, -1.2458596, -0.42821655, 0.28313604
12949816326000, -1.2641857, -0.45906523, 0.3200934
12949821133000, -1.282817, -0.45998153, 0.36010507
12949826194000, -1.3096951, -0.41996986, 0.38789943
12949831202000, -1.3402383, -0.40378192, 0.42730024
12949836271000, -1.3607023, -0.3915646, 0.46944994
12949841171000, -1.3759739, -0.37415496, 0.51068336
12949846275000, -1.3845261, -0.36651915, 0.5513059
12949851976000, -1.4004086, -0.36254853, 0.5867361
12949856214000, -1.4037683, -0.36651915, 0.6301075
12949861147000, -1.396438, -0.37965274, 0.6762278
12949866208000, -1.3897184, -0.40286562, 0.7153232
12949871198000, -1.3704761, -0.41080686, 0.7629707
12949876184000, -1.3478742, -0.40042216, 0.8035932
12949881218000, -1.3307699, -0.40103304, 0.8258898
12949886236000, -1.3307699, -0.41783184, 0.8677341
12949891195000, -1.3277156, -0.42821655, 0.9068295
12949896270000, -1.3203852, -0.44868052, 0.95233893
12949901204000, -1.3127494, -0.48563787, 0.9972375
12949906179000, -1.3078625, -0.50243664, 1.0616838
12949911186000, -1.3051136, -0.50701815, 1.1175779
12949916191000, -1.3127494, -0.48838675, 1.1630874
12949921411000, -1.3267993, -0.47800204, 1.2104294
12949926187000, -1.3329079, -0.48624873, 1.2541064
12949931204000, -1.3429873, -0.4810564, 1.2925909
12949936177000, -1.3521502, -0.47983465, 1.3423764
12949941195000, -1.3600914, -0.48624873, 1.3949108
12949946260000, -1.3558154, -0.4841107, 1.4419475
12949951257000, -1.3399329, -0.44868052, 1.4828753
12949956211000, -1.3542882, -0.39645153, 1.5247196
12949961212000, -1.3845261, -0.34483343, 1.5406022
12949966168000, -1.4202617, -0.33200526, 1.5470163
12949971215000, -1.4425583, -0.2941316, 1.5653422
12949976205000, -1.4428637, -0.2947425, 1.5827519
12949981215000, -1.4535538, -0.3005457, 1.5845845
12949986267000, -1.4547756, -0.2941316, 1.6172657
12949991209000, -1.4404203, -0.258396, 1.6978999
12949996291000, -1.452943, -0.25870144, 1.6927075
12950001244000, -1.4666874, -0.26542094, 1.6905695
12950006207000, -1.4856243, -0.2648101, 1.6526959
12950011194000, -1.4859297, -0.28038713, 1.5775595
12950016147000, -1.4920384, -0.269697, 1.5473217
12950021197000, -1.4761559, -0.26236662, 1.5506815
12950026101000, -1.4590516, -0.25809056, 1.5741998
12950031214000, -1.4453071, -0.25778514, 1.68385
12950036227000, -1.427592, -0.25961772, 1.6911805
12950041212000, -1.4288138, -0.2761111, 1.6368134
12950046101000, -1.4172074, -0.26847526, 1.6074919
12950051252000, -1.3918564, -0.26083946, 1.6007724
12950056146000, -1.3677273, -0.25320363, 1.5891659
12950061213000, -1.352761, -0.23548855, 1.5491543
12950066176000, -1.3335189, -0.19181168, 1.4859297
12950071224000, -1.3277156, -0.1695151, 1.452943
12950076104000, -1.3206906, -0.11759156, 1.4425583
12950081192000, -1.3139712, -0.0580322, 1.4031575
12950086193000, -1.3072516, -0.010995574, 1.3591752
12950091211000, -1.2910637, 0.032070424, 1.3200798
12950096146000, -1.2452488, 0.052839845, 1.3322971
12950101183000, -1.1701124, 0.06719518, 1.2760975
12950106116000, -1.1108584, 0.100792766, 1.1096367
12950111173000, -1.0519099, 0.116980694, 0.9795224
12950116151000, -0.95630956, 0.1572978, 0.9126327
12950121183000, -0.8753699, 0.19761491, 0.90041536
12950126130000, -0.7993172, 0.24098633, 0.9254609
12950131165000, -0.7825184, 0.26908615, 0.95905846
12950136206000, -0.8219192, 0.31612277, 0.98807454
12950141210000, -0.9053023, 0.41996986, 1.0320568
12950146144000, -1.0054842, 0.52870387, 1.0403035
12950151202000, -1.0812315, 0.61666846, 1.0512991
12950156158000, -1.1337659, 0.68783426, 1.0656544
12950161170000, -1.1948525, 0.75686204, 0.9288206
12950166173000, -1.246776, 0.7779369, 0.85154617
12950171178000, -1.2550226, 0.77732605, 0.8216137
12950176770000, -1.2534955, 0.74067414, 0.79717916
12950181159000, -1.2116512, 0.71837753, 0.7770206
12950186250000, -1.1887437, 0.6704246, 0.7431176
12950191173000, -1.1346822, 0.60231316, 0.7122689
12950196166000, -1.0781772, 0.52931476, 0.6637051
12950201166000, -1.0241156, 0.4474588, 0.60994893
12950206185000, -0.99173975, 0.3924809, 0.5580254
12950211206000, -0.97585726, 0.35613444, 0.49205196
12950216173000, -0.981355, 0.3182608, 0.42455134
12950221172000, -0.9850202, 0.3210097, 0.34513888
12950226176000, -1.0183123, 0.32284227, 0.28313604
12950231160000, -1.0601566, 0.31887165, 0.22052236
12950236210000, -1.0708468, 0.2938262, 0.2012801
12950241168000, -1.0735956, 0.28221974, 0.18295415
12950246490000, -1.0503827, 0.25870144, 0.17348573
12950251173000, -1.0247264, 0.2415972, 0.17745635
12950256184000, -0.99021256, 0.19120082, 0.20280726
12950261168000, -0.9465357, 0.16798794, 0.23793201
12950266157000, -0.8857546, 0.13836098, 0.28496864
12950271177000, -0.838718, 0.13103059, 0.26267207
12950276977000, -0.8210029, 0.10842858, 0.22357668
12950281182000, -0.7473936, 0.09590584, 0.22510384
12950286185000, -0.7257079, 0.09162979, 0.23335053
12950291168000, -0.70524395, 0.070554934, 0.23793201
12950296177000, -0.6918049, 0.073303826, 0.22876903
12950301150000, -0.6640105, 0.069027774, 0.21380283
12950306185000, -0.64751714, 0.059864793, 0.17745635
12950311126000, -0.6072, 0.04337143, 0.14172074
12950316201000, -0.56779927, 0.02107485, 0.11575896
12950321104000, -0.5174029, -0.026267206, 0.08155051
12950326173000, -0.4633413, -0.06352998, 0.057726767
12950331152000, -0.410196, -0.14355333, 0.040317107
12950336198000, -0.35888332, -0.17928895, 0.007941248
12950341154000, -0.3313944, -0.22082779, -0.03023783
12950346165000, -0.28802297, -0.22632557, -0.061391957
12950351188000, -0.24587326, -0.22602014, -0.08246681
12950356179000, -0.20158553, -0.23426682, -0.098043874
12950361201000, -0.15760323, -0.23854288, -0.10048734
12950366165000, -0.09865474, -0.25045475, -0.096516706
12950371359000, -0.036957346, -0.2657264, -0.1020145
12950376174000, 0.015882496, -0.27550024, -0.095294975
12950381158000, 0.044898596, -0.25992316, -0.10048734
12950386218000, 0.089491755, -0.26939157, -0.11453723
12950391150000, 0.14721853, -0.28496864, -0.12370021
12950396284000, 0.22724187, -0.29932398, -0.1255328
12950401585000, 0.31245756, -0.32162055, -0.13683382
12950406180000, 0.39828414, -0.34605515, -0.124311075
12950411241000, 0.4831944, -0.3576616, -0.12217305
12950416160000, 0.56321776, -0.3491095, -0.12889257
12950421518000, 0.64843345, -0.38148534, -0.100792766
12950426171000, 0.7431176, -0.41141775, -0.040317107
12950431793000, 0.8393288, -0.38087448, -0.084910266
12950436191000, 0.90194255, -0.40561453, -0.1386664
12950441197000, 0.98654735, -0.45448375, -0.16065755
12950446173000, 1.0705414, -0.5152648, -0.1554652
12950451176000, 1.1743884, -0.5458081, -0.15149458
12950456180000, 1.2486086, -0.57635134, -0.14813483
12950461106000, 1.3203852, -0.56321776, -0.16920967
12950466239000, 1.4010195, -0.54244834, -0.18387043
12950471111000, 1.4688255, -0.5516113, -0.19364429
12950476980000, 1.4963144, -0.66981375, -0.07147124
12950481154000, 1.6059648, -0.6545421, -0.055283304
12950486191000, 1.6190983, -0.593761, -0.09407325
12950491106000, 1.6123788, -0.5717699, -0.10445796
12950496165000, 1.6200147, -0.548557, -0.09193522
12950501877000, 1.6520851, -0.5323691, -0.08002335
12950506301000, 1.6743816, -0.51343226, -0.059864793
12950511143000, 1.6963727, -0.46975538, -0.090713486
12950516156000, 1.7217237, -0.46181414, -0.09987647
12950521206000, 1.7464638, -0.4605924, -0.07788532
12950526174000, 1.784032, -0.48258355, -0.05955936
12950531170000, 1.8295414, -0.52412236, 0.028099801
12950536187000, 1.9028453, -0.50640726, 0.030543262
12950541173000, 1.9385809, -0.48991394, -0.036957346
12950546173000, 1.9504927, -0.47586402, -0.09896017
12950551156000, 1.9364429, -0.46822822, -0.14172074
12950556271000, 1.9220876, -0.44012842, -0.17867808
12950561170000, 1.8817704, -0.42332962, -0.204029
12950566154000, 1.8438967, -0.4034765, -0.21838433
12950571563000, 1.8142698, -0.36896262, -0.2406809
12950576172000, 1.7318029, -0.35155296, -0.24587326
12950581155000, 1.7027869, -0.3268129, -0.24190263
12950586237000, 1.649947, -0.30604348, -0.23426682
12950591173000, 1.6126842, -0.28038713, -0.21594086
12950596170000, 1.5809193, -0.23915374, -0.2049453
12950601184000, 1.5549575, -0.18020524, -0.19792034
12950606178000, 1.5286902, -0.14385876, -0.18173242
12950611171000, 1.5183055, -0.09254608, -0.15760323
12950616153000, 1.5222762, -0.043676864, -0.12797627
12950621184000, 1.5381587, -0.01282817, -0.0888809
12950626170000, 1.5583172, 0.019242255, -0.03970624
12950631154000, 1.5720617, 0.027183503, -0.006414085
12950636194000, 1.563815, 0.008552114, 0.023823744
12950641280000, 1.5583172, -0.03634648, 0.06078109
12950646151000, 1.539075, -0.090713486, 0.11148291
12950651209000, 1.5042557, -0.1591304, 0.14844026
12950656143000, 1.4776831, -0.22510384, 0.17715092
12950661169000, 1.4385877, -0.258396, 0.19364429
12950666240000, 1.402852, -0.3032946, 0.204029
12950671184000, 1.3973542, -0.28863382, 0.20891592
12950677029000, 1.3820826, -0.2706133, 0.17195857
12950681224000, 1.3686435, -0.27214047, 0.1600467
12950686154000, 1.3539828, -0.22968534, 0.10873401
12950691171000, 1.3399329, -0.18234327, 0.06169739
12950696136000, 1.3069462, -0.12186762, 0.022907447
12950701161000, 1.2983941, -0.06291912, 0.00580322
12950706201000, 1.2690725, -0.0036651916, -0.043066
12950711174000, 1.2315043, 0.03176499, -0.093767814
12950716167000, 1.1743884, 0.11178834, -0.13836098
12950721174000, 1.1548407, 0.20677789, -0.16982053
12950726192000, 1.1117748, 0.27580565, -0.1600467
12950731210000, 1.0467176, 0.34147367, -0.15882497
12950736276000, 0.9443977, 0.3943135, -0.15515977
12950741172000, 0.78038037, 0.46761733, -0.17623462
12950746168000, 0.54825157, 0.55741453, -0.24556783
12950751164000, 0.2602286, 0.66767573, -0.36957347
12950756846000, -0.058948494, 0.8368854, -0.4978552
12950761167000, -0.38453966, 0.9388999, -0.57604593
12950766159000, -0.54641896, 1.1447614, -0.59315014
12950771174000, -0.8206975, 1.2886202, -0.6078109
12950776170000, -1.0421361, 1.3377949, -0.5742133
12950781174000, -1.2202033, 1.2996159, -0.537256
12950786190000, -1.3460416, 1.180497, -0.5161811
12950791307000, -1.3713925, 1.0219775, -0.52839845
12950796165000, -1.2760975, 0.8072584, -0.52748215
12950801177000, -1.0961977, 0.4981606, -0.49205196
12950806179000, -0.88606006, 0.13775012, -0.44776422
12950811170000, -0.6640105, -0.15790866, -0.39828414
12950816153000, -0.45570546, -0.34422258, -0.34116822
12950821176000, -0.32528573, -0.39461896, -0.30848694
12950826813000, -0.21960606, -0.30115658, -0.2883284
12950831129000, -0.18387043, -0.16157386, -0.27397305
12950836195000, -0.16462818, -0.05681047, -0.24556783
12950841131000, -0.16035213, 0.0290161, -0.21319197
12950846167000, -0.172264, 0.14935656, -0.18936823
12950851180000, -0.18020524, 0.27885997, -0.14966199
12950856180000, -0.19364429, 0.3378085, -0.116675265
12950861174000, -0.21319197, 0.41447207, -0.105374254
12950866151000, -0.21502456, 0.47800204, -0.07971791
12950871180000, -0.21930063, 0.5039638, -0.048258353
12950876987000, -0.20769419, 0.50488013, -0.029626964
12950881334000, -0.17715092, 0.4999932, -0.02321288
12950886193000, -0.16187929, 0.4361578, -0.021991149
12950891163000, -0.13408493, 0.3268129, -0.02107485
12950896700000, -0.087964594, 0.20555615, -0.014966198
12950901324000, -0.046731193, 0.07452556, -0.01863139
12950906144000, -0.00580322, -0.042760566, -0.013744468
12950911156000, 0.019242255, -0.14172074, -0.029626964
12950916149000, 0.035124753, -0.21074851, -0.04337143
12950921161000, 0.051923547, -0.25137106, -0.052534413
12950926145000, 0.04795292, -0.26297748, -0.058948494
12950931349000, 0.03145956, -0.23762658, -0.0729984
12950936145000, 0.016798794, -0.18845193, -0.09712757
12950941373000, -0.016493361, -0.13744467, -0.111177474
12950946183000, -0.039095376, -0.09040806, -0.12217305
12950951252000, -0.052534413, -0.04886922, -0.13164146
12950956096000, -0.06536258, -0.029321533, -0.1386664
12950961039000, -0.0711658, 0.0076358155, -0.16371189
12950966103000, -0.06291912, 0.046731193, -0.16249016
12950971054000, -0.07574729, 0.053145275, -0.16584991
12950976090000, -0.065973446, 0.07086037, -0.16676621
12950981059000, -0.062308256, 0.073303826, -0.16340645
12950986113000, -0.049480084, 0.092240654, -0.15454891
12950991040000, -0.05009095, 0.09560041, -0.16126843
12950996090000, -0.02687807, 0.11881329, -0.15607607
12951001270000, -0.028710667, 0.13316862, -0.14080444
12951006190000, -0.03359759, 0.16737708, -0.13072516
12951011150000, -0.047036625, 0.1994475, -0.124311075
12951016149000, -0.052534413, 0.20525073, -0.12156218
12951021178000, -0.06383542, 0.20158553, -0.10262536
12951026169000, -0.076052725, 0.17959438, -0.08827003
12951031175000, -0.0842994, 0.16584991, -0.07941248
12951036236000, -0.0720821, 0.1518, -0.06872234
12951041274000, -0.071776666, 0.12614368, -0.050396383
12951046171000, -0.06963864, 0.12064589, -0.04642576
12951051189000, -0.055588737, 0.1133155, -0.038179077
12951056173000, -0.052534413, 0.119729586, -0.04153884
12951061177000, -0.047647487, 0.11636983, -0.045814894
12951066152000, -0.039095376, 0.13225232, -0.04795292
12951071180000, -0.03390302, 0.15699236, -0.055588737
12951076948000, -0.047036625, 0.1704314, -0.062002823
12951081179000, -0.041233405, 0.17989981, -0.06627888
12951086179000, -0.036957346, 0.16462818, -0.07574729
12951091178000, -0.029932396, 0.1563815, -0.086132
12951096171000, -0.019547688, 0.16982053, -0.105068825
12951101180000, -0.034513887, 0.1881465, -0.12675454
12951106166000, -0.032070424, 0.1908954, -0.15088372
12951111173000, -0.05222898, 0.19120082, -0.17134771
12951116154000, -0.062002823, 0.18387043, -0.19028452
12951121184000, -0.09682214, 0.15974127, -0.2003638
12951126102000, -0.12064589, 0.1432479, -0.21502456
12951131186000, -0.116675265, 0.12522738, -0.22296582
12951136139000, -0.12370021, 0.11453723, -0.22266038
12951141176000, -0.13103059, 0.1001819, -0.2275473
12951146097000, -0.11301007, 0.08857546, -0.22907446
12951151949000, -0.102319926, 0.07147124, -0.23060162
12951156099000, -0.071776666, 0.0580322, -0.22968534
12951161175000, -0.081855945, 0.04062254, -0.23518312
12951166139000, -0.06414085, 0.047036625, -0.22296582
12951171189000, -0.052534413, 0.02687807, -0.21655174
12951176139000, -0.027183503, 0.014660766, -0.20799962
12951181169000, -0.004276057, 0.008857546, -0.19486602
12951186211000, 0.021685716, -0.01863139, -0.18661933
12951191177000, 0.050396383, -0.03359759, -0.17165314
12951196151000, 0.06688975, -0.06383542, -0.16157386
12951201186000, 0.0729984, -0.09865474, -0.1459968
12951206168000, 0.08155051, -0.13408493, -0.12889257
12951211171000, 0.08246681, -0.16157386, -0.1151481
12951216151000, 0.083383106, -0.17654006, -0.106901415
12951221724000, 0.0729984, -0.18570304, -0.09468412
12951226175000, 0.06627888, -0.19058995, -0.09315695
12951231174000, 0.06414085, -0.19547687, -0.08093964
12951236258000, 0.06811147, -0.20586158, -0.06872234
12951241178000, 0.06414085, -0.18417588, -0.06383542
12951246135000, 0.063224554, -0.17837265, -0.060170226
12951251203000, 0.054061573, -0.17531833, -0.047647487
12951256109000, 0.047036625, -0.16371189, -0.042760566
12951261171000, 0.047036625, -0.14844026, -0.033292156
12951266124000, 0.03390302, -0.1328632, -0.022602014
12951271183000, 0.022907447, -0.13805555, -0.005497787
12951276989000, 0.022907447, -0.12736541, 0.004886922
12951281183000, 6.1086525E-4, -0.13561209, 0.010079277
12951286214000, 0.0076358155, -0.12797627, 0.007941248
12951291350000, -0.004276057, -0.13041973, 0.010079277
12951296123000, -0.004276057, -0.14019357, 0.022907447
12951301211000, -0.018020526, -0.1386664, 0.026267206
12951306170000, -0.016798794, -0.14966199, 0.021380283
12951311173000, -0.01282817, -0.15118915, 0.023518313
12951316155000, -0.016493361, -0.15118915, 0.031154128
12951321180000, -0.026572637, -0.15943582, 0.03176499
12951326179000, -0.025961773, -0.15088372, 0.028405234
12951331216000, -0.022296581, -0.13958271, 0.032070424
12951336349000, -0.024129177, -0.13591751, 0.025961773
12951341294000, -0.028099801, -0.15027285, 0.033292156
12951346164000, -0.03604105, -0.15332718, 0.03573562
12951351249000, -0.03726278, -0.16035213, 0.034208454
12951356175000, -0.052839845, -0.1731803, 0.030543262
12951361154000, -0.055588737, -0.17654006, 0.03573562
12951366161000, -0.07086037, -0.18906279, 0.034513887
12951371149000, -0.07452556, -0.19211712, 0.03176499
12951376181000, -0.086132, -0.19608775, 0.029932396
12951381164000, -0.09193522, -0.19792034, 0.027183503
12951386193000, -0.087964594, -0.20280726, 0.030848695
12951391211000, -0.08460484, -0.19608775, 0.034208454
12951396203000, -0.08032878, -0.18173242, 0.032375857
12951401195000, -0.06811147, -0.17073683, 0.037873644
12951406158000, -0.060170226, -0.160963, 0.038789943
12951411173000, -0.06566802, -0.15577064, 0.035124753
12951416142000, -0.059253927, -0.14446963, 0.03573562
12951421177000, -0.06261369, -0.12370021, 0.03359759
12951426192000, -0.05589417, -0.11942416, 0.025045475
12951431192000, -0.061086524, -0.103847094, 0.021685716
12951436214000, -0.060170226, -0.098043874, 0.013744468
12951441175000, -0.0580322, -0.086132, 0.023518313
12951446172000, -0.06261369, -0.08827003, 0.018325957
12951451158000, -0.059864793, -0.07360926, 0.018325957
12951456144000, -0.058337633, -0.06658431, 0.018020526
12951461109000, -0.059253927, -0.052534413, 0.01740966
12951466154000, -0.05467244, -0.036651913, 0.015577064
12951471146000, -0.061086524, -0.040011674, 0.0076358155
12951476135000, -0.047036625, -0.03481932, 0.005497787
12951481160000, -0.05497787, -0.03023783, 0.004581489
12951486182000, -0.049480084, -0.024129177, 0.0036651916
12951491165000, -0.043066, -0.00580322, -0.0018325958
12951496173000, -0.040927973, -0.02107485, -0.006414085
12951501225000, -0.04153884, -0.014966198, -0.011911872
12951506176000, -0.04062254, -0.022907447, -0.0125227375
12951511113000, -0.029932396, -0.011911872, -0.013133603
12951516142000, -0.029626964, -0.013744468, -0.02107485
12951521116000, -0.026572637, -0.009162978, -0.022907447
12951526208000, -0.027488936, -0.0125227375, -0.033292156
12951531218000, -0.02687807, -0.007941248, -0.033292156
12951536226000, -0.027183503, 9.162979E-4, -0.044898596
12951541191000, -0.024129177, 0.004886922, -0.04428773
12951546115000, -0.026267206, 0.0033597588, -0.043066
12951551181000, -0.02443461, 0.01282817, -0.04184427
12951556174000, -0.03145956, 0.016493361, -0.051923547
12951561164000, -0.03634648, 0.0290161, -0.046731193
12951566151000, -0.05009095, 0.03756821, -0.05009095
12951571181000, -0.047647487, 0.050396383, -0.054367006
12951576171000, -0.03756821, 0.062308256, -0.0571159
12951581160000, -0.04153884, 0.083383106, -0.053450707
12951586177000, -0.04062254, 0.09132435, -0.054061573
12951591173000, -0.04642576, 0.10567969, -0.051923547
12951596171000, -0.04337143, 0.11911872, -0.058643065
12951601246000, -0.036651913, 0.12950343, -0.058948494
12951606167000, -0.032986723, 0.13988814, -0.051618114
12951611170000, -0.03970624, 0.13836098, -0.044898596
12951616445000, -0.032070424, 0.13958271, -0.040011674
12951621183000, -0.03726278, 0.14721853, -0.034208454
12951626172000, -0.02687807, 0.1469131, -0.033292156
12951631177000, -0.024740042, 0.14080444, -0.02687807
12951636185000, -0.03023783, 0.13347405, -0.022602014
12951641176000, -0.022907447, 0.13500121, -0.01985312
12951646167000, -0.023518313, 0.12950343, -0.015271631
12951651174000, -0.022907447, 0.12797627, -0.011301007
12951656173000, -0.009773844, 0.11911872, 0.003970624
12951661170000, -0.019242255, 0.109650314, 0.0015271631
12951666145000, -0.008857546, 0.10323623, 0.004886922
12951671178000, -0.0036651916, 0.09682214, 0.013133603
12951676155000, -0.005497787, 0.09132435, 0.025350908
12951681186000, 0.0018325958, 0.077579886, 0.034513887
12951686279000, 0.0030543262, 0.07666359, 0.032375857
12951691269000, 0.004886922, 0.06658431, 0.03726278
12951696121000, 0.011301007, 0.062002823, 0.047647487
12951701179000, 0.01985312, 0.051923547, 0.050701816
12951706105000, 0.011301007, 0.04642576, 0.053145275
12951711208000, 0.021380283, 0.03390302, 0.058948494
12951716117000, 0.022602014, 0.035430185, 0.070554934
12951721200000, 0.013133603, 0.02687807, 0.06261369
12951726101000, 0.015577064, 0.020158553, 0.067500606
12951731193000, 0.008552114, 0.0106901415, 0.0711658
12951736296000, 0.021991149, 0.009773844, 0.06994407
12951741242000, 0.016187929, 0.017715093, 0.06261369
12951746159000, 0.007941248, 0.01740966, 0.0580322
12951751273000, 0.005497787, 0.015882496, 0.06414085
12951756173000, 0.0070249503, 0.02076942, 0.058643065
12951761210000, 6.1086525E-4, 0.018936822, 0.055588737
12951766269000, -0.00580322, 0.029932396, 0.046731193
12951771218000, -0.0143553335, 0.035124753, 0.056199603
12951776193000, -0.022296581, 0.03604105, 0.05100725
12951781203000, -0.022296581, 0.0421497, 0.05375614
12951786222000, -0.02565634, 0.056199603, 0.058337633
12951791212000, -0.023823744, 0.06169739, 0.055588737
12951796173000, -0.030543262, 0.058337633, 0.06383542
12951801896000, -0.03970624, 0.07147124, 0.06169739
12951806279000, -0.04184427, 0.071776666, 0.06047566
12951811171000, -0.046731193, 0.07819075, 0.053145275
12951816335000, -0.048563786, 0.07819075, 0.056505036
12951821182000, -0.055283304, 0.06841691, 0.053450707
12951826107000, -0.055283304, 0.06658431, 0.0571159
12951831216000, -0.054367006, 0.067500606, 0.05467244
12951836292000, -0.05467244, 0.063224554, 0.05131268
12951841174000, -0.052839845, 0.057421334, 0.044593163
12951846104000, -0.053450707, 0.05497787, 0.047647487
12951851177000, -0.055283304, 0.06627888, 0.043982297
12951856176000, -0.06780604, 0.05375614, 0.043982297
12951861173000, -0.064751714, 0.051618114, 0.035430185
12951866170000, -0.06505715, 0.048563786, 0.032986723
12951871771000, -0.06169739, 0.049480084, 0.03145956
12951877117000, -0.06169739, 0.05131268, 0.022602014
12951881201000, -0.06688975, 0.03940081, 0.02443461
12951886231000, -0.06658431, 0.036957346, 0.02321288
12951891138000, -0.06536258, 0.03023783, 0.02443461
12951896170000, -0.06566802, 0.030848695, 0.014049901
12951901178000, -0.064751714, 0.025961773, 0.013133603
12951906180000, -0.05589417, 0.022296581, 0.009162978
12951911171000, -0.059864793, 0.013744468, -0.0021380284
12951916159000, -0.04550946, 0.005497787, -0.00580322
12951921131000, -0.039095376, 0.004581489, -0.0036651916
12951926176000, -0.033292156, 0.0106901415, -0.013744468
12951931173000, -0.03634648, -6.1086525E-4, -0.008246681
12951936180000, -0.03970624, -0.0015271631, -0.022907447
12951941483000, -0.035430185, -6.1086525E-4, -0.015577064
12951946218000, -0.03726278, 0.007330383, -0.018936822
12951951140000, -0.045814894, 0.010995574, -0.022907447
12951956185000, -0.033292156, 0.0018325958, -0.025350908
12951961320000, -0.027488936, 0.01282817, -0.017715093
12951966150000, -0.038789943, 0.017104227, -0.013133603
12951971111000, -0.04337143, 0.010079277, -0.013133603
12951976177000, -0.03573562, 0.006414085, -0.011911872
12951981131000, -0.034208454, -0.009162978, -0.00580322
12951986212000, -0.030848695, -0.01282817, -0.014660766
12951991146000, -0.029321533, -0.01282817, -0.008857546
12951996173000, -0.03176499, -0.018936822, -0.0021380284
12952001177000, -0.03023783, -0.02076942, -0.0021380284
12952006213000, -0.03176499, -0.027183503, -0.0027488936
12952011201000, -0.03268129, -0.033292156, -9.162979E-4
12952016176000, -0.019242255, -0.03848451, -0.0067195175
12952021290000, -0.014049901, -0.041233405, -0.002443461
12952026204000, -0.021991149, -0.043066, -0.004581489
12952031402000, -0.025350908, -0.03756821, -0.003970624
12952036248000, -0.018020526, -0.0290161, 3.0543262E-4
12952041152000, -0.028099801, -0.03023783, 0.004581489
12952046205000, -0.03023783, -0.03145956, 0.005192355
12952051143000, -0.024129177, -0.032375857, 0.004581489
12952056179000, -0.027488936, -0.021380283, 0.002443461
12952061107000, -0.022907447, -0.015882496, 0.01038471
12952066199000, -0.04062254, -0.009162978, 0.005497787
12952071117000, -0.03970624, -0.016187929, 0.007330383
12952076101000, -0.03023783, -0.0125227375, 0.010079277
12952081136000, -0.034513887, -9.162979E-4, 0.004886922
12952086227000, -0.032986723, 0.003970624, 0.002443461
12952091112000, -0.03390302, 0.008246681, -0.0015271631
12952096208000, -0.042455133, 0.008246681, -0.0061086523
12952101210000, -0.03756821, 0.023518313, -0.005192355
12952106178000, -0.03268129, 0.029321533, -9.162979E-4
12952111151000, -0.043066, 0.034208454, -9.162979E-4
12952116154000, -0.04337143, 0.03970624, -0.009773844
12952121182000, -0.050396383, 0.04550946, -0.00580322
12952126173000, -0.04795292, 0.046731193, -0.009773844
12952131169000, -0.036957346, 0.05375614, -0.012217305
12952136184000, -0.051923547, 0.05100725, -0.013744468
12952141166000, -0.050396383, 0.049480084, -0.014660766
12952146166000, -0.051923547, 0.06688975, -0.018936822
12952151216000, -0.059253927, 0.059253927, -0.03176499
12952156175000, -0.06505715, 0.05375614, -0.024740042
12952161168000, -0.06352998, 0.056505036, -0.029321533
12952166157000, -0.06780604, 0.05497787, -0.030848695
12952171178000, -0.06872234, 0.040011674, -0.03176499
12952176171000, -0.06811147, 0.04153884, -0.030848695
12952181162000, -0.08032878, 0.042760566, -0.032986723
12952186182000, -0.08368854, 0.04184427, -0.030848695
12952191177000, -0.074830994, 0.03756821, -0.033292156
12952196171000, -0.077579886, 0.035430185, -0.03023783
12952201168000, -0.08093964, 0.035124753, -0.029932396
12952206175000, -0.092240654, 0.02565634, -0.0290161
12952211170000, -0.098043874, 0.032070424, -0.03023783
12952216157000, -0.09590584, 0.033292156, -0.03145956
12952221180000, -0.081855945, 0.036957346, -0.031154128
12952226172000, -0.08399397, 0.03604105, -0.03359759
12952231162000, -0.07971791, 0.03634648, -0.03481932
12952236178000, -0.07788532, 0.033292156, -0.031154128
12952241180000, -0.07696902, 0.021991149, -0.02443461
12952246166000, -0.076358154, 0.013744468, -0.037873644
12952251225000, -0.070554934, 0.015882496, -0.044898596
12952256152000, -0.06688975, 0.015882496, -0.034208454
12952261170000, -0.06688975, 0.018325957, -0.040317107
12952266144000, -0.058643065, 0.009773844, -0.03726278
12952271178000, -0.05100725, 0.008246681, -0.029321533
12952276989000, -0.058337633, 0.018936822, -0.033292156
12952281174000, -0.05375614, 0.01863139, -0.03268129
12952286181000, -0.06078109, 0.02107485, -0.025961773
12952291178000, -0.057726767, 0.018325957, -0.02687807
12952296297000, -0.06352998, 0.014966198, -0.028405234
12952301174000, -0.059864793, 0.008857546, -0.01985312
12952306113000, -0.059253927, 9.162979E-4, -0.021380283
12952311170000, -0.05222898, 0.0027488936, -0.018325957
12952316125000, -0.053145275, -0.0033597588, -0.017104227
12952321176000, -0.041233405, -0.014660766, -0.016798794
12952326107000, -0.036957346, -0.016798794, -0.0125227375
12952331165000, -0.033292156, -0.013439035, -0.004276057
12952336171000, -0.032070424, -0.01863139, -0.0021380284
12952341177000, -0.030848695, -0.023823744, -0.004581489
12952346102000, -0.031154128, -0.017104227, 3.0543262E-4
12952351164000, -0.029626964, -0.019242255, -0.0027488936
12952356145000, -0.032986723, -0.015577064, -0.003970624
12952361153000, -0.03145956, -0.015271631, -0.004581489
12952366164000, -0.030543262, -0.01740966, -0.003970624
12952371182000, -0.025961773, -0.009773844, -0.003970624
12952376146000, -0.029321533, -0.008552114, -0.003970624
12952381160000, -0.03604105, -3.0543262E-4, -9.162979E-4
12952386255000, -0.039095376, 0.0030543262, -0.0018325958
12952391239000, -0.044898596, 0.014660766, -0.00580322
12952396142000, -0.04184427, 0.019547688, -0.0021380284
12952401224000, -0.040317107, 0.029932396, -0.0030543262
12952406228000, -0.044898596, 0.028710667, -0.009162978
12952411200000, -0.04734206, 0.032070424, -0.011301007
12952416204000, -0.052534413, 0.02565634, -0.018020526
12952421195000, -0.043066, 0.027183503, -0.022296581
12952426172000, -0.059253927, 0.014049901, -0.025045475
12952431230000, -0.06352998, 0.0036651916, -0.025350908
12952436236000, -0.05955936, 0.025961773, -0.027488936
12952441180000, -0.06261369, 0.04153884, -0.029626964
12952446220000, -0.071776666, 0.03756821, -0.032375857
12952451816000, -0.06688975, 0.042455133, -0.033292156
12952456764000, -0.081855945, 0.04337143, -0.034513887
12952461213000, -0.08277224, 0.043676864, -0.035430185
12952466192000, -0.07971791, 0.046120327, -0.036651913
12952471159000, -0.08399397, 0.040927973, -0.03848451
12952477084000, -0.086132, 0.03604105, -0.04642576
12952481160000, -0.08735373, 0.036957346, -0.040927973
12952486226000, -0.09468412, 0.040317107, -0.035430185
12952491125000, -0.090713486, 0.03756821, -0.045814894
12952496182000, -0.09437868, 0.0290161, -0.04153884
12952501153000, -0.096516706, 0.022602014, -0.041233405
12952506190000, -0.08979719, 0.021991149, -0.040927973
12952511144000, -0.0852157, 0.015271631, -0.043676864
12952517346000, -0.070554934, 0.011911872, -0.0421497
12952521696000, -0.07452556, -0.0018325958, -0.047036625
12952526321000, -0.06505715, -0.004886922, -0.04550946
12952531176000, -0.06688975, -0.002443461, -0.044898596
12952536211000, -0.065973446, -0.005192355, -0.046120327
12952541193000, -0.065973446, -0.009468411, -0.04184427
12952546223000, -0.0580322, -0.009468411, -0.035430185
12952551258000, -0.06536258, 0.002443461, -0.036651913
12952556084000, -0.0580322, 3.0543262E-4, -0.036651913
12952561082000, -0.06566802, 0.009773844, -0.03145956
12952566059000, -0.06566802, 0.007941248, -0.026572637
12952571097000, -0.06841691, 0.014660766, -0.023823744
12952576040000, -0.064446285, 0.01740966, -0.019242255
12952581073000, -0.06566802, 0.022602014, -0.02107485
12952586055000, -0.06078109, 0.029626964, -0.017104227
12952591115000, -0.06383542, 0.029321533, -0.01740966
12952596051000, -0.05681047, 0.028710667, -0.019547688
12952601144000, -0.05009095, 0.020463986, -0.029626964
12952606064000, -0.044593163, 0.009162978, -0.022602014
12952611116000, -0.032986723, 0.007941248, -0.01985312
12952616096000, -0.042760566, 0.00580322, -0.020158553
12952621102000, -0.03573562, 0.0027488936, -0.017715093
12952626217000, -0.026572637, -0.0076358155, -0.020463986
12952631212000, -0.02321288, -0.007330383, -0.01985312
12952636278000, -0.030848695, -0.008246681, -0.024129177
12952641214000, -0.031154128, -0.011911872, -0.017104227
12952646257000, -0.032986723, -0.0070249503, -0.015271631
12952651264000, -0.022602014, -0.003970624, -0.018325957
12952656444000, -0.028405234, -0.008552114, -0.018325957
12952661211000, -0.03268129, -0.0076358155, -0.0125227375
12952666178000, -0.022296581, -0.004886922, -0.01038471
12952671201000, -0.02687807, 0.004886922, -0.009773844
12952676672000, -0.032375857, 0.0076358155, -0.009162978
12952681209000, -0.037873644, 0.008857546, -0.005192355
12952686143000, -0.03604105, 0.0033597588, -0.0125227375
12952691226000, -0.032070424, -0.013133603, -0.014660766
12952696153000, -0.024129177, -0.013439035, -0.013744468
12952701181000, -0.03176499, 0.0027488936, -0.019242255
12952706110000, -0.028405234, -0.0067195175, -0.013439035
12952711171000, -0.029321533, -0.005192355, -0.018020526
12952716125000, -0.022907447, 0.004276057, -0.018936822
12952721179000, -0.029626964, 0.0021380284, -0.01985312
12952726136000, -0.029932396, 0.0030543262, -0.021380283
12952731159000, -0.02321288, 0.009162978, -0.024129177
12952736207000, -0.020158553, 0.008857546, -0.029626964
12952741177000, -0.021380283, 0.010079277, -0.04337143
12952746146000, -0.015577064, 0.0015271631, -0.040317107
12952751170000, -0.021991149, -6.1086525E-4, -0.04642576
12952756171000, -0.025045475, 0.0030543262, -0.044898596
12952761173000, -0.02076942, 0.010079277, -0.048563786
12952766157000, -0.028710667, 0.009468411, -0.043676864
12952771179000, -0.03634648, 0.0033597588, -0.0421497
12952776172000, -0.035124753, 0.015577064, -0.03970624
12952781171000, -0.04520403, 0.011301007, -0.03756821
12952786195000, -0.042760566, 0.007941248, -0.042455133
12952791176000, -0.053450707, 0.011911872, -0.04550946
12952796166000, -0.05131268, 0.0012217305, -0.04062254
12952801162000, -0.04795292, 0.0015271631, -0.041233405
12952806169000, -0.047647487, 0.005497787, -0.036651913
12952811171000, -0.048258353, 0.008246681, -0.042455133
12952816148000, -0.049480084, 0.0021380284, -0.04184427
12952821183000, -0.04153884, 0.0061086523, -0.03634648
12952826171000, -0.039095376, 0.002443461, -0.035124753
12952831167000, -0.03268129, 0.005192355, -0.033292156
12952836189000, -0.045814894, 9.162979E-4, -0.032375857
12952841174000, -0.038789943, -0.00580322, -0.028099801
12952846165000, -0.042760566, -0.002443461, -0.027794369
12952851163000, -0.03268129, -0.009468411, -0.027183503
