#Rate of rotation around the x y z axes (Angular velocity).
#timestamp(ns),x,y,z(rad/s)
#Datetime: 07/04/2015 13:35:04
##########################################
#Activity: 8 - CSI - Car-Step in - 6s
#Subject ID: 45
#First Name: sub45
#Last Name: sub45
#Age: 26
#Height(cm): 175
#Weight(kg): 92
#Gender: Male
##########################################

@DATA
1305175659000, -0.01160644, -0.009773844, -0.006414085
1305180642000, -0.01038471, -0.019242255, -9.162979E-4
1305185626000, -0.009162978, -0.018020526, -0.009162978
1305190597000, -6.1086525E-4, -0.019242255, -0.01160644
1305195640000, -0.005497787, -0.016187929, 3.0543262E-4
1305200723000, -0.010079277, -0.022907447, -0.003970624
1305205731000, -0.010079277, -0.021685716, 9.162979E-4
1305210599000, -0.015882496, -0.029932396, 0.0012217305
1305215607000, -0.009162978, -0.022907447, -0.002443461
1305220614000, -0.008246681, -0.022296581, -0.0012217305
1305225608000, -0.010995574, -0.01985312, -3.0543262E-4
1305230666000, -0.0106901415, -0.023518313, -0.0027488936
1305235666000, -0.013133603, -0.018020526, 6.1086525E-4
1305240573000, -0.004276057, -0.014660766, -0.0036651916
1305245632000, -0.015271631, -0.008857546, 0.004581489
1305250658000, -0.0106901415, -0.005192355, -0.003970624
1305255603000, -0.009162978, -0.0070249503, 0.0015271631
1305260611000, -0.006414085, -0.002443461, 0.01038471
1305265647000, -0.004276057, -0.002443461, 0.004276057
1305270636000, -0.013133603, 0.007330383, -0.005497787
1305275629000, -0.011301007, 0.004886922, -0.00580322
1305280660000, -0.020463986, -9.162979E-4, 0.002443461
1305285967000, -0.011911872, 0.0015271631, 0.0070249503
1305290641000, -0.017104227, 0.0012217305, -0.002443461
1305295646000, -0.01985312, 0.003970624, 9.162979E-4
1305300623000, -0.035124753, 0.009468411, 3.0543262E-4
1305305624000, -0.030543262, 0.002443461, 0.0012217305
1305310667000, -0.022907447, 0.00580322, 0.004276057
1305315644000, -0.025045475, 0.007330383, -3.0543262E-4
1305320640000, -0.025961773, 0.011301007, 0.0067195175
1305325652000, -0.026267206, 0.010079277, -0.0033597588
1305330685000, -0.022907447, 0.014660766, -0.0015271631
1305335665000, -0.021380283, 0.013744468, -0.0015271631
1305340638000, -0.024129177, 0.014049901, 9.162979E-4
1305345646000, -0.024129177, 0.010995574, 0.006414085
1305350630000, -0.022296581, 0.019242255, -0.0012217305
1305355812000, -0.023823744, 0.016493361, -0.0012217305
1305360620000, -0.017104227, 0.007330383, -9.162979E-4
1305365605000, -0.018325957, 0.018020526, -0.0027488936
1305370584000, -0.028710667, 0.018020526, 0.0012217305
1305375626000, -0.029321533, 0.016798794, 0.0021380284
1305380639000, -0.018325957, 0.017104227, -0.0030543262
1305385572000, -0.028710667, 0.02687807, 0.004276057
1305390557000, -0.025961773, 0.02076942, 0.004276057
1305395607000, -0.02565634, 0.022296581, 0.003970624
1305400584000, -0.01863139, 0.023823744, 0.0012217305
1305405491000, -0.023518313, 0.02687807, 0.005192355
1305410496000, -0.029932396, 0.0290161, 0.004886922
1305415531000, -0.02321288, 0.025045475, 0.006414085
1305420521000, -0.018325957, 0.036651913, 0.0070249503
1305425520000, -0.01985312, 0.040927973, 0.009162978
1305430554000, -0.02107485, 0.042760566, -0.0015271631
1305435521000, -0.021380283, 0.04428773, 0.0067195175
1305440518000, -0.025961773, 0.04642576, 0.0015271631
1305445538000, -0.026267206, 0.044898596, 3.0543262E-4
1305450585000, -0.025045475, 0.04550946, -6.1086525E-4
1305455593000, -0.029932396, 0.04153884, -0.004276057
1305460578000, -0.03970624, 0.04062254, -0.00580322
1305465614000, -0.036651913, 0.05131268, -0.009468411
1305470564000, -0.042455133, 0.056199603, -0.0061086523
1305475584000, -0.039095376, 0.067500606, -0.012217305
1305480638000, -0.060170226, 0.06719518, -0.020158553
1305485615000, -0.048258353, 0.06352998, -0.021991149
1305490567000, -0.051618114, 0.07360926, -0.028099801
1305495620000, -0.067500606, 0.06994407, -0.02565634
1305500617000, -0.06169739, 0.07147124, -0.030543262
1305505604000, -0.06627888, 0.06505715, -0.03390302
1305510620000, -0.056505036, 0.07391469, -0.03726278
1305515615000, -0.056199603, 0.077579886, -0.036651913
1305520570000, -0.047647487, 0.09560041, -0.039095376
1305525580000, -0.04734206, 0.10598512, -0.040011674
1305530659000, -0.05131268, 0.12064589, -0.04428773
1305535590000, -0.04795292, 0.1282817, -0.052534413
1305540536000, -0.043982297, 0.14477506, -0.05131268
1305545606000, -0.05100725, 0.16462818, -0.06627888
1305550613000, -0.04062254, 0.17592919, -0.0711658
1305555598000, -0.031154128, 0.19028452, -0.07147124
1305560592000, -0.029626964, 0.2012801, -0.07666359
1305565604000, -0.03023783, 0.20677789, -0.09132435
1305570585000, -0.03145956, 0.20769419, -0.09682214
1305575591000, -0.017715093, 0.20830505, -0.098043874
1305580687000, -0.023823744, 0.21227567, -0.111177474
1305585643000, -0.024129177, 0.21838433, -0.12614368
1305590594000, -0.014966198, 0.2284636, -0.12492194
1305595581000, -0.021991149, 0.23671028, -0.1328632
1305600659000, -0.015882496, 0.23915374, -0.14477506
1305605603000, -0.016187929, 0.24984388, -0.14782938
1305611352000, -0.016187929, 0.26267207, -0.15454891
1305615578000, -0.010079277, 0.2910773, -0.15241088
1305620582000, -0.004581489, 0.30848694, -0.1563815
1305625578000, 0.008857546, 0.33933565, -0.15118915
1305630691000, 0.0125227375, 0.35338554, -0.15790866
1305635647000, 0.024129177, 0.3567453, -0.15485434
1305640646000, 0.035124753, 0.3463606, -0.14538592
1305645668000, 0.028710667, 0.33628133, -0.1386664
1305650628000, 0.013133603, 0.3145956, -0.1414153
1305655603000, 0.0012217305, 0.28191432, -0.14172074
1305660632000, -0.009162978, 0.23671028, -0.13591751
1305665531000, -0.018325957, 0.20433442, -0.1386664
1305670621000, -0.0070249503, 0.17898351, -0.12522738
1305675550000, 0.0030543262, 0.16737708, -0.10842858
1305681505000, 0.021685716, 0.18020524, -0.12003502
1305685555000, 0.045814894, 0.18997909, -0.13194689
1305690636000, 0.046731193, 0.19547687, -0.12583824
1305695581000, 0.02321288, 0.1731803, -0.13408493
1305700651000, -0.015577064, 0.12370021, -0.13194689
1305705592000, -0.03970624, 0.05955936, -0.14110987
1305710608000, -0.06658431, 0.008246681, -0.13530666
1305715579000, -0.09010262, -0.03268129, -0.15515977
1305720589000, -0.101098195, -0.04734206, -0.14905111
1305725579000, -0.11453723, -0.05681047, -0.15974127
1305730628000, -0.12705997, -0.07819075, -0.16126843
1305735604000, -0.13041973, -0.122478485, -0.15577064
1305740590000, -0.13530666, -0.15974127, -0.1572978
1305745612000, -0.13927728, -0.19394971, -0.1572978
1305750938000, -0.14508049, -0.22266038, -0.14996742
1305755662000, -0.13836098, -0.24190263, -0.14385876
1305760614000, -0.13927728, -0.23732115, -0.13225232
1305765942000, -0.14630222, -0.2180789, -0.12186762
1305770614000, -0.16523905, -0.19730948, -0.10842858
1305775586000, -0.20280726, -0.18906279, -0.09468412
1305780682000, -0.22937989, -0.18845193, -0.089491755
1305785659000, -0.25228736, -0.19853121, -0.059253927
1305790595000, -0.2938262, -0.2125811, -0.04734206
1305795566000, -0.32711834, -0.22602014, -0.034208454
1305800627000, -0.34025195, -0.23243423, -0.02443461
1305805602000, -0.3839288, -0.23151793, 0.0012217305
1305810577000, -0.43371433, -0.22785273, 0.024129177
1305815613000, -0.48441613, -0.2321288, 0.051618114
1305820596000, -0.5317582, -0.22418754, 0.071776666
1305825579000, -0.56169057, -0.20952678, 0.109650314
1305830695000, -0.6072, -0.18509217, 0.15393804
1305835646000, -0.65393126, -0.15271631, 0.19364429
1305840639000, -0.6969972, -0.12370021, 0.2302962
1305845652000, -0.7486154, -0.08582657, 0.26450464
1305850615000, -0.8051204, -0.046120327, 0.3051272
1305855633000, -0.8552113, -0.01038471, 0.3313944
1305860601000, -0.8940013, 0.027488936, 0.35827246
1305865591000, -0.9294315, 0.064446285, 0.38240165
1305870558000, -0.95356065, 0.08582657, 0.40194935
1305875565000, -0.96791595, 0.118202426, 0.41263947
1305880637000, -0.9798279, 0.15332718, 0.43157628
1305885665000, -0.98929626, 0.17867808, 0.44868052
1305890588000, -0.99204516, 0.2012801, 0.46273044
1305895604000, -1.0051788, 0.20647246, 0.46914452
1305900569000, -1.0021244, 0.22907446, 0.48258355
1305905592000, -1.0161743, 0.25167647, 0.49266282
1305910576000, -1.0164797, 0.2666427, 0.5225952
1305915568000, -1.0112875, 0.29168814, 0.56291234
1305920576000, -0.9828822, 0.31887165, 0.59589905
1305925575000, -0.95447695, 0.35796702, 0.6374379
1305930594000, -0.9300423, 0.3811799, 0.6805039
1305935555000, -0.9126327, 0.41080686, 0.72356987
1305940582000, -0.9111055, 0.43890667, 0.7626653
1305945561000, -0.9147707, 0.45448375, 0.79045963
1305950616000, -0.93676186, 0.4382958, 0.81397796
1305955513000, -0.9639453, 0.419359, 0.84482664
1305960531000, -1.0088439, 0.39706242, 0.870483
1305965548000, -1.0574077, 0.35827246, 0.8921687
1305970526000, -1.1267409, 0.31429017, 0.9068295
1305975533000, -1.178359, 0.26328292, 0.9077458
1305980544000, -1.210735, 0.20280726, 0.9120218
1305985531000, -1.2125676, 0.16768251, 0.89644474
1305990526000, -1.2189816, 0.1554652, 0.8781188
1305995537000, -1.2144, 0.116980694, 0.8765916
1306000562000, -1.2055426, 0.09743301, 0.86070913
1306005998000, -1.1954633, 0.13469578, 0.820392
1306010585000, -1.1872166, 0.20219639, 0.81092364
1306015572000, -1.1640037, 0.2929099, 0.77579886
1306020558000, -1.1187997, 0.41538838, 0.72356987
1306025541000, -1.0687088, 0.54244834, 0.67164636
1306030604000, -0.9923506, 0.68783426, 0.6432411
1306035561000, -0.9016371, 0.79381937, 0.61178154
1306040685000, -0.79779, 0.8604037, 0.5839872
1306045576000, -0.69913524, 0.8671232, 0.5656612
1306050659000, -0.61453044, 0.82711154, 0.56291234
1306055641000, -0.52412236, 0.7819075, 0.5708536
1306060564000, -0.44837508, 0.70554936, 0.5858198
1306065650000, -0.36987892, 0.6386596, 0.59986967
1306070523000, -0.30634892, 0.60231316, 0.623388
1306075573000, -0.24465153, 0.59956425, 0.65484756
1306080611000, -0.19730948, 0.61422503, 0.698219
1306085644000, -0.13988814, 0.66156703, 0.7498371
1306090604000, -0.10751228, 0.6908886, 0.7984009
1306095630000, -0.099571034, 0.7690793, 0.8268061
1306100663000, -0.051618114, 0.86406887, 0.8872818
1306105642000, -0.009162978, 1.0012082, 0.94134337
1306110658000, 0.032986723, 1.1389582, 0.9786061
1306115644000, 0.058643065, 1.2391402, 1.0122037
1306120638000, 0.0852157, 1.3200798, 1.040609
1306125616000, 0.1432479, 1.3891076, 1.0546589
1306130726000, 0.19242255, 1.4404203, 1.0665708
1306135635000, 0.22876903, 1.4880677, 1.0586295
1306140643000, 0.2406809, 1.5308284, 1.0433578
1306145823000, 0.2443461, 1.5528195, 1.0360274
1306150622000, 0.24617869, 1.539075, 1.0118983
1306155654000, 0.24007004, 1.4941764, 0.9789116
1306160637000, 0.23151793, 1.4535538, 0.95356065
1306165649000, 0.21166481, 1.4052955, 0.9254609
1306170630000, 0.21930063, 1.3414601, 0.89949906
1306175606000, 0.2275473, 1.2620476, 0.8546005
1306180658000, 0.22052236, 1.1792754, 0.82558435
1306185703000, 0.22602014, 1.0720685, 0.7855727
1306190617000, 0.21563543, 1.0305296, 0.7672467
1306195646000, 0.20372356, 0.91751957, 0.7290677
1306200649000, 0.1731803, 0.7809912, 0.6979135
1306205639000, 0.14569137, 0.6392705, 0.66553766
1306210638000, 0.13775012, 0.48197266, 0.6453791
1306215849000, 0.13255776, 0.3277292, 0.63194007
1306220643000, 0.11759156, 0.17898351, 0.6047566
1306225627000, 0.09254608, 0.042760566, 0.5757405
1306230662000, 0.040011674, -0.09040806, 0.54519725
1306235693000, -0.0076358155, -0.21594086, 0.5158757
1306240651000, -0.07544186, -0.35369098, 0.50335294
1306245844000, -0.14966199, -0.50946164, 0.47678033
1306250628000, -0.23060162, -0.64843345, 0.4382958
1306256015000, -0.2938262, -0.7330383, 0.39920044
1306260637000, -0.32742378, -0.70952, 0.3323107
1306265538000, -0.2751948, -0.6188065, 0.25595254
1306270621000, -0.19120082, -0.52503866, 0.183565
1306275545000, -0.109650314, -0.47158796, 0.11484267
1306280682000, -0.051923547, -0.43279803, 0.035124753
1306285625000, -0.005192355, -0.40958515, -0.02687807
1306290638000, 0.064751714, -0.36041048, -0.06688975
1306295555000, 0.09040806, -0.26419923, -0.14049901
1306300647000, 0.13988814, -0.15943582, -0.22357668
1306305602000, 0.19853121, -0.10048734, -0.29260445
1306310638000, 0.23426682, -0.06994407, -0.3368922
1306315649000, 0.2452624, -0.04337143, -0.35705075
1306320639000, 0.25259277, -0.05222898, -0.36835176
1306325651000, 0.2593123, -0.08307768, -0.40622538
1306330676000, 0.2321288, -0.1469131, -0.45173484
1306335743000, 0.17837265, -0.3182608, -0.5161811
1306340643000, 0.12339478, -0.54825157, -0.5546656
1306345660000, 0.19181168, -0.7360926, -0.54519725
1306350619000, 0.3930918, -0.75747293, -0.44043383
1306355722000, 0.61575216, -0.59712076, -0.28527406
1306360632000, 0.65118235, -0.42302418, -0.21624629
1306365646000, 0.50426924, -0.29565877, -0.21471913
1306370624000, 0.32589662, -0.14172074, -0.14966199
1306375648000, 0.18173242, 0.0290161, -0.0852157
1306380659000, 0.0580322, 0.12492194, -0.061086524
1306385720000, -0.0421497, 0.13255776, -0.04062254
1306390538000, -0.08307768, 0.11209377, -0.02565634
1306395670000, -0.12858713, 0.058643065, 0.002443461
1306401101000, -0.16187929, -0.0061086523, 0.02687807
1306405643000, -0.20738874, -0.09590584, 0.0290161
1306410553000, -0.21471913, -0.16829337, 0.025045475
1306415630000, -0.21410827, -0.20311269, 0.006414085
1306420538000, -0.22632557, -0.1853976, -0.042760566
1306425641000, -0.25686884, -0.14110987, -0.093462385
1306430632000, -0.29779682, -0.119729586, -0.15057829
1306435711000, -0.30634892, -0.13439035, -0.19120082
1306440582000, -0.30940324, -0.20372356, -0.2144137
1306445674000, -0.2452624, -0.13744467, -0.25809056
1306450589000, -0.22724187, 0.05955936, -0.30970868
1306455637000, -0.31215215, 0.3155119, -0.31581733
1306460608000, -0.43066, 0.5375614, -0.32711834
1306465646000, -0.50671273, 0.65118235, -0.34238997
1306470895000, -0.5354234, 0.66248333, -0.36346483
1306475595000, -0.5360342, 0.58062744, -0.36713
1306480963000, -0.5045747, 0.3998113, -0.36987892
1306485602000, -0.4297437, 0.33261612, -0.3631594
1306490535000, -0.39370266, 0.30451632, -0.3726278
1306495586000, -0.36377025, 0.31978795, -0.38789943
1306500548000, -0.35613444, 0.2874121, -0.40469822
1306505639000, -0.3313944, 0.24190263, -0.3912592
1306510555000, -0.2883284, 0.19028452, -0.36468655
1306515611000, -0.27763826, 0.09712757, -0.36010507
1306520546000, -0.24404067, -0.022296581, -0.34574974
1306525595000, -0.18600847, -0.12858713, -0.31581733
1306530726000, -0.09743301, -0.20005837, -0.2782491
1306535665000, -0.022602014, -0.23854288, -0.2180789
1306540541000, 0.034513887, -0.2556471, -0.15118915
1306545614000, 0.079107046, -0.2846632, -0.08155051
1306550587000, 0.10354166, -0.29443705, -0.040011674
1306555602000, 0.095294975, -0.26236662, 0.0106901415
1306560593000, 0.093767814, -0.24220806, 0.064446285
1306565596000, 0.07727446, -0.21288654, 0.110872045
1306570577000, 0.06169739, -0.14905111, 0.16340645
1306575573000, 0.028405234, -0.10140363, 0.20830505
1306580692000, -0.021380283, 0.0012217305, 0.26175576
1306585677000, -0.09101892, 0.0421497, 0.2947425
1306590585000, -0.116980694, 0.01985312, 0.39095375
1306595576000, -0.14538592, -0.08857546, 0.48930305
1306600668000, -0.12064589, -0.24495697, 0.5723807
1306605604000, -0.08460484, -0.3912592, 0.634689
1306610585000, -0.06047566, -0.54550266, 0.6743952
1306615624000, -0.058643065, -0.73456544, 0.7107417
1306620589000, -0.041233405, -0.88239485, 0.72021013
1306625574000, -0.017715093, -1.035722, 0.72295904
1306630706000, 0.018325957, -1.1404854, 0.7247916
1306635676000, 0.0421497, -1.208597, 0.7275405
1306640579000, 0.052534413, -1.2492194, 0.72204274
1306645611000, 0.046731193, -1.2834278, 0.7122689
1306650644000, 0.04886922, -1.2956452, 0.71868294
1306655600000, 0.043676864, -1.2507466, 0.7031059
1306660587000, 0.029626964, -1.169807, 0.7156286
1306665577000, 0.0061086523, -1.0659598, 0.6969972
1306670592000, -0.019242255, -0.9285152, 0.68325275
1306675576000, -0.04734206, -0.8524625, 0.66950834
1306680669000, -0.07452556, -0.6927212, 0.6478226
1306685600000, -0.11178834, -0.56199604, 0.61178154
1306690583000, -0.12950343, -0.44684792, 0.5693264
1306695590000, -0.16829337, -0.33078352, 0.53786683
1306700658000, -0.23548855, -0.2843578, 0.49480084
1306705695000, -0.2855795, -0.2602286, 0.4615087
1306710579000, -0.34605515, -0.28344148, 0.44440445
1306715985000, -0.3903429, -0.29810223, 0.4437936
1306720586000, -0.44501534, -0.31612277, 0.45998153
1306726358000, -0.4831944, -0.32650748, 0.48288897
1306730685000, -0.49021935, -0.2724459, 0.5015204
1306735619000, -0.5109888, -0.24129178, 0.51251596
1306740629000, -0.49296826, -0.19456059, 0.52473325
1306745626000, -0.47250426, -0.13164146, 0.535118
1306750616000, -0.43554693, -0.07269296, 0.5317582
1306755601000, -0.40744713, -0.025961773, 0.5140431
1306760583000, -0.3680463, -0.0143553335, 0.49296826
1306765644000, -0.31398472, -0.025961773, 0.464563
1306770656000, -0.25961772, -0.04337143, 0.44409904
1306775665000, -0.20677789, -0.06719518, 0.398895
1306780696000, -0.1731803, -0.08307768, 0.37843102
1306785663000, -0.12308934, -0.110872045, 0.34147367
1306790985000, -0.08368854, -0.12339478, 0.30115658
1306795601000, -0.058337633, -0.07666359, 0.26725355
1306800611000, -0.031154128, 0.024129177, 0.24709499
1306805610000, -0.02076942, 0.14263703, 0.2415972
1306810537000, -0.021991149, 0.27672195, 0.23548855
1306815604000, -0.025961773, 0.3903429, 0.26236662
1306820560000, -0.036651913, 0.5036584, 0.258396
1306825579000, -0.059864793, 0.5885687, 0.27275133
1306830682000, -0.09682214, 0.6609562, 0.269697
1306835672000, -0.13439035, 0.72601336, 0.26908615
1306840566000, -0.17837265, 0.81000733, 0.26175576
1306845611000, -0.2171626, 0.90469146, 0.24923302
1306850546000, -0.25809056, 0.9950995, 0.25167647
1306855650000, -0.28985557, 1.0619892, 0.22113322
1306860570000, -0.3109304, 1.0919216, 0.17928895
1306865591000, -0.3231477, 1.0867293, 0.1414153
1306870592000, -0.33322698, 1.0754282, 0.087964594
1306875577000, -0.3491095, 1.02717, 0.0580322
1306880764000, -0.36651915, 0.97005403, 0.016187929
1306885614000, -0.3903429, 0.9114109, -0.04550946
1306890603000, -0.40866885, 0.84207773, -0.09132435
1306895591000, -0.43279803, 0.768163, -0.13775012
1306900614000, -0.44043383, 0.6881397, -0.16707164
1306905635000, -0.4392121, 0.61117065, -0.20769419
1306910648000, -0.4447099, 0.5348125, -0.2443461
1306915623000, -0.46303585, 0.46975538, -0.27885997
1306920611000, -0.47525316, 0.40591997, -0.31856623
1306925642000, -0.48441613, 0.3484986, -0.34880406
1306930625000, -0.4914411, 0.25809056, -0.39522982
1306935550000, -0.5027421, 0.19150625, -0.43218717
1306940622000, -0.47647488, 0.12858713, -0.4654793
1306945546000, -0.46731192, 0.0711658, -0.49571714
1306950594000, -0.4642576, 0.018936822, -0.5329799
1306955671000, -0.4596761, -0.040011674, -0.57696223
1306960526000, -0.46700647, -0.09315695, -0.5992588
1306965541000, -0.46792278, -0.121256754, -0.61636305
1306970525000, -0.47891834, -0.19914207, -0.62858033
1306975514000, -0.49327368, -0.25503623, -0.6270532
1306981047000, -0.50793445, -0.30543262, -0.6365216
1306985530000, -0.5271767, -0.35979962, -0.6407976
1306990524000, -0.54611355, -0.40042216, -0.63316184
1306995540000, -0.5870415, -0.42271876, -0.61575216
1307000572000, -0.62858033, -0.4202753, -0.59712076
1307005560000, -0.6435465, -0.39920044, -0.57726765
1307010572000, -0.6426302, -0.36163223, -0.5687156
1307016071000, -0.6612616, -0.3222314, -0.548557
1307020586000, -0.6768387, -0.310625, -0.5326745
1307025589000, -0.6780604, -0.30115658, -0.5207626
1307030605000, -0.6658431, -0.310625, -0.51068336
1307035667000, -0.66950834, -0.32375857, -0.50732356
1307040589000, -0.66523224, -0.34055737, -0.5021312
1307045611000, -0.6728681, -0.3643811, -0.4999932
1307050612000, -0.6973027, -0.39095375, -0.4981606
1307055793000, -0.72234815, -0.42180246, -0.4868596
1307060597000, -0.7651087, -0.45723262, -0.4615087
1307065650000, -0.8032878, -0.5152648, -0.44532076
1307070591000, -0.8390234, -0.5516113, -0.43768495
1307075621000, -0.8555168, -0.61911196, -0.41691554
1307080680000, -0.8790351, -0.66737026, -0.38331795
1307085559000, -0.93523467, -0.66920286, -0.36926803
1307090586000, -0.97249746, -0.63255095, -0.34513888
1307095579000, -1.0088439, -0.59498274, -0.33536503
1307100669000, -1.0586295, -0.6062838, -0.32620203
1307105536000, -1.0784826, -0.6759224, -0.32070425
1307110575000, -1.0784826, -0.73792523, -0.3210097
1307115634000, -1.0720685, -0.75716746, -0.34788775
1307120583000, -1.0671816, -0.7528914, -0.37873647
1307125598000, -1.0720685, -0.7724391, -0.41233405
1307130701000, -1.0943651, -0.8038987, -0.4447099
1307135609000, -1.1236867, -0.8772025, -0.4746423
1307140583000, -1.1429288, -0.91965765, -0.48502702
1307145615000, -1.1582005, -0.9425651, -0.4813618
1307150652000, -1.1997393, -0.9233228, -0.47739118
1307155566000, -1.2739595, -0.8857546, -0.45814893
1307160573000, -1.3475688, -0.8213083, -0.40500367
1307165624000, -1.4535538, -0.7901542, -0.35705075
1307170614000, -1.5589281, -0.74281216, -0.32742378
1307175626000, -1.6142114, -0.6985244, -0.25442538
1307180681000, -1.7492126, -0.66798115, -0.16737708
1307185651000, -1.9052887, -0.6374379, -0.055588737
1307190631000, -2.0204368, -0.6985244, 0.10781772
1307195634000, -2.0912971, -0.7654142, 0.30909783
1307200599000, -2.1591032, -0.7816021, 0.505491
1307205606000, -2.2000313, -0.7874053, 0.6942484
1307210574000, -2.1783454, -0.90010995, 0.81122905
1307215616000, -2.0674734, -1.0760391, 0.8863655
1307220589000, -1.9000963, -1.2363913, 0.8933904
1307225623000, -1.756543, -1.3377949, 0.84940815
1307230682000, -1.6606371, -1.4153748, 0.77732605
1307235711000, -1.6374242, -1.4388931, 0.7125743
1307240598000, -1.6502525, -1.4175128, 0.66339964
1307245613000, -1.6743816, -1.3778065, 0.6597345
1307250573000, -1.7342464, -1.346347, 0.6383542
1307255626000, -1.8591684, -1.3371841, 0.6072
1307260592000, -2.0314324, -1.3451253, 0.6133087
1307265679000, -2.1300871, -1.4037683, 0.6249151
1307270583000, -2.1361957, -1.4181237, 0.6209445
1307275676000, -2.090381, -1.3869696, 0.6420194
1307280666000, -2.032654, -1.2657127, 0.6774496
1307285577000, -2.047315, -1.142318, 0.6579019
1307290583000, -2.0851886, -1.0106765, 0.6719518
1307295598000, -2.125811, -0.95814216, 0.68569624
1307300624000, -2.1331415, -0.86009824, 0.6713409
1307305730000, -2.112372, -0.7498371, 0.6786713
1307310698000, -2.0836613, -0.6411031, 0.659429
1307315603000, -2.0885482, -0.5714644, 0.6420194
1307320560000, -2.0754147, -0.59650993, 0.68477994
1307325601000, -2.0308216, -0.65148777, 0.7067711
1307330607000, -2.014939, -0.68691796, 0.71685034
1307335618000, -2.0060816, -0.70066243, 0.7156286
1307341222000, -1.9727893, -0.63285637, 0.7189884
1307345600000, -1.8979583, -0.5299256, 0.71929383
1307350696000, -1.7931949, -0.39461896, 0.70707655
1307355630000, -1.6930131, -0.24281894, 0.7058548
1307360685000, -1.6087136, -0.099571034, 0.6826419
1307365629000, -1.5198327, -0.017715093, 0.6872234
1307370933000, -1.4813483, 0.19822577, 0.6453791
1307375621000, -1.3695599, 0.25289822, 0.6407976
1307380676000, -1.3170254, 0.33475417, 0.59681535
1307385669000, -1.2223413, 0.43768495, 0.57543504
1307390569000, -1.1777482, 0.5109888, 0.53969944
1307395616000, -1.1658363, 0.5198463, 0.52015173
1307400546000, -1.1728612, 0.50243664, 0.51343226
1307405633000, -1.1872166, 0.46578476, 0.5137377
1307410616000, -1.1936307, 0.38637227, 0.516792
1307415674000, -1.1969905, 0.30604348, 0.53786683
1307420600000, -1.187522, 0.20738874, 0.5180137
1307425644000, -1.1765264, 0.09437868, 0.49541172
1307430659000, -1.1847731, -0.0036651916, 0.48899764
1307435730000, -1.207986, -0.070554934, 0.45020768
1307440621000, -1.2315043, -0.0143553335, 0.43371433
1307445681000, -1.2183707, 0.058948494, 0.38912117
1307450630000, -1.1924089, 0.14294247, 0.34666604
1307455616000, -1.1722504, 0.22571471, 0.31856623
1307460689000, -1.1591167, 0.27183503, 0.2947425
1307465646000, -1.1722504, 0.30970868, 0.29077184
1307470616000, -1.1768318, 0.36346483, 0.28344148
1307475595000, -1.2089024, 0.43463063, 0.28313604
1307480649000, -1.2443326, 0.49021935, 0.27763826
1307485693000, -1.2577715, 0.52473325, 0.28160888
1307490625000, -1.2721269, 0.5036584, 0.27580565
1307495680000, -1.3096951, 0.48716503, 0.28863382
1307500636000, -1.3634512, 0.4269948, 0.3023783
1307505623000, -1.421178, 0.35521814, 0.3203988
1307510665000, -1.4740179, 0.2779437, 0.31612277
1307515612000, -1.5268577, 0.269697, 0.3417791
1307520662000, -1.5754215, 0.23976462, 0.33964106
1307526653000, -1.6209309, 0.226631, 0.35094208
1307530620000, -1.6526959, 0.26053402, 0.36987892
1307535546000, -1.6749926, 0.3042109, 0.35308012
1307540582000, -1.6811012, 0.3155119, 0.34697145
1307545551000, -1.6847663, 0.29229903, 0.35155296
1307550795000, -1.6701056, 0.23182335, 0.34055737
1307555543000, -1.6749926, 0.23273966, 0.34422258
1307560571000, -1.6636915, 0.26053402, 0.35827246
1307565567000, -1.6511687, 0.27916542, 0.35979962
1307570582000, -1.6377298, 0.28405234, 0.35827246
1307575593000, -1.6291776, 0.25961772, 0.36132678
1307580626000, -1.6132951, 0.24037547, 0.37812558
1307585588000, -1.6123788, 0.21868975, 0.3894266
1307590612000, -1.6007724, 0.19120082, 0.39767328
1307595610000, -1.5796975, 0.13927728, 0.39095375
1307600648000, -1.5650368, 0.06658431, 0.3921755
1307605639000, -1.5522085, -0.0106901415, 0.3979787
1307610617000, -1.5219707, -0.08460484, 0.4016439
1307615602000, -1.4547756, -0.1432479, 0.3921755
1307620684000, -1.4153748, -0.17837265, 0.42394048
1307625633000, -1.3695599, -0.2443461, 0.43310347
1307630851000, -1.3319917, -0.32834008, 0.44715336
1307635639000, -1.321607, -0.3839288, 0.4633413
1307640617000, -1.2809844, -0.45234573, 0.464563
1307645647000, -1.2525792, -0.51893, 0.46303585
1307650626000, -1.2183707, -0.58459806, 0.46181414
1307655606000, -1.2183707, -0.5858198, 0.4746423
1307660637000, -1.2082914, -0.56107974, 0.4841107
1307666294000, -1.1954633, -0.55833083, 0.4877759
1307670626000, -1.178359, -0.5687156, 0.5030475
1307675635000, -1.1844677, -0.62858033, 0.5308419
1307680652000, -1.1753048, -0.698219, 0.5671884
1307685627000, -1.1725558, -0.79229224, 0.6123924
1307690613000, -1.1572843, -0.8927795, 0.6478226
1307695645000, -1.1612549, -1.0424415, 0.6927212
1307700602000, -1.1212431, -1.2232577, 0.7339546
1307705620000, -1.0693196, -1.3903292, 0.782213
1307710617000, -0.9990701, -1.4239268, 0.80664754
1307715575000, -0.96791595, -1.4511104, 0.8051204
1307720527000, -1.0097603, -1.4040737, 0.8020661
1307725609000, -1.0497719, -1.3234396, 0.8045095
1307730626000, -1.0549643, -1.1997393, 0.8188649
1307735590000, -0.9984592, -1.0622946, 0.799928
1307740723000, -0.9245446, -1.003957, 0.7846564
1307745604000, -0.8875872, -1.0158689, 0.8026769
1307750627000, -0.86437434, -1.0094548, 0.84971356
1307755601000, -0.8717047, -0.9578367, 0.8707884
1307760727000, -0.86590147, -0.90102625, 0.9202685
1307765662000, -0.8518516, -0.84207773, 0.94989544
1307770643000, -0.86559606, -0.8313876, 0.977079
1307775658000, -0.9034697, -0.8210029, 1.0161743
1307780678000, -0.9682214, -0.8191703, 1.0393872
1307785607000, -1.0451905, -0.8341365, 1.07665
1307790613000, -1.1154399, -0.8750645, 1.094976
1307795606000, -1.1844677, -0.93431836, 1.0955868
1307800596000, -1.2476922, -1.0112875, 1.0867293
1307805538000, -1.3286319, -1.1191051, 1.0613784
1307810630000, -1.3732251, -1.25319, 1.0677924
1307815621000, -1.423316, -1.3610078, 1.0711522
1307820737000, -1.462106, -1.4242324, 1.0910053
1307826233000, -1.4563028, -1.4404203, 1.1184943
1307831060000, -1.4532484, -1.4144585, 1.1123856
1307835602000, -1.4477507, -1.3487904, 1.1285735
1307840549000, -1.4395039, -1.2592987, 1.1527027
1307845620000, -1.4150693, -1.1316279, 1.1591167
1307850550000, -1.3946054, -1.0714576, 1.1563679
1307855645000, -1.3790283, -0.9764681, 1.16492
1307860635000, -1.3631458, -0.87598073, 1.183246
1307865638000, -1.359786, -0.77732605, 1.1911873
1307870598000, -1.35551, -0.71837753, 1.2345587
1307875932000, -1.3500122, -0.6795876, 1.2247849
1307880751000, -1.3750577, -0.6960809, 1.2495248
1307885676000, -1.3762794, -0.68539083, 1.2596041
1307890629000, -1.348485, -0.6808093, 1.280679
1307895603000, -1.3310753, -0.6420194, 1.2993103
1307900633000, -1.2809844, -0.593761, 1.310306
1307905640000, -1.2360858, -0.5360342, 1.3185526
1307910617000, -1.1969905, -0.46914452, 1.3686435
1307915598000, -1.1517864, -0.41172317, 1.4052955
1307920592000, -1.133155, -0.36865717, 1.425454
1307925685000, -1.1349876, -0.33292156, 1.4865406
1307930664000, -1.0974194, -0.2959642, 1.5317446
1307935596000, -1.07665, -0.2764165, 1.5555683
1307940604000, -1.0461067, -0.2611449, 1.6096299
1307945567000, -0.98654735, -0.2443461, 1.666135
1307950605000, -0.9193522, -0.23243423, 1.6930131
1307955896000, -0.8924741, -0.20066923, 1.7345519
1307960521000, -0.8145888, -0.18570304, 1.7763962
1307965493000, -0.75594574, -0.17073683, 1.8075503
1307970526000, -0.6988298, -0.16035213, 1.8481728
1307975505000, -0.6374379, -0.1255328, 1.9230038
1307980550000, -0.5320636, -0.050396383, 1.9911152
1307985476000, -0.37904188, 0.036957346, 2.0363193
1307990525000, -0.24984388, 0.15027285, 2.134974
1307995506000, -0.13713925, 0.24190263, 2.2000313
1308000544000, -0.029932396, 0.27977628, 2.2241604
1308005508000, 0.0729984, 0.3827071, 2.3558018
1308010514000, 0.14110987, 0.4718934, 2.3964243
1308015513000, 0.17592919, 0.54702985, 2.4404066
1308020538000, 0.16310102, 0.59773165, 2.463925
1308025562000, 0.129198, 0.6218608, 2.4785857
1308030567000, 0.099571034, 0.6765333, 2.50638
1308035531000, 0.044593163, 0.72082096, 2.5076017
1308040542000, -0.0070249503, 0.7309003, 2.4404066
1308045533000, -0.05131268, 0.7528914, 2.3988678
1308050534000, -0.06505715, 0.86742866, 2.3423629
1308055775000, -0.13072516, 0.9578367, 2.288912
1308061324000, -0.19853121, 1.0790935, 2.143526
1308065934000, -0.26419923, 1.1239921, 2.1132884
1308070649000, -0.29260445, 1.1997393, 2.0662518
1308076022000, -0.36071593, 1.221425, 1.9929478
1308080728000, -0.38331795, 1.2287555, 1.9211712
1308085528000, -0.408058, 1.2421945, 1.8616118
1308090637000, -0.44104472, 1.2217305, 1.8106046
1308095618000, -0.46700647, 1.2024882, 1.7788396
1308100634000, -0.48472157, 1.1749994, 1.7336355
1308105613000, -0.516792, 1.1212431, 1.690875
1308110635000, -0.57726765, 1.0864239, 1.6572775
1308115693000, -0.6239988, 1.0345002, 1.6194037
1308120631000, -0.6444628, 0.97310835, 1.5628988
1308125606000, -0.6569856, 0.9101892, 1.5247196
1308130597000, -0.6575964, 0.86345804, 1.4535538
1308135650000, -0.6627888, 0.8210029, 1.393689
1308140613000, -0.6591236, 0.7770206, 1.3185526
1308145587000, -0.65026605, 0.7648033, 1.2760975
1308150607000, -0.6417139, 0.74281216, 1.2067643
1308155631000, -0.6243043, 0.7165449, 1.1432343
1308160581000, -0.60139686, 0.6957755, 1.0564915
1308165646000, -0.5549711, 0.6603453, 0.98868537
1308170592000, -0.49938235, 0.6270532, 0.91629785
1308175604000, -0.42271876, 0.5766568, 0.8512407
1308180642000, -0.35185838, 0.50762904, 0.786489
1308185589000, -0.2864958, 0.43554693, 0.72265357
1308190616000, -0.22724187, 0.35521814, 0.66675943
1308195585000, -0.15577064, 0.2733622, 0.61575216
1308200606000, -0.08368854, 0.19394971, 0.5589417
1308205594000, -0.014966198, 0.11484267, 0.5119051
1308210607000, 0.0421497, 0.055283304, 0.47158796
1308215660000, 0.10567969, 0.003970624, 0.42332962
1308220602000, 0.16798794, -0.051923547, 0.3820962
1308225615000, 0.2489276, -0.11056661, 0.344528
1308230653000, 0.33628133, -0.16584991, 0.30787608
1308235589000, 0.44226643, -0.23365596, 0.2733622
1308240587000, 0.5500842, -0.25717425, 0.21502456
1308245584000, 0.64904433, -0.31703907, 0.20525073
1308250575000, 0.70524395, -0.35430184, 0.17470746
1308255616000, 0.820392, -0.38453966, 0.14844026
1308260593000, 0.90224797, -0.42485678, 0.12003502
1308265604000, 0.98440933, -0.43127087, 0.096516706
1308270578000, 1.0464121, -0.43493605, 0.0870483
1308275614000, 1.0894781, -0.42271876, 0.08032878
1308280638000, 1.1273518, -0.43096542, 0.10903945
1308285624000, 1.1826351, -0.3933972, 0.15515977
1308290577000, 1.2305881, -0.3368922, 0.12614368
1308295605000, 1.2348641, -0.30207285, 0.08155051
1308300613000, 1.2263119, -0.28680122, 0.06872234
1308305613000, 1.2382239, -0.28985557, 0.055283304
1308310727000, 1.2705997, -0.3023783, 0.045814894
1308315642000, 1.2993103, -0.3304781, 0.03634648
1308320628000, 1.3432927, -0.3659083, 0.027794369
1308325628000, 1.3680327, -0.4175264, 0.027488936
1308330640000, 1.4062119, -0.516792, 0.028405234
1308335622000, 1.4462235, -0.6123924, 0.015271631
1308340923000, 1.4770721, -0.7125743, 0.009162978
1308345606000, 1.4941764, -0.7602218, 0.0015271631
1308350629000, 1.4987578, -0.82650065, -0.0106901415
1308355608000, 1.4761559, -0.8717047, -0.02565634
1308360543000, 1.4474452, -0.9108001, -0.05589417
1308365687000, 1.3888022, -0.9379836, -0.086437434
1308370930000, 1.3240504, -0.9663888, -0.11575896
1308375643000, 1.2684617, -0.9932669, -0.14172074
1308380609000, 1.2018774, -1.0326678, -0.17959438
1308386226000, 1.1508701, -1.0586295, -0.19883664
1308390523000, 1.1074986, -1.0589349, -0.20738874
1308395606000, 1.104139, -1.0354166, -0.22540927
1308400618000, 1.1123856, -0.9801333, -0.23548855
1308405613000, 1.1252137, -0.90010995, -0.258396
1308410571000, 1.1530081, -0.79901177, -0.2782491
1308415633000, 1.1814134, -0.6914995, -0.3231477
1308420595000, 1.2006557, -0.5864306, -0.3491095
1308425646000, 1.2363913, -0.49296826, -0.38820487
1308430699000, 1.2647965, -0.4147775, -0.41722095
1308435633000, 1.2550226, -0.39614612, -0.43799037
1308440584000, 1.2363913, -0.39767328, -0.45662177
1308445615000, 1.2318097, -0.39858958, -0.46761733
1308450594000, 1.1716396, -0.38362336, -0.47616947
1308455560000, 1.087951, -0.34666604, -0.48197266
1308460607000, 0.9831876, -0.3436117, -0.50426924
1308465644000, 0.88239485, -0.38148534, -0.52290064
1308470620000, 0.8042041, -0.46395215, -0.5225952
1308475664000, 0.7507534, -0.5870415, -0.51251596
1308480753000, 0.72692966, -0.6939429, -0.5036584
1308485739000, 0.729984, -0.78984874, -0.4905248
1308490640000, 0.74128497, -0.86467975, -0.47983465
1308495643000, 0.7626653, -0.9230174, -0.47739118
1308500624000, 0.7855727, -0.945314, -0.48075095
1308505653000, 0.7993172, -0.9434814, -0.50762904
1308510624000, 0.81122905, -0.9257663, -0.5164866
1308515670000, 0.8219192, -0.8897252, -0.54000485
1308520622000, 0.8359691, -0.8173377, -0.55680364
1308525564000, 0.8402451, -0.70921457, -0.59712076
1308530712000, 0.8527679, -0.6068946, -0.6395759
1308535736000, 0.8524625, -0.5540548, -0.6542367
1308540634000, 0.83108217, -0.48075095, -0.6579019
1308545625000, 0.8005389, -0.46853364, -0.6575964
1308550630000, 0.7309003, -0.47647488, -0.6646214
1308555646000, 0.6270532, -0.419359, -0.68233645
1308560614000, 0.5131268, -0.28405234, -0.65057147
1308565710000, 0.34605515, -0.13133603, -0.56230146
1308570608000, 0.06780604, 0.00580322, -0.47891834
1308575663000, -0.2773328, 0.062002823, -0.41783184
1308580733000, -0.6545421, 0.06414085, -0.39645153
1308585741000, -0.98990715, 0.028405234, -0.37995818
1308590623000, -1.2321151, -0.03268129, -0.3979787
1308595615000, -1.3591752, -0.18936823, -0.38881573
1308600648000, -1.325883, -0.3585779, -0.35460728
1308605586000, -1.2092078, -0.453262, -0.3494149
1308610609000, -1.0537425, -0.5103779, -0.32711834
1308615666000, -0.91324353, -0.54092115, -0.3032946
1308620643000, -0.763887, -0.5448918, -0.29229903
1308625621000, -0.61666846, -0.5290093, -0.2779437
1308630722000, -0.49205196, -0.54183745, -0.27366763
1308635621000, -0.38820487, -0.5503896, -0.27030787
1308640624000, -0.3359759, -0.55863625, -0.2678644
1308645647000, -0.24862215, -0.5458081, -0.26450464
1308650627000, -0.1695151, -0.5332854, -0.26511553
1308655570000, -0.095294975, -0.5002986, -0.26358834
1308660597000, -0.040317107, -0.46883908, -0.26175576
1308665567000, 0.009162978, -0.43218717, -0.24678956
1308670640000, 0.03970624, -0.40500367, -0.23762658
1308675518000, 0.052534413, -0.37568212, -0.21410827
1308680608000, 0.038179077, -0.35063666, -0.17440203
1308685531000, 0.009162978, -0.2883284, -0.13988814
1308690602000, -0.048258353, -0.22479841, -0.07269296
1308695553000, -0.11178834, -0.1432479, -0.0143553335
1308700618000, -0.19792034, -0.06261369, 0.028405234
1308705520000, -0.29352075, -0.02076942, 0.053145275
1308711221000, -0.3830125, -0.0012217305, 0.07513642
1308715588000, -0.44532076, -6.1086525E-4, 0.064446285
1308720629000, -0.46089783, 0.00580322, 0.050396383
1308725587000, -0.4538729, 0.016493361, 0.0290161
1308730625000, -0.42760566, 0.027183503, -0.0076358155
1308735610000, -0.38240165, 0.03268129, -0.028099801
1308740632000, -0.34880406, 0.03848451, -0.062308256
1308745647000, -0.28038713, 0.023823744, -0.0852157
1308750618000, -0.23182335, -0.011301007, -0.10323623
1308755604000, -0.183565, -0.051618114, -0.11789699
1308760626000, -0.16982053, -0.1020145, -0.13133603
1308765643000, -0.14874569, -0.16462818, -0.1337795
1308770611000, -0.15485434, -0.22968534, -0.14905111
1308775620000, -0.16157386, -0.2919936, -0.16279559
1308781490000, -0.19058995, -0.34025195, -0.14966199
1308785595000, -0.20433442, -0.37140608, -0.1414153
1308790582000, -0.20677789, -0.37415496, -0.13439035
1308795605000, -0.2144137, -0.38056904, -0.12217305
1308800648000, -0.21838433, -0.355829, -0.12064589
1308805617000, -0.20250183, -0.32559118, -0.11484267
1308810564000, -0.19456059, -0.29077184, -0.12034045
1308815653000, -0.17440203, -0.24862215, -0.12095132
1308820544000, -0.15699236, -0.20616703, -0.10629055
1308825599000, -0.12614368, -0.14477506, -0.0720821
1308830591000, -0.099265605, -0.10842858, -0.06811147
1308835707000, -0.09468412, -0.043676864, -0.06383542
1308840520000, -0.08032878, 0.010995574, -0.07574729
1308845603000, -0.07269296, 0.055588737, -0.09101892
1308851077000, -0.07147124, 0.08246681, -0.08277224
1308855607000, -0.0693332, 0.0983493, -0.0729984
1308860575000, -0.07574729, 0.11636983, -0.05681047
1308865630000, -0.07544186, 0.12644911, -0.03390302
1308870630000, -0.07696902, 0.13652839, -0.016493361
1308875611000, -0.05955936, 0.14660765, 0.014660766
1308881062000, -0.057421334, 0.15577064, 0.04337143
1308885625000, -0.051618114, 0.15332718, 0.06505715
1308890649000, -0.051923547, 0.15577064, 0.07360926
1308895608000, -0.04734206, 0.14905111, 0.069027774
1308900777000, -0.038789943, 0.12156218, 0.05222898
1308905614000, -0.03970624, 0.08093964, 0.046120327
1308910606000, -0.01985312, 0.05589417, 0.061086524
1308915603000, -0.008857546, 0.046731193, 0.06811147
1308920603000, 0.008246681, 0.04886922, 0.06627888
1308925622000, 0.01160644, 0.03848451, 0.07391469
1308930625000, 0.013133603, 0.031154128, 0.076052725
1308935587000, 0.020158553, 0.027794369, 0.076052725
1308940585000, 0.040317107, 0.03573562, 0.08032878
1308945591000, 0.047036625, 0.032375857, 0.079107046
1308950604000, 0.05467244, 0.03634648, 0.080634214
1308955508000, 0.06566802, 0.043066, 0.08246681
1308960518000, 0.08002335, 0.044898596, 0.08460484
1308965549000, 0.09285152, 0.055588737, 0.087659165
1308970491000, 0.10170906, 0.061086524, 0.081855945
1308975535000, 0.11362094, 0.067500606, 0.08857546
1308980599000, 0.11636983, 0.07574729, 0.089491755
1308985502000, 0.11728613, 0.084910266, 0.08124508
1308990511000, 0.12095132, 0.07727446, 0.07971791
1308995530000, 0.1142318, 0.06658431, 0.07880162
1309000522000, 0.09682214, 0.063224554, 0.07880162
1309005534000, 0.08857546, 0.04734206, 0.07422013
1309010499000, 0.08277224, 0.040317107, 0.07452556
1309015525000, 0.06352998, 0.036651913, 0.07574729
1309020545000, 0.051923547, 0.028710667, 0.07238753
1309025561000, 0.04153884, 0.027488936, 0.076052725
1309030596000, 0.051618114, 0.012217305, 0.076052725
1309035920000, 0.0571159, 0.011911872, 0.06841691
1309040532000, 0.047647487, 0.008552114, 0.06780604
1309045550000, 0.057421334, 0.021685716, 0.06719518
1309050582000, 0.05009095, 0.014660766, 0.06169739
1309055602000, 0.06658431, 0.029626964, 0.06047566
1309060577000, 0.047647487, 0.03848451, 0.046731193
1309065575000, 0.049785517, 0.056505036, 0.051923547
1309070603000, 0.05222898, 0.06872234, 0.046731193
1309075616000, 0.048258353, 0.08277224, 0.04795292
1309080654000, 0.040927973, 0.093462385, 0.05009095
1309085637000, 0.04184427, 0.099265605, 0.049480084
1309090641000, 0.030543262, 0.100792766, 0.04642576
1309095620000, 0.02687807, 0.1151481, 0.05222898
1309100633000, 0.023823744, 0.12308934, 0.054367006
1309105574000, 0.027183503, 0.12156218, 0.057421334
1309110632000, 0.027488936, 0.121256754, 0.059253927
1309115675000, 0.034513887, 0.13133603, 0.05467244
1309120604000, 0.038179077, 0.13469578, 0.05009095
1309125593000, 0.036957346, 0.1151481, 0.051923547
1309130672000, 0.030848695, 0.10476339, 0.053450707
1309135591000, 0.015577064, 0.08582657, 0.052839845
1309140622000, 0.019547688, 0.07269296, 0.064446285
1309145572000, 0.03176499, 0.062002823, 0.05467244
1309150619000, 0.008857546, 0.05497787, 0.039095376
1309155635000, -0.0067195175, 0.0143553335, 0.061391957
1309160593000, 0.0027488936, 0.0143553335, 0.079107046
1309165617000, 0.015271631, 3.0543262E-4, 0.07696902
1309170592000, 0.02687807, 0.0061086523, 0.07086037
1309175618000, 0.020158553, -0.0012217305, 0.06811147
1309180638000, 0.025961773, -0.009468411, 0.07666359
1309185609000, 0.04428773, -0.009162978, 0.06780604
1309190607000, 0.042455133, 0.019242255, 0.04428773
1309195603000, 0.036957346, 0.02687807, 0.046120327
1309200619000, 0.03023783, -9.162979E-4, 0.04886922
1309205567000, 0.04428773, -3.0543262E-4, 0.06261369
1309210587000, 0.06780604, -0.0015271631, 0.06780604
1309215626000, 0.08735373, 0.0027488936, 0.06536258
1309220609000, 0.09468412, -0.0027488936, 0.05589417
1309225555000, 0.09162979, -0.008552114, 0.056505036
1309230622000, 0.10781772, -0.0143553335, 0.049785517
1309235574000, 0.10415252, -0.012217305, 0.036651913
1309240612000, 0.102319926, -0.004276057, 0.0027488936
1309245814000, 0.090713486, -0.0125227375, -6.1086525E-4
1309250618000, 0.07086037, -0.015577064, 0.009162978
1309255614000, 0.0852157, -0.004276057, 0.013439035
1309260587000, 0.08460484, 0.0033597588, 0.013744468
1309265637000, 0.082161374, 0.004276057, 0.014660766
1309270598000, 0.084910266, 0.014049901, 0.020158553
1309275600000, 0.086437434, 0.021380283, 0.015577064
1309280638000, 0.07238753, 0.011301007, 0.006414085
1309285597000, 0.06414085, 0.024129177, 0.0027488936
1309290607000, 0.04428773, 0.015882496, -0.0076358155
1309295668000, 0.0290161, 0.012217305, -0.015882496
1309300607000, 0.022907447, 0.020463986, -0.025045475
1309305732000, 0.015577064, 0.032986723, -0.032375857
1309310580000, -0.0033597588, 0.08368854, -0.03848451
1309315628000, 0.010995574, 0.14355333, -0.038789943
1309320604000, 0.01985312, 0.17592919, -0.043066
1309325544000, 0.026267206, 0.2415972, -0.04886922
1309330606000, 0.025045475, 0.27488935, -0.058948494
1309335578000, 0.026572637, 0.29352075, -0.058948494
1309340616000, 0.014049901, 0.3115413, -0.074830994
1309345581000, 0.009773844, 0.3005457, -0.07666359
1309350621000, 0.0106901415, 0.269697, -0.076052725
1309355621000, -0.0015271631, 0.25137106, -0.07452556
1309360585000, -0.0027488936, 0.21960606, -0.07513642
1309365612000, -0.007941248, 0.18112154, -0.07391469
1309370595000, -0.012217305, 0.14630222, -0.07422013
1309375588000, -0.021380283, 0.11026118, -0.06811147
1309380626000, -0.023518313, 0.0720821, -0.070249505
1309385598000, -0.028405234, 0.047647487, -0.06872234
1309390606000, -0.030543262, 0.03176499, -0.07544186
1309395609000, -0.029626964, 0.021991149, -0.06566802
1309400615000, -0.03604105, 0.009773844, -0.07238753
1309405588000, -0.029626964, 0.013439035, -0.06841691
1309410589000, -0.034208454, 0.0070249503, -0.06811147
1309415616000, -0.03390302, 0.017715093, -0.06261369
1309420577000, -0.029932396, 0.021380283, -0.05955936
1309425596000, -0.027794369, 0.028405234, -0.059864793
1309430613000, -0.03390302, 0.030848695, -0.057421334
1309435599000, -0.03145956, 0.040317107, -0.05009095
1309440535000, -0.017715093, 0.052534413, -0.04337143
1309445600000, -0.02107485, 0.049480084, -0.049480084
1309450567000, -0.015577064, 0.05467244, -0.044898596
1309455642000, -0.00580322, 0.06169739, -0.032375857
1309460562000, -0.010995574, 0.06291912, -0.03848451
1309465658000, -0.009773844, 0.04550946, -0.03145956
1309470570000, -3.0543262E-4, 0.03848451, -0.027183503
1309475642000, -0.0033597588, 0.027794369, -0.027488936
1309480628000, -0.007941248, 0.019242255, -0.022907447
1309485619000, -0.005497787, 0.004581489, -0.021685716
1309490611000, -0.0027488936, -0.0021380284, -0.019547688
1309495601000, -0.003970624, -0.012217305, -0.016493361
1309500579000, -0.014660766, -0.022296581, -0.01282817
1309505612000, -0.0018325958, -0.016493361, -0.009162978
1309510607000, -0.004276057, -0.013744468, -0.012217305
1309515667000, -0.0018325958, -0.0070249503, -0.015271631
1309520650000, -0.01160644, -9.162979E-4, -0.012217305
1309525617000, -0.0061086523, 0.004276057, 0.0012217305
1309530981000, 0.0076358155, 0.0061086523, 9.162979E-4
1309535621000, 0.003970624, 0.028099801, 0.0018325958
1309540625000, 0.008857546, 0.026572637, -0.0015271631
1309545606000, 0.010079277, 0.021685716, -6.1086525E-4
1309550777000, 0.009468411, 0.009773844, 0.007330383
1309555611000, 0.020158553, 0.013744468, 0.002443461
1309560578000, 0.0106901415, 0.014049901, 0.008857546
1309565630000, 0.01160644, 0.01282817, 0.017715093
1309570547000, 0.007330383, 0.016187929, 0.013133603
1309575627000, 0.004276057, 0.008552114, 0.009773844
1309580638000, 0.008857546, 0.01038471, 0.010079277
1309585620000, 0.002443461, -0.009162978, 0.011911872
1309590572000, 0.014049901, -0.0015271631, 0.0106901415
1309595595000, 0.0021380284, 0.0030543262, 0.008857546
1309600587000, -0.0030543262, -6.1086525E-4, 0.0015271631
1309605613000, -0.0067195175, 9.162979E-4, 0.0021380284
1309610608000, -0.004581489, 0.009162978, -0.004581489
1309615655000, -0.014660766, 0.010995574, 0.004581489
1309620611000, -0.008552114, 0.01282817, 0.004581489
1309625633000, -0.015271631, 0.01863139, 0.0036651916
1309630648000, -0.015882496, 0.01985312, -3.0543262E-4
1309635614000, -0.016493361, 0.03481932, -6.1086525E-4
1309640618000, -0.026572637, 0.04886922, -0.003970624
1309645578000, -0.022602014, 0.0571159, 6.1086525E-4
1309650613000, -0.022602014, 0.09865474, 0.0070249503
1309655634000, -0.021991149, 0.118507855, -0.0030543262
1309660573000, -0.039095376, 0.10476339, -0.00580322
1309665623000, -0.013744468, 0.076052725, -0.0067195175
1309670605000, -0.019547688, 0.061086524, -0.008857546
1309675663000, -0.027794369, 0.055588737, -0.0030543262
1309680681000, -0.034208454, 0.043676864, -0.008246681
1309685618000, -0.028405234, 0.043066, -0.008552114
1309690647000, -0.028710667, 0.039095376, -0.004581489
1309695631000, -0.034513887, 0.048258353, -0.0061086523
1309700636000, -0.03726278, 0.04153884, -0.013133603
1309705617000, -0.028710667, 0.01985312, -0.0076358155
1309710615000, -0.025045475, 0.010995574, -0.0070249503
1309715729000, -0.02321288, -0.004581489, -0.004581489
1309720652000, -0.022296581, -0.0070249503, -0.013439035
1309725625000, -0.022602014, -0.010995574, -0.0030543262
1309730663000, -0.01740966, -0.010995574, -0.005497787
1309735724000, -0.019242255, -0.0106901415, -0.019242255
1309740641000, -0.022296581, -0.0036651916, -0.016187929
1309745593000, -0.01282817, -0.005497787, -0.022907447
1309750628000, -0.013133603, 0.010995574, -0.012217305
1309756108000, -0.018325957, 0.021380283, -0.0070249503
1309760641000, -0.014049901, 0.047036625, 0.0018325958
1309765602000, -0.024129177, 0.040317107, -0.008552114
1309770616000, -0.02565634, 0.028710667, -0.005497787
1309775540000, -0.02107485, 0.034513887, -0.007941248
1309780652000, -0.040011674, 0.03023783, -0.003970624
1309785562000, -0.029932396, 0.038179077, -0.009162978
1309790615000, -0.028405234, 0.030848695, -0.0061086523
1309795600000, -0.030848695, 0.03604105, -0.0033597588
1309800622000, -0.03145956, 0.049480084, -0.00580322
1309805577000, -0.024129177, 0.053145275, -0.0021380284
1309810682000, -0.022907447, 0.048563786, -0.005192355
1309815604000, -0.015577064, 0.03726278, -0.006414085
1309820612000, -0.0106901415, 0.022602014, -0.0021380284
1309826266000, -0.021380283, 0.0070249503, -0.007941248
1309830624000, -0.01863139, 6.1086525E-4, -0.005192355
1309835591000, -0.024129177, -0.008552114, -0.002443461
1309840624000, -0.02321288, -0.015882496, -0.00580322
1309845722000, -0.017104227, -0.016493361, -0.0030543262
1309850615000, -0.014049901, -0.021380283, -0.0125227375
1309855696000, -0.016187929, -0.02687807, -0.015271631
1309860628000, -0.01038471, -0.029321533, -0.009468411
1309865727000, -0.020158553, -0.03756821, -0.009773844
1309870591000, -0.02321288, -0.034513887, -0.0076358155
1309875637000, -0.023518313, -0.042455133, -0.013133603
1309880618000, -0.015882496, -0.0421497, -0.014049901
1309885628000, -0.021380283, -0.04734206, -0.011301007
1309890617000, -0.014966198, -0.04734206, -0.009468411
1309895974000, -0.013439035, -0.048563786, -0.014966198
1309900586000, -0.015882496, -0.047036625, -0.021380283
1309905583000, -0.010995574, -0.040317107, -0.021685716
1309910591000, -0.0143553335, -0.04184427, -0.0076358155
1309915599000, -0.014049901, -0.024129177, -0.01038471
1309920606000, -0.013133603, -0.02107485, -0.0143553335
1309925641000, -0.01985312, -0.01282817, -0.009773844
1309930603000, -0.005497787, -0.0076358155, -0.0125227375
1309935603000, -0.0106901415, -0.0076358155, -0.010995574
1309940535000, -0.013133603, -0.004581489, -0.013439035
1309945569000, -0.02076942, -0.0076358155, -0.0067195175
1309950547000, -0.016493361, -0.010995574, -0.0076358155
1309955611000, -0.022296581, -0.003970624, -0.0012217305
1309960557000, -0.01985312, -0.005192355, -0.004276057
1309965676000, -0.018936822, -0.005192355, -0.007941248
1309970571000, -0.01740966, -0.008246681, -0.007941248
1309975659000, -0.024129177, -0.013439035, -0.0076358155
1309980597000, -0.009773844, -0.01038471, 6.1086525E-4
1309985624000, -0.018325957, -0.007941248, 0.005192355
1309990614000, -0.024740042, -0.016493361, 0.005497787
1309995590000, -0.024129177, -0.025961773, -0.0033597588
1310000622000, -0.028710667, -0.021685716, 0.0070249503
1310005638000, -0.036651913, -0.021991149, 0.0012217305
1310010638000, -0.035124753, -0.025350908, 0.0061086523
1310015647000, -0.028710667, -0.03390302, -3.0543262E-4
1310020642000, -0.044898596, -0.01985312, 0.009162978
1310025669000, -0.032375857, -0.009468411, 0.0070249503
1310030640000, -0.03481932, -0.008857546, 0.005192355
1310035602000, -0.022907447, -0.008552114, 0.007330383
1310040627000, -0.02687807, -0.010995574, 0.008246681
1310045587000, -0.018936822, -0.007330383, 0.009162978
1310050664000, -0.015271631, 0.0027488936, 0.005192355
1310055609000, -0.016187929, 0.012217305, 0.009468411
1310060665000, -0.016493361, 0.005192355, 0.0021380284
1310065617000, -0.016187929, 0.0143553335, 0.003970624
1310070598000, -0.0125227375, 0.021991149, 0.010079277
1310075655000, -0.018325957, 0.034208454, -0.0036651916
1310080666000, -0.0106901415, 0.043676864, 0.002443461
1310085603000, -0.01985312, 0.046731193, 0.0067195175
1310090653000, -0.017104227, 0.06261369, 0.011301007
1310095626000, -0.019242255, 0.070554934, 0.004886922
1310100663000, -0.01038471, 0.08124508, 6.1086525E-4
1310105639000, -0.011911872, 0.08979719, 0.003970624
1310110651000, -0.015882496, 0.118202426, 0.01160644
1310115711000, -0.010079277, 0.14813483, 0.013744468
1310120638000, -0.011301007, 0.13958271, 0.01160644
1310125678000, -0.014660766, 0.1469131, 0.0067195175
1310130703000, -0.010995574, 0.15393804, 0.008857546
1310135723000, -0.01282817, 0.15882497, 0.008246681
1310140643000, -0.015882496, 0.16523905, 0.009773844
1310145678000, -0.0125227375, 0.1554652, 0.011301007
1310150623000, -0.018020526, 0.14660765, 0.007941248
1310155652000, -0.017104227, 0.12095132, 0.014660766
1310160603000, -0.016493361, 0.11178834, 0.013439035
1310165581000, -0.020158553, 0.09590584, 0.013439035
1310170593000, -0.023823744, 0.062308256, 0.0143553335
1310175967000, -0.022602014, 0.029626964, 0.0125227375
1310180677000, -0.021685716, 0.005497787, 0.009773844
1310185515000, -0.015577064, -0.010079277, 0.008246681
1310190643000, -0.021991149, -0.027488936, 0.004581489
1310195550000, -0.005497787, -0.041233405, 0.004886922
1310200647000, -0.009773844, -0.051618114, 0.004276057
1310205558000, -0.0106901415, -0.061391957, -6.1086525E-4
1310210618000, -0.018020526, -0.07086037, 0.0033597588
1310215679000, -0.0070249503, -0.08155051, -6.1086525E-4
1310220645000, -0.0143553335, -0.08979719, -0.004581489
1310225575000, -0.004581489, -0.09162979, -0.003970624
1310230685000, -0.0070249503, -0.08582657, -0.004276057
1310235722000, 0.004886922, -0.08124508, -0.010079277
1310240646000, -0.008246681, -0.07696902, -0.0030543262
1310245610000, -0.011911872, -0.07849618, -0.0036651916
1310250626000, -0.01282817, -0.070554934, -0.0061086523
1310255800000, -0.014660766, -0.058643065, 3.0543262E-4
1310260636000, -0.015271631, -0.044898596, -0.0015271631
1310266067000, -0.024740042, -0.05467244, -6.1086525E-4
1310270627000, -0.02076942, -0.047036625, -0.0033597588
1310276053000, -0.025045475, -0.036651913, 0.0033597588
1310280665000, -0.028099801, -0.033292156, -0.0070249503
1310285617000, -0.021991149, -0.028710667, -0.0018325958
1310290639000, -0.032375857, -0.01863139, -0.0018325958
1310295563000, -0.038179077, -0.018325957, -6.1086525E-4
1310300648000, -0.03604105, -0.018325957, 9.162979E-4
1310305530000, -0.03390302, -0.021685716, 0.0021380284
1310310624000, -0.04153884, -0.02076942, 0.003970624
1310315612000, -0.034513887, -0.011301007, 0.004276057
1310320640000, -0.035430185, -0.01282817, 0.0021380284
1310325528000, -0.041233405, -0.009468411, 0.0036651916
1310330690000, -0.032986723, -0.0125227375, 3.0543262E-4
1310335645000, -0.036957346, -0.0106901415, 0.004276057
1310340640000, -0.03359759, 0.0012217305, 0.0036651916
1310345617000, -0.04153884, -3.0543262E-4, 6.1086525E-4
1310350624000, -0.028099801, -0.0015271631, -0.0030543262
1310355603000, -0.02321288, 0.0036651916, 9.162979E-4
1310360609000, -0.028405234, 0.004276057, -0.0021380284
1310365756000, -0.025961773, 0.003970624, 3.0543262E-4
1310370626000, -0.018325957, 0.012217305, 0.005192355
1310375616000, -0.018325957, 0.017104227, -0.004886922
1310380654000, -0.02321288, 0.0125227375, -0.0021380284
1310385701000, -0.028405234, 0.00580322, -0.0012217305
1310390638000, -0.017104227, 0.022907447, 0.002443461
1310395587000, -0.020158553, 0.02443461, 9.162979E-4
1310400616000, -0.023823744, 0.009773844, -0.0012217305
1310405587000, -0.02076942, 0.010079277, 9.162979E-4
1310410566000, -0.01740966, 0.011301007, -0.0036651916
1310415678000, -0.018936822, 0.0067195175, -0.0030543262
1310420601000, -0.014966198, 0.0106901415, -9.162979E-4
1310425593000, -0.024129177, -0.0030543262, -0.0027488936
1310430575000, -0.018020526, 0.0021380284, -0.0021380284
1310435612000, -0.02076942, 0.0033597588, -0.010995574
1310440599000, -0.022296581, 0.0018325958, -0.003970624
1310445644000, -0.021685716, 0.004886922, 3.0543262E-4
1310450601000, -0.022296581, 0.00580322, 9.162979E-4
1310455636000, -0.028405234, 0.007330383, 0.0061086523
1310460586000, -0.031154128, 0.008246681, -0.002443461
1310465677000, -0.028405234, 0.017715093, 0.005497787
1310470623000, -0.021380283, 0.01282817, 0.0036651916
1310475581000, -0.022602014, 0.006414085, 0.009468411
1310480581000, -0.025045475, 0.013133603, 0.00580322
1310485588000, -0.012217305, 0.027183503, 0.010995574
1310490583000, -0.018325957, 0.02107485, 0.01160644
1310495581000, -0.017715093, 0.021380283, 0.01160644
1310500562000, -0.017715093, 0.020463986, 0.007941248
1310505581000, -0.008246681, 0.018936822, 0.014660766
1310510567000, -0.019242255, 0.0125227375, 0.013439035
1310515629000, -0.0143553335, 0.007941248, 0.012217305
1310520541000, -0.0036651916, 0.011911872, 0.013439035
1310525597000, -0.005192355, 0.014966198, 0.008552114
1310530664000, -0.009773844, 0.016493361, 0.014049901
1310535654000, -0.014966198, 0.0021380284, 0.009773844
1310540588000, -0.011301007, 3.0543262E-4, 0.0125227375
1310545586000, -0.011301007, 0.002443461, 0.014660766
1310550611000, -0.01160644, 0.0015271631, 0.009773844
1310555624000, -0.013133603, -0.003970624, 0.007330383
1310560785000, -0.0036651916, -0.006414085, 0.002443461
1310565625000, -0.0106901415, -0.006414085, 0.005497787
1310570602000, -0.013133603, -0.0012217305, 0.005497787
1310575580000, -0.007941248, 0.0033597588, 0.0061086523
1310580613000, -0.01985312, -0.008246681, 9.162979E-4
1310585599000, -0.023518313, -0.003970624, 6.1086525E-4
1310590583000, -0.021991149, -0.0015271631, 0.004276057
1310595592000, -0.018020526, 9.162979E-4, 0.00580322
1310600672000, -0.025350908, 0.004886922, 0.010995574
1310605588000, -0.026267206, 0.0030543262, 0.0070249503
1310610547000, -0.023518313, 0.002443461, 6.1086525E-4
1310615630000, -0.027794369, -0.0012217305, 0.00580322
1310620538000, -0.021380283, -0.0018325958, 0.003970624
1310625582000, -0.027488936, -0.004886922, 0.005192355
1310630613000, -0.022602014, -0.008552114, 0.0027488936
1310635585000, -0.029321533, -0.011911872, 0.005497787
1310640592000, -0.021685716, -0.002443461, 0.00580322
1310645579000, -0.031154128, -0.010995574, 0.010079277
1310650607000, -0.02565634, -0.015271631, 0.004886922
1310655622000, -0.025961773, -0.01282817, -0.0012217305
1310660583000, -0.028405234, -0.016493361, -0.0015271631
1310665653000, -0.02076942, -0.00580322, -0.002443461
1310670601000, -0.01985312, -0.013744468, 0.003970624
1310675588000, -0.036957346, -0.01160644, 0.004886922
1310680682000, -0.018020526, -0.009468411, 0.008857546
1310685663000, -0.026572637, -0.003970624, 0.005192355
1310690611000, -0.02443461, -0.00580322, 0.002443461
1310695569000, -0.026267206, -0.014049901, 0.004276057
1310700617000, -0.02076942, -0.0027488936, 0.010079277
1310705589000, -0.021685716, -0.00580322, 0.005192355
1310710596000, -0.012217305, -0.004886922, 0.004581489
1310715624000, -0.016493361, 0.0012217305, 0.0061086523
1310720614000, -0.014660766, -6.1086525E-4, 0.007941248
1310725590000, -0.021685716, -0.0021380284, 0.01282817
1310730658000, -0.01863139, 0.003970624, 0.0015271631
1310735591000, -0.0076358155, 0.0067195175, 0.004276057
1310740617000, -0.016187929, 0.002443461, 0.011911872
1310745567000, -0.0143553335, 3.0543262E-4, 0.010079277
1310750618000, -0.015271631, -0.010995574, 0.007330383
1310755626000, -0.0125227375, -0.014660766, 0.0030543262
1310760588000, -0.009162978, -0.0030543262, 0.004581489
1310765635000, -0.018325957, -0.0030543262, 0.0070249503
1310770592000, -0.021685716, -0.007941248, 0.008552114
1310775552000, -0.02107485, -0.004276057, 0.0076358155
1310780658000, -0.02107485, -0.005192355, 0.007941248
1310785598000, -0.016493361, -0.0030543262, 0.0070249503
1310790617000, -0.019242255, -0.0012217305, 0.005192355
1310795588000, -0.018936822, -0.0061086523, 0.01038471
1310800615000, -0.015577064, -9.162979E-4, 0.0018325958
1310805567000, -0.01740966, -6.1086525E-4, 0.007941248
1310810587000, -0.023823744, -6.1086525E-4, 0.0143553335
1310815582000, -0.021380283, -6.1086525E-4, -0.0030543262
1310820611000, -0.014966198, 0.007941248, 0.00580322
1310825571000, -0.023823744, 0.004581489, 0.0015271631
1310830639000, -0.02321288, -6.1086525E-4, 0.0070249503
1310835592000, -0.026572637, -9.162979E-4, 0.0018325958
1310840618000, -0.025045475, 0.0030543262, 0.008552114
1310845595000, -0.02443461, 0.0070249503, 0.0033597588
1310850619000, -0.017715093, 0.0030543262, 0.008246681
1310855596000, -0.02687807, -0.005192355, 0.0027488936
1310860594000, -0.03176499, 0.0018325958, 0.0076358155
1310865662000, -0.02687807, -0.0061086523, 0.0030543262
1310870596000, -0.0143553335, -9.162979E-4, 0.0027488936
1310875602000, -0.023518313, -9.162979E-4, 0.009773844
