#Rate of rotation around the x y z axes (Angular velocity).
#timestamp(ns),x,y,z(rad/s)
#Datetime: 03/04/2015 15:19:28
##########################################
#Activity: 8 - CSI - Car-Step in - 6s
#Subject ID: 44
#First Name: sub44
#Last Name: sub44
#Age: 25
#Height(cm): 176
#Weight(kg): 80
#Gender: Male
##########################################

@DATA
16713959584000, -0.028099801, 0.022602014, 0.028099801
16713964600000, -0.03023783, 0.024129177, 0.03145956
16713969566000, -0.04062254, 0.023823744, 0.02321288
16713974581000, -0.034513887, 0.020463986, 0.025350908
16713979604000, -0.03145956, 0.029626964, 0.029932396
16713984644000, -0.039095376, 0.03756821, 0.028099801
16713989598000, -0.040927973, 0.03848451, 0.02687807
16713994582000, -0.03573562, 0.033292156, 0.027488936
16713999592000, -0.041233405, 0.025961773, 0.025045475
16714004594000, -0.032986723, 0.029321533, 0.02565634
16714009585000, -0.03573562, 0.026572637, 0.027488936
16714014584000, -0.036957346, 0.026572637, 0.022907447
16714019603000, -0.043066, 0.030848695, 0.01863139
16714024603000, -0.03756821, 0.025350908, 0.022296581
16714029556000, -0.044898596, 0.022296581, 0.0290161
16714034575000, -0.03481932, 0.022602014, 0.028405234
16714039583000, -0.03573562, 0.022907447, 0.03023783
16714045239000, -0.037873644, 0.020158553, 0.027488936
16714049623000, -0.034513887, 0.014049901, 0.030848695
16714054590000, -0.032986723, 0.008857546, 0.031154128
16714059592000, -0.035430185, 0.013439035, 0.026267206
16714064536000, -0.03145956, 0.011911872, 0.035430185
16714069560000, -0.033292156, 0.01038471, 0.03604105
16714074532000, -0.040011674, 0.015577064, 0.036651913
16714079558000, -0.032375857, 0.014049901, 0.034208454
16714084539000, -0.032375857, 0.022296581, 0.028099801
16714089586000, -0.03604105, 0.01863139, 0.034513887
16714094523000, -0.04062254, 0.02565634, 0.03604105
16714099638000, -0.046731193, 0.017104227, 0.021380283
16714104538000, -0.03145956, 0.01985312, 0.02443461
16714109612000, -0.031154128, 0.03481932, 0.022602014
16714114593000, -0.03726278, 0.037873644, 0.02443461
16714119776000, -0.040011674, 0.03726278, 0.02687807
16714124593000, -0.024129177, 0.0290161, 0.021685716
16714129561000, -0.028710667, 0.02107485, 0.024740042
16714134663000, -0.03573562, 0.019547688, 0.022602014
16714139619000, -0.023518313, 0.020158553, 0.014966198
16714144565000, -0.031154128, 0.016798794, 0.02443461
16714149570000, -0.029932396, 0.016187929, 0.01985312
16714154874000, -0.036651913, 0.014049901, 0.025961773
16714159599000, -0.03481932, 0.009773844, 0.02076942
16714166455000, -0.034513887, 0.006414085, 0.014660766
16714169622000, -0.031154128, 0.0125227375, 0.016493361
16714174518000, -0.03023783, 0.0125227375, 0.020463986
16714179558000, -0.03268129, 0.0027488936, 0.01038471
16714184606000, -0.02565634, 0.007330383, 0.019547688
16714189621000, -0.03176499, 0.0067195175, 0.019547688
16714194597000, -0.034208454, 0.0018325958, 0.019242255
16714199588000, -0.027794369, 0.0036651916, 0.022602014
16714204615000, -0.036957346, 0.014660766, 0.02076942
16714209822000, -0.03023783, 0.01282817, 0.023823744
16714214646000, -0.032070424, 0.014049901, 0.023518313
16714219583000, -0.03756821, 0.012217305, 0.023518313
16714224585000, -0.03268129, 0.013744468, 0.021991149
16714229817000, -0.031154128, 0.01740966, 0.021685716
16714234590000, -0.0290161, 0.016798794, 0.020158553
16714239555000, -0.033292156, 0.012217305, 0.020158553
16714244578000, -0.029321533, 0.009773844, 0.025350908
16714249571000, -0.022602014, 0.009468411, 0.031154128
16714254567000, -0.03359759, 0.016798794, 0.026572637
16714259560000, -0.029626964, 0.024129177, 0.02107485
16714264562000, -0.028405234, 0.021380283, 0.026572637
16714269588000, -0.03726278, 0.019547688, 0.024129177
16714274577000, -0.03940081, 0.028710667, 0.024129177
16714279577000, -0.03940081, 0.030543262, 0.021380283
16714284604000, -0.030848695, 0.023823744, 0.021991149
16714289589000, -0.032986723, 0.033292156, 0.017104227
16714294576000, -0.037873644, 0.0421497, 0.011911872
16714299606000, -0.03970624, 0.03634648, 0.009162978
16714304586000, -0.04428773, 0.03848451, 0.010995574
16714309587000, -0.041233405, 0.04153884, 0.009773844
16714314566000, -0.038179077, 0.040011674, 0.009162978
16714319600000, -0.043982297, 0.03940081, 0.007330383
16714324581000, -0.043066, 0.040317107, 9.162979E-4
16714329585000, -0.04337143, 0.058337633, 0.008552114
16714334659000, -0.048258353, 0.059864793, 0.0067195175
16714339587000, -0.04520403, 0.059864793, 0.0036651916
16714344715000, -0.0571159, 0.06414085, 0.0015271631
16714349609000, -0.057421334, 0.06811147, 0.008857546
16714354604000, -0.04795292, 0.07849618, 0.015271631
16714359589000, -0.061391957, 0.06963864, 0.013133603
16714366022000, -0.06414085, 0.08124508, 0.0143553335
16714369600000, -0.06627888, 0.09010262, 0.016493361
16714374592000, -0.06841691, 0.09407325, 0.015882496
16714379578000, -0.06505715, 0.10629055, 0.014049901
16714384620000, -0.067500606, 0.10323623, 0.017104227
16714389582000, -0.060170226, 0.10567969, 0.017104227
16714394600000, -0.061086524, 0.118507855, 0.017104227
16714399584000, -0.060170226, 0.12217305, 0.025350908
16714404599000, -0.048258353, 0.1337795, 0.020463986
16714409587000, -0.050396383, 0.13133603, 0.01985312
16714414578000, -0.04886922, 0.14202617, 0.025350908
16714419570000, -0.048258353, 0.15057829, 0.015577064
16714424596000, -0.052534413, 0.15974127, 0.031154128
16714429565000, -0.061391957, 0.17195857, 0.02443461
16714434577000, -0.055588737, 0.17989981, 0.024740042
16714439548000, -0.058643065, 0.19456059, 0.03023783
16714444587000, -0.067500606, 0.19303341, 0.022296581
16714449587000, -0.06780604, 0.20158553, 0.02076942
16714454588000, -0.064751714, 0.20861048, 0.015882496
16714459590000, -0.065973446, 0.21410827, 0.013133603
16714464633000, -0.0720821, 0.22082779, 0.006414085
16714469635000, -0.06719518, 0.22296582, 0.004581489
16714474587000, -0.0711658, 0.23090707, 0.0018325958
16714479581000, -0.09407325, 0.23518312, 0.0018325958
16714484603000, -0.086132, 0.26053402, 6.1086525E-4
16714489571000, -0.09468412, 0.27122417, -0.010995574
16714494580000, -0.095294975, 0.27275133, -0.0061086523
16714499603000, -0.099265605, 0.27580565, -0.013744468
16714504598000, -0.10476339, 0.2828306, -0.010995574
16714509578000, -0.095294975, 0.2855795, -0.013744468
16714514583000, -0.10629055, 0.27214047, -0.013133603
16714519603000, -0.10048734, 0.269697, -0.004886922
16714524586000, -0.089491755, 0.26511553, -0.008552114
16714529611000, -0.073303826, 0.2602286, -0.007941248
16714534581000, -0.08032878, 0.24404067, -0.0033597588
16714539575000, -0.06963864, 0.24404067, -0.003970624
16714544574000, -0.06688975, 0.22510384, -0.013439035
16714549646000, -0.06169739, 0.21991149, -0.00580322
16714554591000, -0.06291912, 0.22235495, -0.004886922
16714559593000, -0.05681047, 0.22296582, -0.012217305
16714566071000, -0.059253927, 0.2275473, -0.009773844
16714569587000, -0.063224554, 0.2406809, -0.01740966
16714574578000, -0.056199603, 0.2501493, -0.027794369
16714579585000, -0.058337633, 0.26267207, -0.03481932
16714584593000, -0.058643065, 0.267559, -0.02565634
16714589588000, -0.06872234, 0.2687807, -0.038179077
16714594575000, -0.07147124, 0.2837469, -0.038789943
16714599608000, -0.08124508, 0.29932398, -0.046120327
16714604583000, -0.0888809, 0.29443705, -0.049785517
16714609588000, -0.089186326, 0.30115658, -0.047647487
16714614539000, -0.09101892, 0.30970868, -0.061086524
16714619595000, -0.09101892, 0.3145956, -0.06994407
16714624559000, -0.09590584, 0.31948254, -0.067500606
16714629609000, -0.096516706, 0.321926, -0.07971791
16714634567000, -0.10781772, 0.32162055, -0.083383106
16714639603000, -0.113926366, 0.32375857, -0.07788532
16714644512000, -0.09712757, 0.3313944, -0.08307768
16714649594000, -0.09743301, 0.33200526, -0.0842994
16714654529000, -0.09468412, 0.3371976, -0.08277224
16714659583000, -0.094989546, 0.35705075, -0.08124508
16714664531000, -0.09315695, 0.37293324, -0.08246681
16714669586000, -0.084910266, 0.38453966, -0.08399397
16714674552000, -0.090713486, 0.3912592, -0.089186326
16714679637000, -0.10323623, 0.4025602, -0.09040806
16714684618000, -0.10262536, 0.41508293, -0.08155051
16714689610000, -0.10751228, 0.42180246, -0.081855945
16714694570000, -0.105374254, 0.41874814, -0.08460484
16714699630000, -0.102319926, 0.41508293, -0.07360926
16714704591000, -0.1142318, 0.408058, -0.07513642
16714709583000, -0.12308934, 0.39370266, -0.073303826
16714714603000, -0.11728613, 0.3717115, -0.079107046
16714719692000, -0.12492194, 0.35888332, -0.07971791
16714724604000, -0.13683382, 0.33383787, -0.07086037
16714729593000, -0.1301143, 0.3191771, -0.0729984
16714734603000, -0.14172074, 0.30726522, -0.070249505
16714739587000, -0.13927728, 0.2996294, -0.07788532
16714744641000, -0.1518, 0.3036, -0.07941248
16714749585000, -0.15485434, 0.29535335, -0.07819075
16714754527000, -0.16187929, 0.3032946, -0.071776666
16714759517000, -0.15943582, 0.2996294, -0.08277224
16714765220000, -0.16279559, 0.3005457, -0.07422013
16714769503000, -0.17501289, 0.2968805, -0.08124508
16714774501000, -0.1826487, 0.30085114, -0.08979719
16714779480000, -0.19517145, 0.29046643, -0.07941248
16714784528000, -0.2012801, 0.29840767, -0.083383106
16714789504000, -0.20555615, 0.30207285, -0.086132
16714794497000, -0.20952678, 0.2919936, -0.090713486
16714799537000, -0.21685717, 0.29168814, -0.09315695
16714804539000, -0.21838433, 0.29718593, -0.095294975
16714809534000, -0.2284636, 0.2910773, -0.09162979
16714814555000, -0.21868975, 0.28863382, -0.10323623
16714819550000, -0.23640485, 0.2855795, -0.10934488
16714824561000, -0.22602014, 0.29352075, -0.10048734
16714829538000, -0.23671028, 0.30085114, -0.101098195
16714834588000, -0.23762658, 0.29718593, -0.09712757
16714839566000, -0.24281894, 0.30634892, -0.10476339
16714844558000, -0.23396139, 0.31490102, -0.116675265
16714849560000, -0.2406809, 0.32253686, -0.11362094
16714854585000, -0.24953845, 0.33475417, -0.10934488
16714859588000, -0.2489276, 0.35185838, -0.10629055
16714864582000, -0.2489276, 0.37140608, -0.105068825
16714869585000, -0.25320363, 0.4016439, -0.101098195
16714874587000, -0.25289822, 0.42760566, -0.095294975
16714879609000, -0.26419923, 0.44806966, -0.09040806
16714884613000, -0.26450464, 0.46609017, -0.08827003
16714889569000, -0.27122417, 0.4905248, -0.08399397
16714894584000, -0.2773328, 0.50762904, -0.07147124
16714899587000, -0.29138273, 0.5021312, -0.07849618
16714904570000, -0.29138273, 0.5131268, -0.076358154
16714909544000, -0.30268374, 0.5207626, -0.07941248
16714914581000, -0.3100141, 0.54061574, -0.063224554
16714919555000, -0.31948254, 0.5531385, -0.06261369
16714924585000, -0.33292156, 0.56688297, -0.046731193
16714929578000, -0.34972036, 0.58368176, -0.035430185
16714934696000, -0.3576616, 0.61117065, -0.019547688
16714939591000, -0.3747658, 0.6273586, -0.01282817
16714944583000, -0.3915646, 0.64599, 3.0543262E-4
16714949751000, -0.41355577, 0.66614854, 0.013744468
16714954584000, -0.42210788, 0.698219, 0.027183503
16714959865000, -0.4538729, 0.71776664, 0.034208454
16714964626000, -0.4709771, 0.7318166, 0.048258353
16714969927000, -0.49418998, 0.745561, 0.055283304
16714974608000, -0.50946164, 0.75808376, 0.06811147
16714979572000, -0.5360342, 0.76052725, 0.071776666
16714984790000, -0.56107974, 0.7669413, 0.07544186
16714989542000, -0.5873469, 0.7788532, 0.08674286
16714994598000, -0.61636305, 0.79809546, 0.10445796
16714999601000, -0.65484756, 0.795652, 0.13622294
16715004509000, -0.6814202, 0.8008443, 0.1414153
16715009513000, -0.70096785, 0.80939645, 0.17623462
16715014552000, -0.7330383, 0.7984009, 0.204029
16715019480000, -0.7687739, 0.77488256, 0.24251351
16715024507000, -0.79717916, 0.75716746, 0.2751948
16715029537000, -0.82527894, 0.75502944, 0.30970868
16715034546000, -0.8775079, 0.73639804, 0.34147367
16715039496000, -0.91415983, 0.72204274, 0.3811799
16715044500000, -0.9624182, 0.7293731, 0.43066
16715049541000, -0.99204516, 0.74372846, 0.4783075
16715054496000, -1.0225884, 0.7538077, 0.5225952
16715059519000, -1.0790935, 0.7504479, 0.5766568
16715064565000, -1.1206323, 0.7644979, 0.63407815
16715069497000, -1.1734722, 0.77549344, 0.6881397
16715074499000, -1.2137892, 0.75625116, 0.7296785
16715079536000, -1.2635747, 0.7623598, 0.7816021
16715084535000, -1.3326025, 0.77549344, 0.82253003
16715089981000, -1.4129313, 0.77396625, 0.8717047
16715094486000, -1.4752395, 0.75136423, 0.8741482
16715099517000, -1.5375478, 0.63621616, 0.8570439
16715104476000, -1.5583172, 0.6218608, 0.8765916
16715109494000, -1.5641204, 0.6960809, 0.95478237
16715114509000, -1.5253305, 0.7620544, 1.0387764
16715119477000, -1.4495832, 0.7809912, 1.1123856
16715124483000, -1.3524556, 0.74189585, 1.1551461
16715129526000, -1.2473868, 0.7425067, 1.1801916
16715134583000, -1.1542299, 0.75655663, 1.1991285
16715139482000, -1.063211, 0.73731434, 1.1670581
16715144484000, -0.9816604, 0.7180721, 1.1261301
16715149514000, -0.89644474, 0.795652, 1.1016954
16715154460000, -0.8402451, 0.9049969, 1.0571023
16715159489000, -0.7840455, 0.9786061, 0.9975429
16715164489000, -0.7263188, 1.054048, 0.91751957
16715169478000, -0.691194, 1.1294898, 0.84329945
16715174453000, -0.64996064, 1.1988231, 0.79534656
16715179511000, -0.6188065, 1.2382239, 0.75655663
16715184483000, -0.58001655, 1.2779301, 0.73792523
16715189490000, -0.559858, 1.3243558, 0.73945236
16715194457000, -0.52320606, 1.3347405, 0.74067414
16715199521000, -0.51068336, 1.3435981, 0.74281216
16715204456000, -0.45540005, 1.3432927, 0.7476991
16715209501000, -0.41233405, 1.3170254, 0.77366084
16715214488000, -0.3539964, 1.3014483, 0.81245077
16715219483000, -0.30298916, 1.2721269, 0.84635377
16715224475000, -0.24648413, 1.2336423, 0.88789266
16715229491000, -0.17348573, 1.1847731, 0.91599244
16715234517000, -0.105068825, 1.1533136, 0.95264435
16715239497000, -0.03726278, 1.1068878, 0.98746365
16715244487000, 0.007330383, 1.0708468, 1.0192287
16715249528000, 0.06414085, 1.0598512, 1.0409144
16715254484000, 0.1255328, 1.0671816, 1.0567969
16715259495000, 0.16737708, 1.067487, 1.0754282
16715264496000, 0.19547687, 1.070236, 1.0760391
16715269494000, 0.21563543, 1.0671816, 1.071763
16715274488000, 0.24098633, 1.0848967, 1.0708468
16715279486000, 0.25595254, 1.10139, 1.058324
16715284536000, 0.27152961, 1.1136073, 1.0479393
16715289496000, 0.2779437, 1.1252137, 1.031446
16715294485000, 0.27550024, 1.1447614, 1.0219775
16715299527000, 0.2724459, 1.1386528, 0.9975429
16715304489000, 0.27885997, 1.1301007, 0.97402465
16715309493000, 0.2733622, 1.1178834, 0.9462303
16715314488000, 0.2779437, 1.0922271, 0.9138544
16715319478000, 0.27855456, 1.0693196, 0.87781334
16715324567000, 0.28191432, 1.0476339, 0.8332202
16715329606000, 0.2648101, 1.0170907, 0.8002335
16715334760000, 0.25625798, 0.98563105, 0.7672467
16715339597000, 0.25167647, 0.96486163, 0.72387534
16715344931000, 0.23823744, 0.9633345, 0.68203104
16715349586000, 0.22540927, 0.97341377, 0.6426302
16715354917000, 0.22204952, 0.98440933, 0.6035349
16715359581000, 0.20799962, 0.9941832, 0.5729916
16715364553000, 0.19822577, 0.9978484, 0.5390886
16715369593000, 0.19242255, 0.9932669, 0.50854534
16715374539000, 0.20891592, 0.9978484, 0.4886922
16715379567000, 0.20311269, 1.0097603, 0.46975538
16715384570000, 0.19914207, 0.98746365, 0.44104472
16715389581000, 0.20861048, 0.9764681, 0.41722095
16715394511000, 0.21074851, 0.9639453, 0.4092797
16715399598000, 0.20158553, 0.93462384, 0.3912592
16715404520000, 0.19792034, 0.90408057, 0.3631594
16715409575000, 0.19364429, 0.87872964, 0.34147367
16715414589000, 0.17562376, 0.840856, 0.33505958
16715419588000, 0.16615535, 0.7846564, 0.3200934
16715424512000, 0.17440203, 0.7174612, 0.3042109
16715429562000, 0.16279559, 0.655153, 0.2950479
16715434580000, 0.15760323, 0.5717699, 0.26939157
16715439621000, 0.1459968, 0.5009095, 0.24678956
16715444542000, 0.14263703, 0.43493605, 0.24251351
16715449631000, 0.118202426, 0.35277468, 0.22876903
16715454597000, 0.12614368, 0.2864958, 0.22113322
16715459609000, 0.11789699, 0.22571471, 0.2180789
16715464617000, 0.12767084, 0.1740966, 0.21410827
16715469614000, 0.12034045, 0.13439035, 0.21013765
16715474626000, 0.12889257, 0.09712757, 0.204029
16715479621000, 0.13988814, 0.06688975, 0.19883664
16715484627000, 0.14844026, 0.037873644, 0.19211712
16715489617000, 0.14935656, 0.022602014, 0.18387043
16715494622000, 0.15974127, 0.014049901, 0.1704314
16715499588000, 0.16462818, 0.006414085, 0.1554652
16715504587000, 0.17348573, -0.0015271631, 0.15363261
16715509584000, 0.1863139, -0.010079277, 0.13622294
16715514577000, 0.19394971, -3.0543262E-4, 0.12614368
16715519589000, 0.19822577, 0.011911872, 0.113926366
16715524577000, 0.20341812, 0.018325957, 0.099265605
16715529561000, 0.20463985, 0.032070424, 0.090713486
16715534649000, 0.20463985, 0.044593163, 0.07727446
16715539586000, 0.20463985, 0.051923547, 0.07269296
16715544573000, 0.20525073, 0.050396383, 0.063224554
16715549575000, 0.20861048, 0.070554934, 0.063224554
16715554529000, 0.22571471, 0.07422013, 0.059253927
16715559586000, 0.23304509, 0.07544186, 0.053450707
16715565137000, 0.25778514, 0.09193522, 0.051618114
16715569593000, 0.27977628, 0.09560041, 0.048563786
16715574586000, 0.29626966, 0.10903945, 0.050396383
16715579596000, 0.30787608, 0.118507855, 0.03481932
16715584604000, 0.32528573, 0.12980886, 0.02321288
16715589580000, 0.32528573, 0.14080444, 0.015577064
16715594582000, 0.3381139, 0.15454891, 0.013133603
16715599591000, 0.3631594, 0.15577064, 0.004276057
16715604595000, 0.3827071, 0.14996742, -0.009468411
16715609581000, 0.4156938, 0.14294247, -0.020463986
16715614581000, 0.44043383, 0.1441642, -0.03268129
16715619554000, 0.44623706, 0.12950343, -0.05131268
16715624590000, 0.46670106, 0.12797627, -0.06566802
16715629570000, 0.4822781, 0.12583824, -0.083383106
16715634626000, 0.4999932, 0.12950343, -0.093462385
16715639581000, 0.5112942, 0.1441642, -0.110872045
16715644591000, 0.5207626, 0.1423316, -0.12370021
16715649607000, 0.4990769, 0.12339478, -0.12308934
16715654595000, 0.50488013, 0.07941248, -0.11148291
16715659585000, 0.5204572, 0.0693332, -0.08979719
16715664583000, 0.54550266, 0.09132435, -0.04337143
16715669589000, 0.5363397, 0.14569137, 0.004886922
16715674591000, 0.46578476, 0.19242255, 0.04734206
16715680089000, 0.35888332, 0.20525073, 0.08032878
16715684657000, 0.2574797, 0.18967366, 0.096516706
16715689651000, 0.1459968, 0.19394971, 0.094989546
16715694597000, 0.07238753, 0.22357668, 0.098043874
16715700120000, -0.071776666, 0.25778514, 0.057421334
16715704576000, -0.2049453, 0.26145032, 0.03604105
16715709868000, -0.22235495, 0.2779437, -0.013133603
16715714576000, -0.24923302, 0.28038713, -0.083383106
16715719590000, -0.26236662, 0.24709499, -0.18936823
16715724570000, -0.25411993, 0.1600467, -0.3100141
16715729607000, -0.23243423, 0.03848451, -0.4352415
16715734580000, -0.20280726, -0.07666359, -0.53023106
16715739610000, -0.18112154, -0.1994475, -0.6096435
16715744762000, -0.1337795, -0.25167647, -0.6450737
16715749577000, -0.06352998, -0.22418754, -0.6365216
16715754536000, 0.022602014, -0.105068825, -0.600786
16715759488000, 0.081855945, 0.06811147, -0.5296202
16715764531000, 0.106595986, 0.26450464, -0.43157628
16715769470000, 0.11178834, 0.42638394, -0.30726522
16715774491000, 0.13469578, 0.56382865, -0.14080444
16715779511000, 0.1966986, 0.61941737, 0.037873644
16715784575000, 0.28863382, 0.6026186, 0.21288654
16715789500000, 0.36682457, 0.47494772, 0.2932153
16715794495000, 0.40958515, 0.3203988, 0.43035457
16715799474000, 0.50579643, 0.20189096, 0.5357288
16715804524000, 0.5821546, 0.10995574, 0.6102544
16715809501000, 0.6646214, 0.05467244, 0.64904433
16715814514000, 0.75533485, 0.0125227375, 0.6426302
16715819502000, 0.82924956, -0.019242255, 0.6078109
16715824521000, 0.89949906, 0.005497787, 0.5540548
16715829530000, 0.926988, 0.015577064, 0.5225952
16715834565000, 0.9465357, 0.040927973, 0.4981606
16715839526000, 0.91813046, 0.0852157, 0.48624873
16715844489000, 0.8729264, 0.19700404, 0.4896085
16715849576000, 0.79901177, 0.35308012, 0.51007247
16715854581000, 0.7113526, 0.4801401, 0.5338962
16715859579000, 0.6270532, 0.5131268, 0.5717699
16715864566000, 0.5323691, 0.50671273, 0.63316184
16715869588000, 0.4392121, 0.45478916, 0.7287622
16715874579000, 0.38728857, 0.35155296, 0.86406887
16715879563000, 0.38240165, 0.23243423, 0.9947941
16715884597000, 0.4196644, 0.13683382, 1.0735956
16715889584000, 0.45937067, -0.10323623, 1.0821478
16715894574000, 0.52595496, -0.33841935, 1.035722
16715899619000, 0.5494733, -0.5439755, 0.9450085
16715904581000, 0.46822822, -0.711658, 0.8530733
16715909579000, 0.3659083, -0.91813046, 0.7486154
16715914578000, 0.23701571, -1.1533136, 0.63804877
16715919587000, 0.12644911, -1.3539828, 0.54061574
16715924612000, 0.021685716, -1.4724907, 0.4792238
16715929602000, -0.08460484, -1.5607607, 0.45204028
16715934607000, -0.16707164, -1.6303993, 0.41447207
16715939622000, -0.204029, -1.643533, 0.33750305
16715944615000, -0.24251351, -1.4966198, 0.35155296
16715949626000, -0.2519819, -1.3347405, 0.4071417
16715954608000, -0.22204952, -1.3078625, 0.43096542
16715959598000, -0.19914207, -1.2953397, 0.4279111
16715965142000, -0.18600847, -1.2565498, 0.4297437
16715969592000, -0.19608775, -1.1924089, 0.4465425
16715974588000, -0.22113322, -1.1117748, 0.4978552
16715979612000, -0.2275473, -1.0903945, 0.52931476
16715984661000, -0.27152961, -1.0836749, 0.53878313
16715989624000, -0.31520647, -1.042747, 0.5522222
16715994506000, -0.344528, -0.9850202, 0.5839872
16715999627000, -0.3848451, -0.8940013, 0.6221663
16716004513000, -0.40958515, -0.7779369, 0.6646214
16716009613000, -0.43860126, -0.6737844, 0.68019843
16716014545000, -0.48533243, -0.5564982, 0.68325275
16716019586000, -0.52473325, -0.43676865, 0.6789767
16716024560000, -0.5561928, -0.31429017, 0.6737844
16716029618000, -0.5497787, -0.21105394, 0.659429
16716034615000, -0.54244834, -0.112399206, 0.63071835
16716039615000, -0.5177083, -0.029932396, 0.57635134
16716044579000, -0.52412236, 0.009162978, 0.52320606
16716049614000, -0.48380527, 0.04886922, 0.47800204
16716054638000, -0.4908302, 0.063224554, 0.43676865
16716059600000, -0.4709771, 0.0842994, 0.36743546
16716064627000, -0.44104472, 0.11728613, 0.31337386
16716069595000, -0.4370741, 0.12003502, 0.27763826
16716074587000, -0.42943826, 0.1255328, 0.2321288
16716079625000, -0.40591997, 0.118507855, 0.172264
16716084651000, -0.3726278, 0.118507855, 0.13041973
16716089609000, -0.3585779, 0.13591751, 0.11484267
16716094556000, -0.3744604, 0.1282817, 0.089491755
16716100197000, -0.3827071, 0.11484267, 0.071776666
16716104648000, -0.40561453, 0.12583824, 0.046731193
16716109619000, -0.40103304, 0.112399206, 0.020158553
16716114853000, -0.39553526, 0.13316862, -0.015271631
16716119586000, -0.38759398, 0.13561209, -0.05009095
16716124971000, -0.3640757, 0.11178834, -0.0842994
16716129618000, -0.3454443, 0.086437434, -0.12339478
16716134604000, -0.32925636, 0.042455133, -0.16279559
16716139610000, -0.33658674, -0.015271631, -0.21135938
16716144961000, -0.344528, -0.06811147, -0.25595254
16716149576000, -0.33536503, -0.12217305, -0.29993483
16716154558000, -0.344528, -0.19730948, -0.3494149
16716159582000, -0.3408628, -0.2415972, -0.37965274
16716166119000, -0.33017266, -0.27397305, -0.37782016
16716169531000, -0.3491095, -0.30818152, -0.38087448
16716174576000, -0.37048978, -0.364992, -0.3817908
16716179563000, -0.38362336, -0.3885103, -0.3933972
16716184653000, -0.37384954, -0.42943826, -0.39645153
16716189581000, -0.38881573, -0.46670106, -0.39706242
16716194576000, -0.41447207, -0.5012149, -0.38912117
16716199561000, -0.4269948, -0.528093, -0.37140608
16716204591000, -0.46883908, -0.5342017, -0.35827246
16716209580000, -0.514654, -0.5305365, -0.3594942
16716214604000, -0.5503896, -0.5174029, -0.35979962
16716219586000, -0.59437186, -0.5161811, -0.35735616
16716224615000, -0.6426302, -0.50335294, -0.355829
16716229609000, -0.6936375, -0.47739118, -0.36041048
16716234638000, -0.732122, -0.45265114, -0.35888332
16716240049000, -0.7699956, -0.41783184, -0.3594942
16716244619000, -0.80970186, -0.36865717, -0.35063666
16716249602000, -0.820392, -0.33841935, -0.34269542
16716254610000, -0.8228355, -0.31215215, -0.34330627
16716259603000, -0.8426886, -0.31490102, -0.33567044
16716264607000, -0.8518516, -0.3136793, -0.32467487
16716269610000, -0.8698721, -0.34147367, -0.32070425
16716274603000, -0.88453287, -0.36193767, -0.30543262
16716279611000, -0.8970556, -0.36987892, -0.29901853
16716284643000, -0.89675015, -0.41722095, -0.29657507
16716289622000, -0.906524, -0.47158796, -0.29718593
16716294616000, -0.90377516, -0.5366451, -0.29749137
16716299644000, -0.89980453, -0.623388, -0.3100141
16716304612000, -0.89644474, -0.7144069, -0.32986724
16716309515000, -0.8970556, -0.7831292, -0.3494149
16716314614000, -0.8924741, -0.8454375, -0.36102137
16716319565000, -0.8943067, -0.8857546, -0.38240165
16716324603000, -0.8741482, -0.91599244, -0.41263947
16716329579000, -0.86926126, -0.92149025, -0.44348818
16716334642000, -0.8527679, -0.93523467, -0.47555858
16716339513000, -0.852157, -0.91629785, -0.51923543
16716344596000, -0.86162543, -0.8906415, -0.5543602
16716349560000, -0.8585711, -0.8793405, -0.59315014
16716354598000, -0.8527679, -0.87964594, -0.63499445
16716359516000, -0.8371908, -0.8854492, -0.65118235
16716364607000, -0.82924956, -0.87995136, -0.64476824
16716369540000, -0.82863873, -0.8573494, -0.634689
16716374580000, -0.8359691, -0.8518516, -0.6197228
16716379580000, -0.82986045, -0.82344633, -0.60231316
16716384603000, -0.8362745, -0.7812967, -0.5653558
16716389584000, -0.84482664, -0.7287622, -0.5180137
16716394575000, -0.87964594, -0.6765333, -0.47678033
16716399655000, -0.9282097, -0.65118235, -0.42943826
16716404586000, -0.9941832, -0.66339964, -0.3830125
16716409840000, -1.0726794, -0.70524395, -0.37201694
16716414557000, -1.1242975, -0.7452556, -0.35796702
16716419534000, -1.2137892, -0.7892379, -0.35918877
16716425103000, -1.2950343, -0.8426886, -0.376293
16716429590000, -1.3607023, -0.915687, -0.39492437
16716434590000, -1.4101825, -1.0012082, -0.4266894
16716439517000, -1.4703526, -1.1206323, -0.4615087
16716444573000, -1.5131133, -1.2522738, -0.4868596
16716449551000, -1.5409076, -1.3662001, -0.50518554
16716454579000, -1.577254, -1.4746287, -0.50976706
16716459534000, -1.5790867, -1.5601498, -0.50854534
16716464566000, -1.5803084, -1.5974126, -0.5018258
16716469519000, -1.5830573, -1.6352862, -0.46181414
16716474578000, -1.57084, -1.6432275, -0.41233405
16716479571000, -1.5509869, -1.6358972, -0.37843102
16716484617000, -1.5005904, -1.6190983, -0.3231477
16716489613000, -1.4376713, -1.6093245, -0.25167647
16716494525000, -1.3469579, -1.5916094, -0.14080444
16716499630000, -1.2925909, -1.559539, -0.07238753
16716504621000, -1.2339478, -1.5473217, 0.008246681
16716509607000, -1.1478158, -1.5479325, 0.0870483
16716514600000, -1.0693196, -1.5012014, 0.1872302
16716519587000, -1.0134255, -1.4217888, 0.25045475
16716524616000, -0.9807441, -1.2968669, 0.28496864
16716529607000, -0.9434814, -1.1768318, 0.31612277
16716534688000, -0.93615097, -1.0494665, 0.33261612
16716539628000, -0.9166033, -0.915687, 0.33200526
16716544612000, -0.8900307, -0.7812967, 0.31490102
16716549652000, -0.8558222, -0.6221663, 0.28008172
16716554603000, -0.8332202, -0.4822781, 0.22327125
16716559597000, -0.818254, -0.35796702, 0.16462818
16716564567000, -0.8359691, -0.25595254, 0.12767084
16716569574000, -0.8579602, -0.20158553, 0.09437868
16716574575000, -0.90224797, -0.101098195, 0.0842994
16716579554000, -0.9294315, 0.003970624, 0.07513642
16716584708000, -0.9773844, 0.09040806, 0.0842994
16716589646000, -1.0155635, 0.18478674, 0.12614368
16716594576000, -1.0687088, 0.24678956, 0.15760323
16716599643000, -1.1242975, 0.30848694, 0.21410827
16716604579000, -1.1823297, 0.36987892, 0.27885997
16716609576000, -1.2223413, 0.44409904, 0.32559118
16716614559000, -1.2589933, 0.50823987, 0.36865717
16716619587000, -1.2712106, 0.56138515, 0.40286562
16716624541000, -1.3170254, 0.61269784, 0.43982297
16716629551000, -1.3640621, 0.6621779, 0.46028697
16716634656000, -1.389413, 0.70066243, 0.47219884
16716639661000, -1.3860532, 0.74189585, 0.46578476
16716644557000, -1.3994923, 0.73792523, 0.4529566
16716649689000, -1.4553864, 0.7165449, 0.40469822
16716654571000, -1.5149459, 0.6795876, 0.34025195
16716659605000, -1.5720617, 0.61758476, 0.27763826
16716664581000, -1.625207, 0.5381723, 0.21594086
16716669613000, -1.6383406, 0.48838675, 0.1685988
16716674594000, -1.676825, 0.39278635, 0.13958271
16716679582000, -1.6982054, 0.312763, 0.10140363
16716684560000, -1.7314975, 0.20525073, 0.08582657
16716689606000, -1.7571539, 0.14263703, 0.07941248
16716694818000, -1.7953329, 0.069027774, 0.089491755
16716699641000, -1.8023579, -0.015271631, 0.10323623
16716704659000, -1.7971655, -0.06841691, 0.1160644
16716709596000, -1.8393153, -0.08399397, 0.10934488
16716714825000, -1.8881844, -0.09315695, 0.13744467
16716719675000, -1.9031507, -0.049785517, 0.16615535
16716724670000, -1.9110919, 0.06291912, 0.1853976
16716729561000, -1.9016235, 0.16432275, 0.18753563
16716734693000, -1.8753563, 0.26328292, 0.20280726
16716740213000, -1.8643607, 0.36926803, 0.20250183
16716744640000, -1.8454239, 0.45204028, 0.20891592
16716749656000, -1.8164078, 0.48533243, 0.20647246
16716759539000, -1.7498235, 0.5537493, 0.19914207
16716764499000, -1.7162259, 0.5500842, 0.17745635
16716769544000, -1.679574, 0.59712076, 0.15363261
16716774503000, -1.6646078, 0.61208695, 0.14966199
16716779486000, -1.6569719, 0.6239988, 0.1255328
16716784530000, -1.6698002, 0.6072, 0.10445796
16716789501000, -1.6588045, 0.57604593, 0.10751228
16716794503000, -1.6539177, 0.5119051, 0.10751228
16716799519000, -1.6050484, 0.44532076, 0.119729586
16716804562000, -1.600467, 0.45448375, 0.12156218
16716809558000, -1.5674802, 0.5500842, 0.12034045
16716814727000, -1.563815, 0.59864795, 0.12003502
16716819558000, -1.5580118, 0.634689, 0.09254608
16716824560000, -1.536326, 0.6722572, 0.059864793
16716829554000, -1.4844025, 0.7476991, 0.05467244
16716834576000, -1.4223998, 0.8399397, 0.0720821
16716839559000, -1.3588698, 0.91507614, 0.08460484
16716844537000, -1.3350459, 0.9825767, 0.08093964
16716849618000, -1.2864822, 1.0516045, 0.0571159
16716854665000, -1.2525792, 1.1365148, 0.01740966
16716859582000, -1.2202033, 1.1908818, -0.014660766
16716864622000, -1.1924089, 1.2052372, -0.043066
16716869601000, -1.1475104, 1.2211196, -0.09315695
16716874552000, -1.1261301, 1.1826351, -0.11453723
16716879580000, -1.1313224, 1.1636983, -0.13255776
16716884601000, -1.1111639, 1.1545353, -0.15607607
16716890132000, -1.0793989, 1.1530081, -0.16615535
16716894509000, -1.0247264, 1.1285735, -0.16798794
16716899605000, -0.9859365, 1.0897835, -0.15943582
16716904560000, -0.9456194, 1.0772609, -0.10873401
16716909578000, -0.9221011, 1.0436633, -0.061086524
16716914601000, -0.8875872, 1.010982, -0.03268129
16716919617000, -0.85154617, 0.99082345, 0.013439035
16716924585000, -0.8246681, 0.98899084, 0.0571159
16716929588000, -0.79779, 1.0045679, 0.09865474
16716934639000, -0.76174897, 1.0338894, 0.11942416
16716939575000, -0.752586, 1.0415252, 0.14110987
16716944573000, -0.7593055, 1.0458013, 0.18051068
16716949572000, -0.7657196, 1.0403035, 0.22204952
16716954585000, -0.7706065, 1.0259482, 0.2593123
16716959574000, -0.752586, 1.0516045, 0.2846632
16716965150000, -0.76144356, 1.0473285, 0.3118467
16716969584000, -0.75625116, 1.0680978, 0.3231477
16716974574000, -0.7464773, 1.0888673, 0.344528
16716979601000, -0.7302894, 1.0580186, 0.37995818
16716984629000, -0.74006325, 0.9841039, 0.40561453
16716989605000, -0.74067414, 0.893085, 0.4279111
16716994599000, -0.7339546, 0.79809546, 0.44501534
16716999581000, -0.73548174, 0.68325275, 0.46089783
16717004595000, -0.7049385, 0.58123827, 0.48288897
16717009612000, -0.68752885, 0.4783075, 0.5109888
16717014614000, -0.68203104, 0.37110063, 0.5198463
16717019579000, -0.6597345, 0.3295618, 0.54183745
16717024605000, -0.6310238, 0.34483343, 0.5626069
16717029563000, -0.591623, 0.38148534, 0.57787853
16717034657000, -0.5696318, 0.38881573, 0.6084218
16717039512000, -0.54183745, 0.36865717, 0.63041294
16717044602000, -0.50946164, 0.32742378, 0.65270954
16717049548000, -0.47250426, 0.2864958, 0.6640105
16717054582000, -0.45540005, 0.23671028, 0.6881397
16717059554000, -0.4642576, 0.16615535, 0.7076874
16717064562000, -0.47678033, 0.115453534, 0.72173727
16717069546000, -0.4801401, -0.009162978, 0.7254025
16717074575000, -0.51007247, -0.11789699, 0.7281514
16717079583000, -0.5299256, -0.2125811, 0.7324274
16717084648000, -0.5305365, -0.27550024, 0.7263188
16717089626000, -0.5412266, -0.30695978, 0.73548174
16717094577000, -0.48838675, -0.35613444, 0.7305948
16717099582000, -0.46731192, -0.3472769, 0.7284568
16717104594000, -0.49357912, -0.3036, 0.7174612
16717109827000, -0.5338962, -0.26847526, 0.7257079
16717114584000, -0.6224717, -0.19792034, 0.713796
16717119593000, -0.6933321, -0.15363261, 0.70157874
16717124592000, -0.6945538, -0.089186326, 0.6750061
16717129592000, -0.6753115, -0.05467244, 0.6560693
16717134595000, -0.66950834, -0.06261369, 0.64568454
16717139580000, -0.6957755, -0.06811147, 0.627664
16717145296000, -0.77182823, -0.08460484, 0.57451874
16717149609000, -0.8689558, -0.07086037, 0.52778757
16717154598000, -0.98868537, -0.07360926, 0.5158757
16717159547000, -1.0592403, -0.08093964, 0.48166725
16717166051000, -1.1111639, -0.09773844, 0.4343252
16717169559000, -1.1343768, -0.11178834, 0.41080686
16717174583000, -1.1801916, -0.124005646, 0.36560285
16717179592000, -1.2012665, -0.1133155, 0.32436943
16717184591000, -1.2479976, -0.08399397, 0.2910773
16717189556000, -1.2971723, -0.052534413, 0.28008172
16717194590000, -1.3674219, -0.016493361, 0.27000242
16717199583000, -1.4428637, 0.025961773, 0.27000242
16717204597000, -1.5005904, 0.093767814, 0.28680122
16717209560000, -1.543351, 0.16584991, 0.2932153
16717214572000, -1.5745052, 0.20861048, 0.310625
16717219596000, -1.6038266, 0.267559, 0.3222314
16717224583000, -1.6505579, 0.28985557, 0.3222314
16717229595000, -1.6927075, 0.29535335, 0.30604348
16717234604000, -1.7244726, 0.28893927, 0.31031954
16717239575000, -1.7821994, 0.28191432, 0.29779682
16717244587000, -1.8338175, 0.269697, 0.28405234
16717249595000, -1.8872682, 0.2611449, 0.29535335
16717254592000, -1.9281962, 0.25992316, 0.30665436
16717259588000, -1.9596558, 0.25686884, 0.3494149
16717264581000, -1.9932534, 0.26542094, 0.35460728
16717269599000, -1.996613, 0.2996294, 0.38362336
16717274589000, -2.0134118, 0.33933565, 0.42332962
16717279584000, -2.0347922, 0.39828414, 0.45662177
16717284877000, -2.058005, 0.43096542, 0.4792238
16717289670000, -2.0696115, 0.47525316, 0.49021935
16717294581000, -2.085494, 0.49571714, 0.5207626
16717299619000, -2.0894647, 0.48808134, 0.53786683
16717304592000, -2.08977, 0.49571714, 0.5671884
16717309577000, -2.0818288, 0.47861293, 0.59589905
16717314579000, -2.0958786, 0.462425, 0.6224717
16717319598000, -2.101682, 0.4783075, 0.6621779
16717324588000, -2.134974, 0.44135013, 0.68783426
16717329596000, -2.150551, 0.41783184, 0.7125743
16717334601000, -2.1493294, 0.43127087, 0.75136423
16717339590000, -2.1676552, 0.42241332, 0.7648033
16717344581000, -2.187203, 0.42913285, 0.7602218
16717349597000, -2.2033908, 0.45112398, 0.7984009
16717354551000, -2.2107213, 0.41325033, 0.806953
16717359580000, -2.2156084, 0.3811799, 0.8405506
16717364903000, -2.2003367, 0.3747658, 0.86498517
16717369601000, -2.194228, 0.37323865, 0.8750645
16717374711000, -2.2241604, 0.36132678, 0.8738427
16717379590000, -2.2284365, 0.3622431, 0.89827734
16717384634000, -2.2314909, 0.37232238, 0.9266826
16717389599000, -2.2171354, 0.33108896, 0.9560041
16717394597000, -2.2226331, 0.2874121, 0.9502009
16717399591000, -2.2397375, 0.27885997, 0.98563105
16717404573000, -2.25562, 0.27458394, 1.0320568
16717409583000, -2.2632558, 0.2302962, 1.0360274
16717414608000, -2.2583687, 0.17867808, 1.0534371
16717419574000, -2.2406538, 0.15088372, 1.0708468
16717424951000, -2.2446244, 0.11942416, 1.0809261
16717429625000, -2.219579, 0.06780604, 1.0708468
16717434695000, -2.2128594, 0.037873644, 1.1010846
16717439586000, -2.1948388, 0.01038471, 1.1053606
16717444539000, -2.1563544, 0.009468411, 1.1230757
16717449586000, -2.1432207, -0.02687807, 1.1322387
16717454789000, -2.1444426, -0.06688975, 1.1459832
16717459592000, -2.1371121, -0.0729984, 1.1548407
16717464877000, -2.1261165, -0.1328632, 1.1688906
16717470122000, -2.046704, -0.16401732, 1.178359
16717474913000, -2.0280726, -0.20463985, 1.1917981
16717479615000, -1.9932534, -0.24862215, 1.2073752
16717484636000, -1.9413297, -0.310625, 1.1881329
16717489607000, -1.894904, -0.37659842, 1.1823297
16717494568000, -1.8295414, -0.38789943, 1.178359
16717499576000, -1.7705929, -0.40866885, 1.185384
16717504524000, -1.713477, -0.41141775, 1.176221
16717509578000, -1.6743816, -0.43401974, 1.146594
16717514543000, -1.6389514, -0.4822781, 1.1099422
16717519574000, -1.5873333, -0.52015173, 1.0876455
16717524574000, -1.5454891, -0.5653558, 1.0763446
16717529564000, -1.4862351, -0.59620446, 1.0699304
16717534639000, -1.4330899, -0.63041294, 1.0754282
16717539542000, -1.348485, -0.65484756, 1.0775663
16717544577000, -1.2684617, -0.6597345, 1.0650436
16717549583000, -1.1863003, -0.66675943, 1.0415252
16717554588000, -1.1175779, -0.66859204, 1.0155635
16717559579000, -1.0268645, -0.66828656, 0.9966267
16717565143000, -0.98471475, -0.6203337, 0.9575313
16717569569000, -0.8872818, -0.58001655, 0.88606006
16717574577000, -0.78954333, -0.54336464, 0.8045095
16717579599000, -0.700357, -0.5021312, 0.75777835
16717584606000, -0.6044512, -0.47128254, 0.7119634
16717589604000, -0.47861293, -0.48288897, 0.7089091
16717594571000, -0.33750305, -0.4810564, 0.65087694
16717599593000, -0.2321288, -0.49693888, 0.6020077
16717604566000, -0.15485434, -0.56413406, 0.5558874
16717609567000, -0.07391469, -0.64843345, 0.5320636
16717614590000, -0.004276057, -0.72112644, 0.4868596
16717619607000, 0.074830994, -0.7819075, 0.4578435
16717624577000, 0.13347405, -0.838718, 0.41874814
16717629630000, 0.19028452, -0.86009824, 0.37843102
16717634634000, 0.2602286, -0.870483, 0.33353242
16717639575000, 0.32345316, -0.8695667, 0.2929099
16717644594000, 0.40042216, -0.8564331, 0.25137106
16717649560000, 0.46028697, -0.8347474, 0.20219639
16717654594000, 0.51893, -0.8231409, 0.16371189
16717659578000, 0.55955255, -0.8042041, 0.13683382
16717664573000, 0.63285637, -0.77304995, 0.09040806
16717669543000, 0.6976081, -0.72784597, 0.043982297
16717674568000, 0.7699956, -0.6588182, 0.0033597588
16717679567000, 0.8249735, -0.59559363, -0.03145956
16717684633000, 0.84574294, -0.550695, -0.05375614
16717689552000, 0.8597928, -0.5317582, -0.07880162
16717694578000, 0.8772025, -0.5314528, -0.09407325
16717699567000, 0.89369583, -0.5149594, -0.10415252
16717704550000, 0.9297369, -0.50854534, -0.11209377
16717709558000, 0.9596693, -0.49418998, -0.1282817
16717714547000, 1.0051788, -0.49480084, -0.13500121
16717719568000, 1.0534371, -0.49663344, -0.13805555
16717724560000, 1.104139, -0.48349985, -0.1414153
16717729574000, 1.1432343, -0.44257188, -0.15515977
16717734551000, 1.1850786, -0.38362336, -0.1872302
16717739566000, 1.2205088, -0.31612277, -0.20586158
16717744611000, 1.2541064, -0.2874121, -0.20861048
16717749620000, 1.2675453, -0.31795537, -0.19120082
16717754533000, 1.2809844, -0.33108896, -0.18448131
16717759457000, 1.2589933, -0.37568212, -0.16982053
16717765056000, 1.2486086, -0.40011674, -0.16340645
16717769447000, 1.2134838, -0.4196644, -0.14049901
16717774515000, 1.1878275, -0.4147775, -0.11942416
16717779466000, 1.1655309, -0.3921755, -0.09162979
16717784539000, 1.1588113, -0.35124752, -0.07696902
16717789470000, 1.171945, -0.27397305, -0.06566802
16717794780000, 1.2269229, -0.20586158, -0.051923547
16717799505000, 1.2947289, -0.1386664, -0.054367006
16717804616000, 1.3607023, -0.09621128, -0.030848695
16717809607000, 1.4052955, -0.058643065, -0.014660766
16717814601000, 1.4404203, -0.024129177, 0.014966198
16717819610000, 1.4556919, -0.027183503, 0.0106901415
16717824611000, 1.4651603, -0.013133603, -0.017715093
16717829607000, 1.4263704, 0.011911872, -0.004276057
16717834671000, 1.3881912, -6.1086525E-4, 0.034208454
16717839696000, 1.3674219, 0.014966198, 0.010079277
16717844616000, 1.2996159, 0.022907447, 0.0021380284
16717849613000, 1.2324207, 0.027183503, 0.0125227375
16717854610000, 1.1704178, 0.04520403, 0.0030543262
16717859604000, 1.1319333, 0.07422013, -0.016187929
16717864550000, 1.0494665, 0.086132, -0.017715093
16717869619000, 0.9975429, 0.0720821, 0.004276057
16717874602000, 0.97494096, 0.049785517, -0.0033597588
16717879600000, 0.96486163, 0.052534413, -0.028710667
16717884677000, 0.95478237, -0.0061086523, -0.02687807
16717889616000, 0.9795224, -0.10567969, -0.029626964
16717894605000, 1.0048733, -0.18784106, -0.0711658
16717899609000, 1.0137309, -0.20433442, -0.10751228
16717904611000, 0.9950995, -0.19394971, -0.119729586
16717909607000, 0.9868528, -0.19700404, -0.14660765
16717914592000, 1.0100657, -0.18051068, -0.18020524
16717919585000, 1.0183123, -0.1600467, -0.21594086
16717924601000, 1.0323622, -0.16707164, -0.2507602
16717929600000, 1.0454959, -0.1966986, -0.2938262
16717934591000, 1.0485502, -0.19120082, -0.31887165
16717939692000, 1.0607675, -0.17837265, -0.3555236
16717944610000, 1.0106765, -0.15974127, -0.39828414
16717949605000, 0.97310835, -0.15393804, -0.42760566
16717954576000, 0.9502009, -0.16646078, -0.43218717
16717959607000, 0.88086766, -0.21166481, -0.4529566
16717964552000, 0.8246681, -0.2782491, -0.46914452
16717969611000, 0.7489208, -0.31978795, -0.46853364
16717974536000, 0.6621779, -0.3387248, -0.441961
16717979609000, 0.5742133, -0.3436117, -0.41783184
16717984593000, 0.48991394, -0.3381139, -0.38331795
16717989703000, 0.42730024, -0.33353242, -0.34666604
16717994508000, 0.37201694, -0.3567453, -0.31337386
16717999608000, 0.33017266, -0.38056904, -0.2742785
16718004533000, 0.2932153, -0.4352415, -0.2574797
16718009608000, 0.25442538, -0.5009095, -0.24709499
16718014578000, 0.19456059, -0.535118, -0.25442538
16718019586000, 0.13041973, -0.5549711, -0.27397305
16718024578000, 0.06261369, -0.54305923, -0.30390546
16718029605000, -0.021380283, -0.5045747, -0.34605515
16718034649000, -0.09560041, -0.4343252, -0.38423425
16718039692000, -0.13897185, -0.33933565, -0.40744713
16718044560000, -0.16768251, -0.27550024, -0.42088616
16718049601000, -0.16768251, -0.16493362, -0.43035457
16718054600000, -0.17531833, -0.08368854, -0.44165558
16718059614000, -0.17012598, -0.022296581, -0.45020768
16718064607000, -0.15363261, 0.014966198, -0.45906523
16718069612000, -0.13530666, 0.011301007, -0.46609017
16718074531000, -0.11575896, -0.012217305, -0.44593164
16718079607000, -0.07727446, -0.06688975, -0.42760566
16718085240000, -0.04153884, -0.098043874, -0.42363504
16718089672000, -0.025045475, -0.12522738, -0.42577308
16718094509000, -0.010079277, -0.13713925, -0.4364632
16718099618000, -0.019547688, -0.19761491, -0.42363504
16718104518000, 0.0076358155, -0.24312437, -0.41630468
16718109580000, 0.015271631, -0.28344148, -0.40500367
16718114538000, 0.04886922, -0.321926, -0.3848451
16718120297000, 0.09040806, -0.35033122, -0.35460728
16718124515000, 0.13713925, -0.35521814, -0.32070425
16718129555000, 0.17287487, -0.31490102, -0.27947086
16718134595000, 0.21105394, -0.25167647, -0.23182335
16718139653000, 0.21288654, -0.18570304, -0.1853976
16718144539000, 0.204029, -0.15821409, -0.160963
16718149577000, 0.18997909, -0.10842858, -0.1441642
16718154720000, 0.14569137, -0.06994407, -0.119729586
16718159577000, 0.10262536, -0.043982297, -0.09315695
16718164600000, 0.036957346, -0.03634648, -0.07360926
16718170083000, -0.007330383, -0.05589417, -0.06352998
16718174637000, -0.021380283, -0.08093964, -0.04184427
16718179607000, -0.020158553, -0.12644911, -0.031154128
16718184678000, -0.010995574, -0.15332718, -0.015577064
16718189645000, 0.009773844, -0.16646078, 0.014966198
16718194585000, 0.010079277, -0.16554448, 0.024740042
16718199600000, 9.162979E-4, -0.16126843, 0.024740042
16718204590000, 0.0067195175, -0.17287487, 0.033292156
16718209644000, 0.003970624, -0.16676621, 0.035430185
16718214575000, 0.01282817, -0.16279559, 0.026572637
16718219824000, -3.0543262E-4, -0.1554652, 0.032375857
16718224585000, -0.008246681, -0.11942416, 0.032986723
16718229876000, -0.015882496, -0.059253927, 0.029321533
16718234690000, -0.034513887, -0.0290161, 0.043676864
16718240106000, -0.053450707, 0.00580322, 0.051923547
16718244576000, -0.06291912, 0.025961773, 0.0729984
16718250076000, -0.071776666, 0.07086037, 0.083383106
16718254587000, -0.08979719, 0.09010262, 0.089186326
16718259557000, -0.10140363, 0.1151481, 0.10567969
16718264575000, -0.1255328, 0.12644911, 0.11636983
16718269528000, -0.12767084, 0.12614368, 0.11911872
16718274587000, -0.112399206, 0.129198, 0.12980886
16718279587000, -0.08460484, 0.102319926, 0.13988814
16718284678000, -0.053450707, 0.054061573, 0.13927728
16718289585000, -0.008246681, 0.0421497, 0.14782938
16718294622000, -0.016187929, 0.042455133, 0.15607607
16718299609000, -0.032375857, 0.04917465, 0.15668693
16718304614000, -0.047647487, 0.043676864, 0.16432275
16718309605000, -0.03940081, 0.033292156, 0.17195857
16718314620000, -0.008246681, 0.0290161, 0.18448131
16718319628000, 0.034208454, 0.022602014, 0.19608775
16718324606000, 0.05589417, 0.032070424, 0.2180789
16718329634000, 0.06047566, 0.017715093, 0.226631
16718334699000, 0.067500606, -0.0027488936, 0.24678956
16718339688000, 0.05222898, -0.018325957, 0.25809056
16718344613000, 0.040317107, -0.024740042, 0.2648101
16718349610000, 0.033292156, -0.04062254, 0.269697
16718354615000, 0.01038471, -0.047647487, 0.27580565
16718359604000, -0.004276057, -0.040011674, 0.2929099
16718366151000, -0.002443461, -0.03848451, 0.31581733
16718369694000, 0.049480084, -0.014966198, 0.30573806
16718374596000, 0.08582657, 0.003970624, 0.31612277
16718379636000, 0.08002335, -0.004276057, 0.29932398
16718384735000, 0.079107046, 0.01740966, 0.31123585
16718389678000, 0.06994407, 0.046120327, 0.32895094
16718394611000, 0.070554934, 0.034208454, 0.31642818
16718399615000, 0.06963864, 0.029321533, 0.31306845
16718404615000, 0.08124508, 0.030848695, 0.31581733
16718409612000, 0.09162979, 0.013439035, 0.3032946
16718414606000, 0.07238753, -0.011911872, 0.30695978
16718419575000, 0.05681047, -0.049785517, 0.31031954
16718424617000, 0.036651913, -0.069027774, 0.30115658
16718429624000, 0.029932396, -0.03481932, 0.3173445
16718434701000, 0.02443461, -0.03634648, 0.32711834
16718439641000, 0.014660766, -0.0580322, 0.3268129
16718445333000, 0.008552114, -0.07971791, 0.33322698
16718449635000, 0.00580322, -0.079107046, 0.3390302
16718454587000, 0.004581489, -0.09773844, 0.33200526
16718459612000, -0.008246681, -0.11301007, 0.33200526
16718464577000, -0.019547688, -0.111177474, 0.3378085
16718469618000, -0.02443461, -0.106901415, 0.3368922
16718474516000, -0.0021380284, -0.10170906, 0.34605515
16718479649000, 0.007330383, -0.087964594, 0.3417791
16718484648000, 0.01160644, -0.0888809, 0.33628133
16718489710000, 0.0070249503, -0.102319926, 0.3210097
16718494549000, 0.010079277, -0.10293079, 0.31795537
16718499631000, 0.02565634, -0.092240654, 0.31642818
16718504578000, 0.0421497, -0.06566802, 0.31795537
16718509613000, 0.04642576, -0.064446285, 0.30207285
16718515306000, 0.06780604, -0.05681047, 0.29077184
16718519589000, 0.06352998, -0.03726278, 0.27763826
16718524976000, 0.06811147, -0.012217305, 0.27122417
16718529625000, 0.08032878, 0.039095376, 0.29168814
16718534663000, 0.08093964, 0.023518313, 0.2733622
16718539723000, 0.08002335, -0.0018325958, 0.24220806
16718544544000, 0.07819075, 0.0125227375, 0.23640485
16718549621000, 0.08582657, 0.029321533, 0.22510384
16718554548000, 0.07941248, 0.03176499, 0.19853121
16718559608000, 0.0693332, 0.04062254, 0.18509217
16718564592000, 0.064446285, 0.053450707, 0.17195857
16718569624000, 0.07452556, 0.050701816, 0.13927728
16718574583000, 0.07666359, 0.03390302, 0.105068825
16718579625000, 0.06994407, 0.030848695, 0.105374254
16718584651000, 0.07696902, 0.0290161, 0.08002335
16718589630000, 0.06963864, 0.03604105, 0.06047566
16718594612000, 0.06383542, 0.051618114, 0.029626964
16718599613000, 0.062308256, 0.048563786, 0.008552114
16718604613000, 0.058337633, 0.061086524, -0.01740966
16718609592000, 0.044898596, 0.06841691, -0.046731193
16718614571000, 0.0421497, 0.06658431, -0.065973446
16718619587000, 0.022296581, 0.05955936, -0.08735373
16718624585000, 0.0033597588, 0.051923547, -0.10567969
16718629592000, -0.009468411, 0.052534413, -0.1142318
16718634693000, -0.034208454, 0.047647487, -0.13103059
16718639605000, -0.049785517, 0.05222898, -0.13805555
16718644587000, -0.064446285, 0.043982297, -0.15027285
16718649581000, -0.07941248, 0.038179077, -0.16035213
16718654598000, -0.07544186, 0.032986723, -0.172264
16718659591000, -0.08155051, 0.028099801, -0.17562376
16718664569000, -0.093462385, 0.017715093, -0.19058995
16718669572000, -0.07971791, 0.028405234, -0.20066923
16718674601000, -0.082161374, 0.029932396, -0.20830505
16718679583000, -0.07788532, 0.06841691, -0.22266038
16718684674000, -0.077579886, 0.07452556, -0.23671028
16718689552000, -0.069027774, 0.07880162, -0.25778514
16718694558000, -0.06963864, 0.07788532, -0.26419923
16718699598000, -0.053145275, 0.08124508, -0.2764165
16718704552000, -0.039095376, 0.080634214, -0.2779437
16718709545000, -0.038789943, 0.080634214, -0.28252518
16718714583000, -0.05375614, 0.05497787, -0.29046643
16718719603000, -0.07574729, 0.039095376, -0.29657507
16718724598000, -0.09010262, 0.016187929, -0.30451632
16718729607000, -0.11484267, 0.02107485, -0.30176744
16718734649000, -0.12644911, 0.027488936, -0.30085114
16718739573000, -0.13194689, 0.026267206, -0.29657507
16718744573000, -0.13927728, -0.026267206, -0.29871312
16718749569000, -0.13469578, -0.063224554, -0.28893927
16718754580000, -0.14355333, -0.06352998, -0.28252518
16718759566000, -0.14966199, -0.049785517, -0.27855456
16718766086000, -0.15454891, -0.02443461, -0.26206118
16718769604000, -0.14996742, 0.053145275, -0.23457226
16718774587000, -0.14355333, 0.14905111, -0.226631
16718779569000, -0.12339478, 0.17654006, -0.21594086
16718784689000, -0.11056661, 0.14355333, -0.20616703
16718789574000, -0.09193522, 0.11636983, -0.1994475
16718794550000, -0.044898596, 0.090713486, -0.18570304
16718799548000, -0.015577064, 0.06536258, -0.17715092
16718804587000, 0.0015271631, 0.040011674, -0.17073683
16718809507000, 9.162979E-4, 0.02321288, -0.16493362
16718814556000, -0.024129177, 0.023518313, -0.15393804
16718819551000, -0.025961773, 0.018936822, -0.15057829
16718824581000, -0.046731193, 0.008552114, -0.1414153
16718829552000, -0.044593163, 0.010995574, -0.13988814
16718834667000, -0.027183503, 0.010995574, -0.12858713
16718839623000, -0.023823744, 0.010995574, -0.122783914
16718844582000, -0.02321288, 0.0036651916, -0.11026118
16718849576000, -0.027183503, 9.162979E-4, -0.093767814
16718854586000, -0.017715093, 0.003970624, -0.08307768
16718859557000, -0.007330383, 0.013744468, -0.06963864
16718864559000, -0.007330383, 0.01985312, -0.052534413
16718869757000, -0.0067195175, 0.018325957, -0.032986723
16718874572000, -0.0067195175, 0.029932396, -0.019547688
16718879577000, 0.014660766, 0.0421497, -0.0143553335
16718884684000, 0.02076942, 0.052534413, -0.011911872
16718889731000, 0.028710667, 0.05955936, -0.0076358155
16718894575000, 0.034208454, 0.065973446, 6.1086525E-4
16718899760000, 0.03359759, 0.07086037, 0.00580322
16718904582000, 0.034513887, 0.08124508, 0.010079277
16718909905000, 0.038789943, 0.0729984, 0.017715093
16718914567000, 0.04734206, 0.07727446, 0.01740966
16718919569000, 0.051618114, 0.06505715, 0.02565634
16718924588000, 0.044593163, 0.06414085, 0.028099801
16718929592000, 0.03359759, 0.06719518, 0.027183503
16718934665000, 0.044593163, 0.049785517, 0.03481932
16718939597000, 0.03268129, 0.05009095, 0.03940081
16718944585000, 0.015882496, 0.03940081, 0.03726278
16718949588000, 0.021380283, 0.03390302, 0.042455133
16718954585000, 0.0143553335, 0.028710667, 0.03573562
16718959543000, -0.0015271631, 0.032375857, 0.025045475
16718966082000, -0.006414085, 0.040011674, 0.023823744
16718969572000, 0.004276057, 0.04886922, 0.028405234
16718974584000, 0.0021380284, 0.05681047, 0.022907447
16718979594000, 0.004276057, 0.064446285, 0.01863139
16718984655000, -6.1086525E-4, 0.069027774, 0.01863139
16718989590000, -6.1086525E-4, 0.06994407, 0.01740966
16718994578000, 0.004581489, 0.06872234, 0.015577064
16718999587000, -9.162979E-4, 0.0720821, 0.008857546
16719004594000, 0.004276057, 0.06566802, -0.0027488936
16719009586000, 3.0543262E-4, 0.06688975, 0.004276057
16719014567000, -0.01038471, 0.062308256, 0.004581489
16719019582000, 0.007330383, 0.06261369, -6.1086525E-4
16719024586000, -0.0015271631, 0.049480084, -0.004886922
16719029614000, -0.01282817, 0.047647487, -0.007330383
16719034676000, -0.00580322, 0.032070424, -0.015271631
16719039613000, -0.009162978, 0.03268129, -0.014049901
16719044585000, -0.018325957, 0.023518313, -0.004276057
16719049613000, -0.020158553, 0.016187929, -0.025045475
16719054587000, -0.018020526, -3.0543262E-4, -0.025350908
16719059603000, -0.016493361, 0.0033597588, -0.028099801
16719064564000, -0.02565634, 0.008552114, -0.03573562
16719069578000, -0.026572637, 0.0076358155, -0.035124753
16719074583000, -0.03970624, 0.0015271631, -0.03359759
16719079611000, -0.04153884, 0.0027488936, -0.042455133
16719084594000, -0.039095376, -0.0030543262, -0.04550946
16719089596000, -0.040317107, -0.009468411, -0.052839845
16719094583000, -0.030543262, -0.0070249503, -0.056505036
16719099569000, -0.044593163, -0.017104227, -0.05100725
16719104589000, -0.044898596, -0.024129177, -0.05467244
16719109584000, -0.041233405, -0.027183503, -0.055588737
16719114557000, -0.040927973, -0.023518313, -0.061086524
16719119567000, -0.03756821, -0.0290161, -0.05955936
16719124582000, -0.03268129, -0.036957346, -0.064446285
16719129627000, -0.030543262, -0.04184427, -0.06963864
16719134662000, -0.024129177, -0.037873644, -0.06841691
16719139602000, -0.020158553, -0.038179077, -0.067500606
16719144562000, -0.025350908, -0.03756821, -0.06780604
16719149595000, -0.03023783, -0.03359759, -0.06352998
16719154571000, -0.032375857, -0.032986723, -0.071776666
16719159585000, -0.02321288, -0.033292156, -0.062308256
16719164560000, -0.025961773, -0.026267206, -0.06811147
16719169599000, -0.024740042, -0.034208454, -0.06414085
16719174537000, -0.022296581, -0.03023783, -0.06627888
16719179622000, -0.02565634, -0.01863139, -0.06505715
16719184633000, -0.025961773, -0.012217305, -0.060170226
16719189610000, -0.029626964, -0.0027488936, -0.062308256
16719194516000, -0.04520403, 0.027794369, -0.0693332
16719199578000, -0.065973446, 0.034208454, -0.07086037
16719204534000, -0.053145275, 0.036957346, -0.06566802
16719209577000, -0.043982297, 0.03940081, -0.06780604
16719214563000, -0.040317107, 0.046120327, -0.07574729
16719219606000, -0.056199603, 0.05467244, -0.07727446
16719224543000, -0.04428773, 0.06169739, -0.06963864
16719229618000, -0.045814894, 0.061391957, -0.07422013
16719234687000, -0.034208454, 0.06383542, -0.07086037
16719239603000, -0.03726278, 0.059253927, -0.07941248
16719244586000, -0.038789943, 0.0852157, -0.08857546
16719249624000, -0.051923547, 0.09560041, -0.08735373
16719254919000, -0.053450707, 0.09040806, -0.08368854
16719259614000, -0.062002823, 0.102319926, -0.077579886
16719264561000, -0.07574729, 0.09407325, -0.07269296
16719269587000, -0.058643065, 0.07941248, -0.071776666
16719274554000, -0.060170226, 0.08277224, -0.05681047
16719279593000, -0.06261369, 0.06811147, -0.059864793
16719284613000, -0.061391957, 0.058948494, -0.05009095
16719289640000, -0.062002823, 0.04520403, -0.040317107
16719294564000, -0.062002823, 0.040927973, -0.043066
16719299588000, -0.04734206, 0.022602014, -0.035124753
16719304535000, -0.043066, 0.012217305, -0.03145956
16719309574000, -0.038179077, 6.1086525E-4, -0.03023783
16719314572000, -0.035124753, -0.0012217305, -0.019547688
16719319591000, -0.034208454, -0.0030543262, -0.016493361
16719324619000, -0.022907447, -0.003970624, -0.013439035
16719329629000, -0.016798794, -0.006414085, -0.01038471
16719334630000, -0.017715093, 0.002443461, -0.016493361
16719339529000, -0.018020526, -0.0015271631, -0.013439035
16719344580000, -0.008857546, 0.0070249503, -0.0106901415
16719349537000, -0.016493361, 0.010079277, 0.0018325958
16719354577000, -0.024129177, 0.01985312, 0.0018325958
16719359538000, -0.022907447, 0.021685716, 0.0018325958
16719365110000, -0.02565634, 0.014049901, -0.002443461
16719369589000, -0.013133603, 0.024740042, 0.004276057
16719374580000, -0.03176499, 0.011301007, 0.009162978
16719379580000, -0.034208454, 0.015882496, 0.00580322
16719384725000, -0.01985312, 0.011301007, 0.011911872
16719389644000, -0.022296581, 0.008857546, 0.008857546
16719394613000, -0.026267206, 0.009468411, 0.014049901
16719399588000, -0.028099801, -0.012217305, 0.013439035
16719404622000, -0.01863139, -0.0030543262, 0.01740966
16719409571000, -0.016493361, 3.0543262E-4, 0.018936822
16719414596000, -0.015271631, 0.0012217305, 0.02321288
16719419686000, -0.018325957, -0.007941248, 0.015882496
16719424616000, -0.0070249503, -0.0015271631, 0.016493361
16719429591000, -0.0070249503, -0.0015271631, 0.018325957
16719434678000, -0.01160644, -0.0015271631, 0.019547688
16719439664000, -0.012217305, -0.00580322, 0.018020526
16719444617000, -0.017104227, -0.0036651916, 0.021991149
16719449743000, -0.009162978, -0.0076358155, 0.02687807
16719454602000, -0.015271631, 0.005497787, 0.025045475
16719459827000, -0.021380283, 0.013744468, 0.023823744
16719464586000, -0.018020526, 0.016187929, 0.027183503
16719469654000, -0.02443461, 0.011301007, 0.03359759
16719474549000, -0.01985312, 0.01863139, 0.0290161
16719480476000, -0.025350908, 0.01160644, 0.030848695
16719484622000, -0.015271631, 0.021991149, 0.03848451
16719489646000, -0.030848695, 0.028405234, 0.031154128
16719494617000, -0.02321288, 0.023518313, 0.0421497
16719499601000, -0.02687807, 0.020158553, 0.034208454
16719504590000, -0.023823744, 0.026572637, 0.036651913
16719509541000, -0.025961773, 0.027794369, 0.039095376
16719514565000, -0.021685716, 0.026267206, 0.03390302
16719519552000, -0.028405234, 0.024740042, 0.035430185
16719524585000, -0.029321533, 0.02107485, 0.0290161
16719529563000, -0.027183503, 0.03023783, 0.030848695
16719534697000, -0.03481932, 0.028710667, 0.024740042
16719539599000, -0.021991149, 0.021380283, 0.01985312
16719544577000, -0.021991149, 0.022602014, 0.018325957
16719549592000, -0.016493361, 0.021991149, 0.007330383
16719554591000, -0.016798794, 0.018936822, 0.0076358155
16719559570000, -0.008857546, 0.009162978, 0.008246681
16719564602000, -0.010995574, 0.0036651916, 0.0012217305
16719569596000, -0.0106901415, -6.1086525E-4, -0.0018325958
16719574580000, -0.018936822, -0.004276057, -0.005497787
16719579611000, -0.007941248, -0.008552114, -0.0033597588
16719584628000, -0.012217305, 0.0033597588, -0.0067195175
16719589659000, -0.024129177, 0.002443461, -0.010995574
16719594572000, -0.03634648, -0.008246681, -0.009773844
16719599626000, -0.01740966, -0.019547688, -0.013133603
16719604620000, -0.02443461, -0.013133603, -0.006414085
16719609612000, -0.020158553, -0.023823744, -0.022296581
16719614616000, -0.011301007, -0.02321288, -0.013133603
16719619682000, -0.01863139, -0.021380283, -0.016493361
16719624615000, -0.015577064, -0.0143553335, -0.0143553335
16719629606000, -0.018325957, -0.015271631, -0.01038471
16719634688000, -0.03176499, -0.021991149, -0.0125227375
16719639695000, -0.01863139, -0.02107485, -0.018020526
16719644610000, -0.026572637, -0.020463986, -0.015271631
16719649619000, -0.027488936, -0.032070424, -0.013439035
16719654622000, -0.025045475, -0.030543262, -0.014049901
16719659615000, -0.035430185, -0.01740966, -0.0125227375
16719664601000, -0.038179077, -0.03023783, -0.011911872
